1556940 1629
1556950 1629
1556960 1632
1556970 1637
1556980 1637
1556990 1641
1557000 1645
1557010 1645
1557020 1649
1557030 1654
1557040 1654
1557050 1658
1557060 1663
1557070 1669
1557080 1669
1557090 1673
1557100 1678
1557110 1678
1557120 1683
1557130 1688
1557140 1688
1557150 1691
1557160 1697
1557170 1697
1557180 1701
1557190 1705
1557200 1705
1557210 1710
1557220 1715
1557230 1722
1557240 1722
1557250 1729
1557260 1736
1557270 1736
1557280 1741
1557290 1746
1557300 1746
1557310 1751
1557320 1755
1557330 1755
1557340 1762
1557350 1769
1557360 1774
1557370 1774
1557380 1782
1557390 1790
1557400 1790
1557410 1797
1557420 1804
1557430 1804
1557440 1811
1557450 1816
1557460 1816
1557470 1822
1557480 1828
1557490 1828
1557500 1834
1557510 1840
1557520 1847
1557530 1847
1557540 1854
1557550 1856
1557560 1856
1557570 1858
1557580 1861
1557590 1861
1557600 1862
1557610 1855
1557620 1855
1557630 1847
1557640 1841
1557650 1837
1557660 1837
1557670 1837
1557680 1845
1557690 1845
1557700 1854
1557710 1861
1557720 1861
1557730 1868
1557740 1876
1557750 1876
1557760 1883
1557770 1885
1557780 1885
1557790 1885
1557800 1885
1557810 1885
1557820 1885
1557830 1885
1557840 1884
1557850 1884
1557860 1883
1557870 1882
1557880 1882
1557890 1882
1557900 1880
1557910 1880
1557920 1876
1557930 1872
1557940 1867
1557950 1867
1557960 1863
1557970 1860
1557980 1860
1557990 1858
1558000 1853
1558010 1853
1558020 1848
1558030 1843
1558040 1843
1558050 1837
1558060 1832
1558070 1832
1558080 1827
1558090 1822
1558100 1815
1558110 1815
1558120 1807
1558130 1798
1558140 1798
1558150 1791
1558160 1789
1558170 1789
1558180 1788
1558190 1779
1558200 1779
1558210 1777
1558220 1794
1558230 1802
1558240 1802
1558250 1807
1558260 1810
1558270 1810
1558280 1810
1558290 1810
1558300 1810
1558310 1810
1558320 1809
1558330 1809
1558340 1812
1558350 1812
1558360 1812
1558370 1815
1558380 1816
1558390 1818
1558400 1818
1558410 1818
1558420 1819
1558430 1819
1558440 1817
1558450 1813
1558460 1813
1558470 1809
1558480 1802
1558490 1802
1558500 1796
1558510 1791
1558520 1787
1558530 1787
1558540 1781
1558550 1774
1558560 1774
1558570 1766
1558580 1759
1558590 1759
1558600 1751
1558610 1744
1558620 1744
1558630 1739
1558640 1734
1558650 1734
1558660 1729
1558670 1725
1558680 1721
1558690 1721
1558700 1716
1558710 1709
1558720 1709
1558730 1702
1558740 1699
1558750 1699
1558760 1696
1558770 1693
1558780 1693
1558790 1690
1558800 1686
1558810 1684
1558820 1684
1558830 1682
1558840 1680
1558850 1680
1558860 1678
1558870 1675
1558880 1675
1558890 1673
1558900 1671
1558910 1671
1558920 1670
1558930 1668
1558940 1668
1558950 1667
1558960 1669
1558970 1669
1558980 1669
1558990 1666
1559000 1662
1559010 1662
1559020 1657
1559030 1652
1559040 1652
1559050 1649
1559060 1647
1559070 1647
1559080 1644
1559090 1641
1559100 1638
1559110 1638
1559120 1636
1559130 1634
1559140 1634
1559150 1632
1559160 1630
1559170 1630
1559180 1628
1559190 1626
1559200 1626
1559210 1625
1559220 1622
1559230 1622
1559240 1620
1559250 1617
1559260 1614
1559270 1614
1559280 1611
1559290 1607
1559300 1607
1559310 1604
1559320 1601
1559330 1601
1559340 1598
1559350 1595
1559360 1595
1559370 1592
1559380 1588
1559390 1585
1559400 1585
1559410 1582
1559420 1579
1559430 1579
1559440 1575
1559450 1572
1559460 1572
1559470 1569
1559480 1566
1559490 1566
1559500 1563
1559510 1559
1559520 1559
1559530 1556
1559540 1553
1559550 1548
1559560 1548
1559570 1544
1559580 1540
1559590 1540
1559600 1536
1559610 1534
1559620 1534
1559630 1532
1559640 1529
1559650 1529
1559660 1527
1559670 1524
1559680 1522
1559690 1522
1559700 1519
1559710 1516
1559720 1516
1559730 1515
1559740 1514
1559750 1514
1559760 1512
1559770 1511
1559780 1511
1559790 1508
1559800 1505
1559810 1505
1559820 1502
1559830 1499
1559840 1496
1559850 1496
1559860 1492
1559870 1489
1559880 1489
1559890 1486
1559900 1483
1559910 1483
1559920 1478
1559930 1474
1559940 1474
1559950 1471
1559960 1468
1559970 1468
1559980 1465
1559990 1462
