1540000 1586
1540010 1584
1540020 1582
1540030 1582
1540040 1579
1540050 1576
1540060 1574
1540070 1574
1540080 1577
1540090 1579
1540100 1579
1540110 1582
1540120 1585
1540130 1585
1540140 1588
1540150 1591
1540160 1591
1540170 1594
1540180 1598
1540190 1598
1540200 1601
1540210 1605
1540220 1609
1540230 1609
1540240 1613
1540250 1617
1540260 1617
1540270 1620
1540280 1624
1540290 1624
1540300 1628
1540310 1631
1540320 1631
1540330 1634
1540340 1636
1540350 1639
1540360 1639
1540370 1640
1540380 1641
1540390 1641
1540400 1641
1540410 1641
1540420 1641
1540430 1640
1540440 1638
1540450 1638
1540460 1637
1540470 1635
1540480 1635
1540490 1634
1540500 1633
1540510 1633
1540520 1633
1540530 1633
1540540 1634
1540550 1634
1540560 1636
1540570 1639
1540580 1639
1540590 1643
1540600 1649
1540610 1649
1540620 1650
1540630 1653
1540640 1653
1540650 1659
1540660 1659
1540670 1661
1540680 1661
1540690 1666
1540700 1671
1540710 1671
1540720 1672
1540730 1670
1540740 1670
1540750 1670
1540760 1668
1540770 1668
1540780 1666
1540790 1665
1540800 1664
1540810 1664
1540820 1664
1540830 1662
1540840 1662
1540850 1661
1540860 1660
1540870 1660
1540880 1660
1540890 1659
1540900 1659
1540910 1659
1540920 1662
1540930 1662
1540940 1665
1540950 1668
1540960 1671
1540970 1671
1540980 1675
1540990 1677
1541000 1677
1541010 1679
1541020 1682
1541030 1682
1541040 1685
1541050 1688
1541060 1688
1541070 1692
1541080 1695
1541090 1698
1541100 1698
1541110 1701
1541120 1700
1541130 1700
1541140 1698
1541150 1695
1541160 1695
1541170 1690
1541180 1683
1541190 1683
1541200 1675
1541210 1666
1541220 1666
1541230 1659
1541240 1652
1541250 1645
1541260 1645
1541270 1640
1541280 1637
1541290 1637
1541300 1634
1541310 1632
1541320 1632
1541330 1632
1541340 1632
1541350 1632
1541360 1631
1541370 1631
1541380 1631
1541390 1632
1541400 1634
1541410 1633
1541420 1633
1541430 1632
1541440 1630
1541450 1630
1541460 1628
1541470 1627
1541480 1627
1541490 1626
1541500 1625
1541510 1625
1541520 1623
1541530 1622
1541540 1622
1541550 1622
1541560 1623
1541570 1624
1541580 1624
1541590 1623
1541600 1623
1541610 1623
1541620 1624
1541630 1624
1541640 1624
1541650 1626
1541660 1626
1541670 1626
1541680 1625
1541690 1625
1541700 1626
1541710 1626
1541720 1628
1541730 1634
1541740 1634
1541750 1644
1541760 1642
1541770 1642
1541780 1645
1541790 1644
1541800 1636
1541810 1634
1541820 1635
1541830 1639
1541840 1639
1541850 1646
1541860 1653
1541870 1653
1541880 1660
1541890 1666
1541900 1666
1541910 1674
1541920 1685
1541930 1685
1541940 1684
1541950 1676
1541960 1676
1541970 1670
1541980 1668
1541990 1667
1542000 1667
1542010 1667
1542020 1669
1542030 1669
1542040 1675
1542050 1682
1542060 1682
1542070 1693
1542080 1703
1542090 1703
1542100 1707
1542110 1708
1542120 1708
1542130 1708
1542140 1708
1542150 1705
1542160 1705
1542170 1701
1542180 1697
1542190 1697
1542200 1694
1542210 1691
1542220 1691
1542230 1689
1542240 1688
1542250 1688
1542260 1688
1542270 1691
1542280 1693
1542290 1693
1542300 1692
1542310 1691
1542320 1691
1542330 1689
1542340 1686
1542350 1686
1542360 1690
1542370 1692
1542380 1692
1542390 1692
1542400 1692
1542410 1692
1542420 1692
1542430 1699
1542440 1704
1542450 1704
1542460 1710
1542470 1716
1542480 1716
1542490 1718
1542500 1722
1542510 1722
1542520 1729
1542530 1738
1542540 1738
1542550 1747
1542560 1750
1542570 1749
1542580 1749
1542590 1750
1542600 1754
1542610 1754
1542620 1763
1542630 1770
1542640 1770
1542650 1789
1542660 1797
1542670 1797
1542680 1794
1542690 1800
1542700 1800
1542710 1811
1542720 1820
1542730 1821
1542740 1821
1542750 1826
1542760 1833
1542770 1833
1542780 1835
1542790 1839
1542800 1839
1542810 1846
1542820 1855
1542830 1855
1542840 1863
1542850 1872
1542860 1882
1542870 1882
1542880 1892
1542890 1894
1542900 1894
1542910 1896
1542920 1906
1542930 1906
1542940 1919
1542950 1917
1542960 1917
1542970 1901
1542980 1904
1542990 1904
1543000 1900
1543010 1892
1543020 1891
1543030 1891
1543040 1893
1543050 1895
1543060 1895
1543070 1887
1543080 1883
1543090 1883
1543100 1889
1543110 1897
1543120 1897
1543130 1901
1543140 1903
1543150 1903
1543160 1898
1543170 1897
1543180 1900
1543190 1900
1543200 1903
1543210 1905
1543220 1905
1543230 1902
1543240 1892
1543250 1892
1543260 1883
1543270 1872
1543280 1872
1543290 1862
1543300 1854
1543310 1847
1543320 1847
1543330 1839
1543340 1831
1543350 1831
1543360 1822
1543370 1814
1543380 1814
1543390 1808
1543400 1803
1543410 1803
1543420 1798
1543430 1792
1543440 1792
1543450 1786
1543460 1780
1543470 1775
1543480 1775
1543490 1770
1543500 1765
1543510 1765
1543520 1761
1543530 1756
1543540 1756
1543550 1752
1543560 1748
1543570 1748
1543580 1745
1543590 1742
1543600 1737
1543610 1737
1543620 1733
1543630 1728
1543640 1728
1543650 1722
1543660 1716
1543670 1716
1543680 1710
1543690 1704
1543700 1704
1543710 1699
1543720 1696
1543730 1696
1549890 1372
1549900 1372
1549910 1372
1549920 1376
1549930 1382
1549940 1382
1549950 1391
1549960 1399
1549970 1405
1549980 1405
1549990 1412
1550000 1417
1550010 1417
1550020 1422
1550030 1428
1550040 1428
1550050 1434
1550060 1441
1550070 1441
1550080 1447
1550090 1453
1550100 1459
1550110 1459
1550120 1465
1550130 1471
1550140 1471
1550150 1477
1550160 1484
1550170 1484
1550180 1491
1550190 1498
1550200 1498
1550210 1506
1550220 1513
1550230 1513
1550240 1520
1550250 1527
1550260 1532
1550270 1532
1550280 1536
1550290 1537
1550300 1537
1550310 1537
1550320 1537
1550330 1537
1550340 1536
1550350 1534
1550360 1534
1550370 1531
1550380 1529
1550390 1526
1550400 1526
1550410 1524
1550420 1523
1550430 1523
1550440 1522
1550450 1521
1550460 1521
1550470 1520
1550480 1518
1550490 1518
1550500 1516
1550510 1514
1550520 1514
1550530 1513
1550540 1512
1550550 1511
1550560 1511
1550570 1510
1550580 1510
1550590 1510
1550600 1511
1550610 1512
1550620 1512
1550630 1512
1550640 1512
1550650 1512
1550660 1512
1550670 1512
1550680 1512
1550690 1512
1550700 1512
1550710 1511
1550720 1511
1550730 1510
1550740 1509
1550750 1509
1550760 1506
1550770 1504
1550780 1504
1550790 1502
1550800 1500
1550810 1500
1550820 1499
1550830 1498
1550840 1497
1550850 1497
1550860 1496
1550870 1496
1550880 1496
1550890 1495
1550900 1494
1550910 1494
1550920 1493
1550930 1492
1550940 1492
1550950 1491
1550960 1489
1550970 1489
1550980 1486
1550990 1483
1551000 1480
1551010 1480
1551020 1477
1551030 1474
1551040 1474
1551050 1470
1551060 1467
1551070 1467
1551080 1464
1551090 1461
1551100 1461
1551110 1457
1551120 1454
1551130 1450
1551140 1450
1551150 1448
1551160 1445
1551170 1445
1551180 1441
1551190 1439
1551200 1439
1551210 1436
1551220 1433
1551230 1433
1551240 1430
1551250 1427
1551260 1427
1551270 1423
1551280 1418
1551290 1413
1551300 1413
1551310 1411
1551320 1409
1551330 1409
1551340 1407
1551350 1408
1551360 1408
1551370 1410
1551380 1413
1551390 1413
1551400 1414
1551410 1416
1551420 1416
1551430 1415
1551440 1418
1551450 1421
1551460 1421
1551470 1419
1551480 1416
1551490 1416
1551500 1422
1551510 1431
1551520 1431
1551530 1439
1551540 1446
1551550 1446
1551560 1453
1551570 1461
1551580 1469
1551590 1469
1551600 1476
1551610 1484
1551620 1484
1551630 1493
1551640 1501
1551650 1501
1551660 1506
1551670 1504
1551680 1504
1551690 1499
1551700 1492
1551710 1492
1551720 1486
1551730 1482
1551740 1479
1551750 1479
1551760 1476
1551770 1472
1551780 1472
1551790 1468
1551800 1465
1551810 1465
1551820 1464
1551830 1462
1551840 1462
1551850 1462
1551860 1463
1551870 1466
1551880 1461
1551890 1462
1551900 1462
1551910 1462
1551920 1462
1551930 1461
1551940 1461
1551950 1462
1551960 1465
1551970 1465
1551980 1468
1551990 1469
1552000 1469
1552010 1469
1552020 1471
1552030 1472
1552040 1472
1552050 1475
1552060 1475
1552070 1475
1552080 1472
1552090 1477
1552100 1477
1552110 1484
1552120 1486
1552130 1486
1552140 1490
1552150 1493
1552160 1493
1552170 1500
1552180 1508
1552190 1515
1552200 1515
1552210 1521
1552220 1528
1552230 1528
1552240 1527
1552250 1520
1552260 1520
1552270 1512
1552280 1503
1552290 1503
1552300 1495
1552310 1487
1552320 1480
1552330 1480
1552340 1474
1552350 1468
1552360 1468
1552370 1462
1552380 1456
1552390 1456
1552400 1450
1552410 1447
1552420 1447
1552430 1445
1552440 1445
1552450 1445
1552460 1445
1552470 1445
1552480 1445
1552490 1445
1552500 1444
1552510 1440
1552520 1440
1552530 1435
1552540 1423
1552550 1423
1552560 1413
1552570 1405
1552580 1405
1552590 1392
1552600 1381
1552610 1378
1552620 1378
1552630 1383
1552640 1390
1552650 1390
1552660 1393
1552670 1395
1552680 1395
1552690 1396
1552700 1408
1552710 1408
1552720 1414
1552730 1410
1552740 1410
1552750 1406
1552760 1412
1552770 1421
1552780 1421
1552790 1426
1552800 1428
1552810 1428
1552820 1423
1552830 1417
1552840 1417
1552850 1412
1552860 1408
1552870 1408
1552880 1400
1552890 1390
1552900 1382
1552910 1382
1552920 1374
1552930 1365
1552940 1365
1552950 1356
1552960 1362
1552970 1362
1552980 1368
1552990 1375
1553000 1375
1553010 1385
1553020 1392
1553030 1392
1553040 1392
1553050 1388
1553060 1389
1553070 1389
1553080 1396
1553090 1410
1553100 1410
1553110 1428
1553120 1437
1553130 1437
1553140 1435
1553150 1429
1553160 1429
1553170 1431
1553180 1439
1553190 1439
1553200 1444
1553210 1448
1553220 1451
1553230 1451
1553240 1458
1553250 1465
1553260 1465
1553270 1470
1553280 1473
1553290 1473
1553300 1475
1553310 1475
1553320 1475
1553330 1472
1553340 1466
1553350 1462
1553360 1462
1553370 1458
1553380 1451
1553390 1451
1553400 1451
1553410 1455
1553420 1455
1553430 1459
1553440 1468
1553450 1468
1553460 1477
1553470 1484
1553480 1484
1553490 1485
1553500 1484
1553510 1483
1553520 1483
1553530 1483
1553540 1484
1553550 1484
1553560 1485
1553570 1487
1553580 1487
1553590 1489
1553600 1490
1553610 1490
1553620 1490
1553630 1491
1553640 1492
1553650 1492
1553660 1492
1553670 1492
1553680 1492
1553690 1492
1553700 1491
1553710 1491
1553720 1487
1553730 1486
1553740 1486
1553750 1487
1553760 1487
1553770 1487
1553780 1485
1553790 1486
1553800 1488
1553810 1488
1553820 1492
1553830 1498
1553840 1498
1553850 1506
1553860 1514
1553870 1514
1553880 1522
1553890 1528
1553900 1528
1553910 1524
1553920 1519
1553930 1519
1553940 1513
1553950 1507
1553960 1504
1553970 1504
1553980 1500
1553990 1497
1554000 1497
1554010 1493
1554020 1493
1554030 1493
1554040 1495
1554050 1494
1554060 1494
1554070 1492
1554080 1492
1554090 1492
1554100 1492
1554110 1493
1554120 1494
1554130 1494
1554140 1492
1554150 1490
1554160 1490
1554170 1487
1554180 1483
1554190 1483
1554200 1478
1554210 1474
1554220 1474
1554230 1471
1554240 1467
1554250 1464
1554260 1464
1554270 1461
1554280 1458
1554290 1458
1554300 1456
1554310 1454
1554320 1454
1554330 1452
1554340 1450
1554350 1450
1554360 1448
1554370 1445
1554380 1443
1554390 1443
1554400 1441
1554410 1439
1554420 1439
1554430 1436
1554440 1435
1554450 1435
1554460 1433
1554470 1433
1554480 1433
1554490 1431
1554500 1429
1554510 1429
1554520 1428
1554530 1426
1554540 1425
1554550 1425
1554560 1423
1554570 1421
1554580 1421
1554590 1418
1554600 1414
1554610 1414
1554620 1411
1554630 1407
1554640 1407
1554650 1404
1554660 1398
1554670 1398
1554680 1395
1554690 1397
1554700 1398
1554710 1398
1554720 1398
1554730 1396
1554740 1396
1554750 1395
1554760 1394
1554770 1394
1554780 1393
1554790 1391
1554800 1391
1554810 1389
1554820 1388
1554830 1386
1554840 1386
1554850 1385
1554860 1384
1554870 1384
1554880 1381
1554890 1379
1554900 1379
1554910 1377
1554920 1375
1554930 1375
1554940 1373
1554950 1370
1554960 1370
1554970 1367
1554980 1365
1554990 1364
1555000 1364
1555010 1363
1555020 1361
1555030 1361
1555040 1359
1555050 1357
1555060 1357
1555070 1354
1555080 1350
1555090 1350
1555100 1347
1555110 1347
1555120 1346
1555130 1346
1555140 1344
1555150 1342
1555160 1342
1555170 1340
1555180 1338
1555190 1338
1555200 1336
1555210 1334
1555220 1334
1555230 1331
1555240 1329
1555250 1329
1555260 1328
1555270 1324
1555280 1323
1555290 1323
1555300 1320
1555310 1317
1555320 1317
1555330 1313
1555340 1309
1555350 1309
1555360 1307
1555370 1305
1555380 1305
1555390 1303
1555400 1301
1555410 1301
1555420 1301
1555430 1300
1555440 1299
1555450 1299
1555460 1297
1555470 1297
1555480 1297
1555490 1298
1555500 1299
1555510 1297
1555520 1300
1555530 1302
1555540 1302
1555550 1298
1555560 1291
1555570 1284
1555580 1284
1555590 1280
1555600 1277
1555610 1277
1555620 1272
1555630 1270
1555640 1270
1555650 1267
1555660 1263
1555670 1263
1555680 1259
1555690 1255
1555700 1255
1555710 1252
1555720 1249
1555730 1246
1555740 1246
1555750 1242
1555760 1239
1555770 1239
1555780 1235
1555790 1229
1555800 1229
1555810 1222
1555820 1218
1555830 1218
1555840 1215
1555850 1211
1555860 1210
1555870 1210
1555880 1211
1555890 1211
1555900 1211
1555910 1211
1555920 1208
1555930 1208
1555940 1203
1555950 1199
1555960 1199
1555970 1194
1555980 1184
1555990 1184
1556000 1180
1556010 1177
1556020 1172
1556030 1172
1556040 1168
1556050 1162
1556060 1162
1556070 1156
1556080 1151
1556090 1151
1556100 1146
1556110 1140
1556120 1140
1556130 1134
1556140 1128
1556150 1123
1556160 1123
1556170 1117
1556180 1112
1556190 1112
1556200 1111
1556210 1108
1556220 1108
1556230 1103
1556240 1098
1556250 1098
1556260 1095
1556270 1091
1556280 1091
1556290 1087
1556300 1084
1556310 1083
1556320 1083
1556330 1084
1556340 1084
1556350 1084
1556360 1080
1556370 1075
1556380 1075
1556390 1070
1556400 1066
1556410 1066
1556420 1063
1556430 1058
1556440 1058
1556450 1053
1556460 1053
1556470 1051
1556480 1051
1556490 1045
1556500 1043
1556510 1043
1556520 1041
1556530 1041
1556540 1041
1556550 1039
1556560 1038
1556570 1038
1556580 1036
1556590 1034
1556600 1032
1556610 1032
1556620 1031
1556630 1029
1556640 1029
1556650 1027
1556660 1026
1556670 1026
1556680 1025
1556690 1022
1556700 1022
1556710 1019
1556720 1016
1556730 1016
1556740 1014
1556750 1011
1556760 1007
1556770 1007
1556780 1004
1556790 999
1556800 999
1556810 997
1556820 997
1556830 997
1556840 995
1556850 994
1556860 994
1556870 1001
1556880 1004
1556890 1002
1556900 1002
1556910 1001
1556920 998
1556930 998
1556940 997
1556950 998
1556960 998
1556970 998
1556980 994
1556990 994
1557000 997
1557010 1002
1557020 1002
1557030 1007
1557040 1009
1557050 1011
1557060 1011
1557070 1013
1557080 1013
1557090 1013
1557100 1014
1557110 1015
1557120 1015
1557130 1016
1557140 1017
1557150 1017
1557160 1017
1557170 1018
1557180 1018
1557190 1016
1557200 1007
1557210 999
1557220 999
1557230 994
1557240 995
1557250 995
1557260 994
1557270 998
1557280 998
1557290 1004
1557300 1010
1557310 1010
1557320 1013
1557330 1011
1557340 1010
1557350 1010
1557360 1012
1557370 1018
1557380 1018
1557390 1022
1557400 1021
1557410 1021
1557420 1019
1557430 1019
1557440 1019
1557450 1021
1557460 1023
1557470 1023
1557480 1027
1557490 1032
1557500 1034
1557510 1034
1557520 1035
1557530 1038
1557540 1038
1557550 1040
1557560 1042
1557570 1042
1557580 1042
1557590 1040
1557600 1040
1557610 1040
1557620 1041
1557630 1041
1557640 1041
1557650 1043
1557660 1048
1557670 1048
1557680 1049
1557690 1043
1557700 1043
1557710 1038
1557720 1036
1557730 1036
1557740 1041
1557750 1050
1557760 1050
1557770 1059
1557780 1066
1557790 1069
1557800 1069
1557810 1070
1557820 1073
1557830 1073
1557840 1070
1557850 1069
1557860 1069
1557870 1069
1557880 1069
1557890 1069
1557900 1069
1557910 1069
1557920 1070
1557930 1070
1557940 1070
1557950 1071
1557960 1071
1557970 1073
1557980 1076
1557990 1076
1558000 1076
1558010 1077
1558020 1077
1558030 1077
1558040 1077
1558050 1077
1558060 1077
1558070 1078
1558080 1081
1558090 1081
1558100 1085
1558110 1087
1558120 1087
1558130 1089
1558140 1089
1558150 1089
1558160 1090
1558170 1093
1558180 1093
1558190 1098
1558200 1102
1558210 1102
1558220 1106
1558230 1113
1558240 1119
1558250 1119
1558260 1127
1558270 1136
1558280 1136
1558290 1144
1558300 1153
1558310 1153
1558320 1161
1558330 1171
1558340 1171
1558350 1182
1558360 1188
1558370 1184
1558380 1184
1558390 1176
1558400 1170
1558410 1170
1558420 1167
1558430 1165
1558440 1165
1558450 1165
1558460 1167
1558470 1167
1558480 1170
1558490 1173
1558500 1173
1558510 1175
1558520 1177
1558530 1177
1558540 1177
1558550 1174
1558560 1171
1558570 1171
1558580 1168
1558590 1163
1558600 1163
1558610 1161
1558620 1159
1558630 1159
1558640 1156
1558650 1153
1558660 1151
1558670 1151
1558680 1150
1558690 1146
1558700 1146
1558710 1141
1558720 1135
1558730 1135
1558740 1130
1558750 1123
1558760 1123
1558770 1117
1558780 1113
1558790 1113
1558800 1108
1558810 1102
1558820 1099
1558830 1099
1558840 1096
1558850 1093
1558860 1093
1558870 1090
1558880 1087
1558890 1087
1558900 1085
1558910 1083
1558920 1083
1558930 1082
1558940 1080
1558950 1080
1558960 1077
1558970 1077
1558980 1074
1558990 1074
1559000 1071
1559010 1068
1559020 1068
1559030 1065
1559040 1062
1559050 1062
1559060 1060
1559070 1057
1559080 1057
1559090 1054
1559100 1050
1559110 1047
1559120 1047
1559130 1043
1559140 1040
1559150 1040
1559160 1038
1559170 1036
1559180 1036
1559190 1033
1559200 1030
1559210 1030
1559220 1028
1559230 1025
1559240 1025
1559250 1022
1559260 1019
1559270 1017
1559280 1017
1559290 1014
1559300 1012
1559310 1012
1559320 1010
1559330 1007
1559340 1007
1559350 1005
1559360 1002
1559370 1002
1559380 1000
1559390 998
1559400 997
1559410 997
1559420 995
1559430 991
1559440 991
1559450 988
1559460 985
1559470 985
1559480 982
1559490 979
1559500 979
1559510 977
1559520 975
1559530 975
1559540 972
1559550 969
1559560 967
1559570 967
1559580 964
1559590 962
1559600 962
1559610 960
1559620 955
1559630 955
1559640 950
1559650 948
1559660 948
1559670 946
1559680 946
1559690 946
1559700 947
1559710 944
1559720 940
1559730 940
1559740 936
1559750 934
1559760 934
1559770 934
1559780 933
1559790 933
1559800 933
1559810 932
1559820 932
1559830 931
1559840 931
1559850 931
1559860 931
1559870 931
1559880 931
1559890 931
1559900 930
1559910 929
1559920 929
1559930 930
1559940 929
1559950 929
1559960 927
1559970 926
1559980 926
1559990 922
