1540000 1470
1540010 1474
1540020 1474
1540030 1477
1540040 1479
1540050 1479
1540060 1481
1540070 1482
1540080 1482
1540090 1483
1540100 1485
1540110 1487
1540120 1487
1540130 1489
1540140 1490
1540150 1490
1540160 1490
1540170 1490
1540180 1490
1540190 1487
1540200 1483
1540210 1483
1540220 1478
1540230 1472
1540240 1466
1540250 1466
1540260 1460
1540270 1454
1540280 1454
1540290 1448
1540300 1443
1540310 1443
1540320 1438
1540330 1435
1540340 1435
1540350 1432
1540360 1429
1540370 1429
1540380 1425
1540390 1423
1540400 1421
1540410 1421
1540420 1418
1540430 1414
1540440 1414
1540450 1412
1540460 1409
1540470 1409
1540480 1406
1540490 1404
1540500 1404
1540510 1401
1540520 1398
1540530 1395
1540540 1395
1540550 1391
1540560 1387
1540570 1387
1540580 1380
1540590 1373
1540600 1373
1540610 1365
1540620 1356
1540630 1356
1540640 1345
1540650 1337
1540660 1337
1540670 1329
1540680 1322
1540690 1314
1540700 1314
1540710 1307
1540720 1301
1540730 1301
1540740 1296
1540750 1292
1540760 1292
1540770 1288
1540780 1279
1540790 1279
1540800 1269
1540810 1260
1540820 1260
1540830 1253
1540840 1253
1540850 1254
1540860 1254
1540870 1253
1540880 1258
1540890 1258
1540900 1268
1540910 1281
1540920 1281
1540930 1294
1540940 1303
1540950 1303
1540960 1311
1540970 1317
1540980 1322
1540990 1322
1541000 1326
1541010 1331
1541020 1331
1541030 1338
1541040 1345
1541050 1345
1541060 1350
1541070 1353
1541080 1353
1541090 1354
1541100 1355
1541110 1355
1541120 1355
1541130 1355
1541140 1355
1541150 1355
1541160 1354
1541170 1353
1541180 1353
1541190 1352
1541200 1352
1541210 1352
1541220 1349
1541230 1346
1541240 1346
1541250 1342
1541260 1339
1541270 1338
1541280 1338
1541290 1335
1541300 1332
1541310 1332
1541320 1328
1541330 1326
1541340 1326
1541350 1322
1541360 1318
1541370 1318
1541380 1314
1541390 1308
1541400 1308
1541410 1303
1541420 1297
1541430 1290
1541440 1290
1541450 1283
1541460 1276
1541470 1276
1541480 1267
1541490 1260
1541500 1260
1541510 1253
1541520 1246
1541530 1246
1541540 1240
1541550 1233
1541560 1233
1541570 1226
1541580 1221
1541590 1220
1541600 1220
1541610 1225
1541620 1230
1541630 1230
1541640 1234
1541650 1232
1541660 1232
1541670 1230
1541680 1228
1541690 1228
1541700 1226
1541710 1224
1541720 1225
1541730 1225
1541740 1234
1541750 1244
1541760 1244
1541770 1254
1541780 1261
1541790 1261
1541800 1269
1541810 1277
1541820 1277
1541830 1287
1541840 1296
1541850 1296
1541860 1306
1541870 1312
1541880 1311
1541890 1311
1541900 1305
1541910 1301
1541920 1301
1541930 1300
1541940 1300
1541950 1300
1541960 1297
1541970 1299
1541980 1299
1541990 1307
1542000 1317
1542010 1326
1542020 1326
1542030 1338
1542040 1348
1542050 1348
1542060 1359
1542070 1369
1542080 1369
1542090 1380
1542100 1391
1542110 1391
1542120 1401
1542130 1412
1542140 1412
1542150 1420
1542160 1426
1542170 1432
1542180 1432
1542190 1435
1542200 1437
1542210 1437
1542220 1437
1542230 1435
1542240 1435
1542250 1435
1542260 1436
1542270 1436
1542280 1440
1542290 1447
1542300 1447
1542310 1450
1542320 1456
1542330 1461
1542340 1461
1542350 1466
1542360 1471
1542370 1471
1542380 1479
1542390 1487
1542400 1487
1542410 1495
1542420 1503
1542430 1503
1542440 1509
1542450 1515
1542460 1522
1542470 1522
1542480 1530
1542490 1537
1542500 1537
1542510 1545
1542520 1555
1542530 1555
1542540 1565
1542550 1570
1542560 1570
1542570 1568
1542580 1564
1542590 1564
1542600 1559
1542610 1552
1542620 1546
1542630 1546
1542640 1540
1542650 1535
1542660 1535
1542670 1529
1542680 1523
1542690 1523
1542700 1519
1542710 1520
1542720 1520
1542730 1520
1542740 1518
1542750 1514
1542760 1514
1542770 1510
1542780 1506
1542790 1506
1542800 1501
1542810 1497
1542820 1497
1542830 1493
1542840 1489
1542850 1489
1542860 1482
1542870 1475
1542880 1475
1542890 1470
1542900 1474
1542910 1478
1542920 1478
1542930 1474
1542940 1475
1542950 1475
1542960 1484
1542970 1488
1542980 1488
1542990 1489
1543000 1489
1543010 1489
1543020 1489
1543030 1485
1543040 1485
1543050 1482
1543060 1487
1543070 1493
1543080 1493
1543090 1498
1543100 1502
1543110 1502
1543120 1505
1543130 1509
1543140 1509
1543150 1515
1543160 1521
1543170 1521
1543180 1527
1543190 1534
1543200 1541
1543210 1541
1543220 1547
1543230 1554
1543240 1554
1543250 1564
1543260 1575
1543270 1575
1543280 1586
1543290 1596
1543300 1596
1543310 1607
1543320 1618
1543330 1618
1543340 1625
1543350 1625
1543360 1618
1543370 1618
1543380 1612
1543390 1606
1543400 1606
1543410 1601
1543420 1596
1543430 1596
1543440 1593
1543450 1591
1543460 1591
1543470 1589
1543480 1584
1543490 1580
1543500 1580
1543510 1580
1543520 1578
1543530 1578
1543540 1576
1543550 1575
1543560 1575
1543570 1572
1543580 1571
1543590 1571
1543600 1571
1543610 1571
1543620 1571
1543630 1572
1543640 1573
1543650 1565
1543660 1565
1543670 1566
1543680 1567
1543690 1567
1543700 1560
1543710 1562
1543720 1562
1543730 1570
1543740 1576
1543750 1576
1543760 1583
1543770 1593
1543780 1593
1543790 1605
1543800 1617
1543810 1627
1543820 1627
1543830 1637
1543840 1642
1543850 1642
1543860 1643
1543870 1644
1543880 1644
1543890 1650
1543900 1659
1543910 1659
1543920 1665
1543930 1668
1543940 1670
1543950 1670
1543960 1672
1543970 1676
1543980 1676
1543990 1679
1544000 1681
1544010 1681
1544020 1684
1544030 1692
1544040 1692
1544050 1694
1544060 1690
1544070 1690
1544080 1679
1544090 1673
1544100 1669
1544110 1669
1544120 1669
1544130 1669
1544140 1669
1544150 1670
1544160 1671
1544170 1671
1544180 1670
1544190 1673
1544200 1673
1544210 1680
1544220 1685
1544230 1689
1544240 1689
1544250 1692
1544260 1692
1544270 1692
1544280 1692
1544290 1689
1544300 1689
1544310 1681
1544320 1670
1544330 1670
1544340 1666
1544350 1661
1544360 1661
1544370 1652
1544380 1649
1544390 1654
1544400 1654
1544410 1658
1544420 1664
1544430 1664
1544440 1669
1544450 1671
1544460 1671
1544470 1672
1544480 1670
1544490 1670
1544500 1662
1544510 1657
1544520 1657
1544530 1655
1544540 1655
1544550 1653
1544560 1653
1544570 1650
1544580 1654
1544590 1654
1544600 1654
1544610 1653
1544620 1653
1544630 1651
1544640 1645
1544650 1645
1544660 1638
1544670 1642
1544680 1647
1544690 1647
1544700 1653
1544710 1661
1544720 1661
1544730 1664
1544740 1667
1544750 1667
1544760 1671
1544770 1678
1544780 1678
1544790 1686
1544800 1684
1544810 1684
1544820 1680
1544830 1674
1544840 1670
1544850 1670
1544860 1665
1544870 1662
1544880 1662
1544890 1659
1544900 1660
1544910 1660
1544920 1666
1544930 1674
1544940 1674
1544950 1686
1544960 1695
1544970 1701
1544980 1701
1544990 1705
1545000 1709
1545010 1709
1545020 1716
1545030 1722
1545040 1722
1545050 1728
1545060 1736
1545070 1736
1545080 1745
1545090 1756
1545100 1756
1545110 1770
1545120 1777
1545130 1781
1545140 1781
1545150 1785
1545160 1790
1545170 1790
1545180 1791
1545190 1787
1545200 1787
1545210 1782
1545220 1776
1545230 1776
1545240 1771
1545250 1767
1545260 1767
1545270 1762
1545280 1758
1545290 1755
1545300 1755
1545310 1751
1545320 1747
1545330 1747
1545340 1743
1545350 1740
1545360 1740
1545370 1736
1545380 1733
1545390 1733
1545400 1731
1545410 1730
1545420 1729
1545430 1729
1545440 1726
1545450 1722
1545460 1722
1545470 1720
1545480 1718
1545490 1718
1545500 1716
1545510 1713
1545520 1713
1545530 1712
1545540 1711
1545550 1711
1545560 1708
1545570 1706
1545580 1704
1545590 1704
1545600 1704
1545610 1703
1545620 1703
1545630 1701
1545640 1700
1545650 1700
1545660 1700
1545670 1699
1545680 1699
1545690 1698
1545700 1697
1545710 1697
1545720 1697
1545730 1698
1545740 1703
1545750 1703
1545760 1702
1545770 1702
1545780 1702
1545790 1703
1545800 1704
1545810 1704
1545820 1705
1545830 1704
1545840 1704
1545850 1705
1545860 1706
1545870 1707
1545880 1707
1545890 1709
1545900 1712
1545910 1712
1545920 1716
1545930 1721
1545940 1721
1545950 1727
1545960 1732
1545970 1732
1545980 1736
1545990 1741
1546000 1741
1546010 1744
1546020 1743
1546030 1743
1546040 1743
1546050 1741
1546060 1738
1546070 1738
1546080 1736
1546090 1738
1546100 1738
1546110 1736
1546120 1732
1546130 1732
1546140 1732
1546150 1734
1546160 1729
1546170 1729
1546180 1725
1546190 1729
1546200 1729
1546210 1734
1546220 1733
1546230 1733
1546240 1734
1546250 1732
1546260 1732
1546270 1729
1546280 1726
1546290 1726
1546300 1724
1546310 1722
1546320 1720
1546330 1720
1546340 1717
1546350 1715
1546360 1715
1546370 1715
1546380 1718
1546390 1718
1546400 1722
1546410 1726
1546420 1726
1546430 1731
1546440 1736
1546450 1741
1546460 1741
1546470 1746
1546480 1751
1546490 1751
1546500 1755
1546510 1760
1546520 1760
1546530 1765
1546540 1769
1546550 1769
1546560 1773
1546570 1776
1546580 1776
1546590 1779
1546600 1782
1546610 1784
1546620 1784
1546630 1787
1546640 1787
1546650 1787
1546660 1781
1546670 1775
1546680 1775
1546690 1773
1546700 1773
1546710 1773
1546720 1768
1546730 1760
1546740 1760
1546750 1749
1546760 1738
1546770 1734
1546780 1734
1546790 1734
1546800 1728
1546810 1728
1546820 1723
1546830 1716
1546840 1716
1546850 1719
1546860 1724
1546870 1724
1546880 1720
1546890 1710
1546900 1699
1546910 1699
1546920 1692
1546930 1681
1546940 1681
1546950 1679
1546960 1683
1546970 1683
1546980 1690
1546990 1693
1547000 1693
1547010 1695
1547020 1691
1547030 1691
1547040 1679
1547050 1671
1547060 1655
1547070 1655
1547080 1647
1547090 1643
1547100 1643
1547110 1640
1547120 1642
1547130 1642
1547140 1641
1547150 1643
1547160 1643
1547170 1644
1547180 1644
1547190 1639
1547200 1639
1547210 1634
1547220 1634
1547230 1634
1547240 1632
1547250 1632
1547260 1632
1547270 1633
1547280 1630
1547290 1630
1547300 1629
1547310 1627
1547320 1627
1547330 1630
1547340 1634
1547350 1636
1547360 1636
1547370 1636
1547380 1636
1547390 1636
1547400 1632
1547410 1621
1547420 1621
1547430 1611
1547440 1603
1547450 1603
1547460 1598
1547470 1594
1547480 1594
1547490 1592
1547500 1588
1547510 1586
1547520 1586
1547530 1584
1547540 1581
1547550 1581
1547560 1578
1547570 1577
1547580 1577
1547590 1572
1547600 1564
1547610 1564
1547620 1562
1547630 1562
1547640 1562
1547650 1562
1547660 1563
1547670 1563
1547680 1563
1547690 1564
1547700 1566
1547710 1566
1547720 1568
1547730 1568
1547740 1568
1547750 1557
1547760 1558
1547770 1558
1547780 1564
1547790 1566
1547800 1567
1547810 1567
1547820 1568
1547830 1569
1547840 1569
1547850 1568
1547860 1569
1547870 1569
1547880 1571
1547890 1572
1547900 1572
1547910 1576
1547920 1576
1547930 1579
1547940 1579
1547950 1581
1547960 1581
1547970 1581
1547980 1583
1547990 1587
1548000 1587
1548010 1591
1548020 1592
1548030 1592
1548040 1596
1548050 1599
1548060 1599
1548070 1602
1548080 1606
1548090 1613
1548100 1613
1548110 1620
1548120 1627
1548130 1627
1548140 1630
1548150 1629
1548160 1629
1548170 1634
1548180 1637
1548190 1637
1548200 1639
1548210 1643
1548220 1643
1548230 1649
1548240 1655
1548250 1661
1548260 1661
1548270 1668
1548280 1674
1548290 1674
1548300 1681
1548310 1687
1548320 1687
1548330 1688
1548340 1683
1548350 1683
1548360 1679
1548370 1679
1548380 1676
1548390 1676
1548400 1670
1548410 1665
1548420 1665
1548430 1663
1548440 1665
1548450 1665
1548460 1665
1548470 1664
1548480 1664
1548490 1660
1548500 1658
1548510 1658
1548520 1661
1548530 1663
1548540 1666
1548550 1666
1548560 1664
1548570 1658
1548580 1658
1548590 1650
1548600 1643
1548610 1643
1548620 1638
1548630 1636
1548640 1636
1548650 1636
1548660 1636
1548670 1635
1548680 1635
1548690 1632
1548700 1633
1548710 1633
1548720 1637
1548730 1640
1548740 1640
1548750 1640
1548760 1638
1548770 1638
1548780 1634
1548790 1631
1548800 1631
1548810 1627
1548820 1624
1548830 1621
1548840 1621
1548850 1615
1548860 1608
1548870 1608
1548880 1603
1548890 1597
1548900 1597
1548910 1594
1548920 1593
1548930 1593
1548940 1590
1548950 1584
1548960 1584
1548970 1578
1548980 1574
1548990 1569
1549000 1569
1549010 1563
1549020 1557
1549030 1557
1549040 1551
1549050 1545
1549060 1545
1549070 1542
1549080 1544
1549090 1544
1549100 1544
1549110 1543
1549120 1541
1549130 1541
1549140 1538
1549150 1533
1549160 1533
1549170 1527
1549180 1522
1549190 1522
1549200 1519
1549210 1513
1549220 1513
1549230 1503
1549240 1493
1549250 1493
1549260 1484
1549270 1479
1549280 1476
1549290 1476
1549300 1473
1549310 1473
1549320 1473
1549330 1470
1549340 1461
1549350 1461
1549360 1453
1549370 1449
1549380 1449
1549390 1451
1549400 1454
1549410 1454
1549420 1454
1549430 1452
1549440 1449
1549450 1449
1549460 1449
1549470 1450
1549480 1450
1549490 1447
1549500 1446
1549510 1446
1549520 1450
1549530 1450
1549540 1450
1549550 1450
1549560 1451
1549570 1450
1549580 1450
1549590 1449
1549600 1446
1549610 1446
1549620 1443
1549630 1441
1549640 1441
1549650 1438
1549660 1440
1549670 1440
1549680 1442
1549690 1443
1549700 1443
1549710 1437
1549720 1436
1549730 1433
1549740 1433
1549750 1429
1549760 1424
1549770 1424
1549780 1419
1549790 1414
1549800 1414
1549810 1408
1549820 1401
1549830 1401
1549840 1396
1549850 1388
1549860 1382
1549870 1382
1549880 1380
1549890 1380
1549900 1380
1549910 1382
1549920 1384
1549930 1384
1549940 1380
1549950 1374
1549960 1374
1549970 1368
1549980 1366
1549990 1366
1550000 1371
1550010 1376
1550020 1380
1550030 1380
1550040 1379
1550050 1380
1550060 1380
1550070 1381
1550080 1384
1550090 1384
1550100 1388
1550110 1387
1550120 1387
1550130 1382
1550140 1376
1550150 1369
1550160 1369
1550170 1365
1550180 1359
1550190 1359
1550200 1353
1550210 1347
1550220 1347
1550230 1342
1550240 1338
1550250 1338
1550260 1334
1550270 1331
1550280 1331
1550290 1327
1550300 1323
1550310 1317
1550320 1317
1550330 1311
1550340 1306
1550350 1306
1550360 1303
1550370 1300
1550380 1300
1550390 1298
1550400 1294
1550410 1294
1550420 1292
1550430 1289
1550440 1289
1550450 1287
1550460 1285
1550470 1283
1550480 1283
1550490 1279
1550500 1275
1550510 1275
1550520 1271
1550530 1268
1550540 1268
1550550 1264
1550560 1261
1550570 1261
1550580 1259
1550590 1258
1550600 1257
1550610 1257
1550620 1255
1550630 1252
1550640 1252
1550650 1248
1550660 1244
1550670 1244
1550680 1242
1550690 1241
1550700 1241
1550710 1246
1550720 1247
1550730 1247
1550740 1246
1550750 1248
1550760 1250
1550770 1250
1550780 1252
1550790 1253
1550800 1253
1550810 1252
1550820 1252
1550830 1252
1550840 1252
1550850 1251
1550860 1251
1550870 1249
1550880 1249
1550890 1249
1550900 1248
1550910 1248
1550920 1247
1550930 1247
1550940 1246
1550950 1243
1550960 1243
1550970 1243
1550980 1243
1550990 1243
1551000 1242
1551010 1244
1551020 1244
1551030 1247
1551040 1249
1551050 1253
1551060 1253
1551070 1257
1551080 1262
1551090 1262
1551100 1267
1551110 1273
1551120 1273
1551130 1278
1551140 1281
1551150 1281
1551160 1281
1551170 1281
1551180 1281
1551190 1281
1551200 1283
1551210 1287
1551220 1287
1551230 1289
1551240 1290
1551250 1290
1551260 1292
1551270 1294
1551280 1294
1551290 1296
1551300 1297
1551310 1297
1551320 1297
1551330 1297
1551340 1298
1551350 1298
1551360 1300
1551370 1302
1551380 1302
1551390 1304
1551400 1305
1551410 1305
1551420 1307
1551430 1309
1551440 1309
1551450 1311
1551460 1312
1551470 1312
1551480 1314
1551490 1317
1551500 1320
1551510 1320
1551520 1324
1551530 1328
1551540 1328
1551550 1332
1551560 1336
1551570 1336
1551580 1340
1551590 1344
1551600 1344
1551610 1353
1551620 1357
1551630 1357
1551640 1359
1551650 1359
1551660 1356
1551670 1356
1551680 1355
1551690 1359
1551700 1359
1551710 1365
1551720 1372
1551730 1372
1551740 1378
1551750 1382
1551760 1382
1551770 1385
1551780 1387
1551790 1388
1551800 1388
1551810 1389
1551820 1391
1551830 1391
1551840 1393
1551850 1396
1551860 1396
1551870 1399
1551880 1404
1551890 1404
1551900 1410
1551910 1417
1551920 1417
1551930 1423
1551940 1418
1551950 1408
1551960 1408
1551970 1401
1551980 1395
1551990 1395
1552000 1390
1552010 1384
1552020 1384
1552030 1378
1552040 1373
1552050 1373
1552060 1368
1552070 1363
1552080 1362
1552090 1362
1552100 1361
1552110 1345
1552120 1345
1552130 1326
1552140 1317
1552150 1317
1552160 1314
1552170 1306
1552180 1306
1552190 1300
1552200 1295
1552210 1295
1552220 1291
1552230 1286
1552240 1282
1552250 1282
1552260 1280
1552270 1278
1552280 1278
1552290 1275
1552300 1272
1552310 1272
1552320 1271
1552330 1272
1552340 1272
1552350 1275
1552360 1280
1552370 1280
1552380 1282
1552390 1283
1552400 1281
1552410 1281
1552420 1275
1552430 1265
1552440 1265
1552450 1257
1552460 1248
1552470 1248
1552480 1241
1552490 1237
1552500 1237
1552510 1234
1552520 1232
1552530 1236
1552540 1236
1552550 1240
1552560 1242
1552570 1242
1552580 1237
1552590 1234
1552600 1234
1552610 1237
1552620 1247
1552630 1247
1552640 1255
1552650 1249
1552660 1249
1552670 1223
1552680 1221
1552690 1210
1552700 1210
1552710 1192
1552720 1169
1552730 1169
1552740 1154
1552750 1165
1552760 1165
1552770 1176
1552780 1188
1552790 1188
1552800 1204
1552810 1215
1552820 1217
1552830 1217
1552840 1219
1552850 1221
1552860 1221
1552870 1233
1552880 1238
1552890 1238
1552900 1243
1552910 1252
1552920 1252
1552930 1257
1552940 1252
1552950 1252
1552960 1245
1552970 1243
1552980 1248
1552990 1248
1553000 1256
1553010 1263
1553020 1263
1553030 1264
1553040 1263
1553050 1263
1553060 1262
1553070 1262
1553080 1262
1553090 1261
1553100 1259
1553110 1259
1553120 1258
1553130 1261
1553140 1263
1553150 1263
1553160 1262
1553170 1261
1553180 1261
1553190 1257
1553200 1249
1553210 1249
1553220 1243
1553230 1246
1553240 1246
1553250 1250
1553260 1254
1553270 1258
1553280 1258
1553290 1262
1553300 1266
1553310 1266
1553320 1263
1553330 1259
1553340 1259
1553350 1257
1553360 1258
1553370 1258
1553380 1260
1553390 1265
1553400 1265
1553410 1273
1553420 1280
1553430 1286
1553440 1286
1553450 1290
1553460 1287
1553470 1287
1553480 1289
1553490 1292
1553500 1292
1553510 1296
1553520 1300
1553530 1300
1553540 1305
1553550 1310
1553560 1315
1553570 1315
1553580 1321
1553590 1326
1553600 1326
1553610 1332
1553620 1338
1553630 1338
1553640 1343
1553650 1349
1553660 1349
1553670 1354
1553680 1356
1553690 1356
1553700 1358
1553710 1361
1553720 1366
1553730 1366
1553740 1371
1553750 1376
1553760 1376
1553770 1383
1553780 1390
1553790 1390
1553800 1398
1553810 1406
1553820 1406
1553830 1413
1553840 1419
1553850 1419
1553860 1424
1553870 1428
1553880 1435
1553890 1435
1553900 1442
1553910 1448
1553920 1448
1553930 1454
1553940 1459
1553950 1459
1553960 1466
1553970 1474
1553980 1474
1553990 1483
1554000 1492
1554010 1501
1554020 1501
1554030 1508
1554040 1516
1554050 1516
1554060 1522
1554070 1529
1554080 1529
1554090 1536
1554100 1543
1554110 1543
1554120 1547
1554130 1546
1554140 1546
1554150 1547
1554160 1552
1554170 1557
1554180 1557
1554190 1563
1554200 1570
1554210 1570
1554220 1578
1554230 1594
1554240 1594
1554250 1620
1554260 1629
1554270 1629
1554280 1635
1554290 1640
1554300 1646
1554310 1646
1554320 1652
1554330 1659
1554340 1659
1554350 1668
1554360 1675
1554370 1675
1554380 1680
1554390 1686
1554400 1686
1554410 1691
1554420 1694
1554430 1694
1554440 1699
1554450 1703
1554460 1707
1554470 1707
1554480 1712
1554490 1722
1554500 1722
1554510 1732
1554520 1735
1554530 1735
1554540 1735
1554550 1734
1554560 1734
1554570 1732
1554580 1727
1554590 1727
1554600 1719
1554610 1712
1554620 1699
1554630 1699
1554640 1683
1554650 1669
1554660 1669
1554670 1664
1554680 1637
1554690 1637
1554700 1621
1554710 1608
1554720 1608
1554730 1591
1554740 1585
1554750 1578
1554760 1578
1554770 1572
1554780 1565
1554790 1565
1554800 1560
1554810 1554
1554820 1554
1554830 1548
1554840 1544
1554850 1544
1554860 1538
1554870 1535
1554880 1535
1554890 1535
1554900 1535
1554910 1537
1554920 1537
1554930 1543
1554940 1547
1554950 1547
1554960 1540
1554970 1534
1554980 1534
1554990 1530
1555000 1531
1555010 1531
1555020 1535
1555030 1544
1555040 1547
1555050 1547
1555060 1548
1555070 1554
1555080 1554
1555090 1562
1555100 1564
1555110 1564
1555120 1565
1555130 1563
1555140 1563
1555150 1560
1555160 1556
1555170 1556
1555180 1553
1555190 1547
1555200 1543
1555210 1543
1555220 1543
1555230 1544
1555240 1544
1555250 1545
1555260 1555
1555270 1555
1555280 1554
1555290 1547
1555300 1547
1555310 1540
1555320 1533
1555330 1533
1555340 1523
1555350 1517
1555360 1514
1555370 1514
1555380 1512
1555390 1514
1555400 1514
1555410 1510
1555420 1508
1555430 1508
1555440 1507
1555450 1505
1555460 1505
1555470 1502
1555480 1502
1555490 1501
1555500 1501
1555510 1499
1555520 1498
1555530 1498
1555540 1498
1555550 1499
1555560 1499
1555570 1498
1555580 1496
1555590 1496
1555600 1492
1555610 1487
1555620 1487
1555630 1482
1555640 1476
1555650 1467
1555660 1467
1555670 1461
1555680 1457
1555690 1457
1555700 1454
1555710 1450
1555720 1450
1555730 1447
1555740 1442
1555750 1442
1555760 1437
1555770 1432
1555780 1427
1555790 1427
1555800 1422
1555810 1418
1555820 1418
1555830 1413
1555840 1409
1555850 1409
1555860 1405
1555870 1402
1555880 1402
1555890 1399
1555900 1394
1555910 1394
1555920 1390
1555930 1387
1555940 1383
1555950 1383
1555960 1379
1555970 1377
1555980 1377
1555990 1374
1556000 1372
1556010 1372
1556020 1371
1556030 1371
1556040 1371
1556050 1370
1556060 1370
1556070 1370
1556080 1369
1556090 1367
1556100 1365
1556110 1365
1556120 1362
1556130 1359
1556140 1359
1556150 1355
1556160 1350
1556170 1350
1556180 1345
1556190 1341
1556200 1341
1556210 1338
1556220 1335
1556230 1333
1556240 1333
1556250 1330
1556260 1325
1556270 1325
1556280 1322
1556290 1318
1556300 1318
1556310 1314
1556320 1312
1556330 1312
1556340 1310
1556350 1308
1556360 1308
1556370 1306
1556380 1302
1556390 1298
1556400 1298
1556410 1293
1556420 1283
1556430 1283
1556440 1270
1556450 1261
1556460 1261
1556470 1253
1556480 1248
1556490 1248
1556500 1242
1556510 1233
1556520 1224
1556530 1224
1556540 1216
1556550 1213
1556560 1213
1556570 1209
1556580 1206
1556590 1206
1556600 1203
1556610 1195
1556620 1195
1556630 1188
1556640 1183
1556650 1183
1556660 1183
1556670 1179
1556680 1176
1556690 1176
1556700 1177
1556710 1180
1556720 1180
1556730 1175
1556740 1175
1556750 1175
1556760 1170
1556770 1173
1556780 1173
1556790 1175
1556800 1169
1556810 1169
1556820 1168
1556830 1170
1556840 1172
1556850 1172
1556860 1169
1556870 1168
1556880 1168
1556890 1171
1556900 1173
1556910 1173
1556920 1170
1556930 1165
1556940 1165
1556950 1159
1556960 1155
1556970 1153
1556980 1153
1556990 1148
1557000 1145
1557010 1153
1557020 1151
1557030 1150
1557040 1150
1557050 1148
1557060 1148
1557070 1148
1557080 1148
1557090 1147
1557100 1147
1557110 1145
1557120 1150
1557130 1157
1557140 1157
1557150 1159
1557160 1149
1557170 1149
1557180 1137
1557190 1131
1557200 1131
1557210 1127
1557220 1124
1557230 1124
1557240 1121
1557250 1117
1557260 1117
1557270 1112
1557280 1107
1557290 1101
1557300 1101
1557310 1095
1557320 1089
1557330 1089
1557340 1083
1557350 1077
1557360 1077
1557370 1071
1557380 1066
1557390 1066
1557400 1060
1557410 1054
1557420 1048
1557430 1048
1557440 1042
1557450 1037
1557460 1037
1557470 1032
1557480 1027
1557490 1027
1557500 1023
1557510 1021
1557520 1021
1557530 1016
1557540 1012
1557550 1012
1557560 1008
1557570 1005
1557580 1002
1557590 1002
1557600 997
1557610 990
1557620 990
1557630 983
1557640 978
1557650 978
1557660 979
1557670 982
1557680 982
1557690 979
1557700 972
1557710 966
1557720 966
1557730 961
1557740 957
1557750 957
1557760 953
1557770 948
1557780 948
1557790 944
1557800 939
1557810 939
1557820 934
1557830 928
1557840 928
1557850 920
1557860 915
1557870 913
1557880 913
1557890 908
1557900 899
1557910 899
1557920 893
1557930 888
1557940 888
1557950 884
1557960 885
1557970 885
1557980 887
1557990 887
1558000 887
1558010 882
1558020 877
1558030 870
1558040 870
1558050 865
1558060 867
1558070 867
1558080 870
1558090 870
1558100 870
1558110 870
1558120 870
1558130 870
1558140 871
1558150 874
1558160 872
1558170 872
1558180 871
1558190 872
1558200 872
1558210 876
1558220 878
1558230 878
1558240 873
1558250 877
1558260 877
1558270 883
1558280 883
1558290 883
1558300 879
1558310 876
1558320 872
1558330 872
1558340 864
1558350 861
1558360 861
1558370 864
1558380 867
1558390 867
1558400 864
1558410 861
1558420 861
1558430 859
1558440 856
1558450 853
1558460 853
1558470 852
1558480 851
1558490 851
1558500 849
1558510 847
1558520 847
1558530 844
1558540 839
1558550 839
1558560 837
1558570 834
1558580 834
1558590 831
1558600 830
1558610 827
1558620 827
1558630 826
1558640 822
1558650 822
1558660 820
1558670 818
1558680 818
1558690 819
1558700 820
1558710 820
1558720 818
1558730 825
1558740 825
1558750 823
1558760 823
1558770 825
1558780 825
1558790 827
1558800 827
1558810 827
1558820 825
1558830 830
1558840 830
1558850 832
1558860 832
1558870 832
1558880 829
1558890 829
1558900 830
1558910 830
1558920 833
1558930 833
1558940 833
1558950 828
1558960 822
1558970 822
1558980 818
1558990 818
1559000 818
1559010 819
1559020 813
1559030 813
1559040 811
1559050 815
1559060 823
1559070 823
1559080 826
1559090 829
1559100 829
1559110 835
1559120 836
1559130 836
1559140 835
1559150 831
1559160 831
1559170 825
1559180 825
1559190 828
1559200 828
1559210 829
1559220 824
1559230 824
1559240 829
1559250 836
1559260 836
1559270 836
1559280 835
1559290 835
1559300 840
1559310 860
1559320 860
1559330 867
1559340 857
1559350 850
1559360 850
1559370 848
1559380 848
1559390 848
1559400 860
1559410 872
1559420 872
1559430 873
1559440 858
1559450 858
1559460 836
1559470 826
1559480 826
1559490 823
1559500 835
1559510 850
1559520 850
1559530 855
1559540 851
1559550 851
1559560 840
1559570 827
1559580 827
1559590 827
1559600 847
1559610 847
1559620 858
1559630 864
1559640 868
1559650 868
1559660 868
1559670 865
1559680 865
1559690 859
1559700 859
1559710 859
1559720 858
1559730 855
1559740 855
1559750 854
1559760 856
1559770 856
1559780 847
1559790 836
1559800 837
1559810 837
1559820 843
1559830 843
1559840 843
1559850 840
1559860 834
1559870 834
1559880 825
1559890 815
1559900 815
1559910 809
1559920 813
1559930 814
1559940 814
1559950 822
1559960 827
1559970 827
1559980 826
1559990 825
