1540000 1174
1540010 1172
1540020 1169
1540030 1169
1540040 1166
1540050 1163
1540060 1163
1540070 1160
1540080 1157
1540090 1157
1540100 1153
1540110 1149
1540120 1145
1540130 1145
1540140 1141
1540150 1137
1540160 1137
1540170 1134
1540180 1131
1540190 1131
1540200 1128
1540210 1125
1540220 1125
1540230 1120
1540240 1116
1540250 1116
1540260 1111
1540270 1107
1540280 1102
1540290 1102
1540300 1096
1540310 1091
1540320 1091
1540330 1086
1540340 1081
1540350 1081
1540360 1076
1540370 1070
1540380 1070
1540390 1063
1540400 1056
1540410 1049
1540420 1049
1540430 1043
1540440 1037
1540450 1037
1540460 1034
1540470 1035
1540480 1035
1540490 1033
1540500 1028
1540510 1028
1540520 1022
1540530 1016
1540540 1016
1540550 1009
1540560 1003
1540570 997
1540580 997
1540590 991
1540600 985
1540610 985
1540620 979
1540630 973
1540640 973
1540650 967
1540660 961
1540670 961
1540680 955
1540690 948
1540700 941
1540710 941
1540720 932
1540730 923
1540740 923
1540750 914
1540760 906
1540770 906
1540780 899
1540790 895
1540800 895
1540810 892
1540820 885
1540830 885
1540840 878
1540850 869
1540860 867
1540870 867
1540880 872
1540890 883
1540900 883
1540910 896
1540920 905
1540930 905
1540940 911
1540950 918
1540960 918
1540970 926
1540980 932
1540990 932
1541000 938
1541010 944
1541020 948
1541030 948
1541040 952
1541050 957
1541060 957
1541070 963
1541080 969
1541090 969
1541100 973
1541110 978
1541120 978
1541130 982
1541140 986
1541150 991
1541160 991
1541170 996
1541180 1003
1541190 1003
1541200 1010
1541210 1017
1541220 1017
1541230 1023
1541240 1031
1541250 1031
1541260 1039
1541270 1046
1541280 1046
1541290 1053
1541300 1060
1541310 1067
1541320 1067
1541330 1074
1541340 1079
1541350 1079
1541360 1084
1541370 1090
1541380 1090
1541390 1096
1541400 1100
1541410 1100
1541420 1104
1541430 1107
1541440 1107
1541450 1110
1541460 1113
1541470 1117
1541480 1117
1541490 1119
1541500 1121
1541510 1121
1541520 1123
1541530 1126
1541540 1126
1541550 1124
1541560 1128
1541570 1128
1541580 1130
1541590 1132
1541600 1134
1541610 1134
1541620 1137
1541630 1139
1541640 1139
1541650 1140
1541660 1141
1541670 1141
1541680 1142
1541690 1143
1541700 1143
1541710 1143
1541720 1144
1541730 1144
1541740 1144
1541750 1145
1541760 1145
1541770 1145
1541780 1145
1541790 1143
1541800 1143
1541810 1142
1541820 1141
1541830 1141
1541840 1140
1541850 1137
1541860 1137
1541870 1136
1541880 1133
1541890 1133
1541900 1128
1541910 1124
1541920 1120
1541930 1120
1541940 1116
1541950 1112
1541960 1112
1541970 1106
1541980 1100
1541990 1100
1542000 1095
1542010 1092
1542020 1092
1542030 1089
1542040 1085
1542050 1083
1542060 1083
1542070 1082
1542080 1079
1542090 1079
1542100 1077
1542110 1076
1542120 1076
1542130 1074
1542140 1074
1542150 1074
1542160 1074
1542170 1074
1542180 1074
1542190 1074
1542200 1075
1542210 1075
1542220 1075
1542230 1072
1542240 1066
1542250 1066
1542260 1059
1542270 1057
1542280 1057
1542290 1055
1542300 1051
1542310 1051
1542320 1045
1542330 1040
1542340 1039
1542350 1039
1542360 1038
1542370 1038
1542380 1038
1542390 1039
1542400 1037
1542410 1037
1542420 1032
1542430 1031
1542440 1031
1542450 1031
1542460 1038
1542470 1038
1542480 1045
1542490 1047
1542500 1050
1542510 1050
1542520 1056
1542530 1064
1542540 1064
1542550 1071
1542560 1079
1542570 1079
1542580 1087
1542590 1095
1542600 1095
1542610 1099
1542620 1100
1542630 1100
1542640 1100
1542650 1102
1542660 1105
1542670 1105
1542680 1111
1542690 1117
1542700 1117
1542710 1121
1542720 1120
1542730 1120
1542740 1118
1542750 1115
1542760 1115
1542770 1112
1542780 1108
1542790 1103
1542800 1103
1542810 1100
1542820 1097
1542830 1097
1542840 1093
1542850 1089
1542860 1089
1542870 1086
1542880 1082
1542890 1082
1542900 1080
1542910 1078
1542920 1078
1542930 1075
1542940 1073
1542950 1070
1542960 1070
1542970 1067
1542980 1065
1542990 1065
1543000 1066
1543010 1067
1543020 1067
1543030 1068
1543040 1069
1543050 1069
1543060 1069
1543070 1069
1543080 1069
1543090 1070
1543100 1071
1543110 1072
1543120 1072
1543130 1073
1543140 1074
1543150 1074
1543160 1073
1543170 1072
1543180 1072
1543190 1076
1543200 1081
1543210 1081
1543220 1084
1543230 1091
1543240 1094
1543250 1094
1543260 1095
1543270 1094
1543280 1094
1543290 1091
1543300 1088
1543310 1088
1543320 1087
1543330 1085
1543340 1085
1543350 1084
1543360 1083
1543370 1083
1543380 1081
1543390 1078
1543400 1075
1543410 1075
1543420 1073
1543430 1075
1543440 1075
1543450 1076
1543460 1075
1543470 1075
1543480 1075
1543490 1074
1543500 1074
1543510 1074
1543520 1075
1543530 1081
1543540 1081
1543550 1086
1543560 1090
1543570 1090
1543580 1092
1543590 1094
1543600 1094
1543610 1096
1543620 1099
1543630 1099
1543640 1101
1543650 1102
1543660 1102
1543670 1102
1543680 1103
1543690 1103
1543700 1103
1543710 1103
1543720 1089
1543730 1089
1543740 1084
1543750 1078
1543760 1078
1543770 1072
1543780 1067
1543790 1067
1543800 1064
1543810 1072
1543820 1072
1543830 1081
1543840 1089
1543850 1095
1543860 1095
1543870 1102
1543880 1109
1543890 1109
1543900 1117
1543910 1124
1543920 1124
1543930 1131
1543940 1139
1543950 1139
1543960 1145
1543970 1152
1543980 1158
1543990 1158
1544000 1164
1544010 1168
1544020 1168
1544030 1169
1544040 1169
1544050 1169
1544060 1168
1544070 1168
1544080 1168
1544090 1170
1544100 1174
1544110 1174
1544120 1175
1544130 1177
1544140 1182
1544150 1182
1544160 1188
1544170 1195
1544180 1195
1544190 1202
1544200 1206
1544210 1206
1544220 1208
1544230 1213
1544240 1213
1544250 1219
1544260 1226
1544270 1226
1544280 1231
1544290 1238
1544300 1244
1544310 1244
1544320 1250
1544330 1255
1544340 1255
1544350 1261
1544360 1265
1544370 1265
1544380 1270
1544390 1275
1544400 1275
1544410 1279
1544420 1283
1544430 1288
1544440 1288
1544450 1293
1544460 1298
1544470 1298
1544480 1304
1544490 1311
1544500 1311
1544510 1319
1544520 1327
1544530 1327
1544540 1331
1544550 1338
1544560 1338
1544570 1348
1544580 1359
1544590 1357
1544600 1357
1544610 1354
1544620 1350
1544630 1350
1544640 1346
1544650 1343
1544660 1343
1544670 1340
1544680 1336
1544690 1336
1544700 1333
1544710 1330
1544720 1330
1544730 1326
1544740 1323
1544750 1320
1544760 1320
1544770 1315
1544780 1315
1544790 1315
1544800 1317
1544810 1319
1544820 1319
1544830 1319
1544840 1317
1544850 1317
1544860 1315
1544870 1312
1544880 1312
1544890 1312
1544900 1314
1544910 1317
1544920 1317
1544930 1320
1544940 1323
1544950 1323
1544960 1321
1544970 1317
1544980 1317
1544990 1311
1545000 1305
1545010 1305
1545020 1300
1545030 1295
1545040 1291
1545050 1291
1545060 1287
1545070 1283
1545080 1283
1545090 1279
1545100 1280
1545110 1280
1545120 1282
1545130 1284
1545140 1284
1545150 1286
1545160 1286
1545170 1287
1545180 1287
1545190 1290
1545200 1294
1545210 1294
1545220 1296
1545230 1299
1545240 1299
1545250 1300
1545260 1299
1545270 1299
1545280 1297
1545290 1295
1545300 1295
1545310 1292
1545320 1287
1545330 1280
1545340 1280
1545350 1273
1545360 1266
1545370 1266
1545380 1259
1545390 1251
1545400 1251
1545410 1241
1545420 1234
1545430 1234
1545440 1226
1545450 1218
1545460 1218
1545470 1211
1545480 1206
1545490 1201
1545500 1201
1545510 1196
1545520 1190
1545530 1190
1545540 1185
1545550 1179
1545560 1179
1545570 1173
1545580 1167
1545590 1167
1545600 1163
1545610 1159
1545620 1153
1545630 1153
1545640 1150
1545650 1141
1545660 1141
1545670 1129
1545680 1121
1545690 1121
1545700 1116
1545710 1115
1545720 1115
1545730 1113
1545740 1108
1545750 1108
1545760 1099
1545770 1093
1545780 1091
1545790 1091
1545800 1091
1545810 1088
1545820 1088
1545830 1087
1545840 1084
1545850 1084
1545860 1085
1545870 1086
1545880 1086
1545890 1087
1545900 1088
1545910 1088
1545920 1089
1545930 1091
1545940 1096
1545950 1096
1545960 1102
1545970 1107
1545980 1107
1545990 1113
1546000 1120
1546010 1120
1546020 1129
1546030 1137
1546040 1137
1546050 1146
1546060 1152
1546070 1157
1546080 1157
1546090 1162
1546100 1168
1546110 1168
1546120 1174
1546130 1181
1546140 1181
1546150 1189
1546160 1196
1546170 1196
1546180 1203
1546190 1210
1546200 1210
1546210 1218
1546220 1226
1546230 1233
1546240 1233
1546250 1241
1546260 1249
1546270 1249
1546280 1257
1546290 1266
1546300 1266
1546310 1274
1546320 1283
1546330 1283
1546340 1294
1546350 1302
1546360 1305
1546370 1305
1546380 1302
1546390 1295
1546400 1295
1546410 1286
1546420 1278
1546430 1278
1546440 1270
1546450 1262
1546460 1262
1546470 1254
1546480 1246
1546490 1246
1546500 1238
1546510 1232
1546520 1224
1546530 1224
1546540 1215
1546550 1209
1546560 1209
1546570 1203
1546580 1197
1546590 1197
1546600 1192
1546610 1187
1546620 1187
1546630 1183
1546640 1182
1546650 1182
1546660 1182
1546670 1183
1546680 1185
1546690 1185
1546700 1189
1546710 1194
1546720 1194
1546730 1200
1546740 1205
1546750 1205
1546760 1211
1546770 1219
1546780 1219
1546790 1225
1546800 1231
1546810 1237
1546820 1237
1546830 1243
1546840 1248
1546850 1248
1546860 1254
1546870 1268
1546880 1268
1546890 1274
1546900 1274
1546910 1274
1546920 1274
1546930 1275
1546940 1275
1546950 1278
1546960 1286
1546970 1292
1546980 1292
1546990 1293
1547000 1290
1547010 1290
1547020 1291
1547030 1295
1547040 1295
1547050 1302
1547060 1314
1547070 1314
1547080 1325
1547090 1331
1547100 1331
1547110 1334
1547120 1332
1547130 1329
1547140 1329
1547150 1325
1547160 1323
1547170 1323
1547180 1325
1547190 1326
1547200 1326
1547210 1323
1547220 1319
1547230 1319
1547240 1315
1547250 1309
1547260 1300
1547270 1300
1547280 1288
1547290 1279
1547300 1279
1547310 1271
1547320 1264
1547330 1264
1547340 1256
1547350 1248
1547360 1248
1547370 1239
1547380 1230
1547390 1230
1547400 1223
1547410 1219
1547420 1214
1547430 1214
1547440 1212
1547450 1209
1547460 1209
1547470 1205
1547480 1201
1547490 1201
1547500 1196
1547510 1192
1547520 1192
1547530 1187
1547540 1182
1547550 1182
1547560 1176
1547570 1171
1547580 1167
1547590 1167
1547600 1162
1547610 1156
1547620 1156
1547630 1149
1547640 1146
1547650 1146
1547660 1145
1547670 1140
1547680 1140
1547690 1132
1547700 1125
1547710 1117
1547720 1117
1547730 1111
1547740 1105
1547750 1105
1547760 1099
1547770 1094
1547780 1094
1547790 1090
1547800 1087
1547810 1087
1547820 1078
1547830 1076
1547840 1076
1547850 1075
1547860 1074
1547870 1068
1547880 1068
1547890 1061
1547900 1054
1547910 1054
1547920 1046
1547930 1039
1547940 1039
1547950 1033
1547960 1025
1547970 1025
1547980 1018
1547990 1015
1548000 1013
1548010 1013
1548020 1016
1548030 1022
1548040 1022
1548050 1028
1548060 1036
1548070 1036
1548080 1044
1548090 1053
1548100 1053
1548110 1061
1548120 1067
1548130 1067
1548140 1071
1548150 1072
1548160 1075
1548170 1075
1548180 1079
1548190 1085
1548200 1085
1548210 1089
1548220 1093
1548230 1093
1548240 1097
1548250 1100
1548260 1100
1548270 1102
1548280 1106
1548290 1106
1548300 1111
1548310 1117
1548320 1123
1548330 1123
1548340 1130
1548350 1135
1548360 1135
1548370 1139
1548380 1141
1548390 1141
1548400 1141
1548410 1141
1548420 1141
1548430 1142
1548440 1142
1548450 1143
1548460 1143
1548470 1143
1548480 1145
1548490 1145
1548500 1146
1548510 1146
1548520 1146
1548530 1147
1548540 1147
1548550 1147
1548560 1146
1548570 1146
1548580 1146
1548590 1145
1548600 1142
1548610 1140
1548620 1140
1548630 1138
1548640 1137
1548650 1137
1548660 1138
1548670 1139
1548680 1139
1548690 1141
1548700 1143
1548710 1143
1548720 1144
1548730 1144
1548740 1144
1548750 1144
1548760 1147
1548770 1147
1548780 1147
1548790 1146
1548800 1144
1548810 1144
1548820 1138
1548830 1131
1548840 1131
1548850 1126
1548860 1123
1548870 1123
1548880 1118
1548890 1115
1548900 1115
1548910 1115
1548920 1115
1548930 1117
1548940 1117
1548950 1118
1548960 1119
1548970 1119
1548980 1119
1548990 1125
1549000 1125
1549010 1131
1549020 1135
1549030 1135
1549040 1138
1549050 1143
1549060 1150
1549070 1150
1549080 1158
1549090 1166
1549100 1166
1549110 1174
1549120 1177
1549130 1177
1549140 1178
1549150 1180
1549160 1180
1549170 1180
1549180 1178
1549190 1179
1549200 1179
1549210 1181
1549220 1183
1549230 1183
1549240 1185
1549250 1187
1549260 1187
1549270 1190
1549280 1192
1549290 1192
1549300 1192
1549310 1192
1549320 1192
1549330 1192
1549340 1191
1549350 1190
1549360 1190
1549370 1188
1549380 1187
1549390 1187
1549400 1189
1549410 1191
1549420 1191
1549430 1192
1549440 1190
1549450 1190
1549460 1190
1549470 1189
1549480 1189
1549490 1189
1549500 1189
1549510 1189
1549520 1189
1549530 1189
1549540 1187
1549550 1187
1549560 1186
1549570 1185
1549580 1185
1549590 1183
1549600 1182
1549610 1182
1549620 1180
1549630 1178
1549640 1176
1549650 1176
1549660 1173
1549670 1169
1549680 1169
1549690 1166
1549700 1165
1549710 1165
1549720 1163
1549730 1160
1549740 1160
1549750 1157
1549760 1152
1549770 1152
1549780 1145
1549790 1142
1549800 1140
1549810 1140
1549820 1138
1549830 1135
1549840 1135
1549850 1130
1549860 1124
1549870 1124
1549880 1118
1549890 1113
1549900 1113
1549910 1107
1549920 1101
1549930 1101
1549940 1094
1549950 1086
1549960 1079
1549970 1079
1549980 1073
1549990 1065
1550000 1065
1550010 1060
1550020 1059
1550030 1059
1550040 1060
1550050 1063
1550060 1063
1550070 1063
1550080 1060
1550090 1056
1550100 1056
1550110 1053
1550120 1052
1550130 1052
1550140 1051
1550150 1047
1550160 1047
1550170 1044
1550180 1040
1550190 1040
1550200 1038
1550210 1038
1550220 1038
1550230 1040
1550240 1041
1550250 1042
1550260 1042
1550270 1043
1550280 1043
1550290 1043
1550300 1042
1550310 1040
1550320 1040
1550330 1036
1550340 1032
1550350 1032
1550360 1027
1550370 1023
1550380 1021
1550390 1021
1550400 1021
1550410 1020
1550420 1020
1550430 1022
1550440 1027
1550450 1027
1550460 1035
1550470 1042
1550480 1042
1550490 1048
1550500 1052
1550510 1052
1550520 1055
1550530 1059
1550540 1065
1550550 1065
1550560 1071
1550570 1075
1550580 1075
1550590 1077
1550600 1080
1550610 1080
1550620 1084
1550630 1087
1550640 1087
1550650 1087
1550660 1089
1550670 1089
1550680 1095
1550690 1099
1550700 1102
1550710 1102
1550720 1104
1550730 1104
1550740 1104
1550750 1108
1550760 1111
1550770 1111
1550780 1114
1550790 1116
1550800 1116
1550810 1117
1550820 1117
1550830 1117
1550840 1117
1550850 1118
1550860 1119
1550870 1119
1550880 1120
1550890 1122
1550900 1122
1550910 1124
1550920 1126
1550930 1126
1550940 1129
1550950 1131
1550960 1131
1550970 1133
1550980 1135
1550990 1136
1551000 1136
1551010 1136
1551020 1136
1551030 1136
1551040 1137
1551050 1139
1551060 1139
1551070 1141
1551080 1143
1551090 1143
1551100 1144
1551110 1145
1551120 1145
1551130 1146
1551140 1147
1551150 1148
1551160 1148
1551170 1149
1551180 1151
1551190 1151
1551200 1153
1551210 1155
1551220 1155
1551230 1156
1551240 1156
1551250 1156
1551260 1154
1551270 1153
1551280 1152
1551290 1152
1551300 1150
1551310 1149
1551320 1149
1551330 1147
1551340 1144
1551350 1144
1551360 1146
1551370 1148
1551380 1148
1551390 1151
1551400 1152
1551410 1152
1551420 1152
1551430 1151
1551440 1149
1551450 1149
1551460 1145
1551470 1142
1551480 1142
1551490 1143
1551500 1143
1551510 1143
1551520 1140
1551530 1137
1551540 1137
1551550 1137
1551560 1138
1551570 1138
1551580 1138
1551590 1138
1551600 1135
1551610 1135
1551620 1130
1551630 1125
1551640 1125
1551650 1121
1551660 1117
1551670 1111
1551680 1107
1551690 1103
1551700 1103
1551710 1099
1551720 1094
1551730 1089
1551740 1089
1551750 1085
1551760 1080
1551770 1080
1551780 1075
1551790 1071
1551800 1071
1551810 1066
1551820 1060
1551830 1060
1551840 1050
1551850 1036
1551860 1036
1551870 1022
1551880 1018
1551890 1020
1551900 1020
1551910 1030
1551920 1035
1551930 1035
1551940 1027
1551950 1027
1551960 1027
1551970 1031
1551980 1034
1551990 1034
1552000 1038
1552010 1039
1552020 1040
1552030 1040
1552040 1039
1552050 1035
1552060 1035
1552070 1030
1552080 1033
1552090 1033
1552100 1034
1552110 1034
1552120 1034
1552130 1034
1552140 1032
1552150 1032
1552160 1027
1552170 1022
1552180 1017
1552190 1017
1552200 1012
1552210 1007
1552220 1007
1552230 1003
1552240 999
1552250 999
1552260 995
1552270 993
1552280 993
1552290 990
1552300 987
1552310 987
1552320 984
1552330 980
1552340 976
1552350 976
1552360 971
1552370 966
1552380 966
1552390 963
1552400 963
1552410 963
1552420 960
1552430 954
1552440 954
1552450 949
1552460 951
1552470 955
1552480 955
1552490 961
1552500 969
1552510 969
1552520 973
1552530 974
1552540 974
1552550 975
1552560 977
1552570 977
1552580 978
1552590 980
1552600 980
1552610 981
1552620 982
1552630 984
1552640 984
1552650 985
1552660 985
1552670 985
1552680 986
1552690 988
1552700 988
1552710 990
1552720 991
1552730 991
1552740 992
1552750 993
1552760 993
1552770 995
1552780 995
1552790 994
1552800 994
1552810 995
1552820 996
1552830 996
1552840 998
1552850 1001
1552860 1001
1552870 1002
1552880 1003
1552890 1003
1552900 1005
1552910 1007
1552920 1009
1552930 1009
1552940 1010
1552950 1012
1552960 1012
1552970 1013
1552980 1015
1552990 1015
1553000 1017
1553010 1019
1553020 1019
1553030 1021
1553040 1024
1553050 1024
1553060 1025
1553070 1028
1553080 1031
1553090 1031
1553100 1033
1553110 1035
1553120 1035
1553130 1036
1553140 1040
1553150 1040
1553160 1044
1553170 1048
1553180 1048
1553190 1052
1553200 1055
1553210 1055
1553220 1056
1553230 1056
1553240 1058
1553250 1058
1553260 1059
1553270 1061
1553280 1061
1553290 1061
1553300 1061
1553310 1061
1553320 1062
1553330 1065
1553340 1065
1553350 1067
1553360 1069
1553370 1073
1553380 1073
1553390 1076
1553400 1079
1553410 1079
1553420 1083
1553430 1088
1553440 1088
1553450 1094
1553460 1100
1553470 1100
1553480 1107
1553490 1112
1553500 1112
1553510 1113
1553520 1110
1553530 1112
1553540 1112
1553550 1106
1553560 1099
1553570 1099
1553580 1093
1553590 1086
1553600 1086
1553610 1079
1553620 1076
1553630 1076
1553640 1074
1553650 1071
1553660 1069
1553670 1069
1553680 1065
1553690 1072
1553700 1072
1553710 1078
1553720 1086
1553730 1086
1553740 1093
1553750 1090
1553760 1090
1553770 1089
1553780 1091
1553790 1091
1553800 1086
1553810 1079
1553820 1071
1553830 1071
1553840 1069
1553850 1072
1553860 1072
1553870 1074
1553880 1075
1553890 1075
1553900 1076
1553910 1077
1553920 1077
1553930 1087
1553940 1096
1553950 1096
1553960 1098
1553970 1101
1553980 1103
1553990 1103
1554000 1106
1554010 1110
1554020 1110
1554030 1114
1554040 1119
1554050 1119
1554060 1123
1554070 1127
1554080 1127
1554090 1131
1554100 1135
1554110 1140
1554120 1140
1554130 1144
1554140 1148
1554150 1148
1554160 1151
1554170 1156
1554180 1156
1554190 1161
1554200 1166
1554210 1166
1554220 1171
1554230 1175
1554240 1175
1554250 1179
1554260 1183
1554270 1186
1554280 1186
1554290 1191
1554300 1197
1554310 1197
1554320 1199
1554330 1201
1554340 1201
1554350 1203
1554360 1205
1554370 1205
1554380 1209
1554390 1211
1554400 1211
1554410 1216
1554420 1224
1554430 1233
1554440 1233
1554450 1237
1554460 1235
1554470 1235
1554480 1228
1554490 1219
1554500 1219
1554510 1209
1554520 1203
1554530 1203
1554540 1202
1554550 1205
1554560 1207
1554570 1207
1554580 1212
1554590 1212
1554600 1212
1554610 1210
1554620 1203
1554630 1203
1554640 1195
1554650 1187
1554660 1187
1554670 1180
1554680 1180
1554690 1180
1554700 1185
1554710 1193
1554720 1202
1554730 1202
1554740 1211
1554750 1214
1554760 1214
1554770 1212
1554780 1207
1554790 1207
1554800 1203
1554810 1202
1554820 1202
1554830 1203
1554840 1204
1554850 1200
1554860 1200
1554870 1193
1554880 1186
1554890 1186
1554900 1179
1554910 1172
1554920 1172
1554930 1165
1554940 1163
1554950 1163
1554960 1164
1554970 1167
1554980 1167
1554990 1168
1555000 1168
1555010 1168
1555020 1168
1555030 1170
1555040 1170
1555050 1170
1555060 1164
1555070 1157
1555080 1157
1555090 1152
1555100 1148
1555110 1148
1555120 1148
1555130 1150
1555140 1150
1555150 1151
1555160 1150
1555170 1150
1555180 1150
1555190 1150
1555200 1152
1555210 1152
1555220 1151
1555230 1147
1555240 1147
1555250 1144
1555260 1142
1555270 1142
1555280 1139
1555290 1137
1555300 1137
1555310 1137
1555320 1130
1555330 1126
1555340 1126
1555350 1126
1555360 1128
1555370 1128
1555380 1131
1555390 1134
1555400 1134
1555410 1131
1555420 1126
1555430 1126
1555440 1122
1555450 1118
1555460 1118
1555470 1118
1555480 1118
1555490 1117
1555500 1117
1555510 1115
1555520 1112
1555530 1112
1555540 1110
1555550 1105
1555560 1105
1555570 1099
1555580 1094
1555590 1094
1555600 1089
1555610 1083
1555620 1078
1555630 1078
1555640 1074
1555650 1068
1555660 1068
1555670 1065
1555680 1063
1555690 1063
1555700 1059
1555710 1058
1555720 1058
1555730 1056
1555740 1056
1555750 1056
1555760 1056
1555770 1058
1555780 1058
1555790 1058
1555800 1061
1555810 1064
1555820 1064
1555830 1067
1555840 1064
1555850 1064
1555860 1054
1555870 1046
1555880 1046
1555890 1037
1555900 1030
1555910 1022
1555920 1022
1555930 1015
1555940 1016
1555950 1016
1555960 1024
1555970 1033
1555980 1033
1555990 1043
1556000 1052
1556010 1052
1556020 1060
1556030 1063
1556040 1063
1556050 1064
1556060 1061
1556070 1062
1556080 1062
1556090 1066
1556100 1069
1556110 1069
1556120 1067
1556130 1062
1556140 1062
1556150 1062
1556160 1059
1556170 1059
1556180 1056
1556190 1058
1556200 1063
1556210 1063
1556220 1066
1556230 1069
1556240 1069
1556250 1071
1556260 1073
1556270 1073
1556280 1075
1556290 1076
1556300 1076
1556310 1076
1556320 1077
1556330 1077
1556340 1077
1556350 1077
1556360 1076
1556370 1076
1556380 1075
1556390 1071
1556400 1071
1556410 1066
1556420 1060
1556430 1060
1556440 1054
1556450 1048
1556460 1048
1556470 1042
1556480 1037
1556490 1031
1556500 1031
1556510 1026
1556520 1021
1556530 1021
1556540 1016
1556550 1010
1556560 1010
1556570 1005
1556580 1000
1556590 1000
1556600 994
1556610 988
1556620 988
1556630 983
1556640 981
1556650 985
1556660 985
1556670 991
1556680 997
1556690 997
1556700 1003
1556710 1011
1556720 1011
1556730 1020
1556740 1027
1556750 1027
1556760 1027
1556770 1029
1556780 1029
1556790 1034
1556800 1040
1556810 1047
1556820 1047
1556830 1054
1556840 1060
1556850 1060
1556860 1066
1556870 1072
1556880 1072
1556890 1077
1556900 1083
1556910 1083
1556920 1090
1556930 1097
1556940 1104
1556950 1104
1556960 1110
1556970 1116
1556980 1116
1556990 1123
1557000 1128
1557010 1128
1557020 1129
1557030 1121
1557040 1121
1557050 1115
1557060 1114
1557070 1101
1557080 1098
1557090 1095
1557100 1097
1557110 1097
1557120 1104
1557130 1105
1557140 1105
1557150 1100
1557160 1094
1557170 1094
1557180 1093
1557190 1095
1557200 1095
1557210 1095
1557220 1091
1557230 1091
1557240 1084
1557250 1079
1557260 1078
1557270 1078
1557280 1075
1557290 1070
1557300 1070
1557310 1067
1557320 1067
1557330 1067
1557340 1068
1557350 1071
1557360 1071
1557370 1076
1557380 1080
1557390 1083
1557400 1083
1557410 1085
1557420 1089
1557430 1089
1557440 1090
1557450 1090
1557460 1090
1557470 1094
1557480 1099
1557490 1099
1557500 1104
1557510 1107
1557520 1107
1557530 1106
1557540 1102
1557550 1098
1557560 1098
1557570 1094
1557580 1086
1557590 1086
1557600 1079
1557610 1071
1557620 1071
1557630 1062
1557640 1059
1557650 1059
1557660 1057
1557670 1054
1557680 1054
1557690 1051
1557700 1049
1557710 1044
1557720 1044
1557730 1040
1557740 1034
1557750 1034
1557760 1029
1557770 1025
1557780 1025
1557790 1022
1557800 1021
1557810 1021
1557820 1020
1557830 1019
1557840 1017
1557850 1017
1557860 1014
1557870 1012
1557880 1012
1557890 1009
1557900 1006
1557910 1006
1557920 1005
1557930 1004
1557940 1004
1557950 1002
1557960 1001
1557970 1001
1557980 999
1557990 997
1558000 996
1558010 996
1558020 996
1558030 996
1558040 996
1558050 996
1558060 995
1558070 995
1558080 995
1558090 994
1558100 994
1558110 993
1558120 993
1558130 995
1558140 995
1558150 996
1558160 997
1558170 997
1558180 999
1558190 1000
1558200 1000
1558210 1000
1558220 1001
1558230 1001
1558240 1002
1558250 1001
1558260 1001
1558270 1001
1558280 1002
1558290 1002
1558300 1002
1558310 1001
1558320 999
1558330 999
1558340 999
1558350 997
1558360 997
1558370 994
1558380 991
1558390 991
1558400 988
1558410 985
1558420 985
1558430 982
1558440 979
1558450 979
1558460 979
1558470 979
1558480 982
1558490 982
1558500 982
1558510 983
1558520 983
1558530 981
1558540 979
1558550 979
1558560 978
1558570 977
1558580 975
1558590 975
1558600 972
1558610 969
1558620 969
1558630 962
1558640 957
1558650 957
1558660 961
1558670 960
1558680 960
1558690 958
1558700 956
1558710 956
1558720 953
1558730 952
1558740 953
1558750 953
1558760 954
1558770 955
1558780 955
1558790 951
1558800 951
1558810 951
1558820 951
1558830 951
1558840 951
1558850 951
1558860 952
1558870 952
1558880 953
1558890 952
1558900 950
1558910 950
1558920 946
1558930 942
1558940 942
1558950 941
1558960 940
1558970 940
1558980 938
1558990 937
1559000 937
1559010 937
1559020 939
1559030 940
1559040 940
1559050 941
1559060 941
1559070 941
1559080 941
1559090 941
1559100 941
1559110 942
1559120 942
1559130 942
1559140 941
1559150 938
1559160 938
1559170 935
1559180 934
1559190 932
1559200 932
1559210 933
1559220 937
1559230 937
1559240 938
1559250 938
1559260 938
1559270 938
1559280 937
1559290 937
1559300 936
1559310 934
1559320 934
1559330 932
1559340 930
1559350 930
1559360 930
1559370 930
1559380 930
1559390 930
1559400 929
1559410 927
1559420 927
1559430 920
1559440 909
1559450 909
1559460 901
1559470 895
1559480 892
1559490 892
1559500 890
1559510 888
1559520 888
1559530 886
1559540 885
1559550 885
1559560 882
1559570 877
1559580 877
1559590 872
1559600 869
1559610 869
1559620 866
1559630 863
1559640 862
1559650 862
1559660 864
1559670 867
1559680 867
1559690 870
1559700 874
1559710 874
1559720 879
1559730 883
1559740 883
1559750 886
1559760 891
1559770 901
1559780 901
1559790 910
1559800 911
1559810 911
1559820 910
1559830 907
1559840 907
1559850 908
1559860 907
1559870 907
1559880 905
1559890 903
1559900 903
1559910 900
1559920 896
1559930 892
1559940 892
1559950 891
1559960 893
1559970 893
1559980 892
1559990 891
