1540000 579
1540010 579
1540020 580
1540030 580
1540040 580
1540050 580
1540060 580
1540070 580
1540080 580
1540090 581
1540100 581
1540110 581
1540120 581
1540130 582
1540140 582
1540150 582
1540160 583
1540170 583
1540180 583
1540190 583
1540200 583
1540210 583
1540220 583
1540230 584
1540240 584
1540250 585
1540260 587
1540270 587
1540280 588
1540290 589
1540300 589
1540310 590
1540320 591
1540330 591
1540340 594
1540350 596
1540360 598
1540370 598
1540380 599
1540390 600
1540400 600
1540410 601
1540420 602
1540430 602
1540440 603
1540450 604
1540460 604
1540470 604
1540480 604
1540490 606
1540500 606
1540510 607
1540520 607
1540530 607
1540540 608
1540550 609
1540560 609
1540570 608
1540580 606
1540590 606
1540600 604
1540610 603
1540620 603
1540630 604
1540640 605
1540650 607
1540660 607
1540670 609
1540680 611
1540690 611
1540700 612
1540710 612
1540720 612
1540730 613
1540740 613
1540750 613
1540760 612
1540770 612
1540780 612
1540790 611
1540800 610
1540810 609
1540820 609
1540830 609
1540840 609
1540850 609
1540860 609
1540870 609
1540880 609
1540890 608
1540900 608
1540910 608
1540920 608
1540930 608
1540940 605
1540950 605
1540960 600
1540970 594
1540980 594
1540990 588
1541000 586
1541010 586
1541020 586
1541030 586
1541040 585
1541050 586
1541060 586
1541070 586
1541080 586
1541090 585
1541100 585
1541110 585
1541120 586
1541130 586
1541140 586
1541150 586
1541160 586
1541170 586
1541180 586
1541190 586
1541200 586
1541210 586
1541220 586
1541230 586
1541240 587
1541250 586
1541260 586
1541270 586
1541280 585
1541290 585
1541300 585
1541310 585
1541320 585
1541330 585
1541340 585
1541350 585
1541360 585
1541370 585
1541380 585
1541390 585
1541400 585
1541410 585
1541420 584
1541430 584
1541440 582
1541450 584
1541460 584
1541470 585
1541480 586
1541490 586
1541500 586
1541510 586
1541520 586
1541530 586
1541540 586
1541550 586
1541560 586
1541570 586
1541580 586
1541590 586
1541600 586
1541610 586
1541620 586
1541630 586
1541640 586
1541650 586
1541660 586
1541670 586
1541680 586
1541690 586
1541700 584
1541710 587
1541720 587
1541730 589
1541740 592
1541750 592
1541760 594
1541770 597
1541780 597
1541790 599
1541800 601
1541810 601
1541820 604
1541830 606
1541840 606
1541850 608
1541860 610
1541870 615
1541880 615
1541890 620
1541900 621
1541910 621
1541920 622
1541930 623
1541940 623
1541950 624
1541960 626
1541970 626
1541980 628
1541990 629
1542000 629
1542010 629
1542020 630
1542030 631
1542040 631
1542050 632
1542060 634
1542070 634
1542080 636
1542090 638
1542100 638
1542110 641
1542120 643
1542130 643
1542140 644
1542150 643
1542160 640
1542170 640
1542180 637
1542190 634
1542200 634
1542210 631
1542220 628
1542230 628
1542240 626
1542250 624
1542260 624
1542270 621
1542280 619
1542290 619
1542300 617
1542310 612
1542320 611
1542330 611
1542340 612
1542350 610
1542360 610
1542370 607
1542380 606
1542390 606
1542400 607
1542410 612
1542420 612
1542430 614
1542440 614
1542450 615
1542460 615
1542470 614
1542480 615
1542490 615
1542500 616
1542510 616
1542520 616
1542530 615
1542540 615
1542550 615
1542560 615
1542570 615
1542580 615
1542590 615
1542600 614
1542610 614
1542620 614
1542630 614
1542640 614
1542650 614
1542660 615
1542670 615
1542680 615
1542690 614
1542700 614
1542710 614
1542720 614
1542730 614
1542740 614
1542750 614
1542760 614
1542770 614
1542780 614
1542790 614
1542800 614
1542810 614
1542820 615
1542830 615
1542840 615
1542850 615
1542860 615
1542870 615
1542880 616
1542890 616
1542900 616
1542910 616
1542920 616
1542930 617
1542940 617
1542950 617
1542960 617
1542970 617
1542980 617
1542990 617
1543000 617
1543010 617
1543020 618
1543030 618
1543040 617
1543050 617
1543060 617
1543070 617
1543080 617
1543090 617
1543100 617
1543110 617
1543120 617
1543130 617
1543140 618
1543150 616
1543160 616
1543170 616
1543180 616
1543190 616
1543200 616
1543210 616
1543220 615
1543230 615
1543240 614
1543250 614
1543260 614
1543270 614
1543280 614
1543290 614
1543300 614
1543310 614
1543320 614
1543330 615
1543340 616
1543350 616
1543360 617
1543370 618
1543380 618
1543390 618
1543400 617
1543410 616
1543420 616
1543430 619
1543440 625
1543450 625
1543460 629
1543470 631
1543480 631
1543490 631
1543500 631
1543510 632
1543520 632
1543530 632
1543540 632
1543550 632
1543560 632
1543570 632
1543580 632
1543590 632
1543600 631
1543610 631
1543620 630
1543630 630
1543640 630
1543650 629
1543660 629
1543670 628
1543680 628
1543690 627
1543700 624
1543710 624
1543720 623
1543730 621
1543740 621
1543750 619
1543760 618
1543770 618
1543780 618
1543790 617
1543800 617
1543810 618
1543820 618
1543830 618
1543840 618
1543850 618
1543860 618
1543870 618
1543880 619
1543890 619
1543900 619
1543910 619
1543920 619
1543930 619
1543940 619
1543950 617
1543960 615
1543970 615
1543980 613
1543990 617
1544000 617
1544010 621
1544020 622
1544030 622
1544040 622
1544050 622
1544060 622
1544070 622
1544080 623
1544090 623
1544100 623
1544110 623
1544120 624
1544130 624
1544140 624
1544150 624
1544160 624
1544170 625
1544180 625
1544190 625
1544200 625
1544210 626
1544220 626
1544230 627
1544240 631
1544250 631
1544260 639
1544270 639
1544280 643
1544290 643
1544300 649
1544310 684
1544320 684
1544330 700
1544340 704
1544350 704
1544360 707
1544370 702
1544380 702
1544390 690
1544400 695
1544410 715
1544420 715
1544430 725
1544440 731
1544450 731
1544460 739
1544470 746
1544480 746
1544490 749
1544500 753
1544510 753
1544520 763
1544530 770
1544540 770
1544550 776
1544560 781
1544570 786
1544580 786
1544590 787
1544600 787
1544610 787
1544620 786
1544630 784
1544640 784
1544650 783
1544660 780
1544670 780
1544680 776
1544690 766
1544700 766
1544710 751
1544720 741
1544730 735
1544740 735
1544750 729
1544760 723
1544770 723
1544780 719
1544790 716
1544800 716
1544810 713
1544820 710
1544830 710
1544840 709
1544850 708
1544860 708
1544870 705
1544880 702
1544890 700
1544900 700
1544910 697
1544920 692
1544930 692
1544940 689
1544950 687
1544960 687
1544970 687
1544980 686
1544990 686
1545000 685
1545010 685
1545020 685
1545030 685
1545040 684
1545050 683
1545060 683
1545070 683
1545080 684
1545090 684
1545100 684
1545110 686
1545120 686
1545130 688
1545140 691
1545150 691
1545160 694
1545170 696
1545180 698
1545190 698
1545200 700
1545210 701
1545220 701
1545230 701
1545240 701
1545250 701
1545260 700
1545270 700
1545280 700
1545290 700
1545300 699
1545310 699
1545320 698
1545330 698
1545340 697
1545350 697
1545360 696
1545370 695
1545380 695
1545390 695
1545400 694
1545410 694
1545420 694
1545430 695
1545440 695
1545450 697
1545460 698
1545470 700
1545480 700
1545490 702
1545500 703
1545510 703
1545520 704
1545530 705
1545540 705
1545550 706
1545560 707
1545570 707
1545580 707
1545590 707
1545600 707
1545610 706
1545620 705
1545630 704
1545640 704
1545650 703
1545660 702
1545670 702
1545680 701
1545690 699
1545700 699
1545710 698
1545720 695
1545730 695
1545740 693
1545750 691
1545760 691
1545770 689
1545780 687
1545790 683
1545800 683
1545810 681
1545820 680
1545830 680
1545840 675
1545850 670
1545860 670
1545870 667
1545880 664
1545890 664
1545900 662
1545910 660
1545920 659
1545930 659
1545940 659
1545950 656
1545960 656
1545970 652
1545980 650
1545990 650
1546000 652
1546010 657
1546020 657
1546030 661
1546040 661
1546050 661
1546060 660
1546070 657
1546080 653
1546090 653
1546100 653
1546110 653
1546120 653
1546130 654
1546140 655
1546150 655
1546160 655
1546170 656
1546180 656
1546190 657
1546200 658
1546210 658
1546220 659
1546230 659
1546240 660
1546250 660
1546260 660
1546270 659
1546280 659
1546290 661
1546300 662
1546310 662
1546320 662
1546330 661
1546340 661
1546350 661
1546360 661
1546370 661
1546380 661
1546390 661
1546400 659
1546410 659
1546420 658
1546430 657
1546440 657
1546450 656
1546460 655
1546470 655
1546480 654
1546490 653
1546500 653
1546510 652
1546520 650
1546530 649
1546540 649
1546550 648
1546560 648
1546570 648
1546580 647
1546590 648
1546600 648
1546610 647
1546620 647
1546630 647
1546640 647
1546650 647
1546660 647
1546670 647
1546680 648
1546690 648
1546700 648
1546710 648
1546720 649
1546730 649
1546740 649
1546750 650
1546760 650
1546770 650
1546780 650
1546790 650
1546800 650
1546810 649
1546820 649
1546830 649
1546840 649
1546850 650
1546860 650
1546870 649
1546880 649
1546890 649
1546900 650
1546910 650
1546920 650
1546930 650
1546940 650
1546950 650
1546960 650
1546970 651
1546980 651
1546990 651
1547000 651
1547010 651
1547020 651
1547030 650
1547040 650
1547050 650
1547060 650
1547070 650
1547080 650
1547090 649
1547100 648
1547110 648
1547120 648
1547130 648
1547140 648
1547150 648
1547160 647
1547170 647
1547180 647
1547190 647
1547200 645
1547210 645
1547220 645
1547230 645
1547240 645
1547250 644
1547260 644
1547270 644
1547280 647
1547290 649
1547300 648
1547310 648
1547320 647
1547330 646
1547340 646
1547350 649
1547360 644
1547370 644
1547380 646
1547390 646
1547400 646
1547410 644
1547420 638
1547430 633
1547440 633
1547450 632
1547460 632
1547470 632
1547480 631
1547490 631
1547500 631
1547510 631
1547520 631
1547530 631
1547540 631
1547550 630
1547560 630
1547570 631
1547580 634
1547590 637
1547600 637
1547610 639
1547620 638
1547630 638
1547640 635
1547650 632
1547660 632
1547670 632
1547680 633
1547690 633
1547700 634
1547710 635
1547720 635
1547730 636
1547740 637
1547750 638
1547760 638
1547770 641
1547780 643
1547790 643
1547800 645
1547810 646
1547820 646
1547830 649
1547840 652
1547850 652
1547860 653
1547870 657
1547880 659
1547890 659
1547900 657
1547910 655
1547920 655
1547930 657
1547940 661
1547950 661
1547960 662
1547970 658
1547980 658
1547990 654
1548000 650
1548010 650
1548020 647
1548030 647
1548040 644
1548050 644
1548060 646
1548070 654
1548080 654
1548090 656
1548100 652
1548110 652
1548120 653
1548130 659
1548140 659
1548150 665
1548160 666
1548170 666
1548180 665
1548190 664
1548200 661
1548210 661
1548220 660
1548230 659
1548240 659
1548250 659
1548260 654
1548270 654
1548280 648
1548290 645
1548300 645
1548310 645
1548320 645
1548330 646
1548340 646
1548350 647
1548360 650
1548370 650
1548380 655
1548390 660
1548400 660
1548410 665
1548420 671
1548430 671
1548440 671
1548450 670
1548460 670
1548470 670
1548480 669
1548490 670
1548500 670
1548510 671
1548520 671
1548530 671
1548540 666
1548550 660
1548560 660
1548570 654
1548580 651
1548590 651
1548600 655
1548610 658
1548620 658
1548630 655
1548640 650
1548650 649
1548660 649
1548670 651
1548680 658
1548690 658
1548700 663
1548710 669
1548720 669
1548730 673
1548740 673
1548750 673
1548760 673
1548770 672
1548780 672
1548790 672
1548800 672
1548810 672
1548820 672
1548830 672
1548840 672
1548850 672
1548860 672
1548870 673
1548880 673
1548890 673
1548900 674
1548910 674
1548920 674
1548930 674
1548940 673
1548950 673
1548960 673
1548970 672
1548980 672
1548990 672
1549000 671
1549010 671
1549020 671
1549030 670
1549040 670
1549050 669
1549060 668
1549070 668
1549080 667
1549090 666
1549100 665
1549110 665
1549120 664
1549130 664
1549140 664
1549150 663
1549160 663
1549170 663
1549180 663
1549190 662
1549200 662
1549210 662
1549220 662
1549230 662
1549240 661
1549250 661
1549260 662
1549270 662
1549280 662
1549290 662
1549300 662
1549310 663
1549320 665
1549330 665
1549340 667
1549350 668
1549360 668
1549370 669
1549380 670
1549390 670
1549400 670
1549410 670
1549420 671
1549430 671
1549440 672
1549450 673
1549460 673
1549470 675
1549480 675
1549490 675
1549500 676
1549510 676
1549520 676
1549530 676
1549540 677
1549550 677
1549560 677
1549570 677
1549580 677
1549590 677
1549600 677
1549610 672
1549620 672
1549630 666
1549640 659
1549650 659
1549660 655
1549670 652
1549680 652
1549690 649
1549700 645
1549710 643
1549720 643
1549730 640
1549740 641
1549750 641
1549760 644
1549770 645
1549780 645
1549790 648
1549800 648
1549810 648
1549820 647
1549830 647
1549840 647
1549850 647
1549860 647
1549870 646
1549880 646
1549890 646
1549900 646
1549910 646
1549920 646
1549930 645
1549940 645
1549950 645
1549960 645
1549970 645
1549980 644
1549990 644
1550000 644
1550010 644
1550020 644
1550030 644
1550040 644
1550050 644
1550060 644
1550070 644
1550080 645
1550090 645
1550100 645
1550110 645
1550120 645
1550130 645
1550140 645
1550150 646
1550160 646
1550170 646
1550180 646
1550190 646
1550200 646
1550210 646
1550220 647
1550230 647
1550240 647
1550250 647
1550260 647
1550270 649
1550280 650
1550290 651
1550300 651
1550310 651
1550320 651
1550330 651
1550340 653
1550350 655
1550360 655
1550370 659
1550380 661
1550390 661
1550400 662
1550410 665
1550420 665
1550430 669
1550440 671
1550450 671
1550460 671
1550470 674
1550480 678
1550490 678
1550500 683
1550510 687
1550520 687
1550530 690
1550540 690
1550550 690
1550560 689
1550570 692
1550580 692
1550590 692
1550600 693
1550610 696
1550620 696
1550630 695
1550640 691
1550650 691
1550660 688
1550670 686
1550680 686
1550690 687
1550700 688
1550710 688
1550720 690
1550730 693
1550740 698
1550750 698
1550760 698
1550770 696
1550780 696
1550790 694
1550800 696
1550810 696
1550820 696
1550830 697
1550840 697
1550850 700
1550860 700
1550870 700
1550880 698
1550890 699
1550900 700
1550910 700
1550920 703
1550930 705
1550940 705
1550950 706
1550960 708
1550970 708
1550980 711
1550990 716
1551000 716
1551010 718
1551020 719
1551030 719
1551040 718
1551050 718
1551060 719
1551070 719
1551080 720
1551090 721
1551100 721
1551110 722
1551120 723
1551130 723
1551140 724
1551150 726
1551160 726
1551170 726
1551180 727
1551190 727
1551200 728
1551210 728
1551220 728
1551230 728
1551240 726
1551250 726
1551260 726
1551270 724
1551280 723
1551290 723
1551300 721
1551310 719
1551320 719
1551330 717
1551340 715
1551350 712
1551360 712
1551370 711
1551380 710
1551390 710
1551400 709
1551410 709
1551420 709
1551430 709
1551440 710
1551450 710
1551460 711
1551470 711
1551480 711
1551490 712
1551500 713
1551510 714
1551520 714
1551530 715
1551540 715
1551550 715
1551560 713
1551570 711
1551580 711
1551590 712
1551600 714
1551610 714
1551620 715
1551630 715
1551640 715
1551650 715
1551660 715
1551670 716
1551680 716
1551690 717
1551700 719
1551710 719
1551720 719
1551730 717
1551740 717
1551750 715
1551760 713
1551770 713
1551780 714
1551790 716
1551800 719
1551810 719
1551820 719
1551830 718
1551840 718
1551850 718
1551860 718
1551870 718
1551880 720
1551890 722
1551900 722
1551910 724
1551920 724
1551930 724
1551940 724
1551950 724
1551960 723
1551970 723
1551980 720
1551990 719
1552000 719
1552010 718
1552020 718
1552030 718
1552040 717
1552050 717
1552060 717
1552070 716
1552080 716
1552090 716
1552100 712
1552110 710
1552120 709
1552130 709
1552140 710
1552150 712
1552160 712
1552170 714
1552180 714
1552190 714
1552200 714
1552210 713
1552220 713
1552230 711
1552240 710
1552250 711
1552260 711
1552270 711
1552280 712
1552290 712
1552300 712
1552310 713
1552320 713
1552330 713
1552340 713
1552350 713
1552360 713
1552370 713
1552380 713
1552390 715
1552400 716
1552410 716
1552420 716
1552430 715
1552440 716
1552450 716
1552460 716
1552470 716
1552480 716
1552490 715
1552500 714
1552510 714
1552520 714
1552530 712
1552540 712
1552550 711
1552560 710
1552570 709
1552580 709
1552590 709
1552600 708
1552610 708
1552620 708
1552630 708
1552640 708
1552650 708
1552660 708
1552670 708
1552680 709
1552690 710
1552700 710
1552710 710
1552720 710
1552730 710
1552740 710
1552750 710
1552760 710
1552770 710
1552780 711
1552790 711
1552800 711
1552810 711
1552820 710
1552830 710
1552840 712
1552850 713
1552860 712
1552870 712
1552880 712
1552890 712
1552900 712
1552910 712
1552920 712
1552930 712
1552940 711
1552950 709
1552960 709
1552970 704
1552980 697
1552990 697
1553000 689
1553010 683
1553020 677
1553030 677
1553040 670
1553050 663
1553060 663
1553070 662
1553080 662
1553090 662
1553100 661
1553110 661
1553120 661
1553130 660
1553140 659
1553150 659
1553160 664
1553170 669
1553180 673
1553190 673
1553200 677
1553210 681
1553220 681
1553230 687
1553240 691
1553250 691
1553260 695
1553270 697
1553280 697
1553290 700
1553300 701
1553310 701
1553320 701
1553330 701
1553340 700
1553350 700
1553360 700
1553370 698
1553380 698
1553390 695
1553400 693
1553410 693
1553420 690
1553430 688
1553440 688
1553450 686
1553460 684
1553470 682
1553480 682
1553490 681
1553500 679
1553510 679
1553520 678
1553530 676
1553540 676
1553550 673
1553560 670
1553570 670
1553580 668
1553590 668
1553600 668
1553610 667
1553620 666
1553630 664
1553640 664
1553650 662
1553660 660
1553670 660
1553680 658
1553690 657
1553700 657
1553710 657
1553720 656
1553730 656
1553740 655
1553750 654
1553760 654
1553770 654
1553780 654
1553790 655
1553800 655
1553810 655
1553820 655
1553830 655
1553840 655
1553850 654
1553860 654
1553870 654
1553880 655
1553890 655
1553900 654
1553910 654
1553920 654
1553930 654
1553940 654
1553950 653
1553960 653
1553970 652
1553980 651
1553990 651
1554000 651
1554010 651
1554020 651
1554030 651
1554040 652
1554050 652
1554060 652
1554070 652
1554080 653
1554090 653
1554100 653
1554110 653
1554120 653
1554130 653
1554140 654
1554150 654
1554160 654
1554170 654
1554180 654
1554190 655
1554200 655
1554210 655
1554220 655
1554230 656
1554240 656
1554250 656
1554260 656
1554270 656
1554280 656
1554290 657
1554300 657
1554310 657
1554320 657
1554330 657
1554340 657
1554350 658
1554360 658
1554370 658
1554380 658
1554390 659
1554400 659
1554410 659
1554420 660
1554430 660
1554440 660
1554450 661
1554460 661
1554470 661
1554480 661
1554490 661
1554500 661
1554510 662
1554520 662
1554530 662
1554540 662
1554550 662
1554560 662
1554570 662
1554580 662
1554590 662
1554600 662
1554610 662
1554620 662
1554630 662
1554640 661
1554650 661
1554660 661
1554670 660
1554680 660
1554690 660
1554700 660
1554710 660
1554720 659
1554730 659
1554740 658
1554750 658
1554760 658
1554770 658
1554780 657
1554790 657
1554800 657
1554810 657
1554820 656
1554830 656
1554840 655
1554850 654
1554860 654
1554870 654
1554880 653
1554890 653
1554900 652
1554910 651
1554920 651
1554930 651
1554940 650
1554950 650
1554960 650
1554970 650
1554980 649
1554990 649
1555000 649
1555010 648
1555020 648
1555030 648
1555040 647
1555050 647
1555060 646
1555070 646
1555080 646
1555090 646
1555100 645
1555110 645
1555120 644
1555130 644
1555140 644
1555150 644
1555160 643
1555170 643
1555180 643
1555190 643
1555200 643
1555210 643
1555220 642
1555230 642
1555240 642
1555250 641
1555260 641
1555270 640
1555280 640
1555290 640
1555300 640
1555310 640
1555320 639
1555330 639
1555340 639
1555350 638
1555360 637
1555370 637
1555380 637
1555390 636
1555400 636
1555410 636
1555420 636
1555430 635
1555440 635
1555450 635
1555460 634
1555470 634
1555480 634
1555490 633
1555500 633
1555510 633
1555520 632
1555530 632
1555540 632
1555550 631
1555560 631
1555570 631
1555580 631
1555590 630
1555600 630
1555610 630
1555620 629
1555630 629
1555640 629
1555650 628
1555660 628
1555670 628
1555680 627
1555690 627
1555700 627
1555710 626
1555720 625
1555730 625
1555740 625
1555750 625
1555760 625
1555770 625
1555780 625
1555790 625
1555800 624
1555810 622
1555820 622
1555830 622
1555840 621
1555850 621
1555860 621
1555870 620
1555880 620
1555890 620
1555900 619
1555910 619
1555920 619
1555930 618
1555940 618
1555950 618
1555960 617
1555970 617
1555980 617
1555990 616
1556000 615
1556010 615
1556020 615
1556030 614
1556040 614
1556050 614
1556060 614
1556070 613
1556080 613
1556090 612
1556100 612
1556110 612
1556120 611
1556130 611
1556140 611
1556150 611
1556160 610
1556170 610
1556180 610
1556190 609
1556200 609
1556210 609
1556220 608
1556230 608
1556240 608
1556250 607
1556260 607
1556270 607
1556280 606
1556290 606
1556300 606
1556310 606
1556320 605
1556330 605
1556340 605
1556350 604
1556360 604
1556370 604
1556380 603
1556390 603
1556400 603
1556410 603
1556420 602
1556430 602
1556440 602
1556450 602
1556460 602
1556470 601
1556480 601
1556490 600
1556500 600
1556510 600
1556520 599
1556530 599
1556540 599
1556550 598
1556560 598
1556570 598
1556580 598
1556590 598
1556600 597
1556610 597
1556620 597
1556630 596
1556640 595
1556650 595
1556660 595
1556670 594
1556680 593
1556690 593
1556700 593
1556710 593
1556720 593
1556730 592
1556740 592
1556750 592
1556760 592
1556770 591
1556780 591
1556790 591
1556800 591
1556810 590
1556820 590
1556830 590
1556840 590
1556850 590
1556860 589
1556870 589
1556880 589
1556890 588
1556900 588
1556910 588
1556920 588
1556930 587
1556940 587
1556950 587
1556960 587
1556970 586
1556980 586
1556990 586
1557000 586
1557010 586
1557020 585
1557030 585
1557040 585
1557050 585
1557060 584
1557070 584
1557080 584
1557090 583
1557100 583
1557110 583
1557120 583
1557130 582
1557140 582
1557150 582
1557160 582
1557170 582
1557180 581
1557190 581
1557200 581
1557210 581
1557220 581
1557230 580
1557240 580
1557250 580
1557260 580
1557270 580
1557280 580
1557290 579
1557300 579
1557310 579
1557320 579
1557330 579
1557340 578
1557350 578
1557360 578
1557370 577
1557380 577
1557390 577
1557400 577
1557410 576
1557420 576
1557430 576
1557440 575
1557450 575
1557460 575
1557470 575
1557480 574
1557490 574
1557500 574
1557510 574
1557520 574
1557530 574
1557540 573
1557550 573
1557560 573
1557570 572
1557580 572
1557590 572
1557600 571
1557610 571
1557620 571
1557630 570
1557640 570
1557650 570
1557660 570
1557670 570
1557680 570
1557690 569
1557700 567
1557710 567
1557720 567
1557730 567
1557740 566
1557750 566
1557760 565
1557770 566
1557780 566
1557790 566
1557800 566
1557810 566
1557820 566
1557830 566
1557840 565
1557850 565
1557860 565
1557870 566
1557880 566
1557890 566
1557900 565
1557910 565
1557920 565
1557930 565
1557940 565
1557950 565
1557960 565
1557970 565
1557980 564
1557990 564
1558000 564
1558010 564
1558020 563
1558030 563
1558040 563
1558050 563
1558060 563
1558070 563
1558080 563
1558090 562
1558100 562
1558110 562
1558120 562
1558130 562
1558140 562
1558150 561
1558160 561
1558170 561
1558180 561
1558190 561
1558200 561
1558210 560
1558220 560
1558230 560
1558240 560
1558250 559
1558260 559
1558270 559
1558280 558
1558290 558
1558300 558
1558310 557
1558320 556
1558330 556
1558340 556
1558350 557
1558360 557
1558370 557
1558380 557
1558390 557
1558400 557
1558410 557
1558420 557
1558430 557
1558440 558
1558450 560
1558460 560
1558470 563
1558480 566
1558490 566
1558500 569
1558510 573
1558520 573
1558530 578
1558540 583
1558550 583
1558560 587
1558570 591
1558580 591
1558590 593
1558600 594
1558610 596
1558620 596
1558630 599
1558640 601
1558650 601
1558660 603
1558670 604
1558680 604
1558690 604
1558700 604
1558710 604
1558720 602
1558730 601
1558740 600
1558750 600
1558760 600
1558770 600
1558780 600
1558790 600
1558800 598
1558810 598
1558820 594
1558830 590
1558840 590
1558850 590
1558860 592
1558870 592
1558880 592
1558890 592
1558900 592
1558910 592
1558920 591
1558930 591
1558940 591
1558950 589
1558960 587
1558970 587
1558980 584
1558990 581
1559000 581
1559010 577
1559020 572
1559030 572
1559040 569
1559050 569
1559060 568
1559070 568
1559080 568
1559090 566
1559100 566
1559110 565
1559120 564
1559130 564
1559140 564
1559150 564
1559160 564
1559170 563
1559180 563
1559190 563
1559200 564
1559210 564
1559220 563
1559230 563
1559240 561
1559250 557
1559260 557
1559270 555
1559280 552
1559290 552
1559300 549
1559310 547
1559320 547
1559330 546
1559340 544
1559350 539
1559360 539
1559370 537
1559380 537
1559390 537
1559400 537
1559410 537
1559420 537
1559430 537
1559440 535
1559450 535
1559460 535
1559470 534
1559480 534
1559490 534
1559500 533
1559510 533
1559520 533
1559530 533
1559540 533
1559550 533
1559560 533
1559570 533
1559580 533
1559590 533
1559600 533
1559610 533
1559620 533
1559630 533
1559640 533
1559650 533
1559660 533
1559670 533
1559680 533
1559690 534
1559700 534
1559710 534
1559720 534
1559730 534
1559740 534
1559750 535
1559760 534
1559770 534
1559780 533
1559790 533
1559800 533
1559810 533
1559820 534
1559830 536
1559840 536
1559850 536
1559860 536
1559870 536
1559880 536
1559890 536
1559900 536
1559910 536
1559920 536
1559930 536
1559940 536
1559950 536
1559960 536
1559970 536
1559980 536
1559990 536
