1540000 552
1540010 551
1540020 549
1540030 549
1540040 545
1540050 540
1540060 534
1540070 534
1540080 527
1540090 528
1540100 528
1540110 532
1540120 534
1540130 534
1540140 538
1540150 542
1540160 542
1540170 545
1540180 545
1540190 545
1540200 545
1540210 545
1540220 545
1540230 545
1540240 545
1540250 544
1540260 544
1540270 544
1540280 543
1540290 543
1540300 543
1540310 543
1540320 543
1540330 542
1540340 541
1540350 542
1540360 542
1540370 542
1540380 542
1540390 542
1540400 542
1540410 543
1540420 543
1540430 543
1540440 544
1540450 544
1540460 545
1540470 546
1540480 546
1540490 548
1540500 549
1540510 549
1540520 549
1540530 550
1540540 550
1540550 550
1540560 550
1540570 551
1540580 551
1540590 553
1540600 555
1540610 555
1540620 558
1540630 560
1540640 561
1540650 561
1540660 561
1540670 563
1540680 563
1540690 564
1540700 566
1540710 566
1540720 567
1540730 569
1540740 569
1540750 571
1540760 572
1540770 572
1540780 574
1540790 576
1540800 579
1540810 579
1540820 582
1540830 585
1540840 585
1540850 586
1540860 586
1540870 586
1540880 587
1540890 587
1540900 587
1540910 587
1540920 587
1540930 587
1540940 587
1540950 587
1540960 587
1540970 587
1540980 587
1540990 587
1541000 587
1541010 587
1541020 587
1541030 587
1541040 586
1541050 585
1541060 585
1541070 585
1541080 585
1541090 585
1541100 585
1541110 585
1541120 585
1541130 585
1541140 585
1541150 585
1541160 585
1541170 584
1541180 583
1541190 583
1541200 583
1541210 583
1541220 583
1541230 583
1541240 582
1541250 582
1541260 582
1541270 581
1541280 580
1541290 580
1541300 577
1541310 573
1541320 573
1541330 569
1541340 565
1541350 565
1541360 562
1541370 560
1541380 560
1541390 559
1541400 558
1541410 558
1541420 558
1541430 559
1541440 559
1541450 559
1541460 560
1541470 560
1541480 558
1541490 558
1541500 559
1541510 559
1541520 559
1541530 560
1541540 560
1541550 560
1541560 561
1541570 561
1541580 561
1541590 561
1541600 561
1541610 561
1541620 561
1541630 561
1541640 561
1541650 562
1541660 562
1541670 562
1541680 562
1541690 562
1541700 562
1541710 562
1541720 563
1541730 563
1541740 563
1541750 563
1541760 564
1541770 564
1541780 564
1541790 565
1541800 565
1541810 565
1541820 565
1541830 565
1541840 566
1541850 566
1541860 566
1541870 566
1541880 567
1541890 567
1541900 567
1541910 568
1541920 568
1541930 568
1541940 568
1541950 569
1541960 569
1541970 569
1541980 570
1541990 570
1542000 570
1542010 571
1542020 571
1542030 571
1542040 572
1542050 572
1542060 572
1542070 573
1542080 573
1542090 573
1542100 573
1542110 573
1542120 573
1542130 573
1542140 573
1542150 573
1542160 573
1542170 573
1542180 573
1542190 573
1542200 573
1542210 572
1542220 572
1542230 573
1542240 574
1542250 574
1542260 577
1542270 578
1542280 578
1542290 578
1542300 579
1542310 579
1542320 579
1542330 580
1542340 580
1542350 580
1542360 580
1542370 581
1542380 581
1542390 581
1542400 581
1542410 581
1542420 582
1542430 582
1542440 582
1542450 582
1542460 582
1542470 582
1542480 582
1542490 582
1542500 582
1542510 582
1542520 582
1542530 582
1542540 582
1542550 582
1542560 582
1542570 582
1542580 583
1542590 583
1542600 583
1542610 583
1542620 584
1542630 584
1542640 584
1542650 584
1542660 584
1542670 584
1542680 584
1542690 584
1542700 584
1542710 584
1542720 584
1542730 584
1542740 584
1542750 584
1542760 584
1542770 584
1542780 584
1542790 584
1542800 584
1542810 584
1542820 584
1542830 584
1542840 584
1542850 585
1542860 585
1542870 585
1542880 585
1542890 585
1542900 585
1542910 585
1542920 585
1542930 585
1542940 586
1542950 586
1542960 586
1542970 586
1542980 587
1542990 587
1543000 587
1543010 587
1543020 587
1543030 587
1543040 588
1543050 588
1543060 588
1543070 588
1543080 588
1543090 588
1543100 588
1543110 588
1543120 588
1543130 587
1543140 587
1543150 587
1543160 587
1543170 586
1543180 586
1543190 586
1543200 586
1543210 586
1543220 586
1543230 586
1543240 586
1543250 586
1543260 586
1543270 586
1543280 586
1543290 586
1543300 586
1543310 586
1543320 586
1543330 586
1543340 586
1543350 587
1543360 588
1543370 589
1543380 589
1543390 591
1543400 593
1543410 593
1543420 595
1543430 595
1543440 595
1543450 593
1543460 594
1543470 594
1543480 599
1543490 603
1543500 603
1543510 603
1543520 599
1543530 600
1543540 600
1543550 605
1543560 610
1543570 610
1543580 612
1543590 611
1543600 611
1543610 610
1543620 612
1543630 612
1543640 609
1543650 608
1543660 608
1543670 606
1543680 604
1543690 601
1543700 601
1543710 598
1543720 595
1543730 595
1543740 594
1543750 592
1543760 592
1543770 591
1543780 590
1543790 590
1543800 590
1543810 590
1543820 591
1543830 591
1543840 591
1543850 591
1543860 591
1543870 592
1543880 592
1543890 592
1543900 592
1543910 592
1543920 592
1543930 592
1543940 592
1543950 592
1543960 592
1543970 592
1543980 592
1543990 592
1544000 592
1544010 588
1544020 588
1544030 585
1544040 585
1544050 585
1544060 591
1544070 592
1544080 592
1544090 592
1544100 592
1544110 592
1544120 592
1544130 592
1544140 592
1544150 592
1544160 592
1544170 592
1544180 592
1544190 592
1544200 591
1544210 591
1544220 591
1544230 591
1544240 591
1544250 591
1544260 591
1544270 590
1544280 590
1544290 590
1544300 590
1544310 590
1544320 590
1544330 590
1544340 590
1544350 590
1544360 589
1544370 589
1544380 589
1544390 589
1544400 589
1544410 589
1544420 588
1544430 588
1544440 588
1544450 589
1544460 589
1544470 589
1544480 589
1544490 589
1544500 589
1544510 587
1544520 588
1544530 588
1544540 589
1544550 590
1544560 590
1544570 591
1544580 593
1544590 596
1544600 596
1544610 599
1544620 603
1544630 603
1544640 607
1544650 611
1544660 611
1544670 615
1544680 618
1544690 618
1544700 620
1544710 622
1544720 623
1544730 623
1544740 623
1544750 623
1544760 623
1544770 623
1544780 624
1544790 624
1544800 625
1544810 626
1544820 626
1544830 627
1544840 627
1544850 627
1544860 628
1544870 628
1544880 629
1544890 629
1544900 630
1544910 632
1544920 632
1544930 633
1544940 635
1544950 635
1544960 636
1544970 638
1544980 638
1544990 636
1545000 633
1545010 633
1545020 633
1545030 634
1545040 635
1545050 635
1545060 637
1545070 637
1545080 637
1545090 636
1545100 635
1545110 635
1545120 635
1545130 634
1545140 634
1545150 633
1545160 633
1545170 633
1545180 631
1545190 629
1545200 627
1545210 627
1545220 624
1545230 622
1545240 622
1545250 620
1545260 620
1545270 620
1545280 619
1545290 619
1545300 619
1545310 618
1545320 617
1545330 615
1545340 615
1545350 613
1545360 610
1545370 610
1545380 606
1545390 603
1545400 603
1545410 601
1545420 602
1545430 602
1545440 604
1545450 606
1545460 606
1545470 606
1545480 605
1545490 605
1545500 605
1545510 605
1545520 604
1545530 604
1545540 604
1545550 604
1545560 604
1545570 604
1545580 604
1545590 604
1545600 604
1545610 605
1545620 605
1545630 604
1545640 604
1545650 603
1545660 603
1545670 602
1545680 602
1545690 602
1545700 603
1545710 603
1545720 603
1545730 602
1545740 603
1545750 603
1545760 603
1545770 604
1545780 604
1545790 604
1545800 604
1545810 604
1545820 604
1545830 605
1545840 605
1545850 605
1545860 606
1545870 606
1545880 606
1545890 607
1545900 607
1545910 607
1545920 608
1545930 608
1545940 608
1545950 608
1545960 609
1545970 609
1545980 609
1545990 609
1546000 610
1546010 610
1546020 610
1546030 610
1546040 610
1546050 610
1546060 609
1546070 609
1546080 608
1546090 606
1546100 606
1546110 606
1546120 610
1546130 612
1546140 612
1546150 612
1546160 612
1546170 612
1546180 613
1546190 613
1546200 613
1546210 613
1546220 612
1546230 612
1546240 612
1546250 611
1546260 611
1546270 611
1546280 611
1546290 612
1546300 612
1546310 611
1546320 611
1546330 611
1546340 611
1546350 612
1546360 612
1546370 612
1546380 612
1546390 612
1546400 612
1546410 612
1546420 611
1546430 611
1546440 611
1546450 611
1546460 611
1546470 611
1546480 611
1546490 611
1546500 610
1546510 610
1546520 610
1546530 610
1546540 610
1546550 609
1546560 609
1546570 609
1546580 609
1546590 609
1546600 608
1546610 608
1546620 608
1546630 607
1546640 607
1546650 607
1546660 607
1546670 607
1546680 607
1546690 607
1546700 606
1546710 606
1546720 606
1546730 605
1546740 605
1546750 605
1546760 605
1546770 604
1546780 604
1546790 604
1546800 604
1546810 604
1546820 604
1546830 603
1546840 603
1546850 603
1546860 603
1546870 603
1546880 603
1546890 603
1546900 602
1546910 602
1546920 602
1546930 602
1546940 602
1546950 602
1546960 601
1546970 601
1546980 601
1546990 601
1547000 601
1547010 601
1547020 601
1547030 600
1547040 600
1547050 600
1547060 599
1547070 599
1547080 599
1547090 599
1547100 599
1547110 598
1547120 598
1547130 598
1547140 599
1547150 599
1547160 598
1547170 598
1547180 598
1547190 599
1547200 599
1547210 599
1547220 599
1547230 599
1547240 598
1547250 598
1547260 598
1547270 598
1547280 598
1547290 597
1547300 597
1547310 597
1547320 598
1547330 598
1547340 598
1547350 597
1547360 597
1547370 597
1547380 597
1547390 597
1547400 596
1547410 596
1547420 596
1547430 596
1547440 596
1547450 596
1547460 596
1547470 595
1547480 595
1547490 595
1547500 595
1547510 595
1547520 595
1547530 595
1547540 594
1547550 594
1547560 594
1547570 593
1547580 593
1547590 593
1547600 593
1547610 593
1547620 593
1547630 593
1547640 592
1547650 592
1547660 592
1547670 591
1547680 591
1547690 591
1547700 591
1547710 591
1547720 590
1547730 591
1547740 591
1547750 590
1547760 589
1547770 589
1547780 589
1547790 588
1547800 588
1547810 588
1547820 588
1547830 587
1547840 587
1547850 587
1547860 587
1547870 587
1547880 586
1547890 586
1547900 586
1547910 586
1547920 586
1547930 586
1547940 586
1547950 585
1547960 585
1547970 585
1547980 585
1547990 584
1548000 584
1548010 584
1548020 584
1548030 584
1548040 584
1548050 583
1548060 583
1548070 583
1548080 583
1548090 583
1548100 583
1548110 582
1548120 582
1548130 582
1548140 582
1548150 582
1548160 582
1548170 582
1548180 581
1548190 581
1548200 581
1548210 581
1548220 581
1548230 581
1548240 581
1548250 581
1548260 581
1548270 580
1548280 580
1548290 580
1548300 580
1548310 581
1548320 581
1548330 581
1548340 581
1548350 581
1548360 581
1548370 580
1548380 581
1548390 581
1548400 581
1548410 581
1548420 581
1548430 581
1548440 581
1548450 581
1548460 582
1548470 582
1548480 582
1548490 582
1548500 583
1548510 583
1548520 583
1548530 583
1548540 583
1548550 583
1548560 584
1548570 584
1548580 584
1548590 584
1548600 585
1548610 585
1548620 585
1548630 585
1548640 585
1548650 586
1548660 586
1548670 586
1548680 586
1548690 587
1548700 587
1548710 587
1548720 587
1548730 588
1548740 588
1548750 588
1548760 588
1548770 588
1548780 589
1548790 589
1548800 590
1548810 590
1548820 590
1548830 591
1548840 591
1548850 591
1548860 592
1548870 592
1548880 592
1548890 593
1548900 593
1548910 593
1548920 594
1548930 594
1548940 594
1548950 594
1548960 595
1548970 595
1548980 596
1548990 596
1549000 596
1549010 597
1549020 597
1549030 597
1549040 598
1549050 598
1549060 598
1549070 599
1549080 600
1549090 600
1549100 600
1549110 600
1549120 601
1549130 601
1549140 601
1549150 602
1549160 602
1549170 602
1549180 603
1549190 603
1549200 603
1549210 604
1549220 604
1549230 605
1549240 605
1549250 605
1549260 606
1549270 607
1549280 607
1549290 607
1549300 607
1549310 608
1549320 608
1549330 608
1549340 609
1549350 609
1549360 609
1549370 610
1549380 610
1549390 610
1549400 611
1549410 611
1549420 611
1549430 612
1549440 612
1549450 612
1549460 613
1549470 613
1549480 613
1549490 614
1549500 614
1549510 614
1549520 614
1549530 614
1549540 614
1549550 615
1549560 615
1549570 616
1549580 616
1549590 616
1549600 617
1549610 617
1549620 617
1549630 617
1549640 617
1549650 618
1549660 618
1549670 618
1549680 617
1549690 616
1549700 616
1549710 616
1549720 615
1549730 615
1549740 615
1549750 615
1549760 616
1549770 616
1549780 616
1549790 616
1549800 616
1549810 617
1549820 619
1549830 619
1549840 620
1549850 620
1549860 620
1549870 620
1549880 620
1549890 620
1549900 620
1549910 620
1549920 620
1549930 620
1549940 620
1549950 620
1549960 620
1549970 620
1549980 620
1549990 620
1550000 620
1550010 620
1550020 620
1550030 620
1550040 620
1550050 620
1550060 620
1550070 621
1550080 621
1550090 621
1550100 619
1550110 619
1550120 619
1550130 619
1550140 618
1550150 618
1550160 619
1550170 619
1550180 619
1550190 619
1550200 619
1550210 619
1550220 619
1550230 619
1550240 619
1550250 619
1550260 619
1550270 619
1550280 619
1550290 619
1550300 620
1550310 621
1550320 621
1550330 623
1550340 624
1550350 624
1550360 626
1550370 630
1550380 630
1550390 635
1550400 640
1550410 640
1550420 641
1550430 641
1550440 641
1550450 642
1550460 642
1550470 642
1550480 642
1550490 642
1550500 642
1550510 642
1550520 642
1550530 642
1550540 642
1550550 642
1550560 642
1550570 642
1550580 642
1550590 642
1550600 642
1550610 643
1550620 643
1550630 643
1550640 643
1550650 642
1550660 642
1550670 642
1550680 642
1550690 642
1550700 642
1550710 642
1550720 642
1550730 642
1550740 642
1550750 642
1550760 642
1550770 642
1550780 641
1550790 641
1550800 641
1550810 641
1550820 641
1550830 641
1550840 642
1550850 642
1550860 642
1550870 642
1550880 642
1550890 642
1550900 641
1550910 641
1550920 641
1550930 641
1550940 641
1550950 641
1550960 641
1550970 641
1550980 641
1550990 641
1551000 641
1551010 641
1551020 641
1551030 641
1551040 640
1551050 640
1551060 639
1551070 638
1551080 638
1551090 638
1551100 638
1551110 639
1551120 639
1551130 640
1551140 640
1551150 640
1551160 641
1551170 641
1551180 641
1551190 641
1551200 641
1551210 641
1551220 641
1551230 641
1551240 641
1551250 641
1551260 641
1551270 641
1551280 641
1551290 642
1551300 642
1551310 642
1551320 643
1551330 644
1551340 644
1551350 646
1551360 648
1551370 650
1551380 650
1551390 652
1551400 652
1551410 652
1551420 653
1551430 656
1551440 656
1551450 657
1551460 657
1551470 657
1551480 657
1551490 657
1551500 657
1551510 656
1551520 655
1551530 654
1551540 654
1551550 653
1551560 652
1551570 652
1551580 652
1551590 651
1551600 651
1551610 651
1551620 651
1551630 651
1551640 649
1551650 647
1551660 647
1551670 646
1551680 645
1551690 644
1551700 644
1551710 644
1551720 643
1551730 643
1551740 643
1551750 643
1551760 643
1551770 643
1551780 643
1551790 643
1551800 642
1551810 642
1551820 642
1551830 642
1551840 642
1551850 642
1551860 642
1551870 641
1551880 640
1551890 640
1551900 640
1551910 640
1551920 640
1551930 639
1551940 639
1551950 639
1551960 639
1551970 639
1551980 639
1551990 639
1552000 640
1552010 640
1552020 640
1552030 640
1552040 640
1552050 640
1552060 640
1552070 640
1552080 640
1552090 640
1552100 640
1552110 640
1552120 640
1552130 640
1552140 640
1552150 640
1552160 640
1552170 639
1552180 639
1552190 639
1552200 639
1552210 639
1552220 639
1552230 639
1552240 639
1552250 639
1552260 639
1552270 639
1552280 639
1552290 639
1552300 640
1552310 640
1552320 643
1552330 647
1552340 647
1552350 649
1552360 650
1552370 650
1552380 650
1552390 650
1552400 650
1552410 649
1552420 649
1552430 649
1552440 649
1552450 649
1552460 650
1552470 650
1552480 651
1552490 653
1552500 653
1552510 654
1552520 655
1552530 655
1552540 656
1552550 656
1552560 656
1552570 656
1552580 656
1552590 656
1552600 656
1552610 656
1552620 656
1552630 656
1552640 656
1552650 655
1552660 655
1552670 655
1552680 655
1552690 655
1552700 656
1552710 656
1552720 656
1552730 656
1552740 654
1552750 652
1552760 652
1552770 649
1552780 648
1552790 648
1552800 647
1552810 647
1552820 647
1552830 646
1552840 645
1552850 645
1552860 645
1552870 645
1552880 645
1552890 645
1552900 645
1552910 645
1552920 645
1552930 645
1552940 645
1552950 645
1552960 645
1552970 643
1552980 643
1552990 639
1553000 637
1553010 637
1553020 637
1553030 637
1553040 637
1553050 637
1553060 637
1553070 636
1553080 636
1553090 636
1553100 636
1553110 636
1553120 636
1553130 635
1553140 635
1553150 635
1553160 635
1553170 635
1553180 635
1553190 634
1553200 634
1553210 634
1553220 634
1553230 634
1553240 634
1553250 633
1553260 633
1553270 633
1553280 633
1553290 633
1553300 633
1553310 633
1553320 633
1553330 633
1553340 632
1553350 632
1553360 632
1553370 632
1553380 632
1553390 632
1553400 632
1553410 631
1553420 632
1553430 632
1553440 632
1553450 631
1553460 631
1553470 631
1553480 630
1553490 629
1553500 629
1553510 629
1553520 628
1553530 628
1553540 628
1553550 628
1553560 628
1553570 628
1553580 628
1553590 628
1553600 628
1553610 627
1553620 627
1553630 627
1553640 627
1553650 626
1553660 626
1553670 626
1553680 624
1553690 624
1553700 624
1553710 622
1553720 622
1553730 623
1553740 623
1553750 623
1553760 624
1553770 623
1553780 623
1553790 623
1553800 624
1553810 624
1553820 624
1553830 624
1553840 624
1553850 624
1553860 624
1553870 624
1553880 624
1553890 624
1553900 624
1553910 624
1553920 625
1553930 625
1553940 625
1553950 625
1553960 626
1553970 626
1553980 626
1553990 627
1554000 627
1554010 627
1554020 627
1554030 627
1554040 627
1554050 627
1554060 627
1554070 627
1554080 627
1554090 627
1554100 627
1554110 627
1554120 627
1554130 627
1554140 627
1554150 627
1554160 627
1554170 627
1554180 627
1554190 628
1554200 628
1554210 628
1554220 628
1554230 628
1554240 628
1554250 628
1554260 628
1554270 628
1554280 628
1554290 628
1554300 628
1554310 629
1554320 629
1554330 629
1554340 629
1554350 629
1554360 629
1554370 629
1554380 629
1554390 629
1554400 629
1554410 629
1554420 629
1554430 629
1554440 629
1554450 630
1554460 630
1554470 630
1554480 630
1554490 630
1554500 630
1554510 630
1554520 630
1554530 630
1554540 630
1554550 631
1554560 631
1554570 631
1554580 631
1554590 631
1554600 632
1554610 632
1554620 632
1554630 632
1554640 631
1554650 631
1554660 631
1554670 631
1554680 631
1554690 631
1554700 631
1554710 630
1554720 630
1554730 630
1554740 630
1554750 630
1554760 630
1554770 629
1554780 629
1554790 629
1554800 629
1554810 629
1554820 629
1554830 629
1554840 629
1554850 629
1554860 628
1554870 628
1554880 628
1554890 628
1554900 628
1554910 628
1554920 628
1554930 627
1554940 627
1554950 627
1554960 627
1554970 627
1554980 627
1554990 627
1555000 626
1555010 626
1555020 626
1555030 626
1555040 626
1555050 626
1555060 625
1555070 625
1555080 625
1555090 625
1555100 625
1555110 625
1555120 625
1555130 625
1555140 625
1555150 625
1555160 625
1555170 625
1555180 624
1555190 624
1555200 624
1555210 624
1555220 624
1555230 624
1555240 624
1555250 623
1555260 623
1555270 623
1555280 623
1555290 623
1555300 622
1555310 622
1555320 622
1555330 622
1555340 621
1555350 621
1555360 621
1555370 621
1555380 621
1555390 621
1555400 620
1555410 620
1555420 620
1555430 619
1555440 619
1555450 619
1555460 619
1555470 618
1555480 618
1555490 618
1555500 618
1555510 618
1555520 618
1555530 617
1555540 617
1555550 617
1555560 616
1555570 616
1555580 616
1555590 616
1555600 615
1555610 615
1555620 615
1555630 615
1555640 614
1555650 614
1555660 614
1555670 614
1555680 614
1555690 613
1555700 613
1555710 613
1555720 613
1555730 612
1555740 612
1555750 612
1555760 612
1555770 612
1555780 612
1555790 611
1555800 611
1555810 611
1555820 611
1555830 610
1555840 610
1555850 610
1555860 610
1555870 610
1555880 609
1555890 609
1555900 609
1555910 609
1555920 609
1555930 608
1555940 608
1555950 608
1555960 607
1555970 607
1555980 607
1555990 607
1556000 607
1556010 606
1556020 606
1556030 606
1556040 606
1556050 606
1556060 605
1556070 605
1556080 605
1556090 605
1556100 605
1556110 605
1556120 604
1556130 604
1556140 604
1556150 604
1556160 604
1556170 603
1556180 603
1556190 603
1556200 602
1556210 602
1556220 601
1556230 601
1556240 601
1556250 601
1556260 601
1556270 600
1556280 600
1556290 600
1556300 600
1556310 600
1556320 600
1556330 599
1556340 599
1556350 599
1556360 599
1556370 598
1556380 598
1556390 598
1556400 598
1556410 598
1556420 598
1556430 597
1556440 597
1556450 597
1556460 597
1556470 597
1556480 597
1556490 596
1556500 596
1556510 596
1556520 595
1556530 595
1556540 595
1556550 595
1556560 594
1556570 594
1556580 594
1556590 594
1556600 594
1556610 594
1556620 593
1556630 593
1556640 593
1556650 593
1556660 592
1556670 592
1556680 592
1556690 592
1556700 592
1556710 592
1556720 591
1556730 591
1556740 591
1556750 591
1556760 590
1556770 590
1556780 590
1556790 590
1556800 590
1556810 590
1556820 589
1556830 589
1556840 589
1556850 589
1556860 588
1556870 588
1556880 588
1556890 587
1556900 587
1556910 587
1556920 586
1556930 586
1556940 586
1556950 586
1556960 586
1556970 585
1556980 585
1556990 585
1557000 585
1557010 585
1557020 584
1557030 584
1557040 584
1557050 584
1557060 584
1557070 584
1557080 583
1557090 583
1557100 583
1557110 583
1557120 582
1557130 582
1557140 582
1557150 582
1557160 582
1557170 582
1557180 582
1557190 582
1557200 582
1557210 582
1557220 582
1557230 581
1557240 581
1557250 581
1557260 581
1557270 581
1557280 581
1557290 581
1557300 581
1557310 581
1557320 581
1557330 581
1557340 582
1557350 582
1557360 582
1557370 582
1557380 582
1557390 582
1557400 582
1557410 582
1557420 582
1557430 582
1557440 583
1557450 583
1557460 583
1557470 583
1557480 583
1557490 584
1557500 584
1557510 584
1557520 585
1557530 585
1557540 585
1557550 586
1557560 586
1557570 586
1557580 586
1557590 589
1557600 589
1557610 589
1557620 589
1557630 589
1557640 589
1557650 589
1557660 589
1557670 589
1557680 589
1557690 589
1557700 589
1557710 589
1557720 589
1557730 589
1557740 589
1557750 589
1557760 589
1557770 589
1557780 589
1557790 589
1557800 589
1557810 589
1557820 589
1557830 589
1557840 589
1557850 589
1557860 589
1557870 589
1557880 589
1557890 589
1557900 589
1557910 589
1557920 589
1557930 589
1557940 589
1557950 589
1557960 589
1557970 589
1557980 589
1557990 589
1558000 590
1558010 590
1558020 590
1558030 590
1558040 590
1558050 590
1558060 590
1558070 591
1558080 591
1558090 591
1558100 591
1558110 591
1558120 591
1558130 591
1558140 591
1558150 591
1558160 591
1558170 591
1558180 591
1558190 591
1558200 591
1558210 591
1558220 591
1558230 591
1558240 591
1558250 591
1558260 591
1558270 591
1558280 591
1558290 592
1558300 592
1558310 592
1558320 592
1558330 592
1558340 592
1558350 592
1558360 592
1558370 592
1558380 592
1558390 592
1558400 593
1558410 593
1558420 593
1558430 594
1558440 594
1558450 597
1558460 598
1558470 598
1558480 599
1558490 599
1558500 600
1558510 600
1558520 601
1558530 602
1558540 602
1558550 602
1558560 603
1558570 603
1558580 603
1558590 603
1558600 603
1558610 604
1558620 605
1558630 605
1558640 605
1558650 606
1558660 606
1558670 606
1558680 607
1558690 607
1558700 607
1558710 608
1558720 608
1558730 607
1558740 607
1558750 607
1558760 607
1558770 607
1558780 607
1558790 607
1558800 607
1558810 607
1558820 607
1558830 607
1558840 607
1558850 606
1558860 606
1558870 606
1558880 606
1558890 606
1558900 605
1558910 604
1558920 604
1558930 603
1558940 604
1558950 604
1558960 604
1558970 604
1558980 603
1558990 603
1559000 603
1559010 603
1559020 603
1559030 604
1559040 604
1559050 604
1559060 602
1559070 597
1559080 597
1559090 592
1559100 587
1559110 580
1559120 580
1559130 577
1559140 576
1559150 576
1559160 576
1559170 576
1559180 576
1559190 575
1559200 575
1559210 575
1559220 576
1559230 576
1559240 577
1559250 577
1559260 582
1559270 585
1559280 585
1559290 584
1559300 581
1559310 581
1559320 578
1559330 577
1559340 577
1559350 575
1559360 574
1559370 574
1559380 572
1559390 570
1559400 568
1559410 568
1559420 566
1559430 565
1559440 565
1559450 563
1559460 561
1559470 561
1559480 559
1559490 558
1559500 558
1559510 558
1559520 558
1559530 558
1559540 557
1559550 557
1559560 557
1559570 557
1559580 558
1559590 559
1559600 559
1559610 561
1559620 562
1559630 562
1559640 565
1559650 565
1559660 565
1559670 565
1559680 565
1559690 565
1559700 563
1559710 562
1559720 561
1559730 561
1559740 561
1559750 561
1559760 561
1559770 560
1559780 559
1559790 559
1559800 559
1559810 559
1559820 559
1559830 559
1559840 560
1559850 561
1559860 561
1559870 561
1559880 559
1559890 559
1559900 556
1559910 556
1559920 556
1559930 556
1559940 556
1559950 556
1559960 553
1559970 551
1559980 551
1559990 550
