1540000 506
1540010 506
1540020 506
1540030 507
1540040 508
1540050 508
1540060 508
1540070 508
1540080 508
1540090 508
1540100 508
1540110 509
1540120 509
1540130 509
1540140 509
1540150 509
1540160 510
1540170 511
1540180 511
1540190 511
1540200 511
1540210 511
1540220 511
1540230 511
1540240 512
1540250 512
1540260 512
1540270 512
1540280 512
1540290 512
1540300 513
1540310 513
1540320 514
1540330 514
1540340 514
1540350 514
1540360 514
1540370 514
1540380 515
1540390 515
1540400 515
1540410 515
1540420 515
1540430 516
1540440 516
1540450 516
1540460 516
1540470 516
1540480 517
1540490 518
1540500 518
1540510 518
1540520 519
1540530 519
1540540 519
1540550 520
1540560 520
1540570 520
1540580 519
1540590 519
1540600 519
1540610 520
1540620 520
1540630 520
1540640 520
1540650 520
1540660 520
1540670 520
1540680 519
1540690 519
1540700 519
1540710 520
1540720 521
1540730 521
1540740 521
1540750 521
1540760 521
1540770 522
1540780 522
1540790 522
1540800 522
1540810 522
1540820 522
1540830 523
1540840 523
1540850 524
1540860 524
1540870 524
1540880 524
1540890 524
1540900 525
1540910 525
1540920 525
1540930 525
1540940 526
1540950 526
1540960 526
1540970 526
1540980 526
1540990 527
1541000 527
1541010 527
1541020 527
1541030 528
1541040 528
1541050 528
1541060 529
1541070 529
1541080 529
1541090 529
1541100 529
1541110 529
1541120 529
1541130 530
1541140 530
1541150 530
1541160 530
1541170 530
1541180 530
1541190 531
1541200 531
1541210 531
1541220 531
1541230 531
1541240 531
1541250 532
1541260 532
1541270 532
1541280 532
1541290 532
1541300 532
1541310 532
1541320 532
1541330 532
1541340 532
1541350 532
1541360 532
1541370 532
1541380 532
1541390 532
1541400 532
1541410 533
1541420 534
1541430 534
1541440 533
1541450 532
1541460 533
1541470 533
1541480 533
1541490 533
1541500 533
1541510 533
1541520 534
1541530 534
1541540 534
1541550 535
1541560 535
1541570 535
1541580 535
1541590 536
1541600 536
1541610 536
1541620 537
1541630 537
1541640 536
1541650 536
1541660 536
1541670 536
1541680 536
1541690 535
1541700 536
1541710 537
1541720 537
1541730 540
1541740 546
1541750 547
1541760 547
1541770 547
1541780 545
1541790 545
1541800 543
1541810 542
1541820 542
1541830 542
1541840 542
1541850 542
1541860 541
1541870 541
1541880 541
1541890 542
1541900 542
1541910 543
1541920 543
1541930 543
1541940 543
1541950 543
1541960 543
1541970 544
1541980 544
1541990 544
1542000 544
1542010 544
1542020 544
1542030 545
1542040 545
1542050 545
1542060 545
1542070 546
1542080 546
1542090 546
1542100 546
1542110 546
1542120 547
1542130 547
1542140 547
1542150 549
1542160 549
1542170 549
1542180 548
1542190 548
1542200 548
1542210 548
1542220 548
1542230 549
1542240 549
1542250 549
1542260 549
1542270 549
1542280 550
1542290 550
1542300 550
1542310 551
1542320 551
1542330 551
1542340 551
1542350 552
1542360 552
1542370 552
1542380 552
1542390 552
1542400 552
1542410 552
1542420 553
1542430 553
1542440 553
1542450 553
1542460 553
1542470 553
1542480 553
1542490 553
1542500 553
1542510 553
1542520 553
1542530 553
1542540 553
1542550 553
1542560 553
1542570 553
1542580 553
1542590 553
1542600 553
1542610 554
1542620 554
1542630 554
1542640 554
1542650 554
1542660 554
1542670 554
1542680 554
1542690 554
1542700 554
1542710 554
1542720 554
1542730 554
1542740 554
1542750 554
1542760 554
1542770 554
1542780 554
1542790 554
1542800 554
1542810 554
1542820 554
1542830 554
1542840 554
1542850 554
1542860 554
1542870 554
1542880 554
1542890 554
1542900 554
1542910 554
1542920 554
1542930 554
1542940 554
1542950 554
1542960 554
1542970 554
1542980 554
1542990 554
1543000 555
1543010 555
1543020 555
1543030 556
1543040 556
1543050 556
1543060 556
1543070 556
1543080 556
1543090 555
1543100 555
1543110 555
1543120 555
1543130 555
1543140 555
1543150 555
1543160 555
1543170 555
1543180 555
1543190 556
1543200 556
1543210 556
1543220 556
1543230 556
1543240 556
1543250 556
1543260 556
1543270 556
1543280 556
1543290 556
1543300 556
1543310 556
1543320 556
1543330 556
1543340 556
1543350 556
1543360 556
1543370 556
1543380 556
1543390 556
1543400 556
1543410 556
1543420 556
1543430 556
1543440 557
1543450 557
1543460 557
1543470 557
1543480 557
1543490 557
1543500 557
1543510 557
1543520 557
1543530 557
1543540 557
1543550 557
1543560 557
1543570 558
1543580 558
1543590 558
1543600 558
1543610 558
1543620 558
1543630 558
1543640 558
1543650 558
1543660 558
1543670 558
1543680 558
1543690 558
1543700 558
1543710 558
1543720 558
1543730 558
1543740 558
1543750 558
1543760 558
1543770 558
1543780 558
1543790 558
1543800 558
1543810 558
1543820 558
1543830 557
1543840 557
1543850 557
1543860 557
1543870 557
1543880 557
1543890 558
1543900 558
1543910 558
1543920 558
1543930 558
1543940 558
1543950 558
1543960 558
1543970 558
1543980 558
1543990 559
1544000 559
1544010 559
1544020 558
1544030 557
1544040 557
1544050 556
1544060 555
1544070 555
1544080 556
1544090 556
1544100 556
1544110 557
1544120 559
1544130 559
1544140 560
1544150 560
1544160 560
1544170 560
1544180 559
1544190 559
1544200 559
1544210 559
1544220 559
1544230 559
1544240 559
1544250 559
1544260 559
1544270 559
1544280 559
1544290 559
1544300 559
1544310 558
1544320 558
1544330 558
1544340 558
1544350 558
1544360 558
1544370 558
1544380 558
1544390 558
1544400 557
1544410 557
1544420 557
1544430 556
1544440 556
1544450 556
1544460 556
1544470 556
1544480 555
1544490 555
1544500 555
1544510 555
1544520 555
1544530 555
1544540 554
1544550 554
1544560 554
1544570 554
1544580 554
1544590 553
1544600 553
1544610 553
1544620 553
1544630 553
1544640 552
1544650 552
1544660 552
1544670 552
1544680 552
1544690 552
1544700 551
1544710 551
1544720 551
1544730 551
1544740 551
1544750 551
1544760 551
1544770 551
1544780 551
1544790 551
1544800 551
1544810 551
1544820 551
1544830 551
1544840 551
1544850 551
1544860 551
1544870 551
1544880 551
1544890 551
1544900 551
1544910 551
1544920 551
1544930 551
1544940 551
1544950 552
1544960 554
1544970 554
1544980 554
1544990 554
1545000 554
1545010 554
1545020 554
1545030 554
1545040 554
1545050 554
1545060 554
1545070 554
1545080 555
1545090 555
1545100 555
1545110 555
1545120 555
1545130 555
1545140 557
1545150 558
1545160 558
1545170 558
1545180 558
1545190 558
1545200 558
1545210 558
1545220 558
1545230 558
1545240 558
1545250 558
1545260 558
1545270 558
1545280 558
1545290 558
1545300 558
1545310 558
1545320 558
1545330 558
1545340 558
1545350 558
1545360 558
1545370 558
1545380 558
1545390 558
1545400 558
1545410 558
1545420 558
1545430 558
1545440 558
1545450 558
1545460 558
1545470 559
1545480 559
1545490 559
1545500 559
1545510 559
1545520 559
1545530 559
1545540 560
1545550 560
1545560 560
1545570 560
1545580 560
1545590 560
1545600 560
1545610 560
1545620 560
1545630 560
1545640 560
1545650 560
1545660 561
1545670 561
1545680 561
1545690 561
1545700 561
1545710 561
1545720 561
1545730 561
1545740 561
1545750 561
1545760 561
1545770 561
1545780 561
1545790 562
1545800 562
1545810 562
1545820 562
1545830 562
1545840 563
1545850 563
1545860 563
1545870 563
1545880 564
1545890 564
1545900 564
1545910 564
1545920 564
1545930 564
1545940 564
1545950 565
1545960 565
1545970 565
1545980 565
1545990 565
1546000 565
1546010 564
1546020 564
1546030 564
1546040 564
1546050 564
1546060 564
1546070 564
1546080 564
1546090 564
1546100 564
1546110 564
1546120 564
1546130 565
1546140 565
1546150 565
1546160 565
1546170 565
1546180 564
1546190 564
1546200 564
1546210 565
1546220 565
1546230 565
1546240 565
1546250 565
1546260 565
1546270 565
1546280 565
1546290 565
1546300 565
1546310 565
1546320 565
1546330 565
1546340 565
1546350 565
1546360 565
1546370 565
1546380 565
1546390 565
1546400 565
1546410 565
1546420 565
1546430 565
1546440 565
1546450 565
1546460 565
1546470 565
1546480 565
1546490 565
1546500 565
1546510 565
1546520 565
1546530 565
1546540 565
1546550 565
1546560 565
1546570 565
1546580 565
1546590 565
1546600 566
1546610 566
1546620 566
1546630 566
1546640 566
1546650 566
1546660 566
1546670 566
1546680 566
1546690 566
1546700 566
1546710 566
1546720 566
1546730 566
1546740 566
1546750 565
1546760 565
1546770 565
1546780 564
1546790 564
1546800 564
1546810 564
1546820 564
1546830 564
1546840 565
1546850 565
1546860 565
1546870 565
1546880 564
1546890 564
1546900 564
1546910 564
1546920 564
1546930 564
1546940 564
1546950 563
1546960 563
1546970 563
1546980 563
1546990 563
1547000 563
1547010 564
1547020 564
1547030 564
1547040 564
1547050 564
1547060 564
1547070 564
1547080 564
1547090 564
1547100 564
1547110 564
1547120 564
1547130 564
1547140 564
1547150 564
1547160 564
1547170 564
1547180 564
1547190 564
1547200 564
1547210 564
1547220 564
1547230 564
1547240 564
1547250 564
1547260 564
1547270 564
1547280 564
1547290 564
1547300 564
1547310 564
1547320 564
1547330 564
1547340 564
1547350 564
1547360 564
1547370 563
1547380 563
1547390 564
1547400 564
1547410 564
1547420 564
1547430 564
1547440 564
1547450 564
1547460 564
1547470 564
1547480 564
1547490 563
1547500 563
1547510 563
1547520 563
1547530 563
1547540 563
1547550 563
1547560 563
1547570 563
1547580 563
1547590 563
1547600 563
1547610 563
1547620 563
1547630 563
1547640 563
1547650 563
1547660 563
1547670 563
1547680 563
1547690 563
1547700 563
1547710 563
1547720 563
1547730 563
1547740 563
1547750 563
1547760 563
1547770 563
1547780 563
1547790 563
1547800 563
1547810 564
1547820 564
1547830 564
1547840 564
1547850 564
1547860 564
1547870 564
1547880 564
1547890 564
1547900 565
1547910 566
1547920 566
1547930 566
1547940 566
1547950 566
1547960 566
1547970 566
1547980 566
1547990 566
1548000 566
1548010 566
1548020 566
1548030 566
1548040 566
1548050 566
1548060 567
1548070 567
1548080 567
1548090 567
1548100 567
1548110 567
1548120 567
1548130 568
1548140 568
1548150 568
1548160 568
1548170 568
1548180 568
1548190 567
1548200 567
1548210 567
1548220 569
1548230 569
1548240 569
1548250 569
1548260 570
1548270 570
1548280 570
1548290 570
1548300 571
1548310 571
1548320 571
1548330 571
1548340 571
1548350 571
1548360 571
1548370 571
1548380 571
1548390 572
1548400 572
1548410 572
1548420 572
1548430 572
1548440 572
1548450 572
1548460 572
1548470 572
1548480 573
1548490 573
1548500 573
1548510 573
1548520 574
1548530 574
1548540 574
1548550 574
1548560 574
1548570 575
1548580 575
1548590 575
1548600 575
1548610 575
1548620 575
1548630 575
1548640 576
1548650 576
1548660 576
1548670 577
1548680 577
1548690 577
1548700 576
1548710 577
1548720 577
1548730 577
1548740 577
1548750 578
1548760 578
1548770 578
1548780 579
1548790 579
1548800 579
1548810 579
1548820 579
1548830 580
1548840 580
1548850 580
1548860 580
1548870 581
1548880 581
1548890 581
1548900 581
1548910 581
1548920 581
1548930 581
1548940 581
1548950 581
1548960 581
1548970 582
1548980 582
1548990 584
1549000 589
1549010 589
1549020 591
1549030 594
1549040 597
1549050 597
1549060 600
1549070 604
1549080 604
1549090 607
1549100 611
1549110 611
1549120 615
1549130 618
1549140 618
1549150 621
1549160 625
1549170 625
1549180 628
1549190 631
1549200 632
1549210 632
1549220 634
1549230 636
1549240 636
1549250 638
1549260 640
1549270 640
1549280 641
1549290 643
1549300 643
1549310 644
1549320 646
1549330 649
1549340 649
1549350 651
1549360 653
1549370 653
1549380 655
1549390 656
1549400 656
1549410 657
1549420 658
1549430 658
1549440 659
1549450 660
1549460 660
1549470 661
1549480 662
1549490 662
1549500 662
1549510 662
1549520 662
1549530 662
1549540 661
1549550 660
1549560 660
1549570 659
1549580 658
1549590 658
1549600 657
1549610 657
1549620 657
1549630 657
1549640 656
1549650 655
1549660 655
1549670 655
1549680 656
1549690 656
1549700 654
1549710 652
1549720 652
1549730 655
1549740 655
1549750 655
1549760 656
1549770 657
1549780 658
1549790 658
1549800 658
1549810 659
1549820 659
1549830 659
1549840 660
1549850 660
1549860 661
1549870 662
1549880 662
1549890 662
1549900 662
1549910 660
1549920 661
1549930 661
1549940 660
1549950 660
1549960 660
1549970 659
1549980 659
1549990 659
1550000 659
1550010 659
1550020 658
1550030 658
1550040 658
1550050 657
1550060 657
1550070 657
1550080 657
1550090 655
1550100 654
1550110 654
1550120 653
1550130 653
1550140 653
1550150 652
1550160 652
1550170 652
1550180 651
1550190 651
1550200 651
1550210 651
1550220 650
1550230 650
1550240 650
1550250 650
1550260 649
1550270 649
1550280 649
1550290 649
1550300 649
1550310 649
1550320 649
1550330 649
1550340 648
1550350 647
1550360 647
1550370 646
1550380 644
1550390 643
1550400 643
1550410 642
1550420 641
1550430 641
1550440 641
1550450 640
1550460 640
1550470 639
1550480 639
1550490 639
1550500 640
1550510 640
1550520 640
1550530 640
1550540 640
1550550 640
1550560 640
1550570 640
1550580 640
1550590 640
1550600 640
1550610 641
1550620 641
1550630 641
1550640 641
1550650 641
1550660 641
1550670 641
1550680 641
1550690 641
1550700 640
1550710 639
1550720 639
1550730 638
1550740 638
1550750 638
1550760 637
1550770 635
1550780 635
1550790 635
1550800 635
1550810 635
1550820 633
1550830 632
1550840 632
1550850 632
1550860 631
1550870 630
1550880 630
1550890 629
1550900 629
1550910 629
1550920 629
1550930 628
1550940 628
1550950 628
1550960 627
1550970 627
1550980 627
1550990 626
1551000 626
1551010 626
1551020 625
1551030 625
1551040 625
1551050 625
1551060 625
1551070 625
1551080 624
1551090 624
1551100 624
1551110 624
1551120 624
1551130 624
1551140 624
1551150 624
1551160 623
1551170 623
1551180 622
1551190 622
1551200 622
1551210 621
1551220 622
1551230 622
1551240 622
1551250 622
1551260 622
1551270 622
1551280 621
1551290 621
1551300 621
1551310 620
1551320 620
1551330 620
1551340 619
1551350 617
1551360 617
1551370 613
1551380 610
1551390 610
1551400 607
1551410 605
1551420 605
1551430 604
1551440 603
1551450 603
1551460 603
1551470 603
1551480 602
1551490 602
1551500 602
1551510 602
1551520 602
1551530 603
1551540 604
1551550 604
1551560 605
1551570 607
1551580 607
1551590 608
1551600 610
1551610 613
1551620 613
1551630 615
1551640 615
1551650 615
1551660 616
1551670 617
1551680 617
1551690 617
1551700 616
1551710 616
1551720 615
1551730 614
1551740 614
1551750 614
1551760 616
1551770 617
1551780 617
1551790 619
1551800 616
1551810 616
1551820 617
1551830 617
1551840 617
1551850 616
1551860 616
1551870 616
1551880 615
1551890 615
1551900 615
1551910 614
1551920 614
1551930 613
1551940 613
1551950 612
1551960 611
1551970 611
1551980 611
1551990 610
1552000 610
1552010 610
1552020 610
1552030 610
1552040 610
1552050 610
1552060 610
1552070 610
1552080 610
1552090 609
1552100 609
1552110 609
1552120 609
1552130 609
1552140 609
1552150 609
1552160 609
1552170 608
1552180 607
1552190 607
1552200 606
1552210 606
1552220 605
1552230 605
1552240 603
1552250 601
1552260 601
1552270 599
1552280 597
1552290 597
1552300 596
1552310 594
1552320 594
1552330 593
1552340 591
1552350 591
1552360 591
1552370 590
1552380 589
1552390 589
1552400 588
1552410 587
1552420 587
1552430 588
1552440 588
1552450 588
1552460 588
1552470 588
1552480 588
1552490 587
1552500 587
1552510 587
1552520 588
1552530 588
1552540 589
1552550 589
1552560 591
1552570 592
1552580 592
1552590 592
1552600 592
1552610 592
1552620 592
1552630 593
1552640 593
1552650 593
1552660 593
1552670 593
1552680 593
1552690 593
1552700 594
1552710 594
1552720 594
1552730 594
1552740 594
1552750 595
1552760 595
1552770 595
1552780 595
1552790 595
1552800 595
1552810 596
1552820 596
1552830 596
1552840 596
1552850 596
1552860 596
1552870 596
1552880 597
1552890 597
1552900 597
1552910 597
1552920 597
1552930 597
1552940 597
1552950 597
1552960 597
1552970 598
1552980 598
1552990 598
1553000 598
1553010 598
1553020 599
1553030 599
1553040 599
1553050 599
1553060 599
1553070 599
1553080 599
1553090 599
1553100 599
1553110 599
1553120 599
1553130 599
1553140 599
1553150 599
1553160 599
1553170 599
1553180 600
1553190 600
1553200 600
1553210 600
1553220 600
1553230 600
1553240 600
1553250 600
1553260 600
1553270 600
1553280 600
1553290 600
1553300 599
1553310 599
1553320 599
1553330 599
1553340 599
1553350 599
1553360 599
1553370 600
1553380 600
1553390 600
1553400 600
1553410 600
1553420 600
1553430 600
1553440 600
1553450 600
1553460 600
1553470 600
1553480 600
1553490 600
1553500 600
1553510 600
1553520 600
1553530 600
1553540 600
1553550 600
1553560 600
1553570 600
1553580 600
1553590 600
1553600 600
1553610 600
1553620 600
1553630 600
1553640 599
1553650 599
1553660 599
1553670 599
1553680 599
1553690 599
1553700 599
1553710 599
1553720 598
1553730 598
1553740 598
1553750 598
1553760 598
1553770 598
1553780 598
1553790 599
1553800 599
1553810 599
1553820 599
1553830 599
1553840 599
1553850 599
1553860 599
1553870 599
1553880 599
1553890 599
1553900 599
1553910 599
1553920 600
1553930 600
1553940 600
1553950 600
1553960 600
1553970 602
1553980 602
1553990 602
1554000 601
1554010 601
1554020 601
1554030 601
1554040 601
1554050 601
1554060 601
1554070 601
1554080 601
1554090 601
1554100 601
1554110 601
1554120 601
1554130 601
1554140 601
1554150 601
1554160 601
1554170 601
1554180 601
1554190 602
1554200 602
1554210 602
1554220 602
1554230 602
1554240 602
1554250 602
1554260 602
1554270 602
1554280 602
1554290 603
1554300 602
1554310 602
1554320 601
1554330 601
1554340 601
1554350 601
1554360 602
1554370 602
1554380 602
1554390 602
1554400 602
1554410 602
1554420 602
1554430 602
1554440 602
1554450 603
1554460 603
1554470 603
1554480 603
1554490 603
1554500 604
1554510 604
1554520 604
1554530 604
1554540 604
1554550 604
1554560 604
1554570 604
1554580 604
1554590 604
1554600 604
1554610 604
1554620 604
1554630 604
1554640 604
1554650 604
1554660 604
1554670 604
1554680 604
1554690 603
1554700 603
1554710 603
1554720 603
1554730 603
1554740 603
1554750 603
1554760 603
1554770 604
1554780 604
1554790 604
1554800 604
1554810 604
1554820 604
1554830 604
1554840 604
1554850 604
1554860 604
1554870 604
1554880 604
1554890 604
1554900 604
1554910 604
1554920 604
1554930 603
1554940 603
1554950 603
1554960 603
1554970 603
1554980 603
1554990 603
1555000 603
1555010 603
1555020 603
1555030 603
1555040 603
1555050 603
1555060 603
1555070 603
1555080 603
1555090 603
1555100 603
1555110 603
1555120 603
1555130 603
1555140 603
1555150 603
1555160 603
1555170 603
1555180 603
1555190 603
1555200 603
1555210 603
1555220 603
1555230 603
1555240 603
1555250 603
1555260 603
1555270 603
1555280 603
1555290 602
1555300 602
1555310 602
1555320 603
1555330 603
1555340 603
1555350 603
1555360 603
1555370 603
1555380 602
1555390 602
1555400 602
1555410 602
1555420 602
1555430 602
1555440 601
1555450 601
1555460 601
1555470 601
1555480 601
1555490 601
1555500 601
1555510 601
1555520 601
1555530 601
1555540 601
1555550 601
1555560 601
1555570 601
1555580 601
1555590 601
1555600 601
1555610 602
1555620 602
1555630 602
1555640 602
1555650 602
1555660 602
1555670 602
1555680 603
1555690 603
1555700 607
1555710 608
1555720 606
1555730 606
1555740 605
1555750 605
1555760 605
1555770 607
1555780 608
1555790 608
1555800 610
1555810 611
1555820 611
1555830 614
1555840 618
1555850 618
1555860 618
1555870 616
1555880 616
1555890 616
1555900 617
1555910 618
1555920 618
1555930 621
1555940 627
1555950 627
1555960 634
1555970 641
1555980 641
1555990 649
1556000 656
1556010 663
1556020 663
1556030 671
1556040 675
1556050 675
1556060 678
1556070 678
1556080 678
1556090 679
1556100 682
1556110 682
1556120 684
1556130 686
1556140 686
1556150 688
1556160 692
1556170 696
1556180 696
1556190 699
1556200 702
1556210 702
1556220 704
1556230 705
1556240 705
1556250 708
1556260 709
1556270 709
1556280 711
1556290 713
1556300 713
1556310 715
1556320 717
1556330 718
1556340 718
1556350 719
1556360 722
1556370 722
1556380 724
1556390 725
1556400 725
1556410 727
1556420 729
1556430 729
1556440 730
1556450 731
1556460 733
1556470 733
1556480 735
1556490 737
1556500 737
1556510 738
1556520 740
1556530 740
1556540 742
1556550 743
1556560 743
1556570 745
1556580 747
1556590 747
1556600 748
1556610 750
1556620 752
1556630 752
1556640 754
1556650 755
1556660 755
1556670 756
1556680 758
1556690 758
1556700 760
1556710 761
1556720 761
1556730 763
1556740 764
1556750 764
1556760 766
1556770 767
1556780 768
1556790 768
1556800 769
1556810 770
1556820 770
1556830 771
1556840 771
1556850 771
1556860 772
1556870 773
1556880 773
1556890 773
1556900 774
1556910 774
1556920 774
1556930 774
1556940 775
1556950 775
1556960 775
1556970 775
1556980 775
1556990 775
1557000 775
1557010 775
1557020 775
1557030 774
1557040 774
1557050 774
1557060 774
1557070 773
1557080 773
1557090 773
1557100 772
1557110 772
1557120 770
1557130 768
1557140 768
1557150 766
1557160 765
1557170 765
1557180 763
1557190 765
1557200 765
1557210 763
1557220 762
1557230 761
1557240 761
1557250 760
1557260 758
1557270 758
1557280 757
1557290 756
1557300 756
1557310 755
1557320 754
1557330 754
1557340 754
1557350 753
1557360 753
1557370 752
1557380 752
1557390 751
1557400 751
1557410 750
1557420 750
1557430 750
1557440 750
1557450 749
1557460 749
1557470 749
1557480 748
1557490 748
1557500 748
1557510 748
1557520 748
1557530 747
1557540 747
1557550 746
1557560 746
1557570 745
1557580 744
1557590 744
1557600 743
1557610 743
1557620 743
1557630 742
1557640 740
1557650 740
1557660 739
1557670 738
1557680 737
1557690 737
1557700 736
1557710 736
1557720 736
1557730 735
1557740 734
1557750 734
1557760 733
1557770 732
1557780 732
1557790 732
1557800 731
1557810 731
1557820 729
1557830 727
1557840 726
1557850 726
1557860 724
1557870 723
1557880 723
1557890 721
1557900 718
1557910 718
1557920 717
1557930 716
1557940 716
1557950 715
1557960 711
1557970 711
1557980 710
1557990 709
1558000 708
1558010 708
1558020 709
1558030 708
1558040 708
1558050 706
1558060 706
1558070 706
1558080 705
1558090 703
1558100 703
1558110 700
1558120 698
1558130 698
1558140 695
1558150 693
1558160 692
1558170 692
1558180 687
1558190 675
1558200 675
1558210 664
1558220 655
1558230 655
1558240 648
1558250 642
1558260 642
1558270 637
1558280 634
1558290 633
1558300 633
1558310 631
1558320 628
1558330 628
1558340 623
1558350 616
1558360 616
1558370 612
1558380 609
1558390 609
1558400 607
1558410 606
1558420 606
1558430 603
1558440 601
1558450 599
1558460 599
1558470 598
1558480 597
1558490 597
1558500 596
1558510 594
1558520 594
1558530 591
1558540 590
1558550 590
1558560 588
1558570 586
1558580 586
1558590 584
1558600 583
1558610 582
1558620 582
1558630 581
1558640 580
1558650 580
1558660 579
1558670 577
1558680 577
1558690 576
1558700 574
1558710 574
1558720 573
1558730 573
1558740 572
1558750 572
1558760 571
1558770 570
1558780 570
1558790 570
1558800 569
1558810 569
1558820 568
1558830 567
1558840 567
1558850 567
1558860 566
1558870 566
1558880 565
1558890 564
1558900 562
1558910 562
1558920 562
1558930 561
1558940 561
1558950 560
1558960 559
1558970 559
1558980 559
1558990 559
1559000 559
1559010 559
1559020 558
1559030 558
1559040 558
1559050 557
1559060 556
1559070 556
1559080 555
1559090 555
1559100 555
1559110 554
1559120 554
1559130 554
1559140 555
1559150 558
1559160 558
1559170 556
1559180 556
1559190 556
1559200 555
1559210 553
1559220 552
1559230 552
1559240 551
1559250 550
1559260 550
1559270 550
1559280 549
1559290 549
1559300 549
1559310 548
1559320 548
1559330 548
1559340 547
1559350 546
1559360 546
1559370 544
1559380 543
1559390 543
1559400 541
1559410 541
1559420 541
1559430 540
1559440 539
1559450 539
1559460 538
1559470 536
1559480 536
1559490 535
1559500 533
1559510 531
1559520 531
1559530 530
1559540 528
1559550 528
1559560 527
1559570 526
1559580 526
1559590 526
1559600 526
1559610 526
1559620 529
1559630 530
1559640 530
1559650 530
1559660 530
1559670 529
1559680 529
1559690 529
1559700 529
1559710 529
1559720 529
1559730 529
1559740 529
1559750 528
1559760 527
1559770 527
1559780 527
1559790 527
1559800 527
1559810 527
1559820 526
1559830 525
1559840 525
1559850 525
1559860 525
1559870 525
1559880 525
1559890 524
1559900 524
1559910 524
1559920 523
1559930 523
1559940 522
1559950 522
1559960 522
1559970 522
1559980 522
1559990 523
