1540000 546
1540010 547
1540020 547
1540030 547
1540040 546
1540050 543
1540060 538
1540070 538
1540080 532
1540090 526
1540100 526
1540110 523
1540120 524
1540130 524
1540140 528
1540150 531
1540160 531
1540170 535
1540180 539
1540190 539
1540200 543
1540210 545
1540220 545
1540230 545
1540240 545
1540250 545
1540260 545
1540270 544
1540280 544
1540290 544
1540300 543
1540310 543
1540320 543
1540330 542
1540340 542
1540350 542
1540360 542
1540370 541
1540380 541
1540390 541
1540400 541
1540410 541
1540420 541
1540430 542
1540440 542
1540450 542
1540460 543
1540470 543
1540480 543
1540490 543
1540500 544
1540510 544
1540520 544
1540530 545
1540540 546
1540550 546
1540560 547
1540570 548
1540580 548
1540590 549
1540600 550
1540610 550
1540620 550
1540630 550
1540640 550
1540650 551
1540660 551
1540670 552
1540680 552
1540690 552
1540700 553
1540710 553
1540720 554
1540730 556
1540740 556
1540750 557
1540760 558
1540770 558
1540780 560
1540790 561
1540800 561
1540810 563
1540820 565
1540830 567
1540840 567
1540850 570
1540860 573
1540870 573
1540880 577
1540890 579
1540900 579
1540910 579
1540920 580
1540930 580
1540940 580
1540950 580
1540960 580
1540970 580
1540980 580
1540990 580
1541000 580
1541010 581
1541020 581
1541030 581
1541040 581
1541050 581
1541060 581
1541070 582
1541080 582
1541090 582
1541100 584
1541110 585
1541120 585
1541130 585
1541140 585
1541150 585
1541160 585
1541170 585
1541180 585
1541190 585
1541200 584
1541210 584
1541220 584
1541230 584
1541240 584
1541250 584
1541260 583
1541270 582
1541280 581
1541290 581
1541300 580
1541310 579
1541320 579
1541330 578
1541340 577
1541350 577
1541360 574
1541370 570
1541380 570
1541390 566
1541400 562
1541410 558
1541420 558
1541430 556
1541440 555
1541450 555
1541460 555
1541470 554
1541480 554
1541490 554
1541500 554
1541510 554
1541520 554
1541530 555
1541540 555
1541550 556
1541560 557
1541570 558
1541580 558
1541590 558
1541600 559
1541610 559
1541620 559
1541630 560
1541640 560
1541650 560
1541660 560
1541670 560
1541680 560
1541690 560
1541700 560
1541710 561
1541720 562
1541730 562
1541740 562
1541750 562
1541760 563
1541770 563
1541780 563
1541790 563
1541800 563
1541810 564
1541820 564
1541830 564
1541840 564
1541850 565
1541860 565
1541870 565
1541880 566
1541890 566
1541900 566
1541910 566
1541920 566
1541930 566
1541940 567
1541950 567
1541960 567
1541970 568
1541980 568
1541990 568
1542000 568
1542010 569
1542020 569
1542030 569
1542040 569
1542050 569
1542060 569
1542070 569
1542080 569
1542090 569
1542100 569
1542110 570
1542120 570
1542130 570
1542140 569
1542150 569
1542160 569
1542170 570
1542180 571
1542190 571
1542200 572
1542210 573
1542220 573
1542230 574
1542240 575
1542250 575
1542260 575
1542270 576
1542280 576
1542290 576
1542300 577
1542310 577
1542320 577
1542330 577
1542340 577
1542350 577
1542360 577
1542370 578
1542380 578
1542390 578
1542400 578
1542410 578
1542420 578
1542430 579
1542440 579
1542450 579
1542460 579
1542470 579
1542480 579
1542490 580
1542500 580
1542510 580
1542520 580
1542530 580
1542540 580
1542550 580
1542560 580
1542570 580
1542580 581
1542590 581
1542600 581
1542610 581
1542620 581
1542630 582
1542640 582
1542650 582
1542660 582
1542670 582
1542680 582
1542690 582
1542700 582
1542710 582
1542720 582
1542730 582
1542740 582
1542750 582
1542760 582
1542770 582
1542780 582
1542790 582
1542800 582
1542810 582
1542820 582
1542830 582
1542840 582
1542850 582
1542860 582
1542870 582
1542880 582
1542890 582
1542900 583
1542910 583
1542920 583
1542930 583
1542940 583
1542950 583
1542960 583
1542970 584
1542980 584
1542990 584
1543000 584
1543010 584
1543020 584
1543030 585
1543040 585
1543050 585
1543060 585
1543070 586
1543080 586
1543090 586
1543100 586
1543110 585
1543120 585
1543130 585
1543140 584
1543150 584
1543160 584
1543170 584
1543180 584
1543190 583
1543200 583
1543210 583
1543220 583
1543230 582
1543240 582
1543250 582
1543260 582
1543270 582
1543280 582
1543290 582
1543300 582
1543310 582
1543320 582
1543330 582
1543340 582
1543350 582
1543360 582
1543370 582
1543380 582
1543390 582
1543400 582
1543410 582
1543420 582
1543430 582
1543440 582
1543450 583
1543460 584
1543470 584
1543480 584
1543490 585
1543500 585
1543510 587
1543520 588
1543530 590
1543540 590
1543550 592
1543560 593
1543570 593
1543580 595
1543590 596
1543600 596
1543610 598
1543620 599
1543630 599
1543640 599
1543650 598
1543660 598
1543670 596
1543680 594
1543690 592
1543700 592
1543710 591
1543720 591
1543730 591
1543740 589
1543750 589
1543760 589
1543770 588
1543780 588
1543790 588
1543800 588
1543810 588
1543820 588
1543830 589
1543840 589
1543850 589
1543860 589
1543870 590
1543880 590
1543890 590
1543900 590
1543910 590
1543920 590
1543930 590
1543940 591
1543950 591
1543960 591
1543970 591
1543980 591
1543990 591
1544000 591
1544010 590
1544020 590
1544030 587
1544040 584
1544050 584
1544060 582
1544070 585
1544080 585
1544090 589
1544100 589
1544110 589
1544120 589
1544130 589
1544140 589
1544150 589
1544160 589
1544170 589
1544180 589
1544190 589
1544200 589
1544210 589
1544220 588
1544230 588
1544240 588
1544250 588
1544260 588
1544270 588
1544280 588
1544290 588
1544300 588
1544310 588
1544320 588
1544330 588
1544340 588
1544350 587
1544360 586
1544370 586
1544380 586
1544390 586
1544400 586
1544410 585
1544420 585
1544430 585
1544440 585
1544450 586
1544460 588
1544470 588
1544480 590
1544490 592
1544500 592
1544510 595
1544520 597
1544530 597
1544540 600
1544550 605
1544560 605
1544570 608
1544580 610
1544590 612
1544600 612
1544610 615
1544620 618
1544630 618
1544640 617
1544650 617
1544660 617
1544670 617
1544680 616
1544690 616
1544700 615
1544710 617
1544720 617
1544730 619
1544740 619
1544750 620
1544760 620
1544770 620
1544780 621
1544790 621
1544800 622
1544810 624
1544820 624
1544830 625
1544840 626
1544850 626
1544860 629
1544870 630
1544880 630
1544890 628
1544900 624
1544910 622
1544920 622
1544930 622
1544940 622
1544950 622
1544960 623
1544970 625
1544980 625
1544990 627
1545000 628
1545010 628
1545020 628
1545030 629
1545040 628
1545050 628
1545060 626
1545070 625
1545080 625
1545090 624
1545100 621
1545110 621
1545120 618
1545130 615
1545140 615
1545150 612
1545160 612
1545170 612
1545180 611
1545190 612
1545200 612
1545210 612
1545220 611
1545230 610
1545240 610
1545250 609
1545260 607
1545270 607
1545280 604
1545290 601
1545300 601
1545310 599
1545320 598
1545330 598
1545340 597
1545350 598
1545360 598
1545370 598
1545380 598
1545390 596
1545400 596
1545410 595
1545420 594
1545430 594
1545440 594
1545450 593
1545460 593
1545470 592
1545480 591
1545490 591
1545500 594
1545510 596
1545520 596
1545530 596
1545540 598
1545550 596
1545560 596
1545570 595
1545580 596
1545590 596
1545600 596
1545610 597
1545620 597
1545630 597
1545640 598
1545650 598
1545660 598
1545670 598
1545680 598
1545690 598
1545700 599
1545710 599
1545720 599
1545730 600
1545740 600
1545750 600
1545760 601
1545770 601
1545780 601
1545790 601
1545800 601
1545810 602
1545820 602
1545830 602
1545840 603
1545850 603
1545860 603
1545870 603
1545880 603
1545890 604
1545900 604
1545910 604
1545920 605
1545930 605
1545940 605
1545950 605
1545960 606
1545970 606
1545980 606
1545990 606
1546000 607
1546010 607
1546020 607
1546030 607
1546040 607
1546050 605
1546060 603
1546070 603
1546080 602
1546090 600
1546100 604
1546110 604
1546120 607
1546130 607
1546140 607
1546150 607
1546160 607
1546170 607
1546180 608
1546190 608
1546200 608
1546210 608
1546220 607
1546230 607
1546240 607
1546250 607
1546260 607
1546270 607
1546280 607
1546290 607
1546300 607
1546310 607
1546320 607
1546330 607
1546340 607
1546350 608
1546360 608
1546370 608
1546380 608
1546390 608
1546400 608
1546410 608
1546420 607
1546430 607
1546440 607
1546450 607
1546460 607
1546470 607
1546480 606
1546490 606
1546500 606
1546510 606
1546520 606
1546530 606
1546540 606
1546550 606
1546560 606
1546570 605
1546580 605
1546590 605
1546600 605
1546610 605
1546620 605
1546630 604
1546640 604
1546650 604
1546660 603
1546670 603
1546680 603
1546690 603
1546700 602
1546710 602
1546720 602
1546730 602
1546740 602
1546750 602
1546760 602
1546770 601
1546780 601
1546790 601
1546800 600
1546810 600
1546820 601
1546830 600
1546840 600
1546850 600
1546860 600
1546870 599
1546880 599
1546890 599
1546900 599
1546910 599
1546920 599
1546930 598
1546940 598
1546950 598
1546960 598
1546970 598
1546980 597
1546990 597
1547000 597
1547010 597
1547020 597
1547030 597
1547040 597
1547050 597
1547060 596
1547070 596
1547080 596
1547090 596
1547100 596
1547110 595
1547120 595
1547130 595
1547140 594
1547150 594
1547160 594
1547170 594
1547180 594
1547190 594
1547200 594
1547210 594
1547220 594
1547230 594
1547240 594
1547250 594
1547260 594
1547270 594
1547280 594
1547290 594
1547300 594
1547310 594
1547320 594
1547330 594
1547340 594
1547350 594
1547360 594
1547370 594
1547380 593
1547390 593
1547400 593
1547410 593
1547420 593
1547430 593
1547440 593
1547450 593
1547460 593
1547470 592
1547480 592
1547490 592
1547500 592
1547510 592
1547520 592
1547530 592
1547540 591
1547550 591
1547560 591
1547570 591
1547580 591
1547590 590
1547600 590
1547610 590
1547620 590
1547630 589
1547640 589
1547650 589
1547660 589
1547670 588
1547680 588
1547690 588
1547700 588
1547710 588
1547720 588
1547730 587
1547740 587
1547750 587
1547760 587
1547770 586
1547780 586
1547790 586
1547800 586
1547810 586
1547820 586
1547830 585
1547840 585
1547850 585
1547860 585
1547870 585
1547880 584
1547890 584
1547900 584
1547910 584
1547920 584
1547930 584
1547940 584
1547950 584
1547960 584
1547970 584
1547980 583
1547990 583
1548000 583
1548010 583
1548020 582
1548030 582
1548040 582
1548050 582
1548060 581
1548070 581
1548080 581
1548090 581
1548100 581
1548110 581
1548120 581
1548130 581
1548140 580
1548150 580
1548160 580
1548170 580
1548180 580
1548190 580
1548200 579
1548210 580
1548220 580
1548230 580
1548240 579
1548250 579
1548260 579
1548270 579
1548280 579
1548290 579
1548300 579
1548310 579
1548320 579
1548330 579
1548340 580
1548350 580
1548360 580
1548370 580
1548380 580
1548390 580
1548400 580
1548410 581
1548420 581
1548430 581
1548440 581
1548450 581
1548460 581
1548470 581
1548480 581
1548490 582
1548500 582
1548510 582
1548520 582
1548530 583
1548540 583
1548550 583
1548560 583
1548570 584
1548580 584
1548590 584
1548600 585
1548610 585
1548620 585
1548630 585
1548640 585
1548650 586
1548660 586
1548670 586
1548680 586
1548690 586
1548700 587
1548710 587
1548720 587
1548730 587
1548740 587
1548750 588
1548760 588
1548770 588
1548780 589
1548790 589
1548800 589
1548810 590
1548820 590
1548830 590
1548840 590
1548850 591
1548860 591
1548870 591
1548880 592
1548890 592
1548900 592
1548910 592
1548920 593
1548930 593
1548940 593
1548950 594
1548960 594
1548970 595
1548980 595
1548990 596
1549000 596
1549010 596
1549020 597
1549030 597
1549040 597
1549050 597
1549060 597
1549070 598
1549080 599
1549090 599
1549100 599
1549110 599
1549120 600
1549130 600
1549140 600
1549150 601
1549160 601
1549170 601
1549180 602
1549190 602
1549200 602
1549210 603
1549220 603
1549230 603
1549240 604
1549250 604
1549260 605
1549270 605
1549280 605
1549290 605
1549300 606
1549310 607
1549320 607
1549330 608
1549340 608
1549350 608
1549360 608
1549370 609
1549380 609
1549390 609
1549400 609
1549410 609
1549420 609
1549430 610
1549440 610
1549450 610
1549460 610
1549470 611
1549480 611
1549490 611
1549500 611
1549510 611
1549520 612
1549530 612
1549540 612
1549550 611
1549560 611
1549570 610
1549580 610
1549590 610
1549600 611
1549610 611
1549620 611
1549630 612
1549640 612
1549650 613
1549660 613
1549670 613
1549680 614
1549690 614
1549700 614
1549710 615
1549720 616
1549730 617
1549740 617
1549750 617
1549760 618
1549770 618
1549780 618
1549790 619
1549800 619
1549810 619
1549820 619
1549830 619
1549840 618
1549850 618
1549860 618
1549870 618
1549880 618
1549890 618
1549900 618
1549910 618
1549920 618
1549930 618
1549940 618
1549950 618
1549960 618
1549970 618
1549980 618
1549990 618
1550000 618
1550010 618
1550020 618
1550030 618
1550040 618
1550050 618
1550060 618
1550070 618
1550080 618
1550090 617
1550100 617
1550110 617
1550120 617
1550130 617
1550140 617
1550150 617
1550160 618
1550170 618
1550180 618
1550190 618
1550200 618
1550210 618
1550220 618
1550230 618
1550240 618
1550250 618
1550260 619
1550270 621
1550280 621
1550290 624
1550300 628
1550310 628
1550320 629
1550330 631
1550340 632
1550350 632
1550360 632
1550370 632
1550380 632
1550390 632
1550400 633
1550410 633
1550420 635
1550430 635
1550440 635
1550450 636
1550460 637
1550470 637
1550480 638
1550490 638
1550500 639
1550510 639
1550520 641
1550530 641
1550540 641
1550550 642
1550560 642
1550570 642
1550580 642
1550590 642
1550600 642
1550610 642
1550620 642
1550630 642
1550640 642
1550650 642
1550660 642
1550670 642
1550680 642
1550690 642
1550700 642
1550710 642
1550720 642
1550730 642
1550740 642
1550750 642
1550760 642
1550770 642
1550780 642
1550790 642
1550800 642
1550810 642
1550820 642
1550830 642
1550840 642
1550850 642
1550860 642
1550870 641
1550880 641
1550890 641
1550900 641
1550910 641
1550920 641
1550930 640
1550940 641
1550950 641
1550960 641
1550970 641
1550980 640
1550990 640
1551000 640
1551010 640
1551020 640
1551030 639
1551040 639
1551050 639
1551060 640
1551070 640
1551080 640
1551090 640
1551100 640
1551110 641
1551120 641
1551130 641
1551140 642
1551150 642
1551160 644
1551170 648
1551180 648
1551190 652
1551200 655
1551210 655
1551220 657
1551230 658
1551240 658
1551250 658
1551260 660
1551270 662
1551280 662
1551290 662
1551300 661
1551310 661
1551320 661
1551330 662
1551340 662
1551350 660
1551360 659
1551370 659
1551380 658
1551390 658
1551400 657
1551410 657
1551420 656
1551430 655
1551440 655
1551450 655
1551460 654
1551470 654
1551480 653
1551490 653
1551500 653
1551510 652
1551520 651
1551530 651
1551540 651
1551550 651
1551560 650
1551570 650
1551580 650
1551590 649
1551600 649
1551610 648
1551620 647
1551630 647
1551640 647
1551650 646
1551660 646
1551670 646
1551680 646
1551690 646
1551700 646
1551710 645
1551720 645
1551730 645
1551740 645
1551750 645
1551760 645
1551770 645
1551780 646
1551790 646
1551800 646
1551810 646
1551820 646
1551830 646
1551840 647
1551850 646
1551860 646
1551870 645
1551880 644
1551890 644
1551900 643
1551910 642
1551920 642
1551930 640
1551940 640
1551950 640
1551960 640
1551970 639
1551980 640
1551990 640
1552000 639
1552010 639
1552020 639
1552030 639
1552040 639
1552050 639
1552060 640
1552070 640
1552080 640
1552090 640
1552100 640
1552110 640
1552120 640
1552130 640
1552140 640
1552150 640
1552160 640
1552170 640
1552180 640
1552190 640
1552200 640
1552210 640
1552220 641
1552230 642
1552240 642
1552250 645
1552260 647
1552270 647
1552280 649
1552290 650
1552300 651
1552310 651
1552320 652
1552330 653
1552340 653
1552350 654
1552360 654
1552370 654
1552380 655
1552390 655
1552400 655
1552410 655
1552420 656
1552430 656
1552440 657
1552450 657
1552460 657
1552470 657
1552480 657
1552490 657
1552500 657
1552510 657
1552520 656
1552530 656
1552540 656
1552550 656
1552560 656
1552570 656
1552580 656
1552590 656
1552600 655
1552610 655
1552620 655
1552630 655
1552640 654
1552650 654
1552660 654
1552670 653
1552680 652
1552690 652
1552700 652
1552710 651
1552720 651
1552730 651
1552740 650
1552750 650
1552760 650
1552770 649
1552780 649
1552790 649
1552800 648
1552810 648
1552820 648
1552830 648
1552840 648
1552850 648
1552860 648
1552870 647
1552880 647
1552890 647
1552900 646
1552910 646
1552920 646
1552930 646
1552940 647
1552950 647
1552960 646
1552970 646
1552980 646
1552990 644
1553000 642
1553010 642
1553020 643
1553030 644
1553040 644
1553050 645
1553060 645
1553070 645
1553080 645
1553090 645
1553100 644
1553110 644
1553120 644
1553130 644
1553140 644
1553150 644
1553160 644
1553170 644
1553180 644
1553190 641
1553200 641
1553210 637
1553220 636
1553230 635
1553240 635
1553250 635
1553260 635
1553270 635
1553280 635
1553290 637
1553300 637
1553310 640
1553320 642
1553330 642
1553340 642
1553350 641
1553360 641
1553370 641
1553380 641
1553390 641
1553400 641
1553410 640
1553420 640
1553430 640
1553440 639
1553450 639
1553460 639
1553470 638
1553480 637
1553490 637
1553500 636
1553510 634
1553520 632
1553530 632
1553540 631
1553550 631
1553560 631
1553570 631
1553580 630
1553590 630
1553600 629
1553610 629
1553620 629
1553630 630
1553640 630
1553650 630
1553660 629
1553670 630
1553680 629
1553690 629
1553700 623
1553710 620
1553720 620
1553730 622
1553740 622
1553750 622
1553760 622
1553770 622
1553780 622
1553790 622
1553800 622
1553810 622
1553820 622
1553830 621
1553840 622
1553850 622
1553860 622
1553870 622
1553880 622
1553890 623
1553900 623
1553910 623
1553920 623
1553930 623
1553940 623
1553950 623
1553960 623
1553970 623
1553980 623
1553990 624
1554000 624
1554010 624
1554020 624
1554030 624
1554040 624
1554050 624
1554060 624
1554070 624
1554080 624
1554090 624
1554100 624
1554110 624
1554120 624
1554130 624
1554140 624
1554150 625
1554160 625
1554170 625
1554180 625
1554190 625
1554200 625
1554210 625
1554220 625
1554230 625
1554240 625
1554250 625
1554260 625
1554270 626
1554280 626
1554290 626
1554300 626
1554310 626
1554320 626
1554330 626
1554340 626
1554350 626
1554360 626
1554370 626
1554380 626
1554390 626
1554400 627
1554410 627
1554420 627
1554430 627
1554440 627
1554450 627
1554460 627
1554470 627
1554480 627
1554490 627
1554500 627
1554510 628
1554520 628
1554530 628
1554540 628
1554550 628
1554560 628
1554570 629
1554580 629
1554590 629
1554600 629
1554610 629
1554620 629
1554630 629
1554640 629
1554650 629
1554660 629
1554670 629
1554680 629
1554690 629
1554700 628
1554710 628
1554720 628
1554730 628
1554740 627
1554750 627
1554760 627
1554770 627
1554780 627
1554790 627
1554800 627
1554810 627
1554820 626
1554830 626
1554840 626
1554850 626
1554860 626
1554870 626
1554880 626
1554890 626
1554900 626
1554910 626
1554920 625
1554930 625
1554940 625
1554950 625
1554960 625
1554970 625
1554980 625
1554990 625
1555000 625
1555010 625
1555020 624
1555030 624
1555040 624
1555050 624
1555060 624
1555070 624
1555080 623
1555090 623
1555100 623
1555110 623
1555120 623
1555130 623
1555140 623
1555150 623
1555160 623
1555170 622
1555180 622
1555190 622
1555200 622
1555210 622
1555220 622
1555230 622
1555240 622
1555250 621
1555260 621
1555270 621
1555280 621
1555290 621
1555300 621
1555310 620
1555320 620
1555330 620
1555340 620
1555350 620
1555360 620
1555370 619
1555380 619
1555390 619
1555400 619
1555410 619
1555420 619
1555430 618
1555440 618
1555450 618
1555460 618
1555470 617
1555480 617
1555490 617
1555500 617
1555510 616
1555520 616
1555530 616
1555540 616
1555550 616
1555560 615
1555570 615
1555580 615
1555590 615
1555600 614
1555610 614
1555620 614
1555630 614
1555640 613
1555650 613
1555660 613
1555670 613
1555680 613
1555690 613
1555700 612
1555710 612
1555720 612
1555730 612
1555740 612
1555750 612
1555760 611
1555770 611
1555780 611
1555790 611
1555800 610
1555810 610
1555820 610
1555830 610
1555840 610
1555850 609
1555860 609
1555870 609
1555880 609
1555890 608
1555900 608
1555910 608
1555920 608
1555930 607
1555940 607
1555950 607
1555960 607
1555970 607
1555980 606
1555990 606
1556000 606
1556010 606
1556020 605
1556030 605
1556040 605
1556050 605
1556060 605
1556070 605
1556080 605
1556090 604
1556100 604
1556110 604
1556120 604
1556130 604
1556140 603
1556150 603
1556160 603
1556170 602
1556180 602
1556190 602
1556200 602
1556210 601
1556220 601
1556230 601
1556240 600
1556250 600
1556260 600
1556270 600
1556280 599
1556290 599
1556300 599
1556310 599
1556320 599
1556330 598
1556340 598
1556350 598
1556360 598
1556370 598
1556380 598
1556390 598
1556400 597
1556410 597
1556420 597
1556430 597
1556440 596
1556450 596
1556460 596
1556470 596
1556480 596
1556490 596
1556500 596
1556510 596
1556520 595
1556530 595
1556540 596
1556550 596
1556560 595
1556570 595
1556580 595
1556590 595
1556600 594
1556610 594
1556620 594
1556630 594
1556640 594
1556650 594
1556660 594
1556670 594
1556680 594
1556690 594
1556700 593
1556710 593
1556720 592
1556730 592
1556740 592
1556750 592
1556760 591
1556770 591
1556780 590
1556790 590
1556800 590
1556810 589
1556820 589
1556830 589
1556840 588
1556850 588
1556860 588
1556870 588
1556880 587
1556890 587
1556900 587
1556910 587
1556920 587
1556930 587
1556940 586
1556950 586
1556960 586
1556970 586
1556980 586
1556990 586
1557000 586
1557010 585
1557020 585
1557030 585
1557040 585
1557050 585
1557060 585
1557070 584
1557080 584
1557090 584
1557100 584
1557110 584
1557120 584
1557130 583
1557140 583
1557150 583
1557160 583
1557170 583
1557180 582
1557190 582
1557200 582
1557210 582
1557220 582
1557230 582
1557240 582
1557250 582
1557260 582
1557270 581
1557280 581
1557290 581
1557300 582
1557310 582
1557320 582
1557330 582
1557340 581
1557350 582
1557360 582
1557370 582
1557380 582
1557390 583
1557400 583
1557410 583
1557420 584
1557430 585
1557440 587
1557450 587
1557460 588
1557470 589
1557480 589
1557490 589
1557500 589
1557510 589
1557520 589
1557530 589
1557540 589
1557550 589
1557560 590
1557570 590
1557580 590
1557590 591
1557600 591
1557610 591
1557620 590
1557630 589
1557640 589
1557650 589
1557660 589
1557670 589
1557680 589
1557690 589
1557700 589
1557710 589
1557720 589
1557730 589
1557740 590
1557750 590
1557760 590
1557770 590
1557780 590
1557790 589
1557800 589
1557810 589
1557820 589
1557830 589
1557840 589
1557850 589
1557860 589
1557870 589
1557880 589
1557890 589
1557900 589
1557910 589
1557920 589
1557930 589
1557940 589
1557950 590
1557960 590
1557970 590
1557980 590
1557990 590
1558000 590
1558010 590
1558020 590
1558030 591
1558040 591
1558050 592
1558060 592
1558070 592
1558080 592
1558090 592
1558100 592
1558110 592
1558120 592
1558130 592
1558140 592
1558150 592
1558160 592
1558170 592
1558180 592
1558190 592
1558200 593
1558210 593
1558220 593
1558230 592
1558240 592
1558250 592
1558260 593
1558270 594
1558280 594
1558290 594
1558300 595
1558310 595
1558320 595
1558330 595
1558340 595
1558350 595
1558360 595
1558370 595
1558380 595
1558390 595
1558400 595
1558410 595
1558420 596
1558430 596
1558440 596
1558450 596
1558460 596
1558470 596
1558480 595
1558490 593
1558500 592
1558510 592
1558520 591
1558530 590
1558540 590
1558550 590
1558560 590
1558570 590
1558580 590
1558590 590
1558600 590
1558610 590
1558620 592
1558630 592
1558640 595
1558650 599
1558660 602
1558670 602
1558680 604
1558690 604
1558700 604
1558710 604
1558720 604
1558730 604
1558740 604
1558750 605
1558760 605
1558770 605
1558780 605
1558790 605
1558800 605
1558810 605
1558820 605
1558830 605
1558840 605
1558850 605
1558860 605
1558870 605
1558880 605
1558890 605
1558900 605
1558910 605
1558920 605
1558930 604
1558940 604
1558950 604
1558960 603
1558970 602
1558980 600
1558990 600
1559000 598
1559010 595
1559020 595
1559030 592
1559040 590
1559050 590
1559060 583
1559070 580
1559080 580
1559090 577
1559100 576
1559110 575
1559120 575
1559130 575
1559140 574
1559150 574
1559160 574
1559170 573
1559180 573
1559190 573
1559200 572
1559210 572
1559220 571
1559230 570
1559240 570
1559250 569
1559260 569
1559270 568
1559280 568
1559290 568
1559300 568
1559310 568
1559320 568
1559330 567
1559340 567
1559350 566
1559360 566
1559370 566
1559380 565
1559390 564
1559400 564
1559410 564
1559420 563
1559430 557
1559440 557
1559450 557
1559460 560
1559470 560
1559480 560
1559490 558
1559500 558
1559510 557
1559520 556
1559530 556
1559540 554
1559550 553
1559560 552
1559570 552
1559580 552
1559590 553
1559600 553
1559610 554
1559620 554
1559630 554
1559640 555
1559650 556
1559660 556
1559670 556
1559680 556
1559690 556
1559700 557
1559710 557
1559720 555
1559730 555
1559740 554
1559750 553
1559760 553
1559770 552
1559780 551
1559790 551
1559800 550
1559810 551
1559820 551
1559830 550
1559840 550
1559850 550
1559860 549
1559870 549
1559880 547
1559890 547
1559900 546
1559910 546
1559920 546
1559930 547
1559940 546
1559950 546
1559960 544
1559970 542
1559980 542
1559990 540
