1540000 497
1540010 497
1540020 497
1540030 497
1540040 497
1540050 497
1540060 496
1540070 496
1540080 495
1540090 495
1540100 495
1540110 495
1540120 495
1540130 497
1540140 497
1540150 498
1540160 497
1540170 497
1540180 496
1540190 496
1540200 496
1540210 495
1540220 496
1540230 496
1540240 495
1540250 495
1540260 495
1540270 495
1540280 495
1540290 496
1540300 496
1540310 496
1540320 496
1540330 496
1540340 496
1540350 496
1540360 496
1540370 497
1540380 497
1540390 497
1540400 496
1540410 496
1540420 496
1540430 496
1540440 496
1540450 496
1540460 496
1540470 496
1540480 496
1540490 496
1540500 496
1540510 496
1540520 496
1540530 495
1540540 495
1540550 495
1540560 493
1540570 492
1540580 492
1540590 492
1540600 492
1540610 492
1540620 492
1540630 492
1540640 493
1540650 493
1540660 494
1540670 495
1540680 495
1540690 495
1540700 495
1540710 495
1540720 495
1540730 495
1540740 496
1540750 496
1540760 498
1540770 500
1540780 500
1540790 503
1540800 505
1540810 505
1540820 508
1540830 510
1540840 510
1540850 512
1540860 515
1540870 518
1540880 518
1540890 519
1540900 519
1540910 519
1540920 519
1540930 520
1540940 520
1540950 520
1540960 519
1540970 519
1540980 519
1540990 519
1541000 519
1541010 520
1541020 520
1541030 520
1541040 520
1541050 521
1541060 524
1541070 524
1541080 523
1541090 521
1541100 521
1541110 519
1541120 519
1541130 519
1541140 521
1541150 521
1541160 521
1541170 519
1541180 520
1541190 520
1541200 520
1541210 519
1541220 519
1541230 519
1541240 519
1541250 518
1541260 518
1541270 518
1541280 517
1541290 517
1541300 520
1541310 526
1541320 526
1541330 530
1541340 528
1541350 530
1541360 530
1541370 531
1541380 534
1541390 534
1541400 536
1541410 536
1541420 536
1541430 536
1541440 536
1541450 536
1541460 536
1541470 539
1541480 539
1541490 541
1541500 543
1541510 544
1541520 544
1541530 545
1541540 549
1541550 549
1541560 552
1541570 555
1541580 555
1541590 555
1541600 557
1541610 557
1541620 558
1541630 554
1541640 551
1541650 551
1541660 553
1541670 557
1541680 557
1541690 563
1541700 567
1541710 567
1541720 569
1541730 569
1541740 569
1541750 567
1541760 569
1541770 569
1541780 573
1541790 576
1541800 578
1541810 578
1541820 578
1541830 574
1541840 574
1541850 569
1541860 565
1541870 565
1541880 563
1541890 564
1541900 564
1541910 565
1541920 565
1541930 565
1541940 563
1541950 562
1541960 564
1541970 564
1541980 566
1541990 566
1542000 566
1542010 564
1542020 564
1542030 564
1542040 566
1542050 571
1542060 571
1542070 575
1542080 574
1542090 574
1542100 573
1542110 571
1542120 567
1542130 567
1542140 567
1542150 568
1542160 568
1542170 569
1542180 571
1542190 571
1542200 573
1542210 576
1542220 576
1542230 580
1542240 585
1542250 588
1542260 588
1542270 585
1542280 580
1542290 580
1542300 579
1542310 581
1542320 581
1542330 585
1542340 585
1542350 585
1542360 583
1542370 585
1542380 585
1542390 588
1542400 589
1542410 590
1542420 590
1542430 594
1542440 599
1542450 599
1542460 601
1542470 599
1542480 599
1542490 598
1542500 601
1542510 601
1542520 603
1542530 602
1542540 602
1542550 603
1542560 607
1542570 610
1542580 610
1542590 609
1542600 609
1542610 609
1542620 608
1542630 607
1542640 608
1542650 608
1542660 607
1542670 607
1542680 606
1542690 605
1542700 605
1542710 604
1542720 603
1542730 602
1542740 602
1542750 601
1542760 600
1542770 600
1542780 598
1542790 597
1542800 597
1542810 597
1542820 596
1542830 596
1542840 596
1542850 595
1542860 595
1542870 595
1542880 594
1542890 593
1542900 593
1542910 592
1542920 591
1542930 591
1542940 590
1542950 591
1542960 591
1542970 592
1542980 593
1542990 593
1543000 593
1543010 593
1543020 593
1543030 593
1543040 594
1543050 593
1543060 593
1543070 589
1543080 585
1543090 585
1543100 581
1543110 579
1543120 579
1543130 576
1543140 574
1543150 574
1543160 571
1543170 567
1543180 564
1543190 564
1543200 560
1543210 558
1543220 558
1543230 557
1543240 560
1543250 560
1543260 561
1543270 563
1543280 563
1543290 565
1543300 567
1543310 567
1543320 570
1543330 571
1543340 570
1543350 570
1543360 571
1543370 572
1543380 572
1543390 574
1543400 577
1543410 577
1543420 579
1543430 581
1543440 581
1543450 584
1543460 586
1543470 586
1543480 590
1543490 593
1543500 592
1543510 592
1543520 590
1543530 589
1543540 589
1543550 587
1543560 589
1543570 589
1543580 593
1543590 596
1543600 596
1543610 596
1543620 595
1543630 595
1543640 595
1543650 597
1543660 602
1543670 602
1543680 607
1543690 611
1543700 611
1543710 612
1543720 612
1543730 612
1543740 612
1543750 611
1543760 611
1543770 612
1543780 613
1543790 613
1543800 613
1543810 613
1543820 613
1543830 613
1543840 614
1543850 614
1543860 614
1543870 613
1543880 611
1543890 611
1543900 605
1543910 601
1543920 601
1543930 601
1543940 604
1543950 609
1543960 609
1543970 610
1543980 613
1543990 613
1544000 615
1544010 615
1544020 615
1544030 616
1544040 616
1544050 616
1544060 616
1544070 616
1544080 616
1544090 616
1544100 617
1544110 617
1544120 617
1544130 617
1544140 616
1544150 616
1544160 615
1544170 614
1544180 614
1544190 609
1544200 611
1544210 611
1544220 615
1544230 616
1544240 616
1544250 616
1544260 617
1544270 617
1544280 617
1544290 618
1544300 618
1544310 618
1544320 619
1544330 619
1544340 619
1544350 619
1544360 620
1544370 620
1544380 620
1544390 620
1544400 621
1544410 621
1544420 621
1544430 621
1544440 621
1544450 622
1544460 622
1544470 622
1544480 623
1544490 623
1544500 623
1544510 624
1544520 624
1544530 624
1544540 624
1544550 624
1544560 624
1544570 624
1544580 624
1544590 624
1544600 624
1544610 624
1544620 624
1544630 624
1544640 625
1544650 625
1544660 625
1544670 626
1544680 626
1544690 626
1544700 627
1544710 627
1544720 627
1544730 627
1544740 628
1544750 628
1544760 628
1544770 628
1544780 629
1544790 629
1544800 629
1544810 629
1544820 629
1544830 629
1544840 629
1544850 629
1544860 629
1544870 629
1544880 629
1544890 629
1544900 629
1544910 629
1544920 629
1544930 629
1544940 629
1544950 629
1544960 629
1544970 629
1544980 629
1544990 629
1545000 630
1545010 630
1545020 630
1545030 629
1545040 629
1545050 629
1545060 629
1545070 629
1545080 629
1545090 629
1545100 628
1545110 628
1545120 625
1545130 622
1545140 622
1545150 620
1545160 619
1545170 620
1545180 620
1545190 623
1545200 625
1545210 625
1545220 625
1545230 625
1545240 625
1545250 624
1545260 621
1545270 621
1545280 618
1545290 615
1545300 615
1545310 614
1545320 614
1545330 614
1545340 614
1545350 613
1545360 612
1545370 612
1545380 612
1545390 611
1545400 611
1545410 612
1545420 612
1545430 612
1545440 612
1545450 612
1545460 612
1545470 611
1545480 611
1545490 611
1545500 611
1545510 611
1545520 610
1545530 610
1545540 608
1545550 606
1545560 606
1545570 605
1545580 603
1545590 603
1545600 602
1545610 600
1545620 600
1545630 599
1545640 598
1545650 597
1545660 597
1545670 597
1545680 597
1545690 597
1545700 596
1545710 596
1545720 596
1545730 595
1545740 594
1545750 594
1545760 593
1545770 592
1545780 592
1545790 592
1545800 591
1545810 591
1545820 591
1545830 590
1545840 590
1545850 590
1545860 589
1545870 589
1545880 589
1545890 588
1545900 587
1545910 587
1545920 587
1545930 586
1545940 586
1545950 586
1545960 586
1545970 585
1545980 585
1545990 585
1546000 585
1546010 585
1546020 585
1546030 585
1546040 585
1546050 585
1546060 585
1546070 585
1546080 585
1546090 585
1546100 585
1546110 585
1546120 585
1546130 585
1546140 585
1546150 585
1546160 585
1546170 585
1546180 585
1546190 585
1546200 585
1546210 585
1546220 586
1546230 586
1546240 586
1546250 585
1546260 585
1546270 585
1546280 584
1546290 584
1546300 584
1546310 584
1546320 585
1546330 585
1546340 586
1546350 587
1546360 587
1546370 588
1546380 589
1546390 589
1546400 590
1546410 591
1546420 591
1546430 591
1546440 592
1546450 592
1546460 592
1546470 593
1546480 594
1546490 594
1546500 594
1546510 595
1546520 595
1546530 595
1546540 595
1546550 596
1546560 596
1546570 596
1546580 596
1546590 596
1546600 595
1546610 594
1546620 594
1546630 593
1546640 594
1546650 594
1546660 595
1546670 595
1546680 595
1546690 595
1546700 595
1546710 596
1546720 596
1546730 596
1546740 596
1546750 596
1546760 596
1546770 596
1546780 596
1546790 596
1546800 596
1546810 596
1546820 597
1546830 597
1546840 597
1546850 597
1546860 596
1546870 596
1546880 596
1546890 595
1546900 595
1546910 595
1546920 595
1546930 595
1546940 595
1546950 595
1546960 594
1546970 594
1546980 593
1546990 592
1547000 592
1547010 591
1547020 591
1547030 590
1547040 590
1547050 589
1547060 589
1547070 589
1547080 588
1547090 587
1547100 587
1547110 587
1547120 587
1547130 587
1547140 586
1547150 585
1547160 585
1547170 585
1547180 584
1547190 582
1547200 582
1547210 581
1547220 580
1547230 580
1547240 580
1547250 581
1547260 581
1547270 582
1547280 581
1547290 581
1547300 579
1547310 576
1547320 573
1547330 573
1547340 570
1547350 568
1547360 568
1547370 567
1547380 566
1547390 566
1547400 566
1547410 565
1547420 565
1547430 564
1547440 564
1547450 564
1547460 564
1547470 563
1547480 563
1547490 563
1547500 562
1547510 561
1547520 561
1547530 560
1547540 560
1547550 560
1547560 560
1547570 559
1547580 559
1547590 559
1547600 560
1547610 560
1547620 561
1547630 560
1547640 559
1547650 559
1547660 559
1547670 559
1547680 559
1547690 559
1547700 559
1547710 559
1547720 560
1547730 561
1547740 561
1547750 560
1547760 560
1547770 560
1547780 559
1547790 559
1547800 558
1547810 558
1547820 557
1547830 557
1547840 557
1547850 556
1547860 556
1547870 556
1547880 556
1547890 556
1547900 556
1547910 556
1547920 556
1547930 556
1547940 556
1547950 556
1547960 556
1547970 556
1547980 556
1547990 556
1548000 556
1548010 556
1548020 556
1548030 556
1548040 556
1548050 556
1548060 556
1548070 556
1548080 556
1548090 556
1548100 556
1548110 556
1548120 556
1548130 556
1548140 556
1548150 556
1548160 556
1548170 556
1548180 556
1548190 556
1548200 556
1548210 556
1548220 556
1548230 556
1548240 556
1548250 556
1548260 556
1548270 556
1548280 556
1548290 556
1548300 556
1548310 556
1548320 556
1548330 556
1548340 556
1548350 556
1548360 556
1548370 556
1548380 556
1548390 556
1548400 556
1548410 556
1548420 556
1548430 556
1548440 556
1548450 556
1548460 556
1548470 556
1548480 556
1548490 556
1548500 555
1548510 555
1548520 555
1548530 555
1548540 555
1548550 555
1548560 555
1548570 555
1548580 555
1548590 555
1548600 555
1548610 555
1548620 555
1548630 555
1548640 555
1548650 555
1548660 555
1548670 555
1548680 555
1548690 555
1548700 555
1548710 555
1548720 555
1548730 555
1548740 555
1548750 555
1548760 555
1548770 555
1548780 555
1548790 555
1548800 555
1548810 555
1548820 555
1548830 555
1548840 555
1548850 555
1548860 555
1548870 555
1548880 555
1548890 555
1548900 555
1548910 555
1548920 554
1548930 554
1548940 554
1548950 554
1548960 554
1548970 554
1548980 554
1548990 554
1549000 554
1549010 554
1549020 554
1549030 554
1549040 554
1549050 554
1549060 554
1549070 554
1549080 554
1549090 554
1549100 554
1549110 554
1549120 554
1549130 554
1549140 554
1549150 554
1549160 554
1549170 554
1549180 554
1549190 554
1549200 554
1549210 554
1549220 554
1549230 554
1549240 554
1549250 554
1549260 554
1549270 554
1549280 554
1549290 554
1549300 554
1549310 554
1549320 554
1549330 554
1549340 554
1549350 554
1549360 554
1549370 554
1549380 554
1549390 554
1549400 554
1549410 554
1549420 554
1549430 554
1549440 554
1549450 554
1549460 554
1549470 554
1549480 554
1549490 554
1549500 554
1549510 554
1549520 554
1549530 554
1549540 554
1549550 554
1549560 554
1549570 554
1549580 554
1549590 554
1549600 554
1549610 554
1549620 554
1549630 554
1549640 554
1549650 554
1549660 554
1549670 554
1549680 554
1549690 554
1549700 554
1549710 554
1549720 554
1549730 554
1549740 554
1549750 554
1549760 554
1549770 554
1549780 554
1549790 554
1549800 554
1549810 554
1549820 554
1549830 554
1549840 554
1549850 554
1549860 554
1549870 554
1549880 554
1549890 554
1549900 554
1549910 554
1549920 554
1549930 554
1549940 554
1549950 554
1549960 554
1549970 554
1549980 554
1549990 554
1550000 554
1550010 554
1550020 554
1550030 554
1550040 554
1550050 554
1550060 554
1550070 554
1550080 554
1550090 554
1550100 554
1550110 554
1550120 554
1550130 554
1550140 554
1550150 554
1550160 554
1550170 554
1550180 554
1550190 554
1550200 554
1550210 554
1550220 554
1550230 554
1550240 554
1550250 554
1550260 554
1550270 554
1550280 554
1550290 554
1550300 554
1550310 554
1550320 554
1550330 554
1550340 554
1550350 554
1550360 554
1550370 554
1550380 554
1550390 554
1550400 554
1550410 554
1550420 554
1550430 554
1550440 554
1550450 554
1550460 554
1550470 554
1550480 554
1550490 554
1550500 554
1550510 554
1550520 554
1550530 554
1550540 554
1550550 554
1550560 554
1550570 554
1550580 554
1550590 554
1550600 554
1550610 554
1550620 554
1550630 554
1550640 554
1550650 554
1550660 554
1550670 554
1550680 554
1550690 554
1550700 554
1550710 554
1550720 554
1550730 554
1550740 554
1550750 554
1550760 554
1550770 554
1550780 554
1550790 554
1550800 554
1550810 554
1550820 554
1550830 554
1550840 554
1550850 554
1550860 554
1550870 554
1550880 554
1550890 554
1550900 554
1550910 554
1550920 554
1550930 554
1550940 554
1550950 554
1550960 554
1550970 554
1550980 554
1550990 554
1551000 554
1551010 554
1551020 554
1551030 554
1551040 554
1551050 554
1551060 554
1551070 555
1551080 555
1551090 556
1551100 561
1551110 561
1551120 564
1551130 567
1551140 567
1551150 569
1551160 572
1551170 575
1551180 575
1551190 578
1551200 580
1551210 580
1551220 582
1551230 583
1551240 583
1551250 585
1551260 587
1551270 587
1551280 588
1551290 589
1551300 589
1551310 591
1551320 592
1551330 594
1551340 594
1551350 596
1551360 598
1551370 598
1551380 600
1551390 602
1551400 602
1551410 604
1551420 606
1551430 606
1551440 610
1551450 614
1551460 617
1551470 617
1551480 621
1551490 624
1551500 624
1551510 627
1551520 632
1551530 632
1551540 638
1551550 644
1551560 644
1551570 648
1551580 654
1551590 654
1551600 662
1551610 669
1551620 675
1551630 675
1551640 682
1551650 688
1551660 688
1551670 699
1551680 708
1551690 708
1551700 712
1551710 715
1551720 715
1551730 715
1551740 717
1551750 717
1551760 717
1551770 715
1551780 713
1551790 713
1551800 713
1551810 714
1551820 714
1551830 713
1551840 712
1551850 712
1551860 710
1551870 708
1551880 708
1551890 707
1551900 707
1551910 707
1551920 705
1551930 704
1551940 703
1551950 703
1551960 702
1551970 701
1551980 701
1551990 702
1552000 702
1552010 702
1552020 703
1552030 704
1552040 704
1552050 707
1552060 710
1552070 710
1552080 713
1552090 714
1552100 715
1552110 715
1552120 714
1552130 712
1552140 712
1552150 709
1552160 705
1552170 705
1552180 701
1552190 698
1552200 698
1552210 694
1552220 691
1552230 690
1552240 690
1552250 688
1552260 687
1552270 687
1552280 687
1552290 686
1552300 686
1552310 685
1552320 683
1552330 683
1552340 682
1552350 680
1552360 680
1552370 678
1552380 677
1552390 675
1552400 675
1552410 673
1552420 671
1552430 671
1552440 670
1552450 668
1552460 668
1552470 667
1552480 665
1552490 665
1552500 663
1552510 662
1552520 662
1552530 660
1552540 658
1552550 657
1552560 657
1552570 655
1552580 654
1552590 654
1552600 652
1552610 651
1552620 648
1552630 647
1552640 646
1552650 646
1552660 645
1552670 643
1552680 643
1552690 642
1552700 641
1552710 640
1552720 640
1552730 640
1552740 639
1552750 639
1552760 638
1552770 637
1552780 637
1552790 636
1552800 635
1552810 635
1552820 633
1552830 631
1552840 630
1552850 630
1552860 628
1552870 627
1552880 627
1552890 626
1552900 625
1552910 625
1552920 624
1552930 623
1552940 623
1552950 622
1552960 621
1552970 621
1552980 620
1552990 619
1553000 618
1553010 618
1553020 617
1553030 615
1553040 615
1553050 614
1553060 613
1553070 613
1553080 612
1553090 611
1553100 611
1553110 611
1553120 610
1553130 610
1553140 609
1553150 609
1553160 608
1553170 608
1553180 608
1553190 607
1553200 607
1553210 607
1553220 606
1553230 606
1553240 605
1553250 603
1553260 603
1553270 601
1553280 599
1553290 599
1553300 598
1553310 598
1553320 597
1553330 597
1553340 596
1553350 593
1553360 593
1553370 591
1553380 590
1553390 590
1553400 589
1553410 588
1553420 588
1553430 588
1553440 587
1553450 587
1553460 587
1553470 586
1553480 586
1553490 586
1553500 585
1553510 585
1553520 585
1553530 584
1553540 582
1553550 582
1553560 581
1553570 580
1553580 580
1553590 579
1553600 578
1553610 577
1553620 577
1553630 577
1553640 576
1553650 576
1553660 575
1553670 574
1553680 574
1553690 573
1553700 573
1553710 573
1553720 573
1553730 572
1553740 572
1553750 572
1553760 571
1553770 571
1553780 571
1553790 571
1553800 571
1553810 571
1553820 570
1553830 570
1553840 570
1553850 570
1553860 570
1553870 570
1553880 569
1553890 569
1553900 569
1553910 569
1553920 568
1553930 569
1553940 569
1553950 569
1553960 570
1553970 570
1553980 572
1553990 574
1554000 574
1554010 576
1554020 576
1554030 576
1554040 576
1554050 575
1554060 575
1554070 575
1554080 575
1554090 577
1554100 577
1554110 580
1554120 583
1554130 583
1554140 585
1554150 589
1554160 589
1554170 592
1554180 593
1554190 593
1554200 593
1554210 594
1554220 595
1554230 595
1554240 596
1554250 598
1554260 598
1554270 600
1554280 601
1554290 601
1554300 599
1554310 597
1554320 597
1554330 593
1554340 591
1554350 591
1554360 590
1554370 589
1554380 589
1554390 589
1554400 590
1554410 591
1554420 591
1554430 591
1554440 598
1554450 598
1554460 599
1554470 599
1554480 599
1554490 599
1554500 600
1554510 600
1554520 600
1554530 601
1554540 602
1554550 602
1554560 602
1554570 600
1554580 600
1554590 596
1554600 592
1554610 592
1554620 590
1554630 586
1554640 586
1554650 582
1554660 579
1554670 579
1554680 576
1554690 573
1554700 571
1554710 571
1554720 569
1554730 567
1554740 567
1554750 565
1554760 562
1554770 562
1554780 560
1554790 557
1554800 557
1554810 554
1554820 551
1554830 551
1554840 548
1554850 545
1554860 542
1554870 542
1554880 539
1554890 535
1554900 535
1554910 532
1554920 528
1554930 528
1554940 525
1554950 521
1554960 521
1554970 516
1554980 511
1554990 508
1555000 508
1555010 505
1555020 502
1555030 502
1555040 499
1555050 496
1555060 496
1555070 494
1555080 493
1555090 493
1555100 492
1555110 491
1555120 491
1555130 491
1555140 490
1555150 490
1555160 490
1555170 489
1555180 489
1555190 489
1555200 489
1555210 489
1555220 489
1555230 489
1555240 489
1555250 489
1555260 489
1555270 489
1555280 489
1555290 489
1555300 489
1555310 489
1555320 489
1555330 489
1555340 489
1555350 489
1555360 488
1555370 488
1555380 488
1555390 488
1555400 488
1555410 488
1555420 488
1555430 488
1555440 488
1555450 488
1555460 488
1555470 488
1555480 488
1555490 488
1555500 488
1555510 488
1555520 488
1555530 488
1555540 488
1555550 488
1555560 488
1555570 488
1555580 488
1555590 488
1555600 488
1555610 487
1555620 487
1555630 487
1555640 487
1555650 487
1555660 487
1555670 487
1555680 487
1555690 487
1555700 487
1555710 487
1555720 487
1555730 487
1555740 487
1555750 487
1555760 487
1555770 487
1555780 487
1555790 487
1555800 487
1555810 487
1555820 486
1555830 486
1555840 486
1555850 486
1555860 486
1555870 486
1555880 486
1555890 486
1555900 486
1555910 486
1555920 486
1555930 486
1555940 486
1555950 486
1555960 486
1555970 486
1555980 486
1555990 486
1556000 486
1556010 486
1556020 486
1556030 486
1556040 486
1556050 486
1556060 486
1556070 486
1556080 486
1556090 486
1556100 486
1556110 486
1556120 486
1556130 486
1556140 486
1556150 486
1556160 487
1556170 491
1556180 491
1556190 494
1556200 496
1556210 496
1556220 494
1556230 497
1556240 499
1556250 499
1556260 503
1556270 505
1556280 505
1556290 506
1556300 504
1556310 504
1556320 499
1556330 497
1556340 497
1556350 496
1556360 496
1556370 496
1556380 495
1556390 496
1556400 496
1556410 496
1556420 495
1556430 495
1556440 495
1556450 494
1556460 493
1556470 493
1556480 493
1556490 493
1556500 493
1556510 493
1556520 494
1556530 494
1556540 494
1556550 495
1556560 497
1556570 497
1556580 499
1556590 501
1556600 501
1556610 502
1556620 502
1556630 502
1556640 502
1556650 503
1556660 503
1556670 503
1556680 504
1556690 504
1556700 504
1556710 504
1556720 503
1556730 503
1556740 503
1556750 502
1556760 502
1556770 500
1556780 500
1556790 500
1556800 499
1556810 499
1556820 499
1556830 498
1556840 497
1556850 496
1556860 496
1556870 495
1556880 493
1556890 493
1556900 493
1556910 492
1556920 492
1556930 492
1556940 493
1556950 493
1556960 494
1556970 494
1556980 494
1556990 493
1557000 492
1557010 489
1557020 489
1557030 488
1557040 487
1557050 487
1557060 486
1557070 485
1557080 485
1557090 485
1557100 485
1557110 485
1557120 485
1557130 485
1557140 486
1557150 486
1557160 486
1557170 487
1557180 487
1557190 487
1557200 487
1557210 487
1557220 488
1557230 488
1557240 488
1557250 488
1557260 488
1557270 488
1557280 488
1557290 489
1557300 489
1557310 489
1557320 489
1557330 489
1557340 489
1557350 489
1557360 488
1557370 488
1557380 487
1557390 486
1557400 486
1557410 485
1557420 489
1557430 489
1557440 494
1557450 499
1557460 500
1557470 500
1557480 499
1557490 498
1557500 498
1557510 498
1557520 498
1557530 498
1557540 496
1557550 494
1557560 494
1557570 493
1557580 493
1557590 493
1557600 494
1557610 495
1557620 496
1557630 496
1557640 498
1557650 499
1557660 499
1557670 501
1557680 503
1557690 503
1557700 506
1557710 508
1557720 508
1557730 510
1557740 512
1557750 512
1557760 514
1557770 516
1557780 517
1557790 517
1557800 519
1557810 520
1557820 520
1557830 521
1557840 522
1557850 522
1557860 523
1557870 524
1557880 524
1557890 524
1557900 524
1557910 525
1557920 525
1557930 525
1557940 525
1557950 527
1557960 528
1557970 529
1557980 529
1557990 527
1558000 526
1558010 526
1558020 525
1558030 526
1558040 526
1558050 526
1558060 526
1558070 528
1558080 528
1558090 528
1558100 528
1558110 528
1558120 529
1558130 530
1558140 530
1558150 530
1558160 531
1558170 531
1558180 529
1558190 527
1558200 527
1558210 522
1558220 521
1558230 521
1558240 521
1558250 521
1558260 522
1558270 522
1558280 523
1558290 523
1558300 523
1558310 523
1558320 522
1558330 522
1558340 523
1558350 527
1558360 527
1558370 531
1558380 534
1558390 535
1558400 535
1558410 537
1558420 538
1558430 538
1558440 540
1558450 540
1558460 540
1558470 539
1558480 538
1558490 538
1558500 536
1558510 534
1558520 534
1558530 532
1558540 531
1558550 531
1558560 531
1558570 532
1558580 534
1558590 534
1558600 536
1558610 537
1558620 537
1558630 537
1558640 537
1558650 537
1558660 536
1558670 535
1558680 533
1558690 533
1558700 528
1558710 530
1558720 530
1558730 533
1558740 536
1558750 536
1558760 537
1558770 536
1558780 536
1558790 535
1558800 534
1558810 534
1558820 535
1558830 536
1558840 538
1558850 538
1558860 539
1558870 540
1558880 540
1558890 539
1558900 538
1558910 538
1558920 535
1558930 533
1558940 533
1558950 533
1558960 533
1558970 533
1558980 532
1558990 532
1559000 531
1559010 531
1559020 530
1559030 529
1559040 529
1559050 527
1559060 526
1559070 526
1559080 526
1559090 527
1559100 527
1559110 530
1559120 533
1559130 533
1559140 536
1559150 539
1559160 540
1559170 540
1559180 539
1559190 538
1559200 538
1559210 538
1559220 538
1559230 538
1559240 539
1559250 539
1559260 539
1559270 540
1559280 541
1559290 541
1559300 544
1559310 545
1559320 544
1559330 544
1559340 544
1559350 544
1559360 544
1559370 543
1559380 543
1559390 543
1559400 543
1559410 542
1559420 542
1559430 541
1559440 541
1559450 540
1559460 540
1559470 540
1559480 540
1559490 540
1559500 539
1559510 537
1559520 537
1559530 537
1559540 539
1559550 539
1559560 541
1559570 542
1559580 542
1559590 541
1559600 539
1559610 538
1559620 538
1559630 537
1559640 536
1559650 533
1559660 530
1559670 527
1559680 527
1559690 525
1559700 522
1559710 522
1559720 522
1559730 521
1559740 521
1559750 521
1559760 521
1559770 522
1559780 522
1559790 522
1559800 522
1559810 522
1559820 523
1559830 524
1559840 524
1559850 525
1559860 524
1559870 524
1559880 522
1559890 520
1559900 520
1559910 518
1559920 515
1559930 513
1559940 513
1559950 512
1559960 509
1559970 509
1559980 506
1559990 502
