1540000 519
1540010 519
1540020 519
1540030 519
1540040 519
1540050 519
1540060 519
1540070 519
1540080 519
1540090 519
1540100 519
1540110 519
1540120 519
1540130 519
1540140 519
1540150 519
1540160 519
1540170 519
1540180 518
1540190 518
1540200 515
1540210 514
1540220 514
1540230 514
1540240 511
1540250 511
1540260 504
1540270 502
1540280 502
1540290 501
1540300 501
1540310 501
1540320 501
1540330 501
1540340 501
1540350 501
1540360 501
1540370 501
1540380 501
1540390 501
1540400 501
1540410 501
1540420 501
1540430 501
1540440 501
1540450 501
1540460 501
1540470 501
1540480 501
1540490 501
1540500 500
1540510 500
1540520 500
1540530 500
1540540 500
1540550 500
1540560 500
1540570 500
1540580 500
1540590 500
1540600 500
1540610 500
1540620 500
1540630 500
1540640 500
1540650 500
1540660 500
1540670 500
1540680 500
1540690 499
1540700 499
1540710 499
1540720 499
1540730 499
1540740 499
1540750 499
1540760 499
1540770 498
1540780 498
1540790 498
1540800 498
1540810 497
1540820 496
1540830 496
1540840 496
1540850 497
1540860 497
1540870 497
1540880 495
1540890 495
1540900 495
1540910 494
1540920 494
1540930 494
1540940 494
1540950 494
1540960 494
1540970 494
1540980 494
1540990 494
1541000 494
1541010 494
1541020 494
1541030 494
1541040 494
1541050 494
1541060 494
1541070 494
1541080 494
1541090 494
1541100 494
1541110 493
1541120 493
1541130 493
1541140 492
1541150 492
1541160 492
1541170 492
1541180 492
1541190 492
1541200 492
1541210 492
1541220 492
1541230 492
1541240 492
1541250 492
1541260 492
1541270 493
1541280 493
1541290 493
1541300 493
1541310 493
1541320 494
1541330 494
1541340 494
1541350 494
1541360 494
1541370 494
1541380 494
1541390 494
1541400 494
1541410 494
1541420 494
1541430 494
1541440 494
1541450 494
1541460 494
1541470 494
1541480 494
1541490 494
1541500 494
1541510 494
1541520 493
1541530 493
1541540 493
1541550 493
1541560 493
1541570 493
1541580 492
1541590 492
1541600 492
1541610 492
1541620 492
1541630 492
1541640 492
1541650 492
1541660 492
1541670 492
1541680 492
1541690 492
1541700 491
1541710 491
1541720 491
1541730 491
1541740 491
1541750 491
1541760 491
1541770 491
1541780 491
1541790 491
1541800 491
1541810 491
1541820 491
1541830 491
1541840 491
1541850 491
1541860 492
1541870 493
1541880 491
1541890 491
1541900 491
1541910 491
1541920 491
1541930 491
1541940 491
1541950 491
1541960 491
1541970 491
1541980 491
1541990 491
1542000 491
1542010 491
1542020 491
1542030 491
1542040 491
1542050 491
1542060 491
1542070 490
1542080 490
1542090 490
1542100 491
1542110 491
1542120 491
1542130 491
1542140 491
1542150 491
1542160 491
1542170 491
1542180 491
1542190 491
1542200 491
1542210 491
1542220 491
1542230 491
1542240 491
1542250 491
1542260 491
1542270 491
1542280 491
1542290 491
1542300 491
1542310 491
1542320 490
1542330 490
1542340 490
1542350 490
1542360 490
1542370 490
1542380 490
1542390 490
1542400 490
1542410 490
1542420 490
1542430 490
1542440 490
1542450 490
1542460 490
1542470 490
1542480 490
1542490 490
1542500 490
1542510 490
1542520 491
1542530 491
1542540 491
1542550 491
1542560 491
1542570 490
1542580 490
1542590 490
1542600 490
1542610 490
1542620 490
1542630 490
1542640 490
1542650 490
1542660 490
1542670 490
1542680 490
1542690 490
1542700 490
1542710 490
1542720 490
1542730 490
1542740 490
1542750 490
1542760 490
1542770 490
1542780 490
1542790 489
1542800 488
1542810 488
1542820 488
1542830 488
1542840 488
1542850 488
1542860 488
1542870 488
1542880 488
1542890 489
1542900 489
1542910 489
1542920 489
1542930 489
1542940 489
1542950 489
1542960 489
1542970 489
1542980 489
1542990 489
1543000 489
1543010 489
1543020 489
1543030 489
1543040 489
1543050 488
1543060 488
1543070 488
1543080 488
1543090 488
1543100 488
1543110 488
1543120 488
1543130 488
1543140 488
1543150 488
1543160 488
1543170 488
1543180 488
1543190 488
1543200 488
1543210 488
1543220 488
1543230 488
1543240 488
1543250 488
1543260 488
1543270 488
1543280 488
1543290 488
1543300 488
1543310 488
1543320 488
1543330 488
1543340 488
1543350 488
1543360 488
1543370 488
1543380 488
1543390 488
1543400 488
1543410 488
1543420 488
1543430 488
1543440 488
1543450 488
1543460 488
1543470 488
1543480 488
1543490 488
1543500 488
1543510 488
1543520 488
1543530 488
1543540 488
1543550 488
1543560 488
1543570 487
1543580 487
1543590 487
1543600 488
1543610 487
1543620 487
1543630 488
1543640 488
1543650 488
1543660 488
1543670 489
1543680 489
1543690 489
1543700 489
1543710 489
1543720 489
1543730 488
1543740 488
1543750 488
1543760 488
1543770 488
1543780 488
1543790 488
1543800 488
1543810 488
1543820 487
1543830 487
1543840 487
1543850 487
1543860 487
1543870 487
1543880 487
1543890 487
1543900 487
1543910 487
1543920 487
1543930 487
1543940 487
1543950 488
1543960 488
1543970 488
1543980 488
1543990 488
1544000 488
1544010 488
1544020 487
1544030 487
1544040 487
1544050 488
1544060 488
1544070 488
1544080 488
1544090 488
1544100 488
1544110 488
1544120 488
1544130 488
1544140 488
1544150 488
1544160 488
1544170 488
1544180 488
1544190 488
1544200 488
1544210 488
1544220 488
1544230 488
1544240 488
1544250 488
1544260 488
1544270 488
1544280 488
1544290 488
1544300 488
1544310 489
1544320 489
1544330 490
1544340 490
1544350 490
1544360 490
1544370 489
1544380 488
1544390 488
1544400 488
1544410 487
1544420 487
1544430 486
1544440 485
1544450 485
1544460 485
1544470 485
1544480 485
1544490 485
1544500 485
1544510 486
1544520 486
1544530 487
1544540 488
1544550 488
1544560 488
1544570 489
1544580 489
1544590 490
1544600 491
1544610 491
1544620 491
1544630 491
1544640 491
1544650 491
1544660 492
1544670 492
1544680 492
1544690 493
1544700 494
1544710 494
1544720 494
1544730 495
1544740 495
1544750 495
1544760 496
1544770 496
1544780 496
1544790 497
1544800 497
1544810 497
1544820 497
1544830 498
1544840 498
1544850 500
1544860 501
1544870 501
1544880 501
1544890 501
1544900 501
1544910 502
1544920 502
1544930 502
1544940 502
1544950 504
1544960 504
1544970 504
1544980 505
1544990 506
1545000 506
1545010 506
1545020 507
1545030 507
1545040 507
1545050 506
1545060 506
1545070 504
1545080 503
1545090 503
1545100 503
1545110 503
1545120 503
1545130 502
1545140 501
1545150 501
1545160 501
1545170 502
1545180 503
1545190 503
1545200 505
1545210 506
1545220 506
1545230 506
1545240 506
1545250 506
1545260 506
1545270 507
1545280 507
1545290 507
1545300 507
1545310 507
1545320 507
1545330 507
1545340 507
1545350 507
1545360 507
1545370 506
1545380 506
1545390 506
1545400 506
1545410 506
1545420 506
1545430 506
1545440 506
1545450 506
1545460 506
1545470 505
1545480 505
1545490 505
1545500 505
1545510 505
1545520 504
1545530 504
1545540 504
1545550 503
1545560 503
1545570 503
1545580 503
1545590 502
1545600 502
1545610 502
1545620 501
1545630 499
1545640 499
1545650 498
1545660 499
1545670 499
1545680 499
1545690 499
1545700 499
1545710 500
1545720 500
1545730 500
1545740 501
1545750 502
1545760 503
1545770 503
1545780 503
1545790 504
1545800 504
1545810 504
1545820 505
1545830 505
1545840 505
1545850 507
1545860 507
1545870 507
1545880 507
1545890 507
1545900 508
1545910 510
1545920 512
1545930 512
1545940 515
1545950 516
1545960 516
1545970 516
1545980 516
1545990 516
1546000 516
1546010 517
1546020 517
1546030 518
1546040 519
1546050 519
1546060 520
1546070 520
1546080 519
1546090 519
1546100 517
1546110 516
1546120 516
1546130 516
1546140 516
1546150 516
1546160 519
1546170 522
1546180 522
1546190 523
1546200 523
1546210 523
1546220 523
1546230 523
1546240 524
1546250 524
1546260 524
1546270 524
1546280 524
1546290 523
1546300 523
1546310 523
1546320 523
1546330 524
1546340 524
1546350 524
1546360 525
1546370 525
1546380 525
1546390 525
1546400 526
1546410 526
1546420 526
1546430 527
1546440 527
1546450 527
1546460 527
1546470 527
1546480 528
1546490 528
1546500 528
1546510 528
1546520 528
1546530 528
1546540 528
1546550 528
1546560 529
1546570 529
1546580 529
1546590 530
1546600 530
1546610 530
1546620 531
1546630 531
1546640 531
1546650 532
1546660 532
1546670 531
1546680 530
1546690 530
1546700 530
1546710 530
1546720 532
1546730 532
1546740 534
1546750 537
1546760 535
1546770 537
1546780 537
1546790 537
1546800 537
1546810 538
1546820 538
1546830 539
1546840 540
1546850 541
1546860 541
1546870 542
1546880 542
1546890 542
1546900 542
1546910 543
1546920 543
1546930 543
1546940 543
1546950 543
1546960 543
1546970 544
1546980 544
1546990 544
1547000 545
1547010 544
1547020 544
1547030 544
1547040 543
1547050 543
1547060 541
1547070 539
1547080 539
1547090 538
1547100 538
1547110 538
1547120 537
1547130 537
1547140 537
1547150 537
1547160 534
1547170 531
1547180 531
1547190 530
1547200 530
1547210 530
1547220 534
1547230 535
1547240 535
1547250 533
1547260 530
1547270 530
1547280 526
1547290 525
1547300 525
1547310 525
1547320 524
1547330 525
1547340 525
1547350 525
1547360 525
1547370 525
1547380 525
1547390 525
1547400 525
1547410 525
1547420 526
1547430 526
1547440 528
1547450 530
1547460 532
1547470 532
1547480 533
1547490 533
1547500 533
1547510 532
1547520 528
1547530 528
1547540 527
1547550 532
1547560 532
1547570 535
1547580 537
1547590 537
1547600 538
1547610 539
1547620 540
1547630 540
1547640 541
1547650 542
1547660 542
1547670 543
1547680 545
1547690 545
1547700 547
1547710 548
1547720 548
1547730 549
1547740 551
1547750 551
1547760 552
1547770 553
1547780 553
1547790 553
1547800 553
1547810 551
1547820 551
1547830 551
1547840 553
1547850 553
1547860 555
1547870 555
1547880 555
1547890 556
1547900 555
1547910 555
1547920 555
1547930 555
1547940 555
1547950 555
1547960 555
1547970 555
1547980 555
1547990 552
1548000 547
1548010 547
1548020 542
1548030 539
1548040 539
1548050 536
1548060 536
1548070 536
1548080 542
1548090 547
1548100 551
1548110 551
1548120 550
1548130 546
1548140 546
1548150 540
1548160 535
1548170 535
1548180 540
1548190 546
1548200 546
1548210 550
1548220 550
1548230 550
1548240 550
1548250 548
1548260 547
1548270 547
1548280 547
1548290 548
1548300 548
1548310 550
1548320 553
1548330 553
1548340 554
1548350 554
1548360 554
1548370 553
1548380 553
1548390 552
1548400 552
1548410 552
1548420 552
1548430 552
1548440 552
1548450 552
1548460 552
1548470 553
1548480 555
1548490 555
1548500 558
1548510 559
1548520 559
1548530 560
1548540 562
1548550 563
1548560 563
1548570 564
1548580 565
1548590 565
1548600 566
1548610 566
1548620 566
1548630 566
1548640 565
1548650 565
1548660 565
1548670 565
1548680 565
1548690 565
1548700 565
1548710 564
1548720 564
1548730 564
1548740 564
1548750 564
1548760 564
1548770 564
1548780 564
1548790 564
1548800 564
1548810 564
1548820 564
1548830 563
1548840 563
1548850 563
1548860 563
1548870 563
1548880 563
1548890 563
1548900 563
1548910 563
1548920 563
1548930 563
1548940 563
1548950 563
1548960 563
1548970 563
1548980 563
1548990 563
1549000 563
1549010 563
1549020 563
1549030 564
1549040 564
1549050 564
1549060 563
1549070 563
1549080 563
1549090 564
1549100 564
1549110 564
1549120 563
1549130 563
1549140 563
1549150 562
1549160 562
1549170 562
1549180 562
1549190 562
1549200 562
1549210 562
1549220 562
1549230 562
1549240 562
1549250 562
1549260 562
1549270 562
1549280 562
1549290 562
1549300 562
1549310 562
1549320 562
1549330 562
1549340 562
1549350 561
1549360 561
1549370 561
1549380 561
1549390 561
1549400 560
1549410 560
1549420 560
1549430 560
1549440 560
1549450 560
1549460 560
1549470 559
1549480 559
1549490 559
1549500 558
1549510 558
1549520 558
1549530 558
1549540 557
1549550 557
1549560 557
1549570 557
1549580 557
1549590 557
1549600 557
1549610 557
1549620 557
1549630 556
1549640 556
1549650 556
1549660 556
1549670 557
1549680 557
1549690 560
1549700 560
1549710 560
1549720 560
1549730 561
1549740 561
1549750 561
1549760 561
1549770 561
1549780 560
1549790 559
1549800 559
1549810 559
1549820 560
1549830 559
1549840 559
1549850 558
1549860 556
1549870 556
1549880 553
1549890 551
1549900 551
1549910 548
1549920 547
1549930 547
1549940 546
1549950 546
1549960 546
1549970 546
1549980 546
1549990 545
1550000 545
1550010 544
1550020 543
1550030 543
1550040 542
1550050 541
1550060 541
1550070 541
1550080 541
1550090 541
1550100 541
1550110 542
1550120 543
1550130 543
1550140 544
1550150 545
1550160 545
1550170 547
1550180 548
1550190 548
1550200 548
1550210 548
1550220 548
1550230 549
1550240 549
1550250 550
1550260 550
1550270 550
1550280 550
1550290 550
1550300 550
1550310 549
1550320 549
1550330 549
1550340 549
1550350 549
1550360 547
1550370 546
1550380 546
1550390 547
1550400 547
1550410 548
1550420 548
1550430 547
1550440 546
1550450 546
1550460 545
1550470 544
1550480 544
1550490 543
1550500 541
1550510 541
1550520 540
1550530 539
1550540 539
1550550 539
1550560 538
1550570 537
1550580 537
1550590 536
1550600 536
1550610 536
1550620 537
1550630 537
1550640 537
1550650 537
1550660 536
1550670 536
1550680 537
1550690 532
1550700 532
1550710 529
1550720 529
1550730 527
1550740 527
1550750 525
1550760 524
1550770 524
1550780 524
1550790 523
1550800 523
1550810 522
1550820 522
1550830 522
1550840 521
1550850 521
1550860 521
1550870 521
1550880 522
1550890 523
1550900 523
1550910 523
1550920 524
1550930 524
1550940 524
1550950 525
1550960 525
1550970 526
1550980 527
1550990 527
1551000 528
1551010 529
1551020 529
1551030 530
1551040 532
1551050 535
1551060 535
1551070 537
1551080 538
1551090 538
1551100 538
1551110 539
1551120 539
1551130 539
1551140 537
1551150 537
1551160 531
1551170 526
1551180 526
1551190 520
1551200 515
1551210 508
1551220 508
1551230 505
1551240 504
1551250 504
1551260 504
1551270 505
1551280 505
1551290 506
1551300 510
1551310 510
1551320 514
1551330 520
1551340 523
1551350 523
1551360 521
1551370 518
1551380 518
1551390 514
1551400 512
1551410 512
1551420 510
1551430 508
1551440 508
1551450 506
1551460 504
1551470 504
1551480 503
1551490 501
1551500 500
1551510 500
1551520 499
1551530 498
1551540 498
1551550 497
1551560 497
1551570 497
1551580 496
1551590 496
1551600 496
1551610 496
1551620 495
1551630 495
1551640 495
1551650 495
1551660 495
1551670 495
1551680 494
1551690 494
1551700 494
1551710 494
1551720 494
1551730 494
1551740 494
1551750 493
1551760 493
1551770 492
1551780 492
1551790 492
1551800 491
1551810 490
1551820 490
1551830 490
1551840 490
1551850 489
1551860 489
1551870 488
1551880 487
1551890 487
1551900 487
1551910 487
1551920 487
1551930 486
1551940 486
1551950 486
1551960 486
1551970 486
1551980 486
1551990 486
1552000 486
1552010 485
1552020 485
1552030 485
1552040 485
1552050 485
1552060 485
1552070 485
1552080 485
1552090 485
1552100 485
1552110 485
1552120 485
1552130 485
1552140 485
1552150 485
1552160 485
1552170 485
1552180 485
1552190 485
1552200 485
1552210 485
1552220 485
1552230 485
1552240 485
1552250 485
1552260 485
1552270 485
1552280 485
1552290 485
1552300 485
1552310 485
1552320 485
1552330 485
1552340 485
1552350 485
1552360 485
1552370 485
1552380 485
1552390 485
1552400 485
1552410 485
1552420 485
1552430 485
1552440 485
1552450 485
1552460 485
1552470 485
1552480 485
1552490 485
1552500 485
1552510 485
1552520 486
1552530 486
1552540 490
1552550 493
1552560 493
1552570 493
1552580 493
1552590 493
1552600 493
1552610 493
1552620 493
1552630 493
1552640 493
1552650 493
1552660 493
1552670 493
1552680 493
1552690 493
1552700 494
1552710 494
1552720 494
1552730 494
1552740 491
1552750 487
1552760 487
1552770 486
1552780 484
1552790 484
1552800 481
1552810 479
1552820 479
1552830 479
1552840 479
1552850 479
1552860 479
1552870 479
1552880 479
1552890 479
1552900 479
1552910 479
1552920 479
1552930 479
1552940 479
1552950 479
1552960 479
1552970 479
1552980 479
1552990 479
1553000 479
1553010 479
1553020 479
1553030 479
1553040 479
1553050 479
1553060 479
1553070 479
1553080 479
1553090 479
1553100 479
1553110 479
1553120 479
1553130 479
1553140 479
1553150 479
1553160 479
1553170 479
1553180 479
1553190 481
1553200 481
1553210 481
1553220 479
1553230 479
1553240 479
1553250 479
1553260 479
1553270 479
1553280 479
1553290 479
1553300 479
1553310 479
1553320 481
1553330 481
1553340 482
1553350 485
1553360 488
1553370 488
1553380 492
1553390 496
1553400 496
1553410 498
1553420 499
1553430 499
1553440 499
1553450 499
1553460 499
1553470 500
1553480 501
1553490 501
1553500 501
1553510 502
1553520 502
1553530 502
1553540 502
1553550 502
1553560 502
1553570 502
1553580 502
1553590 502
1553600 502
1553610 503
1553620 503
1553630 504
1553640 505
1553650 505
1553660 505
1553670 506
1553680 507
1553690 507
1553700 508
1553710 509
1553720 509
1553730 509
1553740 510
1553750 510
1553760 510
1553770 512
1553780 512
1553790 513
1553800 513
1553810 513
1553820 513
1553830 513
1553840 514
1553850 514
1553860 514
1553870 514
1553880 514
1553890 514
1553900 514
1553910 514
1553920 513
1553930 506
1553940 506
1553950 507
1553960 509
1553970 509
1553980 508
1553990 508
1554000 512
1554010 512
1554020 516
1554030 515
1554040 515
1554050 515
1554060 515
1554070 515
1554080 515
1554090 515
1554100 515
1554110 516
1554120 516
1554130 516
1554140 516
1554150 516
1554160 517
1554170 517
1554180 517
1554190 518
1554200 518
1554210 518
1554220 518
1554230 518
1554240 518
1554250 518
1554260 518
1554270 518
1554280 519
1554290 519
1554300 521
1554310 520
1554320 520
1554330 520
1554340 521
1554350 521
1554360 521
1554370 522
1554380 521
1554390 525
1554400 526
1554410 527
1554420 527
1554430 528
1554440 529
1554450 531
1554460 531
1554470 533
1554480 535
1554490 535
1554500 538
1554510 541
1554520 541
1554530 544
1554540 546
1554550 546
1554560 546
1554570 546
1554580 546
1554590 546
1554600 545
1554610 545
1554620 545
1554630 545
1554640 545
1554650 545
1554660 544
1554670 544
1554680 544
1554690 543
1554700 541
1554710 541
1554720 540
1554730 538
1554740 538
1554750 537
1554760 536
1554770 536
1554780 536
1554790 535
1554800 533
1554810 533
1554820 533
1554830 532
1554840 532
1554850 532
1554860 532
1554870 532
1554880 532
1554890 533
1554900 533
1554910 532
1554920 532
1554930 532
1554940 532
1554950 533
1554960 533
1554970 533
1554980 533
1554990 533
1555000 533
1555010 533
1555020 533
1555030 533
1555040 533
1555050 533
1555060 533
1555070 532
1555080 532
1555090 532
1555100 532
1555110 532
1555120 532
1555130 532
1555140 532
1555150 532
1555160 532
1555170 531
1555180 531
1555190 531
1555200 531
1555210 530
1555220 530
1555230 530
1555240 530
1555250 530
1555260 530
1555270 530
1555280 529
1555290 529
1555300 529
1555310 529
1555320 529
1555330 529
1555340 528
1555350 528
1555360 526
1555370 524
1555380 523
1555390 523
1555400 522
1555410 517
1555420 517
1555430 512
1555440 507
1555450 507
1555460 504
1555470 502
1555480 502
1555490 502
1555500 503
1555510 503
1555520 506
1555530 509
1555540 514
1555550 514
1555560 516
1555570 515
1555580 515
1555590 516
1555600 518
1555610 518
1555620 521
1555630 521
1555640 521
1555650 522
1555660 524
1555670 524
1555680 528
1555690 531
1555700 536
1555710 536
1555720 540
1555730 541
1555740 541
1555750 541
1555760 542
1555770 542
1555780 542
1555790 542
1555800 542
1555810 542
1555820 542
1555830 542
1555840 542
1555850 542
1555860 542
1555870 542
1555880 543
1555890 543
1555900 543
1555910 543
1555920 543
1555930 543
1555940 543
1555950 543
1555960 543
1555970 543
1555980 543
1555990 543
1556000 543
1556010 543
1556020 542
1556030 542
1556040 542
1556050 541
1556060 541
1556070 541
1556080 540
1556090 540
1556100 539
1556110 539
1556120 539
1556130 539
1556140 538
1556150 538
1556160 538
1556170 538
1556180 538
1556190 538
1556200 538
1556210 537
1556220 537
1556230 537
1556240 535
1556250 535
1556260 532
1556270 531
1556280 531
1556290 532
1556300 534
1556310 534
1556320 534
1556330 534
1556340 534
1556350 534
1556360 534
1556370 534
1556380 534
1556390 534
1556400 533
1556410 533
1556420 533
1556430 533
1556440 533
1556450 533
1556460 532
1556470 532
1556480 532
1556490 532
1556500 531
1556510 531
1556520 531
1556530 531
1556540 531
1556550 531
1556560 530
1556570 530
1556580 530
1556590 530
1556600 530
1556610 530
1556620 530
1556630 530
1556640 530
1556650 530
1556660 530
1556670 530
1556680 530
1556690 530
1556700 530
1556710 530
1556720 529
1556730 529
1556740 529
1556750 529
1556760 529
1556770 529
1556780 528
1556790 528
1556800 528
1556810 527
1556820 527
1556830 527
1556840 526
1556850 526
1556860 526
1556870 526
1556880 525
1556890 525
1556900 525
1556910 525
1556920 525
1556930 524
1556940 524
1556950 523
1556960 523
1556970 523
1556980 522
1556990 522
1557000 522
1557010 522
1557020 522
1557030 521
1557040 521
1557050 521
1557060 521
1557070 520
1557080 520
1557090 520
1557100 520
1557110 520
1557120 520
1557130 519
1557140 519
1557150 519
1557160 519
1557170 519
1557180 519
1557190 518
1557200 518
1557210 518
1557220 517
1557230 516
1557240 516
1557250 516
1557260 515
1557270 514
1557280 514
1557290 514
1557300 513
1557310 513
1557320 513
1557330 513
1557340 513
1557350 511
1557360 511
1557370 511
1557380 510
1557390 509
1557400 509
1557410 509
1557420 508
1557430 508
1557440 508
1557450 507
1557460 507
1557470 507
1557480 507
1557490 507
1557500 507
1557510 507
1557520 507
1557530 507
1557540 507
1557550 507
1557560 507
1557570 507
1557580 506
1557590 506
1557600 506
1557610 506
1557620 507
1557630 507
1557640 507
1557650 506
1557660 506
1557670 505
1557680 505
1557690 505
1557700 505
1557710 504
1557720 504
1557730 504
1557740 503
1557750 503
1557760 503
1557770 502
1557780 502
1557790 502
1557800 502
1557810 502
1557820 502
1557830 502
1557840 502
1557850 502
1557860 502
1557870 501
1557880 501
1557890 501
1557900 501
1557910 501
1557920 501
1557930 500
1557940 500
1557950 500
1557960 500
1557970 499
1557980 499
1557990 499
1558000 499
1558010 499
1558020 499
1558030 499
1558040 499
1558050 499
1558060 498
1558070 498
1558080 498
1558090 498
1558100 498
1558110 498
1558120 498
1558130 498
1558140 498
1558150 498
1558160 498
1558170 498
1558180 498
1558190 498
1558200 498
1558210 498
1558220 498
1558230 498
1558240 498
1558250 498
1558260 498
1558270 498
1558280 498
1558290 499
1558300 499
1558310 500
1558320 500
1558330 500
1558340 501
1558350 502
1558360 503
1558370 503
1558380 504
1558390 504
1558400 504
1558410 505
1558420 506
1558430 506
1558440 506
1558450 507
1558460 507
1558470 507
1558480 507
1558490 508
1558500 508
1558510 511
1558520 512
1558530 512
1558540 514
1558550 515
1558560 515
1558570 517
1558580 518
1558590 518
1558600 519
1558610 520
1558620 520
1558630 520
1558640 521
1558650 521
1558660 521
1558670 521
1558680 521
1558690 521
1558700 522
1558710 522
1558720 522
1558730 522
1558740 523
1558750 523
1558760 523
1558770 523
1558780 523
1558790 523
1558800 523
1558810 523
1558820 523
1558830 524
1558840 524
1558850 524
1558860 524
1558870 525
1558880 525
1558890 525
1558900 525
1558910 525
1558920 525
1558930 525
1558940 525
1558950 525
1558960 526
1558970 526
1558980 526
1558990 526
1559000 526
1559010 526
1559020 526
1559030 527
1559040 527
1559050 527
1559060 527
1559070 527
1559080 527
1559090 527
1559100 527
1559110 527
1559120 527
1559130 527
1559140 527
1559150 527
1559160 527
1559170 527
1559180 528
1559190 528
1559200 528
1559210 528
1559220 528
1559230 528
1559240 528
1559250 528
1559260 528
1559270 528
1559280 529
1559290 529
1559300 529
1559310 529
1559320 529
1559330 529
1559340 529
1559350 529
1559360 529
1559370 529
1559380 529
1559390 529
1559400 529
1559410 529
1559420 529
1559430 529
1559440 529
1559450 529
1559460 529
1559470 529
1559480 529
1559490 529
1559500 529
1559510 529
1559520 529
1559530 529
1559540 529
1559550 529
1559560 528
1559570 527
1559580 527
1559590 527
1559600 527
1559610 526
1559620 526
1559630 528
1559640 528
1559650 528
1559660 528
1559670 528
1559680 528
1559690 529
1559700 529
1559710 529
1559720 529
1559730 528
1559740 527
1559750 527
1559760 523
1559770 520
1559780 520
1559790 517
1559800 516
1559810 516
1559820 516
1559830 519
1559840 519
1559850 521
1559860 522
1559870 522
1559880 523
1559890 525
1559900 526
1559910 526
1559920 527
1559930 528
1559940 528
1559950 529
1559960 529
1559970 529
1559980 529
1559990 528
