1540000 485
1540010 485
1540020 485
1540030 485
1540040 485
1540050 485
1540060 485
1540070 485
1540080 486
1540090 490
1540100 494
1540110 494
1540120 495
1540130 496
1540140 496
1540150 502
1540160 509
1540170 509
1540180 515
1540190 516
1540200 516
1540210 515
1540220 515
1540230 515
1540240 515
1540250 515
1540260 515
1540270 515
1540280 515
1540290 515
1540300 515
1540310 515
1540320 515
1540330 515
1540340 515
1540350 515
1540360 515
1540370 515
1540380 515
1540390 515
1540400 515
1540410 515
1540420 515
1540430 515
1540440 515
1540450 515
1540460 515
1540470 515
1540480 515
1540490 515
1540500 515
1540510 515
1540520 515
1540530 514
1540540 514
1540550 514
1540560 514
1540570 514
1540580 515
1540590 515
1540600 514
1540610 514
1540620 514
1540630 514
1540640 514
1540650 514
1540660 514
1540670 514
1540680 514
1540690 514
1540700 514
1540710 514
1540720 513
1540730 513
1540740 514
1540750 514
1540760 514
1540770 514
1540780 514
1540790 514
1540800 514
1540810 514
1540820 514
1540830 514
1540840 514
1540850 514
1540860 513
1540870 513
1540880 513
1540890 513
1540900 513
1540910 513
1540920 514
1540930 514
1540940 514
1540950 515
1540960 516
1540970 516
1540980 517
1540990 517
1541000 517
1541010 517
1541020 517
1541030 517
1541040 517
1541050 518
1541060 519
1541070 519
1541080 519
1541090 519
1541100 519
1541110 520
1541120 521
1541130 521
1541140 522
1541150 523
1541160 523
1541170 524
1541180 523
1541190 524
1541200 524
1541210 524
1541220 523
1541230 523
1541240 523
1541250 524
1541260 524
1541270 524
1541280 525
1541290 525
1541300 525
1541310 525
1541320 525
1541330 524
1541340 525
1541350 526
1541360 526
1541370 524
1541380 523
1541390 523
1541400 524
1541410 523
1541420 523
1541430 523
1541440 523
1541450 523
1541460 523
1541470 523
1541480 523
1541490 523
1541500 523
1541510 523
1541520 523
1541530 523
1541540 522
1541550 522
1541560 522
1541570 521
1541580 521
1541590 520
1541600 519
1541610 519
1541620 519
1541630 518
1541640 518
1541650 518
1541660 518
1541670 518
1541680 518
1541690 518
1541700 518
1541710 518
1541720 518
1541730 518
1541740 518
1541750 518
1541760 518
1541770 518
1541780 519
1541790 519
1541800 519
1541810 519
1541820 520
1541830 520
1541840 520
1541850 520
1541860 520
1541870 520
1541880 520
1541890 520
1541900 520
1541910 520
1541920 520
1541930 520
1541940 519
1541950 519
1541960 519
1541970 519
1541980 519
1541990 519
1542000 519
1542010 518
1542020 518
1542030 518
1542040 518
1542050 517
1542060 517
1542070 517
1542080 516
1542090 516
1542100 516
1542110 516
1542120 516
1542130 516
1542140 516
1542150 515
1542160 515
1542170 515
1542180 515
1542190 515
1542200 515
1542210 515
1542220 515
1542230 515
1542240 515
1542250 515
1542260 515
1542270 515
1542280 515
1542290 515
1542300 515
1542310 514
1542320 514
1542330 514
1542340 514
1542350 514
1542360 514
1542370 514
1542380 514
1542390 514
1542400 514
1542410 514
1542420 514
1542430 514
1542440 514
1542450 513
1542460 513
1542470 513
1542480 513
1542490 513
1542500 513
1542510 513
1542520 513
1542530 513
1542540 513
1542550 513
1542560 513
1542570 513
1542580 513
1542590 513
1542600 513
1542610 513
1542620 513
1542630 512
1542640 512
1542650 512
1542660 512
1542670 512
1542680 512
1542690 512
1542700 512
1542710 512
1542720 512
1542730 512
1542740 510
1542750 509
1542760 508
1542770 508
1542780 506
1542790 503
1542800 503
1542810 501
1542820 499
1542830 499
1542840 497
1542850 496
1542860 496
1542870 496
1542880 496
1542890 496
1542900 496
1542910 496
1542920 496
1542930 496
1542940 496
1542950 496
1542960 496
1542970 495
1542980 495
1542990 495
1543000 496
1543010 496
1543020 496
1543030 496
1543040 496
1543050 496
1543060 496
1543070 495
1543080 495
1543090 495
1543100 496
1543110 495
1543120 495
1543130 495
1543140 495
1543150 495
1543160 495
1543170 495
1543180 495
1543190 495
1543200 496
1543210 496
1543220 496
1543230 495
1543240 495
1543250 495
1543260 495
1543270 495
1543280 495
1543290 495
1543300 495
1543310 495
1543320 494
1543330 494
1543340 494
1543350 494
1543360 494
1543370 494
1543380 495
1543390 495
1543400 495
1543410 495
1543420 494
1543430 494
1543440 494
1543450 494
1543460 494
1543470 494
1543480 494
1543490 495
1543500 495
1543510 495
1543520 495
1543530 495
1543540 495
1543550 495
1543560 494
1543570 494
1543580 494
1543590 494
1543600 494
1543610 495
1543620 494
1543630 494
1543640 494
1543650 494
1543660 494
1543670 494
1543680 494
1543690 494
1543700 494
1543710 494
1543720 494
1543730 494
1543740 494
1543750 494
1543760 494
1543770 494
1543780 494
1543790 494
1543800 494
1543810 494
1543820 494
1543830 494
1543840 494
1543850 494
1543860 494
1543870 495
1543880 495
1543890 495
1543900 495
1543910 495
1543920 495
1543930 495
1543940 495
1543950 495
1543960 495
1543970 494
1543980 494
1543990 494
1544000 494
1544010 494
1544020 494
1544030 494
1544040 494
1544050 494
1544060 494
1544070 493
1544080 493
1544090 492
1544100 492
1544110 492
1544120 492
1544130 492
1544140 492
1544150 492
1544160 492
1544170 492
1544180 492
1544190 492
1544200 492
1544210 492
1544220 492
1544230 494
1544240 494
1544250 498
1544260 499
1544270 499
1544280 497
1544290 493
1544300 493
1544310 493
1544320 493
1544330 493
1544340 493
1544350 493
1544360 493
1544370 493
1544380 494
1544390 494
1544400 494
1544410 494
1544420 495
1544430 495
1544440 496
1544450 497
1544460 497
1544470 498
1544480 499
1544490 501
1544500 501
1544510 502
1544520 502
1544530 502
1544540 504
1544550 506
1544560 506
1544570 507
1544580 509
1544590 509
1544600 508
1544610 506
1544620 506
1544630 504
1544640 503
1544650 503
1544660 503
1544670 503
1544680 503
1544690 503
1544700 503
1544710 503
1544720 503
1544730 503
1544740 500
1544750 500
1544760 497
1544770 494
1544780 494
1544790 491
1544800 491
1544810 489
1544820 489
1544830 489
1544840 492
1544850 492
1544860 496
1544870 500
1544880 500
1544890 502
1544900 502
1544910 502
1544920 501
1544930 501
1544940 501
1544950 501
1544960 500
1544970 500
1544980 500
1544990 499
1545000 498
1545010 498
1545020 497
1545030 497
1545040 497
1545050 496
1545060 495
1545070 495
1545080 493
1545090 492
1545100 492
1545110 491
1545120 490
1545130 490
1545140 490
1545150 490
1545160 489
1545170 489
1545180 489
1545190 489
1545200 489
1545210 489
1545220 489
1545230 489
1545240 489
1545250 489
1545260 489
1545270 489
1545280 489
1545290 489
1545300 489
1545310 489
1545320 488
1545330 488
1545340 488
1545350 488
1545360 488
1545370 489
1545380 489
1545390 489
1545400 491
1545410 491
1545420 491
1545430 491
1545440 493
1545450 493
1545460 493
1545470 492
1545480 491
1545490 491
1545500 491
1545510 490
1545520 490
1545530 490
1545540 490
1545550 490
1545560 490
1545570 490
1545580 490
1545590 489
1545600 488
1545610 488
1545620 488
1545630 488
1545640 488
1545650 488
1545660 488
1545670 488
1545680 488
1545690 488
1545700 488
1545710 488
1545720 488
1545730 488
1545740 488
1545750 488
1545760 488
1545770 488
1545780 488
1545790 488
1545800 488
1545810 488
1545820 489
1545830 489
1545840 489
1545850 490
1545860 490
1545870 490
1545880 491
1545890 493
1545900 493
1545910 492
1545920 493
1545930 493
1545940 493
1545950 494
1545960 494
1545970 494
1545980 492
1545990 489
1546000 489
1546010 488
1546020 488
1546030 488
1546040 488
1546050 488
1546060 488
1546070 488
1546080 488
1546090 488
1546100 488
1546110 488
1546120 488
1546130 488
1546140 488
1546150 488
1546160 488
1546170 488
1546180 491
1546190 491
1546200 494
1546210 496
1546220 499
1546230 499
1546240 501
1546250 501
1546260 501
1546270 501
1546280 500
1546290 500
1546300 499
1546310 496
1546320 496
1546330 494
1546340 492
1546350 492
1546360 491
1546370 490
1546380 490
1546390 490
1546400 490
1546410 490
1546420 490
1546430 490
1546440 490
1546450 490
1546460 490
1546470 490
1546480 490
1546490 491
1546500 492
1546510 492
1546520 495
1546530 499
1546540 501
1546550 501
1546560 503
1546570 503
1546580 503
1546590 503
1546600 503
1546610 503
1546620 504
1546630 504
1546640 504
1546650 504
1546660 504
1546670 504
1546680 505
1546690 506
1546700 507
1546710 507
1546720 507
1546730 507
1546740 507
1546750 507
1546760 507
1546770 507
1546780 507
1546790 507
1546800 507
1546810 507
1546820 507
1546830 507
1546840 507
1546850 507
1546860 507
1546870 507
1546880 507
1546890 507
1546900 507
1546910 507
1546920 507
1546930 507
1546940 507
1546950 507
1546960 507
1546970 507
1546980 507
1546990 507
1547000 507
1547010 507
1547020 507
1547030 507
1547040 507
1547050 507
1547060 507
1547070 507
1547080 507
1547090 507
1547100 507
1547110 507
1547120 507
1547130 510
1547140 513
1547150 513
1547160 512
1547170 511
1547180 509
1547190 509
1547200 508
1547210 507
1547220 507
1547230 508
1547240 512
1547250 512
1547260 516
1547270 514
1547280 514
1547290 513
1547300 513
1547310 513
1547320 511
1547330 509
1547340 509
1547350 509
1547360 509
1547370 507
1547380 507
1547390 504
1547400 504
1547410 504
1547420 504
1547430 504
1547440 504
1547450 504
1547460 504
1547470 504
1547480 504
1547490 505
1547500 505
1547510 505
1547520 505
1547530 505
1547540 505
1547550 505
1547560 506
1547570 506
1547580 506
1547590 506
1547600 506
1547610 506
1547620 506
1547630 506
1547640 506
1547650 506
1547660 506
1547670 506
1547680 506
1547690 506
1547700 506
1547710 506
1547720 506
1547730 506
1547740 506
1547750 506
1547760 506
1547770 506
1547780 507
1547790 507
1547800 507
1547810 507
1547820 507
1547830 507
1547840 507
1547850 507
1547860 507
1547870 507
1547880 507
1547890 507
1547900 507
1547910 507
1547920 507
1547930 507
1547940 507
1547950 507
1547960 507
1547970 507
1547980 508
1547990 508
1548000 508
1548010 508
1548020 508
1548030 508
1548040 508
1548050 508
1548060 508
1548070 509
1548080 509
1548090 509
1548100 510
1548110 510
1548120 510
1548130 511
1548140 511
1548150 511
1548160 511
1548170 511
1548180 511
1548190 510
1548200 510
1548210 510
1548220 510
1548230 510
1548240 510
1548250 510
1548260 510
1548270 510
1548280 510
1548290 510
1548300 510
1548310 510
1548320 511
1548330 513
1548340 513
1548350 515
1548360 517
1548370 517
1548380 519
1548390 520
1548400 520
1548410 520
1548420 520
1548430 520
1548440 520
1548450 517
1548460 517
1548470 517
1548480 519
1548490 519
1548500 519
1548510 519
1548520 518
1548530 518
1548540 518
1548550 518
1548560 518
1548570 518
1548580 518
1548590 518
1548600 518
1548610 519
1548620 519
1548630 519
1548640 519
1548650 519
1548660 519
1548670 519
1548680 520
1548690 520
1548700 520
1548710 520
1548720 520
1548730 520
1548740 519
1548750 518
1548760 518
1548770 517
1548780 517
1548790 517
1548800 517
1548810 517
1548820 517
1548830 517
1548840 517
1548850 517
1548860 518
1548870 518
1548880 518
1548890 518
1548900 519
1548910 519
1548920 519
1548930 519
1548940 520
1548950 520
1548960 520
1548970 520
1548980 520
1548990 520
1549000 520
1549010 520
1549020 520
1549030 520
1549040 520
1549050 520
1549060 520
1549070 520
1549080 520
1549090 521
1549100 520
1549110 520
1549120 520
1549130 519
1549140 519
1549150 517
1549160 516
1549170 516
1549180 514
1549190 513
1549200 513
1549210 513
1549220 513
1549230 514
1549240 514
1549250 514
1549260 515
1549270 515
1549280 516
1549290 517
1549300 517
1549310 517
1549320 518
1549330 518
1549340 519
1549350 520
1549360 520
1549370 521
1549380 522
1549390 523
1549400 523
1549410 522
1549420 524
1549430 524
1549440 524
1549450 524
1549460 524
1549470 524
1549480 524
1549490 524
1549500 524
1549510 525
1549520 525
1549530 526
1549540 526
1549550 526
1549560 526
1549570 526
1549580 527
1549590 527
1549600 527
1549610 528
1549620 528
1549630 528
1549640 529
1549650 529
1549660 530
1549670 530
1549680 530
1549690 531
1549700 531
1549710 532
1549720 532
1549730 532
1549740 533
1549750 533
1549760 533
1549770 533
1549780 533
1549790 533
1549800 534
1549810 534
1549820 534
1549830 534
1549840 535
1549850 535
1549860 535
1549870 535
1549880 535
1549890 535
1549900 536
1549910 536
1549920 536
1549930 536
1549940 536
1549950 537
1549960 537
1549970 537
1549980 537
1549990 538
1550000 538
1550010 538
1550020 538
1550030 539
1550040 539
1550050 539
1550060 539
1550070 539
1550080 540
1550090 540
1550100 540
1550110 540
1550120 541
1550130 541
1550140 541
1550150 541
1550160 542
1550170 542
1550180 542
1550190 542
1550200 542
1550210 542
1550220 543
1550230 543
1550240 543
1550250 543
1550260 543
1550270 544
1550280 544
1550290 544
1550300 544
1550310 545
1550320 545
1550330 545
1550340 545
1550350 546
1550360 546
1550370 546
1550380 546
1550390 546
1550400 547
1550410 547
1550420 547
1550430 547
1550440 548
1550450 548
1550460 548
1550470 549
1550480 550
1550490 550
1550500 550
1550510 551
1550520 551
1550530 552
1550540 553
1550550 553
1550560 554
1550570 555
1550580 555
1550590 555
1550600 556
1550610 556
1550620 556
1550630 557
1550640 558
1550650 558
1550660 559
1550670 559
1550680 559
1550690 559
1550700 560
1550710 560
1550720 560
1550730 560
1550740 560
1550750 561
1550760 561
1550770 561
1550780 561
1550790 561
1550800 562
1550810 562
1550820 562
1550830 562
1550840 562
1550850 563
1550860 563
1550870 563
1550880 563
1550890 564
1550900 564
1550910 564
1550920 564
1550930 564
1550940 564
1550950 564
1550960 565
1550970 565
1550980 565
1550990 565
1551000 565
1551010 566
1551020 566
1551030 566
1551040 567
1551050 567
1551060 567
1551070 568
1551080 568
1551090 568
1551100 568
1551110 568
1551120 568
1551130 568
1551140 568
1551150 568
1551160 568
1551170 568
1551180 569
1551190 569
1551200 569
1551210 570
1551220 570
1551230 570
1551240 571
1551250 571
1551260 572
1551270 572
1551280 572
1551290 572
1551300 572
1551310 572
1551320 572
1551330 573
1551340 573
1551350 573
1551360 573
1551370 573
1551380 573
1551390 573
1551400 573
1551410 573
1551420 573
1551430 573
1551440 574
1551450 574
1551460 574
1551470 574
1551480 574
1551490 575
1551500 575
1551510 575
1551520 575
1551530 576
1551540 576
1551550 576
1551560 577
1551570 577
1551580 577
1551590 578
1551600 578
1551610 578
1551620 578
1551630 578
1551640 578
1551650 579
1551660 579
1551670 579
1551680 580
1551690 580
1551700 580
1551710 580
1551720 581
1551730 581
1551740 581
1551750 581
1551760 581
1551770 581
1551780 582
1551790 582
1551800 582
1551810 583
1551820 583
1551830 583
1551840 583
1551850 583
1551860 583
1551870 583
1551880 583
1551890 585
1551900 585
1551910 585
1551920 585
1551930 585
1551940 586
1551950 586
1551960 586
1551970 586
1551980 585
1551990 585
1552000 584
1552010 583
1552020 583
1552030 583
1552040 583
1552050 586
1552060 586
1552070 587
1552080 589
1552090 589
1552100 589
1552110 590
1552120 590
1552130 591
1552140 592
1552150 592
1552160 593
1552170 594
1552180 594
1552190 596
1552200 597
1552210 598
1552220 598
1552230 599
1552240 601
1552250 601
1552260 603
1552270 606
1552280 606
1552290 608
1552300 608
1552310 608
1552320 610
1552330 610
1552340 610
1552350 610
1552360 610
1552370 610
1552380 610
1552390 610
1552400 609
1552410 609
1552420 609
1552430 609
1552440 609
1552450 609
1552460 608
1552470 608
1552480 607
1552490 607
1552500 607
1552510 607
1552520 607
1552530 607
1552540 607
1552550 607
1552560 606
1552570 606
1552580 607
1552590 607
1552600 607
1552610 607
1552620 608
1552630 608
1552640 608
1552650 609
1552660 609
1552670 609
1552680 609
1552690 609
1552700 609
1552710 609
1552720 609
1552730 609
1552740 609
1552750 609
1552760 609
1552770 608
1552780 609
1552790 609
1552800 609
1552810 609
1552820 609
1552830 609
1552840 610
1552850 610
1552860 610
1552870 611
1552880 611
1552890 611
1552900 611
1552910 611
1552920 611
1552930 611
1552940 611
1552950 611
1552960 610
1552970 610
1552980 610
1552990 610
1553000 609
1553010 609
1553020 609
1553030 609
1553040 608
1553050 608
1553060 608
1553070 608
1553080 608
1553090 607
1553100 607
1553110 607
1553120 607
1553130 607
1553140 607
1553150 606
1553160 605
1553170 605
1553180 605
1553190 604
1553200 603
1553210 603
1553220 603
1553230 602
1553240 602
1553250 602
1553260 602
1553270 602
1553280 601
1553290 601
1553300 601
1553310 600
1553320 600
1553330 599
1553340 599
1553350 599
1553360 599
1553370 599
1553380 598
1553390 599
1553400 599
1553410 599
1553420 598
1553430 598
1553440 597
1553450 597
1553460 597
1553470 596
1553480 596
1553490 596
1553500 596
1553510 596
1553520 596
1553530 596
1553540 596
1553550 596
1553560 596
1553570 596
1553580 596
1553590 596
1553600 595
1553610 595
1553620 595
1553630 595
1553640 595
1553650 595
1553660 595
1553670 595
1553680 595
1553690 595
1553700 595
1553710 595
1553720 595
1553730 595
1553740 595
1553750 595
1553760 596
1553770 596
1553780 596
1553790 596
1553800 597
1553810 597
1553820 597
1553830 597
1553840 597
1553850 597
1553860 597
1553870 597
1553880 597
1553890 596
1553900 596
1553910 596
1553920 596
1553930 596
1553940 596
1553950 596
1553960 595
1553970 595
1553980 595
1553990 595
1554000 595
1554010 595
1554020 595
1554030 594
1554040 594
1554050 594
1554060 593
1554070 593
1554080 593
1554090 593
1554100 592
1554110 592
1554120 592
1554130 592
1554140 592
1554150 591
1554160 591
1554170 591
1554180 590
1554190 589
1554200 589
1554210 588
1554220 588
1554230 588
1554240 587
1554250 587
1554260 587
1554270 587
1554280 586
1554290 586
1554300 586
1554310 585
1554320 585
1554330 585
1554340 584
1554350 583
1554360 583
1554370 583
1554380 582
1554390 582
1554400 582
1554410 581
1554420 581
1554430 581
1554440 581
1554450 580
1554460 580
1554470 580
1554480 578
1554490 578
1554500 576
1554510 575
1554520 575
1554530 575
1554540 575
1554550 575
1554560 577
1554570 578
1554580 579
1554590 579
1554600 579
1554610 580
1554620 580
1554630 580
1554640 580
1554650 580
1554660 580
1554670 580
1554680 580
1554690 581
1554700 581
1554710 581
1554720 582
1554730 583
1554740 583
1554750 583
1554760 583
1554770 584
1554780 584
1554790 584
1554800 584
1554810 584
1554820 584
1554830 584
1554840 584
1554850 584
1554860 584
1554870 584
1554880 584
1554890 584
1554900 584
1554910 584
1554920 584
1554930 584
1554940 584
1554950 585
1554960 585
1554970 585
1554980 585
1554990 585
1555000 585
1555010 585
1555020 585
1555030 585
1555040 585
1555050 585
1555060 585
1555070 585
1555080 586
1555090 586
1555100 586
1555110 587
1555120 590
1555130 590
1555140 591
1555150 591
1555160 591
1555170 591
1555180 591
1555190 591
1555200 591
1555210 591
1555220 590
1555230 590
1555240 590
1555250 590
1555260 590
1555270 589
1555280 588
1555290 588
1555300 588
1555310 587
1555320 587
1555330 586
1555340 586
1555350 586
1555360 586
1555370 585
1555380 584
1555390 584
1555400 583
1555410 582
1555420 582
1555430 581
1555440 581
1555450 581
1555460 581
1555470 580
1555480 580
1555490 580
1555500 580
1555510 579
1555520 579
1555530 579
1555540 579
1555550 579
1555560 579
1555570 579
1555580 579
1555590 579
1555600 579
1555610 579
1555620 579
1555630 579
1555640 579
1555650 578
1555660 578
1555670 579
1555680 579
1555690 579
1555700 580
1555710 580
1555720 578
1555730 576
1555740 576
1555750 575
1555760 576
1555770 576
1555780 578
1555790 581
1555800 581
1555810 581
1555820 580
1555830 580
1555840 580
1555850 580
1555860 581
1555870 581
1555880 579
1555890 577
1555900 577
1555910 577
1555920 578
1555930 578
1555940 578
1555950 578
1555960 578
1555970 578
1555980 577
1555990 577
1556000 577
1556010 577
1556020 577
1556030 577
1556040 577
1556050 577
1556060 577
1556070 576
1556080 576
1556090 576
1556100 576
1556110 576
1556120 576
1556130 576
1556140 576
1556150 576
1556160 576
1556170 576
1556180 576
1556190 576
1556200 575
1556210 576
1556220 576
1556230 576
1556240 574
1556250 574
1556260 571
1556270 570
1556280 570
1556290 570
1556300 573
1556310 574
1556320 574
1556330 573
1556340 572
1556350 572
1556360 572
1556370 569
1556380 569
1556390 565
1556400 565
1556410 565
1556420 565
1556430 565
1556440 565
1556450 565
1556460 566
1556470 566
1556480 566
1556490 566
1556500 566
1556510 566
1556520 566
1556530 567
1556540 567
1556550 567
1556560 567
1556570 567
1556580 567
1556590 567
1556600 567
1556610 567
1556620 567
1556630 567
1556640 567
1556650 568
1556660 568
1556670 568
1556680 569
1556690 570
1556700 570
1556710 572
1556720 574
1556730 574
1556740 575
1556750 576
1556760 576
1556770 578
1556780 579
1556790 580
1556800 580
1556810 581
1556820 583
1556830 583
1556840 584
1556850 585
1556860 585
1556870 586
1556880 590
1556890 590
1556900 591
1556910 592
1556920 592
1556930 593
1556940 595
1556950 595
1556960 595
1556970 596
1556980 597
1556990 597
1557000 597
1557010 598
1557020 598
1557030 600
1557040 601
1557050 601
1557060 603
1557070 604
1557080 604
1557090 605
1557100 605
1557110 610
1557120 610
1557130 614
1557140 616
1557150 616
1557160 617
1557170 618
1557180 618
1557190 620
1557200 622
1557210 622
1557220 624
1557230 625
1557240 626
1557250 626
1557260 628
1557270 629
1557280 629
1557290 630
1557300 631
1557310 631
1557320 632
1557330 633
1557340 633
1557350 634
1557360 635
1557370 635
1557380 636
1557390 636
1557400 636
1557410 636
1557420 636
1557430 636
1557440 636
1557450 637
1557460 637
1557470 637
1557480 638
1557490 640
1557500 640
1557510 642
1557520 643
1557530 643
1557540 644
1557550 645
1557560 646
1557570 646
1557580 646
1557590 647
1557600 647
1557610 648
1557620 649
1557630 649
1557640 649
1557650 650
1557660 650
1557670 650
1557680 650
1557690 650
1557700 650
1557710 651
1557720 652
1557730 652
1557740 652
1557750 653
1557760 653
1557770 653
1557780 654
1557790 654
1557800 654
1557810 655
1557820 655
1557830 657
1557840 661
1557850 661
1557860 664
1557870 667
1557880 670
1557890 670
1557900 673
1557910 674
1557920 674
1557930 675
1557940 676
1557950 676
1557960 677
1557970 678
1557980 678
1557990 682
1558000 684
1558010 684
1558020 683
1558030 682
1558040 680
1558050 680
1558060 678
1558070 677
1558080 677
1558090 676
1558100 674
1558110 674
1558120 673
1558130 671
1558140 671
1558150 669
1558160 666
1558170 666
1558180 664
1558190 661
1558200 658
1558210 658
1558220 655
1558230 652
1558240 652
1558250 648
1558260 645
1558270 645
1558280 642
1558290 639
1558300 639
1558310 637
1558320 635
1558330 635
1558340 633
1558350 631
1558360 628
1558370 628
1558380 626
1558390 625
1558400 625
1558410 623
1558420 621
1558430 621
1558440 619
1558450 618
1558460 618
1558470 616
1558480 615
1558490 615
1558500 615
1558510 615
1558520 615
1558530 615
1558540 617
1558550 618
1558560 618
1558570 618
1558580 618
1558590 618
1558600 615
1558610 613
1558620 613
1558630 611
1558640 610
1558650 610
1558660 608
1558670 607
1558680 606
1558690 606
1558700 605
1558710 604
1558720 604
1558730 603
1558740 602
1558750 602
1558760 600
1558770 597
1558780 597
1558790 595
1558800 594
1558810 594
1558820 594
1558830 593
1558840 593
1558850 593
1558860 593
1558870 594
1558880 594
1558890 595
1558900 595
1558910 595
1558920 595
1558930 595
1558940 595
1558950 595
1558960 595
1558970 595
1558980 595
1558990 594
1559000 594
1559010 594
1559020 593
1559030 594
1559040 594
1559050 593
1559060 593
1559070 593
1559080 593
1559090 593
1559100 593
1559110 593
1559120 592
1559130 592
1559140 592
1559150 592
1559160 591
1559170 591
1559180 591
1559190 590
1559200 590
1559210 589
1559220 588
1559230 588
1559240 586
1559250 584
1559260 584
1559270 583
1559280 582
1559290 580
1559300 580
1559310 578
1559320 576
1559330 576
1559340 573
1559350 570
1559360 570
1559370 568
1559380 566
1559390 566
1559400 564
1559410 562
1559420 562
1559430 561
1559440 559
1559450 558
1559460 558
1559470 557
1559480 555
1559490 555
1559500 554
1559510 552
1559520 552
1559530 551
1559540 551
1559550 551
1559560 550
1559570 549
1559580 549
1559590 547
1559600 546
1559610 545
1559620 545
1559630 545
1559640 544
1559650 544
1559660 541
1559670 538
1559680 538
1559690 537
1559700 537
1559710 537
1559720 535
1559730 534
1559740 534
1559750 533
1559760 531
1559770 530
1559780 530
1559790 529
1559800 527
1559810 527
1559820 525
1559830 525
1559840 525
1559850 523
1559860 523
1559870 523
1559880 522
1559890 520
1559900 520
1559910 519
1559920 518
1559930 516
1559940 516
1559950 515
1559960 514
1559970 514
1559980 511
1559990 510
