1540000 559
1540010 559
1540020 562
1540030 565
1540040 565
1540050 569
1540060 573
1540070 573
1540080 579
1540090 587
1540100 587
1540110 595
1540120 603
1540130 610
1540140 610
1540150 615
1540160 619
1540170 619
1540180 623
1540190 626
1540200 626
1540210 630
1540220 633
1540230 633
1540240 637
1540250 641
1540260 641
1540270 647
1540280 650
1540290 653
1540300 653
1540310 655
1540320 656
1540330 656
1540340 657
1540350 659
1540360 659
1540370 660
1540380 661
1540390 661
1540400 661
1540410 662
1540420 662
1540430 663
1540440 665
1540450 665
1540460 665
1540470 667
1540480 669
1540490 669
1540500 669
1540510 670
1540520 670
1540530 670
1540540 671
1540550 671
1540560 671
1540570 671
1540580 671
1540590 671
1540600 671
1540610 671
1540620 671
1540630 671
1540640 671
1540650 671
1540660 671
1540670 672
1540680 672
1540690 672
1540700 672
1540710 672
1540720 673
1540730 674
1540740 674
1540750 675
1540760 675
1540770 676
1540780 676
1540790 677
1540800 678
1540810 678
1540820 678
1540830 678
1540840 678
1540850 679
1540860 679
1540870 679
1540880 680
1540890 681
1540900 681
1540910 682
1540920 683
1540930 683
1540940 683
1540950 684
1540960 684
1540970 684
1540980 685
1540990 686
1541000 686
1541010 687
1541020 688
1541030 688
1541040 689
1541050 689
1541060 689
1541070 690
1541080 690
1541090 690
1541100 690
1541110 691
1541120 691
1541130 691
1541140 692
1541150 692
1541160 692
1541170 691
1541180 692
1541190 692
1541200 692
1541210 692
1541220 692
1541230 692
1541240 689
1541250 687
1541260 687
1541270 687
1541280 686
1541290 686
1541300 684
1541310 684
1541320 684
1541330 684
1541340 684
1541350 684
1541360 683
1541370 683
1541380 683
1541390 684
1541400 685
1541410 686
1541420 686
1541430 687
1541440 688
1541450 688
1541460 691
1541470 693
1541480 693
1541490 693
1541500 692
1541510 692
1541520 690
1541530 690
1541540 690
1541550 690
1541560 688
1541570 685
1541580 685
1541590 682
1541600 680
1541610 680
1541620 677
1541630 674
1541640 674
1541650 672
1541660 671
1541670 671
1541680 670
1541690 669
1541700 669
1541710 668
1541720 668
1541730 669
1541740 669
1541750 670
1541760 671
1541770 671
1541780 672
1541790 673
1541800 673
1541810 674
1541820 676
1541830 676
1541840 678
1541850 681
1541860 681
1541870 683
1541880 684
1541890 683
1541900 683
1541910 683
1541920 684
1541930 684
1541940 683
1541950 683
1541960 683
1541970 682
1541980 681
1541990 681
1542000 680
1542010 680
1542020 679
1542030 679
1542040 678
1542050 676
1542060 676
1542070 675
1542080 674
1542090 674
1542100 673
1542110 673
1542120 673
1542130 672
1542140 671
1542150 671
1542160 673
1542170 671
1542180 671
1542190 671
1542200 671
1542210 671
1542220 671
1542230 672
1542240 671
1542250 671
1542260 668
1542270 664
1542280 664
1542290 660
1542300 657
1542310 657
1542320 654
1542330 650
1542340 645
1542350 645
1542360 641
1542370 637
1542380 637
1542390 633
1542400 630
1542410 630
1542420 627
1542430 624
1542440 624
1542450 621
1542460 618
1542470 618
1542480 614
1542490 611
1542500 608
1542510 608
1542520 605
1542530 604
1542540 604
1542550 602
1542560 601
1542570 601
1542580 601
1542590 601
1542600 601
1542610 600
1542620 597
1542630 597
1542640 593
1542650 590
1542660 586
1542670 586
1542680 583
1542690 577
1542700 577
1542710 572
1542720 570
1542730 570
1542740 568
1542750 567
1542760 567
1542770 566
1542780 565
1542790 565
1542800 564
1542810 564
1542820 563
1542830 563
1542840 563
1542850 563
1542860 563
1542870 563
1542880 563
1542890 563
1542900 562
1542910 563
1542920 563
1542930 563
1542940 563
1542950 563
1542960 562
1542970 563
1542980 563
1542990 563
1543000 562
1543010 559
1543020 559
1543030 557
1543040 556
1543050 556
1543060 555
1543070 555
1543080 555
1543090 555
1543100 556
1543110 556
1543120 557
1543130 558
1543140 559
1543150 559
1543160 560
1543170 561
1543180 561
1543190 561
1543200 559
1543210 559
1543220 557
1543230 554
1543240 554
1543250 553
1543260 552
1543270 552
1543280 553
1543290 552
1543300 552
1543310 552
1543320 551
1543330 550
1543340 550
1543350 549
1543360 547
1543370 547
1543380 546
1543390 547
1543400 547
1543410 547
1543420 545
1543430 545
1543440 542
1543450 538
1543460 535
1543470 535
1543480 534
1543490 536
1543500 536
1543510 540
1543520 544
1543530 544
1543540 547
1543550 551
1543560 551
1543570 555
1543580 560
1543590 560
1543600 565
1543610 572
1543620 579
1543630 579
1543640 582
1543650 584
1543660 584
1543670 585
1543680 585
1543690 585
1543700 582
1543710 581
1543720 581
1543730 583
1543740 589
1543750 589
1543760 593
1543770 593
1543780 591
1543790 591
1543800 589
1543810 584
1543820 584
1543830 580
1543840 579
1543850 579
1543860 579
1543870 578
1543880 578
1543890 577
1543900 576
1543910 576
1543920 574
1543930 573
1543940 571
1543950 571
1543960 572
1543970 573
1543980 573
1543990 573
1544000 572
1544010 572
1544020 572
1544030 572
1544040 572
1544050 571
1544060 571
1544070 571
1544080 572
1544090 572
1544100 572
1544110 572
1544120 571
1544130 571
1544140 571
1544150 570
1544160 567
1544170 567
1544180 564
1544190 562
1544200 562
1544210 561
1544220 561
1544230 561
1544240 561
1544250 561
1544260 562
1544270 562
1544280 562
1544290 561
1544300 561
1544310 561
1544320 559
1544330 559
1544340 556
1544350 551
1544360 551
1544370 547
1544380 543
1544390 543
1544400 539
1544410 537
1544420 537
1544430 537
1544440 539
1544450 539
1544460 539
1544470 534
1544480 529
1544490 529
1544500 522
1544510 516
1544520 516
1544530 513
1544540 512
1544550 512
1544560 512
1544570 511
1544580 511
1544590 511
1544600 511
1544610 511
1544620 511
1544630 510
1544640 510
1544650 510
1544660 511
1544670 511
1544680 511
1544690 511
1544700 511
1544710 511
1544720 510
1544730 510
1544740 510
1544750 510
1544760 509
1544770 509
1544780 509
1544790 507
1544800 505
1544810 505
1544820 505
1544830 505
1544840 505
1544850 505
1544860 504
1544870 504
1544880 503
1544890 504
1544900 506
1544910 506
1544920 505
1544930 502
1544940 502
1544950 501
1544960 501
1544970 501
1544980 501
1544990 501
1545000 501
1545010 501
1545020 501
1545030 501
1545040 500
1545050 500
1545060 499
1545070 499
1545080 499
1545090 499
1545100 499
1545110 499
1545120 499
1545130 499
1545140 499
1545150 499
1545160 499
1545170 499
1545180 499
1545190 499
1545200 500
1545210 500
1545220 500
1545230 500
1545240 500
1545250 500
1545260 500
1545270 500
1545280 500
1545290 500
1545300 500
1545310 500
1545320 500
1545330 500
1545340 500
1545350 500
1545360 500
1545370 500
1545380 500
1545390 500
1545400 500
1545410 500
1545420 500
1545430 500
1545440 500
1545450 500
1545460 500
1545470 500
1545480 500
1545490 500
1545500 500
1545510 500
1545520 500
1545530 500
1545540 500
1545550 500
1545560 500
1545570 500
1545580 500
1545590 500
1545600 501
1545610 501
1545620 501
1545630 502
1545640 502
1545650 503
1545660 501
1545670 501
1545680 502
1545690 502
1545700 502
1545710 502
1545720 504
1545730 507
1545740 507
1545750 510
1545760 511
1545770 511
1545780 512
1545790 513
1545800 513
1545810 513
1545820 513
1545830 513
1545840 513
1545850 513
1545860 514
1545870 514
1545880 514
1545890 514
1545900 514
1545910 514
1545920 513
1545930 513
1545940 513
1545950 513
1545960 513
1545970 513
1545980 513
1545990 513
1546000 513
1546010 513
1546020 514
1546030 514
1546040 512
1546050 511
1546060 511
1546070 510
1546080 510
1546090 510
1546100 510
1546110 510
1546120 510
1546130 510
1546140 510
1546150 510
1546160 510
1546170 510
1546180 510
1546190 510
1546200 510
1546210 510
1546220 510
1546230 510
1546240 511
1546250 511
1546260 511
1546270 511
1546280 511
1546290 511
1546300 511
1546310 511
1546320 511
1546330 511
1546340 511
1546350 511
1546360 511
1546370 511
1546380 511
1546390 511
1546400 511
1546410 511
1546420 511
1546430 511
1546440 511
1546450 512
1546460 512
1546470 512
1546480 512
1546490 512
1546500 512
1546510 512
1546520 511
1546530 511
1546540 511
1546550 511
1546560 511
1546570 511
1546580 511
1546590 511
1546600 511
1546610 511
1546620 511
1546630 511
1546640 511
1546650 512
1546660 512
1546670 512
1546680 512
1546690 513
1546700 513
1546710 513
1546720 514
1546730 514
1546740 514
1546750 514
1546760 514
1546770 514
1546780 514
1546790 515
1546800 515
1546810 516
1546820 516
1546830 516
1546840 516
1546850 516
1546860 516
1546870 517
1546880 517
1546890 517
1546900 517
1546910 517
1546920 517
1546930 518
1546940 518
1546950 519
1546960 519
1546970 520
1546980 521
1546990 521
1547000 521
1547010 522
1547020 522
1547030 523
1547040 525
1547050 525
1547060 527
1547070 528
1547080 528
1547090 532
1547100 539
1547110 547
1547120 547
1547130 555
1547140 559
1547150 559
1547160 562
1547170 564
1547180 564
1547190 568
1547200 571
1547210 571
1547220 575
1547230 579
1547240 579
1547250 582
1547260 584
1547270 586
1547280 586
1547290 588
1547300 590
1547310 590
1547320 591
1547330 593
1547340 593
1547350 595
1547360 599
1547370 599
1547380 604
1547390 609
1547400 609
1547410 614
1547420 617
1547430 619
1547440 619
1547450 620
1547460 622
1547470 622
1547480 625
1547490 629
1547500 629
1547510 634
1547520 638
1547530 638
1547540 640
1547550 642
1547560 642
1547570 644
1547580 646
1547590 649
1547600 649
1547610 650
1547620 652
1547630 652
1547640 653
1547650 654
1547660 654
1547670 656
1547680 657
1547690 657
1547700 659
1547710 660
1547720 660
1547730 661
1547740 662
1547750 663
1547760 663
1547770 664
1547780 664
1547790 664
1547800 665
1547810 666
1547820 666
1547830 666
1547840 667
1547850 667
1547860 667
1547870 667
1547880 667
1547890 668
1547900 668
1547910 667
1547920 667
1547930 668
1547940 668
1547950 668
1547960 668
1547970 668
1547980 668
1547990 668
1548000 668
1548010 668
1548020 668
1548030 668
1548040 668
1548050 667
1548060 667
1548070 667
1548080 667
1548090 666
1548100 666
1548110 666
1548120 665
1548130 664
1548140 664
1548150 662
1548160 661
1548170 661
1548180 659
1548190 659
1548200 659
1548210 659
1548220 660
1548230 660
1548240 660
1548250 661
1548260 662
1548270 662
1548280 662
1548290 661
1548300 661
1548310 660
1548320 660
1548330 660
1548340 660
1548350 660
1548360 660
1548370 661
1548380 661
1548390 662
1548400 662
1548410 661
1548420 661
1548430 661
1548440 662
1548450 662
1548460 662
1548470 662
1548480 663
1548490 663
1548500 663
1548510 664
1548520 664
1548530 664
1548540 664
1548550 664
1548560 664
1548570 665
1548580 665
1548590 665
1548600 665
1548610 665
1548620 665
1548630 666
1548640 668
1548650 668
1548660 671
1548670 670
1548680 670
1548690 670
1548700 670
1548710 670
1548720 670
1548730 670
1548740 670
1548750 670
1548760 670
1548770 671
1548780 671
1548790 671
1548800 671
1548810 671
1548820 671
1548830 672
1548840 672
1548850 672
1548860 673
1548870 673
1548880 673
1548890 674
1548900 675
1548910 675
1548920 676
1548930 677
1548940 677
1548950 678
1548960 678
1548970 678
1548980 679
1548990 680
1549000 680
1549010 680
1549020 681
1549030 682
1549040 682
1549050 682
1549060 683
1549070 683
1549080 684
1549090 685
1549100 685
1549110 686
1549120 687
1549130 687
1549140 688
1549150 689
1549160 689
1549170 690
1549180 692
1549190 693
1549200 693
1549210 693
1549220 693
1549230 693
1549240 693
1549250 693
1549260 693
1549270 693
1549280 692
1549290 692
1549300 691
1549310 691
1549320 691
1549330 691
1549340 690
1549350 688
1549360 688
1549370 688
1549380 689
1549390 689
1549400 695
1549410 699
1549420 699
1549430 699
1549440 699
1549450 699
1549460 699
1549470 698
1549480 698
1549490 699
1549500 702
1549510 706
1549520 706
1549530 710
1549540 711
1549550 711
1549560 712
1549570 713
1549580 713
1549590 713
1549600 711
1549610 711
1549620 707
1549630 706
1549640 706
1549650 706
1549660 707
1549670 707
1549680 707
1549690 707
1549700 708
1549710 708
1549720 708
1549730 708
1549740 708
1549750 708
1549760 708
1549770 708
1549780 709
1549790 709
1549800 709
1549810 708
1549820 709
1549830 709
1549840 709
1549850 709
1549860 708
1549870 708
1549880 707
1549890 707
1549900 707
1549910 707
1549920 708
1549930 708
1549940 708
1549950 710
1549960 710
1549970 710
1549980 709
1549990 708
1550000 708
1550010 706
1550020 706
1550030 706
1550040 706
1550050 707
1550060 707
1550070 707
1550080 707
1550090 707
1550100 706
1550110 705
1550120 705
1550130 705
1550140 705
1550150 704
1550160 704
1550170 704
1550180 705
1550190 705
1550200 705
1550210 705
1550220 705
1550230 705
1550240 704
1550250 704
1550260 704
1550270 703
1550280 702
1550290 702
1550300 700
1550310 699
1550320 705
1550330 704
1550340 703
1550350 703
1550360 703
1550370 702
1550380 702
1550390 700
1550400 699
1550410 699
1550420 697
1550430 696
1550440 695
1550450 695
1550460 694
1550470 693
1550480 693
1550490 692
1550500 691
1550510 691
1550520 690
1550530 690
1550540 690
1550550 689
1550560 687
1550570 687
1550580 686
1550590 685
1550600 684
1550610 684
1550620 683
1550630 683
1550640 683
1550650 682
1550660 682
1550670 682
1550680 682
1550690 681
1550700 681
1550710 681
1550720 680
1550730 680
1550740 680
1550750 681
1550760 681
1550770 681
1550780 681
1550790 681
1550800 681
1550810 681
1550820 681
1550830 681
1550840 680
1550850 679
1550860 679
1550870 677
1550880 677
1550890 677
1550900 677
1550910 675
1550920 674
1550930 674
1550940 673
1550950 673
1550960 673
1550970 673
1550980 673
1550990 673
1551000 672
1551010 672
1551020 672
1551030 672
1551040 671
1551050 671
1551060 671
1551070 671
1551080 670
1551090 670
1551100 670
1551110 669
1551120 669
1551130 669
1551140 668
1551150 668
1551160 668
1551170 668
1551180 668
1551190 667
1551200 667
1551210 667
1551220 666
1551230 666
1551240 665
1551250 665
1551260 664
1551270 663
1551280 663
1551290 663
1551300 663
1551310 663
1551320 664
1551330 664
1551340 664
1551350 664
1551360 663
1551370 663
1551380 663
1551390 663
1551400 663
1551410 663
1551420 662
1551430 662
1551440 662
1551450 660
1551460 660
1551470 660
1551480 659
1551490 660
1551500 660
1551510 662
1551520 662
1551530 662
1551540 663
1551550 663
1551560 663
1551570 663
1551580 663
1551590 664
1551600 664
1551610 665
1551620 666
1551630 666
1551640 667
1551650 668
1551660 668
1551670 669
1551680 670
1551690 670
1551700 670
1551710 670
1551720 670
1551730 670
1551740 671
1551750 671
1551760 671
1551770 671
1551780 669
1551790 669
1551800 669
1551810 669
1551820 669
1551830 668
1551840 668
1551850 668
1551860 668
1551870 668
1551880 667
1551890 667
1551900 667
1551910 667
1551920 667
1551930 666
1551940 665
1551950 665
1551960 665
1551970 664
1551980 664
1551990 663
1552000 662
1552010 662
1552020 661
1552030 661
1552040 660
1552050 660
1552060 660
1552070 660
1552080 660
1552090 660
1552100 660
1552110 660
1552120 660
1552130 661
1552140 661
1552150 662
1552160 663
1552170 663
1552180 664
1552190 667
1552200 668
1552210 668
1552220 668
1552230 668
1552240 668
1552250 668
1552260 669
1552270 669
1552280 669
1552290 669
1552300 669
1552310 669
1552320 670
1552330 670
1552340 670
1552350 670
1552360 671
1552370 671
1552380 671
1552390 671
1552400 671
1552410 672
1552420 672
1552430 672
1552440 672
1552450 673
1552460 673
1552470 674
1552480 675
1552490 675
1552500 675
1552510 676
1552520 676
1552530 676
1552540 677
1552550 678
1552560 678
1552570 678
1552580 678
1552590 678
1552600 678
1552610 678
1552620 678
1552630 679
1552640 681
1552650 681
1552660 681
1552670 682
1552680 681
1552690 681
1552700 680
1552710 679
1552720 679
1552730 678
1552740 678
1552750 678
1552760 678
1552770 678
1552780 678
1552790 678
1552800 678
1552810 678
1552820 678
1552830 678
1552840 678
1552850 678
1552860 678
1552870 678
1552880 678
1552890 678
1552900 678
1552910 678
1552920 678
1552930 678
1552940 678
1552950 677
1552960 676
1552970 676
1552980 676
1552990 677
1553000 677
1553010 677
1553020 677
1553030 678
1553040 678
1553050 678
1553060 678
1553070 678
1553080 679
1553090 679
1553100 679
1553110 679
1553120 679
1553130 679
1553140 679
1553150 678
1553160 678
1553170 678
1553180 678
1553190 678
1553200 678
1553210 678
1553220 679
1553230 679
1553240 679
1553250 680
1553260 680
1553270 680
1553280 679
1553290 679
1553300 678
1553310 678
1553320 677
1553330 677
1553340 677
1553350 677
1553360 677
1553370 677
1553380 677
1553390 677
1553400 676
1553410 676
1553420 676
1553430 675
1553440 675
1553450 675
1553460 675
1553470 675
1553480 675
1553490 675
1553500 675
1553510 676
1553520 676
1553530 676
1553540 675
1553550 675
1553560 676
1553570 677
1553580 677
1553590 677
1553600 676
1553610 676
1553620 676
1553630 677
1553640 677
1553650 677
1553660 677
1553670 677
1553680 677
1553690 677
1553700 678
1553710 678
1553720 678
1553730 678
1553740 678
1553750 679
1553760 679
1553770 679
1553780 679
1553790 679
1553800 679
1553810 679
1553820 680
1553830 680
1553840 680
1553850 681
1553860 681
1553870 681
1553880 681
1553890 681
1553900 681
1553910 681
1553920 681
1553930 681
1553940 680
1553950 680
1553960 680
1553970 680
1553980 680
1553990 680
1554000 680
1554010 677
1554020 678
1554030 678
1554040 680
1554050 679
1554060 680
1554070 680
1554080 681
1554090 681
1554100 681
1554110 681
1554120 681
1554130 681
1554140 681
1554150 681
1554160 681
1554170 682
1554180 681
1554190 681
1554200 681
1554210 681
1554220 681
1554230 680
1554240 681
1554250 681
1554260 681
1554270 681
1554280 682
1554290 682
1554300 683
1554310 683
1554320 683
1554330 683
1554340 683
1554350 683
1554360 683
1554370 683
1554380 683
1554390 683
1554400 683
1554410 683
1554420 683
1554430 683
1554440 683
1554450 683
1554460 684
1554470 684
1554480 684
1554490 684
1554500 684
1554510 684
1554520 685
1554530 685
1554540 685
1554550 685
1554560 686
1554570 686
1554580 686
1554590 687
1554600 688
1554610 688
1554620 689
1554630 689
1554640 689
1554650 689
1554660 690
1554670 690
1554680 690
1554690 691
1554700 691
1554710 691
1554720 692
1554730 692
1554740 693
1554750 693
1554760 694
1554770 694
1554780 696
1554790 697
1554800 697
1554810 699
1554820 700
1554830 700
1554840 702
1554850 702
1554860 702
1554870 703
1554880 702
1554890 703
1554900 703
1554910 703
1554920 704
1554930 704
1554940 705
1554950 705
1554960 705
1554970 706
1554980 708
1554990 708
1555000 710
1555010 712
1555020 712
1555030 715
1555040 719
1555050 724
1555060 724
1555070 728
1555080 732
1555090 732
1555100 736
1555110 741
1555120 741
1555130 744
1555140 747
1555150 747
1555160 750
1555170 751
1555180 751
1555190 753
1555200 756
1555210 757
1555220 757
1555230 757
1555240 757
1555250 757
1555260 756
1555270 755
1555280 755
1555290 754
1555300 754
1555310 754
1555320 753
1555330 752
1555340 752
1555350 751
1555360 749
1555370 747
1555380 747
1555390 746
1555400 743
1555410 743
1555420 740
1555430 738
1555440 738
1555450 737
1555460 737
1555470 737
1555480 737
1555490 738
1555500 738
1555510 740
1555520 741
1555530 742
1555540 742
1555550 742
1555560 740
1555570 740
1555580 738
1555590 737
1555600 737
1555610 735
1555620 734
1555630 734
1555640 732
1555650 731
1555660 731
1555670 729
1555680 728
1555690 729
1555700 729
1555710 730
1555720 733
1555730 733
1555740 735
1555750 737
1555760 737
1555770 738
1555780 739
1555790 739
1555800 740
1555810 742
1555820 742
1555830 743
1555840 745
1555850 746
1555860 746
1555870 747
1555880 748
1555890 748
1555900 748
1555910 748
1555920 748
1555930 747
1555940 747
1555950 747
1555960 747
1555970 747
1555980 747
1555990 750
1556000 752
1556010 755
1556020 755
1556030 758
1556040 759
1556050 759
1556060 760
1556070 761
1556080 761
1556090 764
1556100 767
1556110 767
1556120 770
1556130 773
1556140 773
1556150 777
1556160 782
1556170 785
1556180 785
1556190 786
1556200 786
1556210 786
1556220 785
1556230 785
1556240 785
1556250 786
1556260 786
1556270 786
1556280 784
1556290 781
1556300 781
1556310 777
1556320 774
1556330 772
1556340 772
1556350 770
1556360 769
1556370 769
1556380 768
1556390 768
1556400 768
1556410 768
1556420 767
1556430 767
1556440 768
1556450 768
1556460 768
1556470 768
1556480 768
1556490 768
1556500 768
1556510 768
1556520 768
1556530 768
1556540 770
1556550 771
1556560 771
1556570 773
1556580 773
1556590 773
1556600 773
1556610 771
1556620 771
1556630 769
1556640 767
1556650 766
1556660 766
1556670 764
1556680 763
1556690 763
1556700 762
1556710 761
1556720 761
1556730 760
1556740 760
1556750 760
1556760 760
1556770 760
1556780 760
1556790 759
1556800 759
1556810 758
1556820 758
1556830 758
1556840 758
1556850 758
1556860 758
1556870 758
1556880 758
1556890 758
1556900 757
1556910 757
1556920 756
1556930 755
1556940 755
1556950 755
1556960 754
1556970 753
1556980 753
1556990 753
1557000 753
1557010 753
1557020 753
1557030 753
1557040 753
1557050 754
1557060 754
1557070 754
1557080 755
1557090 756
1557100 756
1557110 756
1557120 757
1557130 758
1557140 758
1557150 759
1557160 760
1557170 760
1557180 761
1557190 763
1557200 763
1557210 767
1557220 771
1557230 771
1557240 773
1557250 774
1557260 774
1557270 774
1557280 774
1557290 774
1557300 774
1557310 775
1557320 776
1557330 776
1557340 775
1557350 774
1557360 774
1557370 773
1557380 773
1557390 773
1557400 772
1557410 772
1557420 772
1557430 772
1557440 771
1557450 769
1557460 769
1557470 768
1557480 767
1557490 767
1557500 765
1557510 763
1557520 763
1557530 762
1557540 761
1557550 761
1557560 760
1557570 759
1557580 759
1557590 757
1557600 755
1557610 754
1557620 754
1557630 753
1557640 751
1557650 751
1557660 750
1557670 750
1557680 750
1557690 749
1557700 748
1557710 748
1557720 747
1557730 747
1557740 747
1557750 749
1557760 750
1557770 752
1557780 752
1557790 754
1557800 757
1557810 757
1557820 760
1557830 763
1557840 763
1557850 766
1557860 768
1557870 768
1557880 771
1557890 774
1557900 774
1557910 777
1557920 779
1557930 780
1557940 780
1557950 780
1557960 780
1557970 780
1557980 780
1557990 780
1558000 780
1558010 780
1558020 780
1558030 780
1558040 780
1558050 779
1558060 779
1558070 779
1558080 780
1558090 781
1558100 781
1558110 783
1558120 784
1558130 784
1558140 785
1558150 787
1558160 787
1558170 790
1558180 791
1558190 791
1558200 792
1558210 792
1558220 792
1558230 791
1558240 790
1558250 787
1558260 787
1558270 783
1558280 780
1558290 780
1558300 779
1558310 780
1558320 780
1558330 786
1558340 787
1558350 787
1558360 786
1558370 785
1558380 785
1558390 784
1558400 781
1558410 779
1558420 779
1558430 776
1558440 774
1558450 774
1558460 770
1558470 766
1558480 766
1558490 763
1558500 760
1558510 760
1558520 759
1558530 758
1558540 758
1558550 757
1558560 757
1558570 758
1558580 758
1558590 759
1558600 760
1558610 760
1558620 757
1558630 748
1558640 748
1558650 741
1558660 736
1558670 736
1558680 733
1558690 730
1558700 730
1558710 730
1558720 729
1558730 729
1558740 729
1558750 730
1558760 730
1558770 730
1558780 729
1558790 729
1558800 729
1558810 729
1558820 728
1558830 728
1558840 728
1558850 728
1558860 728
1558870 728
1558880 728
1558890 728
1558900 728
1558910 728
1558920 728
1558930 728
1558940 728
1558950 728
1558960 728
1558970 728
1558980 728
1558990 728
1559000 727
1559010 727
1559020 727
1559030 727
1559040 727
1559050 727
1559060 727
1559070 727
1559080 727
1559090 727
1559100 727
1559110 727
1559120 727
1559130 727
1559140 727
1559150 727
1559160 727
1559170 727
1559180 727
1559190 727
1559200 726
1559210 726
1559220 726
1559230 726
1559240 726
1559250 726
1559260 726
1559270 726
1559280 726
1559290 726
1559300 726
1559310 726
1559320 725
1559330 725
1559340 725
1559350 725
1559360 725
1559370 725
1559380 725
1559390 725
1559400 725
1559410 725
1559420 725
1559430 724
1559440 724
1559450 724
1559460 723
1559470 723
1559480 722
1559490 721
1559500 721
1559510 721
1559520 721
1559530 721
1559540 721
1559550 720
1559560 720
1559570 720
1559580 720
1559590 719
1559600 719
1559610 719
1559620 720
1559630 720
1559640 719
1559650 719
1559660 719
1559670 719
1559680 719
1559690 719
1559700 719
1559710 719
1559720 719
1559730 719
1559740 720
1559750 720
1559760 720
1559770 720
1559780 720
1559790 720
1559800 720
1559810 720
1559820 721
1559830 721
1559840 721
1559850 721
1559860 721
1559870 721
1559880 721
1559890 721
1559900 721
1559910 722
1559920 722
1559930 722
1559940 723
1559950 723
1559960 723
1559970 724
1559980 724
1559990 724
