1540000 745
1540010 745
1540020 744
1540030 743
1540040 743
1540050 742
1540060 740
1540070 740
1540080 739
1540090 736
1540100 731
1540110 731
1540120 729
1540130 730
1540140 730
1540150 732
1540160 736
1540170 736
1540180 739
1540190 739
1540200 739
1540210 739
1540220 737
1540230 737
1540240 733
1540250 730
1540260 726
1540270 726
1540280 723
1540290 719
1540300 719
1540310 715
1540320 712
1540330 712
1540340 711
1540350 711
1540360 711
1540370 711
1540380 711
1540390 711
1540400 713
1540410 716
1540420 719
1540430 719
1540440 719
1540450 721
1540460 721
1540470 722
1540480 722
1540490 722
1540500 724
1540510 727
1540520 727
1540530 730
1540540 733
1540550 733
1540560 736
1540570 737
1540580 738
1540590 738
1540600 737
1540610 737
1540620 737
1540630 738
1540640 738
1540650 738
1540660 739
1540670 739
1540680 739
1540690 737
1540700 734
1540710 734
1540720 731
1540730 729
1540740 728
1540750 728
1540760 723
1540770 720
1540780 720
1540790 720
1540800 721
1540810 721
1540820 721
1540830 722
1540840 722
1540850 723
1540860 723
1540870 723
1540880 720
1540890 717
1540900 714
1540910 714
1540920 710
1540930 705
1540940 705
1540950 699
1540960 693
1540970 693
1540980 688
1540990 683
1541000 683
1541010 679
1541020 675
1541030 675
1541040 673
1541050 670
1541060 670
1541070 670
1541080 670
1541090 671
1541100 671
1541110 671
1541120 671
1541130 671
1541140 668
1541150 663
1541160 663
1541170 659
1541180 655
1541190 655
1541200 652
1541210 649
1541220 647
1541230 647
1541240 646
1541250 650
1541260 650
1541270 654
1541280 657
1541290 657
1541300 660
1541310 663
1541320 663
1541330 667
1541340 671
1541350 671
1541360 676
1541370 680
1541380 685
1541390 685
1541400 691
1541410 696
1541420 696
1541430 702
1541440 706
1541450 706
1541460 710
1541470 715
1541480 715
1541490 719
1541500 725
1541510 725
1541520 732
1541530 740
1541540 747
1541550 747
1541560 755
1541570 764
1541580 764
1541590 772
1541600 779
1541610 779
1541620 784
1541630 790
1541640 790
1541650 796
1541660 803
1541670 803
1541680 809
1541690 815
1541700 821
1541710 821
1541720 827
1541730 832
1541740 832
1541750 836
1541760 840
1541770 840
1541780 844
1541790 848
1541800 848
1541810 852
1541820 855
1541830 855
1541840 858
1541850 860
1541860 862
1541870 862
1541880 864
1541890 866
1541900 866
1541910 867
1541920 869
1541930 869
1541940 871
1541950 872
1541960 872
1541970 874
1541980 876
1541990 876
1542000 877
1542010 877
1542020 877
1542030 877
1542040 876
1542050 875
1542060 875
1542070 875
1542080 875
1542090 875
1542100 876
1542110 877
1542120 877
1542130 877
1542140 878
1542150 878
1542160 878
1542170 878
1542180 878
1542190 878
1542200 880
1542210 882
1542220 882
1542230 882
1542240 882
1542250 882
1542260 883
1542270 884
1542280 884
1542290 882
1542300 880
1542310 880
1542320 879
1542330 878
1542340 878
1542350 878
1542360 879
1542370 879
1542380 879
1542390 879
1542400 877
1542410 877
1542420 874
1542430 866
1542440 866
1542450 864
1542460 862
1542470 862
1542480 860
1542490 859
1542500 857
1542510 857
1542520 855
1542530 854
1542540 854
1542550 853
1542560 851
1542570 851
1542580 849
1542590 848
1542600 848
1542610 845
1542620 841
1542630 841
1542640 840
1542650 840
1542660 837
1542670 837
1542680 832
1542690 828
1542700 828
1542710 824
1542720 818
1542730 818
1542740 811
1542750 802
1542760 802
1542770 794
1542780 784
1542790 784
1542800 775
1542810 767
1542820 761
1542830 761
1542840 755
1542850 749
1542860 749
1542870 745
1542880 746
1542890 746
1542900 748
1542910 747
1542920 747
1542930 741
1542940 737
1542950 737
1542960 735
1542970 732
1542980 732
1542990 732
1543000 729
1543010 721
1543020 721
1543030 712
1543040 704
1543050 704
1543060 696
1543070 688
1543080 688
1543090 681
1543100 673
1543110 673
1543120 665
1543130 655
1543140 646
1543150 646
1543160 638
1543170 630
1543180 630
1543190 620
1543200 610
1543210 610
1543220 599
1543230 588
1543240 588
1543250 580
1543260 575
1543270 575
1543280 571
1543290 569
1543300 566
1543310 566
1543320 565
1543330 562
1543340 562
1543350 559
1543360 556
1543370 556
1543380 550
1543390 545
1543400 545
1543410 542
1543420 541
1543430 541
1543440 536
1543450 533
1543460 529
1543470 529
1543480 523
1543490 521
1543500 521
1543510 521
1543520 521
1543530 521
1543540 521
1543550 521
1543560 521
1543570 521
1543580 521
1543590 521
1543600 521
1543610 521
1543620 519
1543630 519
1543640 515
1543650 514
1543660 514
1543670 519
1543680 520
1543690 520
1543700 520
1543710 520
1543720 520
1543730 521
1543740 521
1543750 521
1543760 521
1543770 521
1543780 522
1543790 522
1543800 521
1543810 521
1543820 521
1543830 520
1543840 520
1543850 520
1543860 520
1543870 520
1543880 520
1543890 520
1543900 521
1543910 521
1543920 521
1543930 521
1543940 521
1543950 521
1543960 520
1543970 520
1543980 520
1543990 519
1544000 518
1544010 518
1544020 517
1544030 515
1544040 515
1544050 514
1544060 513
1544070 513
1544080 513
1544090 513
1544100 513
1544110 513
1544120 513
1544130 512
1544140 512
1544150 512
1544160 512
1544170 512
1544180 512
1544190 511
1544200 511
1544210 511
1544220 511
1544230 511
1544240 511
1544250 512
1544260 512
1544270 512
1544280 511
1544290 511
1544300 511
1544310 512
1544320 512
1544330 512
1544340 512
1544350 513
1544360 513
1544370 514
1544380 514
1544390 514
1544400 514
1544410 513
1544420 510
1544430 510
1544440 509
1544450 509
1544460 509
1544470 509
1544480 510
1544490 510
1544500 509
1544510 509
1544520 509
1544530 509
1544540 509
1544550 509
1544560 508
1544570 508
1544580 508
1544590 508
1544600 508
1544610 508
1544620 508
1544630 508
1544640 508
1544650 508
1544660 508
1544670 508
1544680 508
1544690 508
1544700 508
1544710 508
1544720 508
1544730 508
1544740 508
1544750 508
1544760 507
1544770 507
1544780 507
1544790 507
1544800 508
1544810 508
1544820 508
1544830 507
1544840 507
1544850 507
1544860 507
1544870 507
1544880 507
1544890 507
1544900 507
1544910 507
1544920 507
1544930 507
1544940 507
1544950 507
1544960 509
1544970 509
1544980 509
1544990 507
1545000 507
1545010 506
1545020 506
1545030 506
1545040 506
1545050 506
1545060 505
1545070 505
1545080 505
1545090 505
1545100 505
1545110 505
1545120 505
1545130 505
1545140 505
1545150 505
1545160 505
1545170 505
1545180 505
1545190 505
1545200 505
1545210 505
1545220 505
1545230 505
1545240 505
1545250 505
1545260 505
1545270 505
1545280 505
1545290 505
1545300 505
1545310 505
1545320 505
1545330 505
1545340 505
1545350 505
1545360 505
1545370 505
1545380 505
1545390 505
1545400 505
1545410 505
1545420 505
1545430 505
1545440 505
1545450 505
1545460 505
1545470 505
1545480 505
1545490 505
1545500 505
1545510 505
1545520 505
1545530 505
1545540 505
1545550 505
1545560 505
1545570 505
1545580 505
1545590 505
1545600 505
1545610 505
1545620 505
1545630 505
1545640 505
1545650 505
1545660 505
1545670 505
1545680 505
1545690 505
1545700 505
1545710 505
1545720 505
1545730 505
1545740 505
1545750 505
1545760 505
1545770 505
1545780 504
1545790 504
1545800 504
1545810 505
1545820 505
1545830 505
1545840 504
1545850 504
1545860 504
1545870 504
1545880 504
1545890 504
1545900 504
1545910 504
1545920 504
1545930 504
1545940 504
1545950 504
1545960 504
1545970 504
1545980 504
1545990 504
1546000 504
1546010 504
1546020 504
1546030 504
1546040 504
1546050 503
1546060 503
1546070 504
1546080 504
1546090 504
1546100 503
1546110 503
1546120 503
1546130 503
1546140 503
1546150 503
1546160 503
1546170 503
1546180 503
1546190 503
1546200 503
1546210 503
1546220 503
1546230 503
1546240 502
1546250 502
1546260 502
1546270 502
1546280 502
1546290 502
1546300 502
1546310 502
1546320 502
1546330 502
1546340 502
1546350 502
1546360 502
1546370 502
1546380 502
1546390 502
1546400 502
1546410 502
1546420 502
1546430 501
1546440 501
1546450 501
1546460 501
1546470 501
1546480 501
1546490 501
1546500 501
1546510 501
1546520 501
1546530 501
1546540 501
1546550 501
1546560 501
1546570 501
1546580 501
1546590 501
1546600 501
1546610 501
1546620 500
1546630 500
1546640 501
1546650 501
1546660 501
1546670 501
1546680 501
1546690 501
1546700 501
1546710 501
1546720 501
1546730 501
1546740 500
1546750 500
1546760 500
1546770 501
1546780 502
1546790 502
1546800 501
1546810 501
1546820 501
1546830 501
1546840 501
1546850 501
1546860 501
1546870 501
1546880 501
1546890 501
1546900 501
1546910 501
1546920 501
1546930 501
1546940 501
1546950 501
1546960 501
1546970 501
1546980 501
1546990 501
1547000 501
1547010 501
1547020 501
1547030 501
1547040 501
1547050 501
1547060 501
1547070 501
1547080 501
1547090 501
1547100 501
1547110 501
1547120 501
1547130 501
1547140 501
1547150 501
1547160 501
1547170 501
1547180 501
1547190 501
1547200 501
1547210 501
1547220 501
1547230 501
1547240 501
1547250 501
1547260 501
1547270 501
1547280 501
1547290 501
1547300 501
1547310 501
1547320 501
1547330 501
1547340 501
1547350 501
1547360 501
1547370 501
1547380 501
1547390 501
1547400 501
1547410 501
1547420 501
1547430 501
1547440 501
1547450 501
1547460 501
1547470 501
1547480 501
1547490 501
1547500 501
1547510 501
1547520 501
1547530 501
1547540 501
1547550 501
1547560 501
1547570 501
1547580 501
1547590 501
1547600 501
1547610 501
1547620 501
1547630 501
1547640 501
1547650 502
1547660 502
1547670 504
1547680 505
1547690 505
1547700 506
1547710 507
1547720 507
1547730 508
1547740 508
1547750 508
1547760 509
1547770 509
1547780 509
1547790 509
1547800 509
1547810 508
1547820 508
1547830 506
1547840 504
1547850 504
1547860 504
1547870 503
1547880 503
1547890 503
1547900 503
1547910 503
1547920 503
1547930 502
1547940 502
1547950 502
1547960 502
1547970 501
1547980 501
1547990 501
1548000 501
1548010 501
1548020 501
1548030 501
1548040 501
1548050 502
1548060 502
1548070 502
1548080 502
1548090 501
1548100 501
1548110 501
1548120 501
1548130 501
1548140 501
1548150 501
1548160 501
1548170 501
1548180 501
1548190 501
1548200 501
1548210 501
1548220 501
1548230 501
1548240 501
1548250 501
1548260 501
1548270 501
1548280 501
1548290 501
1548300 501
1548310 501
1548320 501
1548330 501
1548340 501
1548350 501
1548360 501
1548370 501
1548380 501
1548390 501
1548400 501
1548410 501
1548420 501
1548430 501
1548440 501
1548450 501
1548460 501
1548470 501
1548480 501
1548490 501
1548500 501
1548510 501
1548520 501
1548530 501
1548540 501
1548550 501
1548560 501
1548570 501
1548580 501
1548590 501
1548600 501
1548610 501
1548620 501
1548630 501
1548640 501
1548650 501
1548660 501
1548670 501
1548680 501
1548690 501
1548700 501
1548710 501
1548720 501
1548730 501
1548740 501
1548750 501
1548760 501
1548770 501
1548780 501
1548790 501
1548800 501
1548810 501
1548820 501
1548830 501
1548840 501
1548850 501
1548860 501
1548870 501
1548880 501
1548890 501
1548900 501
1548910 501
1548920 501
1548930 501
1548940 501
1548950 501
1548960 501
1548970 501
1548980 501
1548990 501
1549000 501
1549010 501
1549020 501
1549030 501
1549040 501
1549050 501
1549060 501
1549070 501
1549080 501
1549090 501
1549100 501
1549110 501
1549120 501
1549130 501
1549140 501
1549150 501
1549160 501
1549170 502
1549180 502
1549190 502
1549200 503
1549210 504
1549220 505
1549230 505
1549240 506
1549250 506
1549260 506
1549270 507
1549280 508
1549290 508
1549300 508
1549310 508
1549320 508
1549330 509
1549340 511
1549350 511
1549360 511
1549370 512
1549380 512
1549390 512
1549400 513
1549410 514
1549420 514
1549430 516
1549440 517
1549450 517
1549460 518
1549470 519
1549480 519
1549490 519
1549500 519
1549510 519
1549520 520
1549530 521
1549540 522
1549550 522
1549560 521
1549570 521
1549580 521
1549590 521
1549600 521
1549610 521
1549620 526
1549630 529
1549640 529
1549650 532
1549660 534
1549670 534
1549680 535
1549690 536
1549700 535
1549710 535
1549720 533
1549730 528
1549740 528
1549750 524
1549760 523
1549770 523
1549780 523
1549790 525
1549800 525
1549810 526
1549820 528
1549830 528
1549840 530
1549850 531
1549860 534
1549870 534
1549880 537
1549890 539
1549900 539
1549910 542
1549920 546
1549930 546
1549940 550
1549950 552
1549960 552
1549970 553
1549980 552
1549990 552
1550000 546
1550010 540
1550020 535
1550030 535
1550040 534
1550050 535
1550060 535
1550070 537
1550080 537
1550090 537
1550100 534
1550110 531
1550120 531
1550130 530
1550140 529
1550150 529
1550160 530
1550170 531
1550180 530
1550190 530
1550200 530
1550210 530
1550220 530
1550230 531
1550240 533
1550250 533
1550260 536
1550270 539
1550280 539
1550290 537
1550300 530
1550310 530
1550320 526
1550330 525
1550340 524
1550350 524
1550360 523
1550370 522
1550380 522
1550390 524
1550400 526
1550410 526
1550420 529
1550430 528
1550440 528
1550450 527
1550460 526
1550470 526
1550480 527
1550490 528
1550500 528
1550510 528
1550520 529
1550530 529
1550540 529
1550550 527
1550560 522
1550570 522
1550580 523
1550590 524
1550600 524
1550610 525
1550620 526
1550630 526
1550640 528
1550650 528
1550660 529
1550670 529
1550680 529
1550690 531
1550700 531
1550710 532
1550720 533
1550730 533
1550740 535
1550750 536
1550760 536
1550770 536
1550780 536
1550790 536
1550800 536
1550810 537
1550820 538
1550830 538
1550840 539
1550850 542
1550860 542
1550870 544
1550880 545
1550890 545
1550900 546
1550910 548
1550920 548
1550930 550
1550940 552
1550950 552
1550960 552
1550970 552
1550980 553
1550990 553
1551000 554
1551010 556
1551020 556
1551030 557
1551040 557
1551050 557
1551060 557
1551070 559
1551080 559
1551090 561
1551100 561
1551110 561
1551120 562
1551130 563
1551140 564
1551150 564
1551160 566
1551170 567
1551180 567
1551190 568
1551200 568
1551210 568
1551220 568
1551230 569
1551240 569
1551250 570
1551260 571
1551270 571
1551280 573
1551290 575
1551300 576
1551310 576
1551320 577
1551330 577
1551340 577
1551350 579
1551360 580
1551370 580
1551380 582
1551390 585
1551400 585
1551410 587
1551420 588
1551430 588
1551440 589
1551450 589
1551460 589
1551470 589
1551480 589
1551490 588
1551500 588
1551510 587
1551520 589
1551530 589
1551540 590
1551550 590
1551560 590
1551570 589
1551580 588
1551590 588
1551600 587
1551610 589
1551620 590
1551630 590
1551640 593
1551650 596
1551660 596
1551670 601
1551680 606
1551690 606
1551700 611
1551710 617
1551720 617
1551730 622
1551740 628
1551750 628
1551760 633
1551770 642
1551780 655
1551790 655
1551800 659
1551810 659
1551820 659
1551830 659
1551840 662
1551850 662
1551860 667
1551870 669
1551880 669
1551890 669
1551900 668
1551910 668
1551920 668
1551930 670
1551940 673
1551950 673
1551960 675
1551970 678
1551980 678
1551990 680
1552000 682
1552010 682
1552020 684
1552030 686
1552040 686
1552050 690
1552060 694
1552070 694
1552080 696
1552090 694
1552100 696
1552110 696
1552120 699
1552130 704
1552140 704
1552150 709
1552160 715
1552170 715
1552180 722
1552190 728
1552200 728
1552210 734
1552220 740
1552230 740
1552240 746
1552250 751
1552260 755
1552270 755
1552280 760
1552290 766
1552300 766
1552310 771
1552320 774
1552330 774
1552340 774
1552350 774
1552360 774
1552370 776
1552380 779
1552390 779
1552400 784
1552410 786
1552420 786
1552430 786
1552440 785
1552450 775
1552460 775
1552470 779
1552480 786
1552490 786
1552500 792
1552510 798
1552520 798
1552530 801
1552540 805
1552550 805
1552560 806
1552570 807
1552580 809
1552590 809
1552600 814
1552610 820
1552620 820
1552630 827
1552640 834
1552650 834
1552660 839
1552670 843
1552680 843
1552690 845
1552700 850
1552710 850
1552720 853
1552730 855
1552740 855
1552750 855
1552760 854
1552770 852
1552780 852
1552790 850
1552800 849
1552810 849
1552820 848
1552830 847
1552840 847
1552850 846
1552860 844
1552870 844
1552880 843
1552890 842
1552900 841
1552910 841
1552920 839
1552930 837
1552940 837
1552950 835
1552960 834
1552970 834
1552980 833
1552990 833
1553000 833
1553010 834
1553020 835
1553030 835
1553040 837
1553050 841
1553060 843
1553070 843
1553080 844
1553090 842
1553100 842
1553110 840
1553120 838
1553130 838
1553140 837
1553150 837
1553160 837
1553170 835
1553180 833
1553190 833
1553200 835
1553210 837
1553220 839
1553230 839
1553240 839
1553250 839
1553260 839
1553270 838
1553280 836
1553290 836
1553300 834
1553310 831
1553320 831
1553330 828
1553340 827
1553350 827
1553360 825
1553370 824
1553380 823
1553390 823
1553400 823
1553410 820
1553420 820
1553430 818
1553440 816
1553450 816
1553460 814
1553470 811
1553480 811
1553490 807
1553500 805
1553510 805
1553520 804
1553530 805
1553540 806
1553550 806
1553560 809
1553570 811
1553580 811
1553590 811
1553600 812
1553610 812
1553620 813
1553630 813
1553640 813
1553650 813
1553660 813
1553670 813
1553680 812
1553690 812
1553700 811
1553710 811
1553720 811
1553730 813
1553740 813
1553750 815
1553760 815
1553770 815
1553780 815
1553790 815
1553800 815
1553810 815
1553820 814
1553830 814
1553840 814
1553850 814
1553860 813
1553870 813
1553880 812
1553890 811
1553900 811
1553910 810
1553920 810
1553930 810
1553940 810
1553950 809
1553960 809
1553970 808
1553980 808
1553990 808
1554000 808
1554010 808
1554020 808
1554030 808
1554040 808
1554050 808
1554060 808
1554070 808
1554080 808
1554090 808
1554100 809
1554110 809
1554120 809
1554130 810
1554140 811
1554150 811
1554160 811
1554170 810
1554180 809
1554190 809
1554200 808
1554210 807
1554220 807
1554230 806
1554240 804
1554250 804
1554260 802
1554270 799
1554280 803
1554290 799
1554300 796
1554310 796
1554320 795
1554330 795
1554340 793
1554350 793
1554360 791
1554370 790
1554380 790
1554390 790
1554400 789
1554410 789
1554420 787
1554430 785
1554440 785
1554450 782
1554460 781
1554470 781
1554480 780
1554490 779
1554500 779
1554510 779
1554520 778
1554530 778
1554540 778
1554550 780
1554560 780
1554570 780
1554580 780
1554590 779
1554600 779
1554610 778
1554620 776
1554630 776
1554640 774
1554650 778
1554660 779
1554670 779
1554680 781
1554690 783
1554700 783
1554710 783
1554720 783
1554730 783
1554740 782
1554750 782
1554760 782
1554770 783
1554780 784
1554790 784
1554800 785
1554810 785
1554820 785
1554830 785
1554840 785
1554850 785
1554860 785
1554870 784
1554880 783
1554890 783
1554900 779
1554910 775
1554920 775
1554930 771
1554940 770
1554950 770
1554960 769
1554970 770
1554980 770
1554990 770
1555000 771
1555010 773
1555020 773
1555030 774
1555040 775
1555050 775
1555060 775
1555070 775
1555080 775
1555090 776
1555100 776
1555110 776
1555120 777
1555130 778
1555140 779
1555150 779
1555160 780
1555170 781
1555180 781
1555190 783
1555200 783
1555210 783
1555220 784
1555230 784
1555240 784
1555250 785
1555260 785
1555270 785
1555280 786
1555290 786
1555300 787
1555310 787
1555320 789
1555330 790
1555340 790
1555350 791
1555360 792
1555370 792
1555380 794
1555390 797
1555400 797
1555410 797
1555420 797
1555430 797
1555440 796
1555450 797
1555460 797
1555470 797
1555480 798
1555490 799
1555500 799
1555510 799
1555520 798
1555530 798
1555540 798
1555550 798
1555560 798
1555570 798
1555580 799
1555590 799
1555600 797
1555610 796
1555620 797
1555630 797
1555640 797
1555650 798
1555660 798
1555670 798
1555680 797
1555690 797
1555700 793
1555710 791
1555720 791
1555730 789
1555740 788
1555750 788
1555760 788
1555770 788
1555780 789
1555790 789
1555800 791
1555810 794
1555820 794
1555830 795
1555840 797
1555850 797
1555860 799
1555870 801
1555880 801
1555890 802
1555900 804
1555910 804
1555920 805
1555930 805
1555940 805
1555950 805
1555960 805
1555970 805
1555980 805
1555990 806
1556000 809
1556010 809
1556020 810
1556030 811
1556040 811
1556050 811
1556060 811
1556070 813
1556080 814
1556090 814
1556100 814
1556110 814
1556120 814
1556130 815
1556140 815
1556150 816
1556160 817
1556170 817
1556180 818
1556190 817
1556200 817
1556210 817
1556220 817
1556230 817
1556240 818
1556250 819
1556260 819
1556270 819
1556280 819
1556290 819
1556300 819
1556310 820
1556320 821
1556330 821
1556340 821
1556350 821
1556360 821
1556370 821
1556380 822
1556390 822
1556400 822
1556410 822
1556420 822
1556430 822
1556440 823
1556450 822
1556460 822
1556470 822
1556480 822
1556490 822
1556500 823
1556510 823
1556520 823
1556530 823
1556540 823
1556550 823
1556560 823
1556570 823
1556580 823
1556590 823
1556600 822
1556610 821
1556620 821
1556630 820
1556640 820
1556650 820
1556660 820
1556670 820
1556680 820
1556690 820
1556700 821
1556710 821
1556720 821
1556730 820
1556740 820
1556750 820
1556760 820
1556770 820
1556780 820
1556790 820
1556800 821
1556810 821
1556820 821
1556830 822
1556840 822
1556850 822
1556860 823
1556870 823
1556880 823
1556890 823
1556900 823
1556910 823
1556920 822
1556930 822
1556940 822
1556950 822
1556960 822
1556970 822
1556980 822
1556990 821
1557000 821
1557010 820
1557020 820
1557030 820
1557040 820
1557050 821
1557060 821
1557070 821
1557080 822
1557090 822
1557100 822
1557110 822
1557120 822
1557130 822
1557140 822
1557150 822
1557160 822
1557170 823
1557180 823
1557190 823
1557200 823
1557210 822
1557220 822
1557230 822
1557240 822
1557250 822
1557260 822
1557270 820
1557280 820
1557290 820
1557300 818
1557310 817
1557320 817
1557330 817
1557340 816
1557350 816
1557360 816
1557370 815
1557380 815
1557390 815
1557400 814
1557410 814
1557420 814
1557430 814
1557440 814
1557450 814
1557460 814
1557470 813
1557480 813
1557490 812
1557500 812
1557510 812
1557520 811
1557530 810
1557540 810
1557550 810
1557560 810
1557570 809
1557580 809
1557590 809
1557600 808
1557610 808
1557620 808
1557630 807
1557640 807
1557650 806
1557660 805
1557670 805
1557680 804
1557690 804
1557700 803
1557710 803
1557720 802
1557730 801
1557740 801
1557750 800
1557760 800
1557770 800
1557780 799
1557790 798
1557800 798
1557810 800
1557820 800
1557830 800
1557840 800
1557850 800
1557860 801
1557870 801
1557880 801
1557890 802
1557900 802
1557910 802
1557920 802
1557930 802
1557940 803
1557950 803
1557960 803
1557970 804
1557980 804
1557990 804
1558000 805
1558010 805
1558020 805
1558030 805
1558040 805
1558050 805
1558060 805
1558070 805
1558080 804
1558090 804
1558100 804
1558110 803
1558120 803
1558130 802
1558140 801
1558150 801
1558160 800
1558170 800
1558180 800
1558190 800
1558200 799
1558210 799
1558220 799
1558230 799
1558240 799
1558250 799
1558260 797
1558270 795
1558280 795
1558290 793
1558300 792
1558310 792
1558320 790
1558330 790
1558340 790
1558350 790
1558360 790
1558370 789
1558380 789
1558390 789
1558400 788
1558410 788
1558420 788
1558430 788
1558440 788
1558450 787
1558460 787
1558470 787
1558480 787
1558490 787
1558500 787
1558510 787
1558520 787
1558530 787
1558540 787
1558550 787
1558560 787
1558570 787
1558580 787
1558590 787
1558600 787
1558610 787
1558620 787
1558630 787
1558640 787
1558650 787
1558660 787
1558670 787
1558680 787
1558690 787
1558700 787
1558710 788
1558720 788
1558730 788
1558740 788
1558750 788
1558760 788
1558770 789
1558780 789
1558790 789
1558800 789
1558810 790
1558820 790
1558830 790
1558840 790
1558850 790
1558860 790
1558870 791
1558880 791
1558890 791
1558900 791
1558910 792
1558920 792
1558930 792
1558940 793
1558950 793
1558960 793
1558970 793
1558980 793
1558990 793
1559000 794
1559010 795
1559020 795
1559030 794
1559040 793
1559050 793
1559060 793
1559070 793
1559080 793
1559090 793
1559100 793
1559110 793
1559120 794
1559130 794
1559140 794
1559150 794
1559160 794
1559170 794
1559180 794
1559190 794
1559200 794
1559210 794
1559220 793
1559230 792
1559240 792
1559250 791
1559260 791
1559270 791
1559280 791
1559290 791
1559300 791
1559310 791
1559320 791
1559330 791
1559340 791
1559350 791
1559360 792
1559370 792
1559380 792
1559390 792
1559400 792
1559410 792
1559420 792
1559430 792
1559440 792
1559450 792
1559460 791
1559470 791
1559480 791
1559490 790
1559500 790
1559510 792
1559520 791
1559530 791
1559540 791
1559550 791
1559560 791
1559570 791
1559580 792
1559590 792
1559600 793
1559610 793
1559620 794
1559630 794
1559640 795
1559650 796
1559660 796
1559670 797
1559680 797
1559690 797
1559700 797
1559710 798
1559720 798
1559730 798
1559740 799
1559750 799
1559760 800
1559770 800
1559780 801
1559790 801
1559800 801
1559810 801
1559820 801
1559830 801
1559840 802
1559850 802
1559860 802
1559870 802
1559880 802
1559890 802
1559900 803
1559910 803
1559920 803
1559930 803
1559940 802
1559950 802
1559960 802
1559970 802
1559980 802
1559990 802
