1540000 1087
1540010 1083
1540020 1077
1540030 1077
1540040 1073
1540050 1068
1540060 1068
1540070 1065
1540080 1060
1540090 1060
1540100 1057
1540110 1056
1540120 1054
1540130 1054
1540140 1051
1540150 1050
1540160 1050
1540170 1048
1540180 1048
1540190 1048
1540200 1044
1540210 1039
1540220 1039
1540230 1035
1540240 1034
1540250 1034
1540260 1032
1540270 1028
1540280 1027
1540290 1027
1540300 1024
1540310 1020
1540320 1020
1540330 1015
1540340 1010
1540350 1010
1540360 1007
1540370 1003
1540380 1003
1540390 1000
1540400 996
1540410 996
1540420 993
1540430 988
1540440 984
1540450 984
1540460 980
1540470 973
1540480 973
1540490 968
1540500 963
1540510 963
1540520 956
1540530 951
1540540 951
1540550 943
1540560 936
1540570 936
1540580 930
1540590 924
1540600 918
1540610 918
1540620 912
1540630 907
1540640 907
1540650 902
1540660 897
1540670 897
1540680 892
1540690 887
1540700 887
1540710 881
1540720 876
1540730 876
1540740 868
1540750 862
1540760 856
1540770 856
1540780 849
1540790 843
1540800 843
1540810 839
1540820 835
1540830 835
1540840 831
1540850 828
1540860 828
1540870 826
1540880 823
1540890 823
1540900 820
1540910 818
1540920 817
1540930 817
1540940 814
1540950 810
1540960 810
1540970 807
1540980 806
1540990 806
1541000 803
1541010 799
1541020 799
1541030 796
1541040 794
1541050 794
1541060 791
1541070 789
1541080 786
1541090 786
1541100 783
1541110 781
1541120 781
1541130 779
1541140 776
1541150 776
1541160 774
1541170 772
1541180 772
1541190 770
1541200 769
1541210 769
1541220 766
1541230 763
1541240 761
1541250 761
1541260 759
1541270 757
1541280 757
1541290 755
1541300 753
1541310 753
1541320 750
1541330 748
1541340 748
1541350 746
1541360 743
1541370 743
1541380 738
1541390 735
1541400 733
1541410 733
1541420 728
1541430 723
1541440 723
1541450 717
1541460 712
1541470 712
1541480 707
1541490 701
1541500 701
1541510 697
1541520 695
1541530 695
1541540 692
1541550 686
1541560 686
1541570 684
1541580 682
1541590 682
1541600 682
1541610 682
1541620 683
1541630 683
1541640 683
1541650 683
1541660 683
1541670 681
1541680 680
1541690 680
1541700 678
1541710 676
1541720 676
1541730 674
1541740 673
1541750 670
1541760 670
1541770 667
1541780 663
1541790 663
1541800 659
1541810 656
1541820 656
1541830 654
1541840 651
1541850 651
1541860 647
1541870 644
1541880 644
1541890 642
1541900 640
1541910 636
1541920 636
1541930 631
1541940 625
1541950 625
1541960 620
1541970 615
1541980 615
1541990 612
1542000 612
1542010 612
1542020 613
1542030 614
1542040 614
1542050 614
1542060 614
1542070 615
1542080 615
1542090 616
1542100 616
1542110 616
1542120 615
1542130 615
1542140 615
1542150 613
1542160 610
1542170 610
1542180 607
1542190 605
1542200 605
1542210 604
1542220 603
1542230 603
1542240 603
1542250 602
1542260 600
1542270 600
1542280 599
1542290 600
1542300 600
1542310 601
1542320 601
1542330 601
1542340 601
1542350 600
1542360 600
1542370 595
1542380 589
1542390 583
1542400 583
1542410 577
1542420 570
1542430 570
1542440 562
1542450 555
1542460 555
1542470 550
1542480 546
1542490 546
1542500 543
1542510 543
1542520 543
1542530 544
1542540 545
1542550 544
1542560 544
1542570 543
1542580 542
1542590 542
1542600 539
1542610 537
1542620 537
1542630 536
1542640 535
1542650 535
1542660 535
1542670 534
1542680 534
1542690 533
1542700 532
1542710 531
1542720 531
1542730 529
1542740 527
1542750 527
1542760 527
1542770 526
1542780 526
1542790 526
1542800 525
1542810 525
1542820 524
1542830 523
1542840 523
1542850 523
1542860 522
1542870 520
1542880 520
1542890 519
1542900 519
1542910 519
1542920 519
1542930 519
1542940 519
1542950 519
1542960 519
1542970 519
1542980 519
1542990 519
1543000 519
1543010 519
1543020 519
1543030 518
1543040 518
1543050 518
1543060 519
1543070 519
1543080 519
1543090 518
1543100 518
1543110 518
1543120 518
1543130 518
1543140 518
1543150 518
1543160 518
1543170 518
1543180 518
1543190 517
1543200 517
1543210 517
1543220 517
1543230 517
1543240 517
1543250 517
1543260 517
1543270 517
1543280 517
1543290 517
1543300 517
1543310 517
1543320 517
1543330 517
1543340 517
1543350 517
1543360 517
1543370 516
1543380 516
1543390 516
1543400 516
1543410 516
1543420 516
1543430 516
1543440 516
1543450 516
1543460 516
1543470 516
1543480 516
1543490 516
1543500 516
1543510 516
1543520 516
1543530 515
1543540 515
1543550 515
1543560 515
1543570 515
1543580 515
1543590 515
1543600 515
1543610 515
1543620 515
1543630 515
1543640 515
1543650 515
1543660 515
1543670 515
1543680 515
1543690 515
1543700 514
1543710 514
1543720 514
1543730 514
1543740 514
1543750 514
1543760 514
1543770 514
1543780 514
1543790 514
1543800 514
1543810 514
1543820 514
1543830 514
1543840 514
1543850 514
1543860 514
1543870 514
1543880 515
1543890 515
1543900 515
1543910 514
1543920 513
1543930 513
1543940 513
1543950 513
1543960 513
1543970 513
1543980 513
1543990 513
1544000 513
1544010 513
1544020 513
1544030 513
1544040 513
1544050 513
1544060 513
1544070 513
1544080 513
1544090 513
1544100 513
1544110 513
1544120 513
1544130 513
1544140 513
1544150 513
1544160 513
1544170 513
1544180 513
1544190 513
1544200 513
1544210 513
1544220 513
1544230 513
1544240 513
1544250 513
1544260 513
1544270 513
1544280 513
1544290 514
1544300 514
1544310 515
1544320 515
1544330 517
1544340 518
1544350 518
1544360 519
1544370 519
1544380 519
1544390 520
1544400 520
1544410 520
1544420 520
1544430 521
1544440 521
1544450 521
1544460 523
1544470 524
1544480 524
1544490 525
1544500 526
1544510 526
1544520 528
1544530 530
1544540 530
1544550 533
1544560 537
1544570 537
1544580 542
1544590 548
1544600 548
1544610 552
1544620 555
1544630 557
1544640 557
1544650 558
1544660 558
1544670 558
1544680 565
1544690 572
1544700 572
1544710 574
1544720 575
1544730 575
1544740 576
1544750 575
1544760 575
1544770 574
1544780 574
1544790 572
1544800 572
1544810 569
1544820 569
1544830 569
1544840 569
1544850 566
1544860 566
1544870 564
1544880 567
1544890 567
1544900 568
1544910 568
1544920 568
1544930 569
1544940 568
1544950 567
1544960 567
1544970 565
1544980 564
1544990 564
1545000 564
1545010 563
1545020 563
1545030 563
1545040 564
1545050 564
1545060 564
1545070 564
1545080 564
1545090 564
1545100 563
1545110 562
1545120 562
1545130 561
1545140 561
1545150 561
1545160 561
1545170 560
1545180 560
1545190 560
1545200 559
1545210 559
1545220 558
1545230 556
1545240 556
1545250 555
1545260 554
1545270 553
1545280 553
1545290 552
1545300 552
1545310 552
1545320 552
1545330 552
1545340 552
1545350 552
1545360 550
1545370 550
1545380 547
1545390 542
1545400 542
1545410 538
1545420 536
1545430 540
1545440 540
1545450 544
1545460 546
1545470 546
1545480 546
1545490 545
1545500 545
1545510 544
1545520 543
1545530 543
1545540 541
1545550 539
1545560 539
1545570 538
1545580 536
1545590 535
1545600 535
1545610 532
1545620 530
1545630 530
1545640 530
1545650 530
1545660 535
1545670 533
1545680 531
1545690 531
1545700 529
1545710 526
1545720 526
1545730 524
1545740 522
1545750 520
1545760 520
1545770 519
1545780 518
1545790 518
1545800 517
1545810 515
1545820 515
1545830 514
1545840 514
1545850 514
1545860 514
1545870 514
1545880 514
1545890 514
1545900 514
1545910 513
1545920 513
1545930 513
1545940 512
1545950 512
1545960 512
1545970 512
1545980 512
1545990 513
1546000 514
1546010 514
1546020 514
1546030 515
1546040 515
1546050 515
1546060 516
1546070 517
1546080 517
1546090 517
1546100 517
1546110 517
1546120 517
1546130 517
1546140 517
1546150 516
1546160 516
1546170 516
1546180 516
1546190 516
1546200 516
1546210 516
1546220 515
1546230 515
1546240 515
1546250 514
1546260 513
1546270 513
1546280 513
1546290 513
1546300 513
1546310 512
1546320 510
1546330 510
1546340 509
1546350 508
1546360 508
1546370 509
1546380 509
1546390 508
1546400 508
1546410 507
1546420 506
1546430 506
1546440 506
1546450 505
1546460 505
1546470 504
1546480 504
1546490 504
1546500 503
1546510 503
1546520 503
1546530 503
1546540 503
1546550 502
1546560 502
1546570 503
1546580 502
1546590 502
1546600 502
1546610 502
1546620 502
1546630 502
1546640 502
1546650 502
1546660 502
1546670 502
1546680 502
1546690 502
1546700 502
1546710 502
1546720 502
1546730 502
1546740 502
1546750 502
1546760 502
1546770 501
1546780 501
1546790 501
1546800 501
1546810 501
1546820 501
1546830 501
1546840 501
1546850 501
1546860 501
1546870 501
1546880 501
1546890 501
1546900 501
1546910 501
1546920 501
1546930 501
1546940 501
1546950 501
1546960 501
1546970 501
1546980 501
1546990 501
1547000 501
1547010 501
1547020 501
1547030 501
1547040 501
1547050 501
1547060 501
1547070 501
1547080 501
1547090 501
1547100 501
1547110 501
1547120 501
1547130 501
1547140 501
1547150 501
1547160 501
1547170 501
1547180 501
1547190 501
1547200 501
1547210 501
1547220 501
1547230 501
1547240 501
1547250 501
1547260 501
1547270 501
1547280 501
1547290 501
1547300 501
1547310 501
1547320 501
1547330 501
1547340 501
1547350 501
1547360 501
1547370 501
1547380 501
1547390 501
1547400 501
1547410 501
1547420 501
1547430 501
1547440 501
1547450 501
1547460 501
1547470 501
1547480 501
1547490 501
1547500 501
1547510 501
1547520 501
1547530 501
1547540 501
1547550 501
1547560 501
1547570 501
1547580 501
1547590 501
1547600 501
1547610 501
1547620 501
1547630 501
1547640 501
1547650 501
1547660 501
1547670 501
1547680 501
1547690 501
1547700 501
1547710 501
1547720 501
1547730 501
1547740 501
1547750 501
1547760 501
1547770 501
1547780 501
1547790 501
1547800 501
1547810 501
1547820 501
1547830 501
1547840 501
1547850 501
1547860 501
1547870 501
1547880 501
1547890 501
1547900 501
1547910 501
1547920 501
1547930 501
1547940 501
1547950 501
1547960 501
1547970 501
1547980 501
1547990 501
1548000 501
1548010 501
1548020 501
1548030 501
1548040 501
1548050 501
1548060 501
1548070 501
1548080 501
1548090 501
1548100 501
1548110 501
1548120 501
1548130 501
1548140 501
1548150 501
1548160 501
1548170 501
1548180 501
1548190 501
1548200 501
1548210 501
1548220 501
1548230 501
1548240 501
1548250 501
1548260 501
1548270 501
1548280 501
1548290 501
1548300 501
1548310 501
1548320 501
1548330 501
1548340 501
1548350 501
1548360 501
1548370 501
1548380 501
1548390 501
1548400 501
1548410 501
1548420 501
1548430 501
1548440 501
1548450 501
1548460 501
1548470 501
1548480 501
1548490 501
1548500 501
1548510 501
1548520 501
1548530 501
1548540 501
1548550 501
1548560 501
1548570 501
1548580 501
1548590 501
1548600 501
1548610 501
1548620 501
1548630 501
1548640 501
1548650 501
1548660 501
1548670 501
1548680 501
1548690 501
1548700 501
1548710 501
1548720 501
1548730 501
1548740 501
1548750 501
1548760 501
1548770 501
1548780 501
1548790 501
1548800 501
1548810 501
1548820 501
1548830 501
1548840 501
1548850 501
1548860 501
1548870 501
1548880 501
1548890 501
1548900 501
1548910 501
1548920 501
1548930 501
1548940 501
1548950 501
1548960 501
1548970 501
1548980 501
1548990 501
1549000 501
1549010 501
1549020 501
1549030 501
1549040 501
1549050 501
1549060 501
1549070 501
1549080 501
1549090 501
1549100 501
1549110 501
1549120 501
1549130 501
1549140 501
1549150 501
1549160 501
1549170 501
1549180 501
1549190 501
1549200 501
1549210 501
1549220 501
1549230 501
1549240 501
1549250 501
1549260 501
1549270 501
1549280 501
1549290 501
1549300 501
1549310 501
1549320 501
1549330 501
1549340 501
1549350 501
1549360 501
1549370 501
1549380 501
1549390 501
1549400 501
1549410 501
1549420 501
1549430 501
1549440 501
1549450 501
1549460 501
1549470 501
1549480 501
1549490 501
1549500 501
1549510 501
1549520 501
1549530 501
1549540 501
1549550 501
1549560 501
1549570 501
1549580 501
1549590 501
1549600 501
1549610 501
1549620 501
1549630 501
1549640 501
1549650 501
1549660 501
1549670 501
1549680 501
1549690 501
1549700 501
1549710 501
1549720 501
1549730 501
1549740 501
1549750 501
1549760 501
1549770 501
1549780 501
1549790 501
1549800 501
1549810 501
1549820 501
1549830 501
1549840 501
1549850 501
1549860 501
1549870 501
1549880 501
1549890 501
1549900 501
1549910 501
1549920 501
1549930 501
1549940 501
1549950 501
1549960 501
1549970 501
1549980 501
1549990 501
1550000 501
1550010 501
1550020 501
1550030 501
1550040 501
1550050 501
1550060 501
1550070 501
1550080 501
1550090 501
1550100 501
1550110 501
1550120 501
1550130 501
1550140 501
1550150 501
1550160 501
1550170 501
1550180 501
1550190 501
1550200 501
1550210 501
1550220 501
1550230 501
1550240 501
1550250 501
1550260 501
1550270 501
1550280 501
1550290 501
1550300 501
1550310 501
1550320 501
1550330 501
1550340 501
1550350 501
1550360 501
1550370 501
1550380 501
1550390 501
1550400 501
1550410 501
1550420 501
1550430 501
1550440 501
1550450 501
1550460 501
1550470 501
1550480 501
1550490 501
1550500 501
1550510 501
1550520 501
1550530 501
1550540 501
1550550 501
1550560 501
1550570 501
1550580 501
1550590 501
1550600 501
1550610 501
1550620 501
1550630 501
1550640 501
1550650 501
1550660 501
1550670 501
1550680 501
1550690 501
1550700 501
1550710 501
1550720 501
1550730 501
1550740 501
1550750 501
1550760 501
1550770 501
1550780 501
1550790 501
1550800 501
1550810 501
1550820 501
1550830 501
1550840 501
1550850 501
1550860 501
1550870 501
1550880 501
1550890 501
1550900 501
1550910 501
1550920 501
1550930 501
1550940 501
1550950 501
1550960 501
1550970 501
1550980 501
1550990 501
1551000 501
1551010 501
1551020 501
1551030 501
1551040 501
1551050 501
1551060 501
1551070 501
1551080 501
1551090 501
1551100 501
1551110 501
1551120 501
1551130 501
1551140 501
1551150 501
1551160 501
1551170 501
1551180 501
1551190 501
1551200 501
1551210 501
1551220 501
1551230 501
1551240 501
1551250 501
1551260 501
1551270 501
1551280 501
1551290 501
1551300 501
1551310 501
1551320 501
1551330 501
1551340 501
1551350 501
1551360 501
1551370 501
1551380 501
1551390 501
1551400 501
1551410 501
1551420 501
1551430 501
1551440 501
1551450 501
1551460 501
1551470 501
1551480 501
1551490 501
1551500 501
1551510 501
1551520 501
1551530 501
1551540 501
1551550 501
1551560 501
1551570 501
1551580 501
1551590 501
1551600 501
1551610 501
1551620 501
1551630 501
1551640 501
1551650 501
1551660 501
1551670 501
1551680 501
1551690 501
1551700 501
1551710 501
1551720 501
1551730 501
1551740 501
1551750 501
1551760 501
1551770 501
1551780 501
1551790 501
1551800 501
1551810 501
1551820 501
1551830 501
1551840 501
1551850 501
1551860 501
1551870 501
1551880 501
1551890 501
1551900 501
1551910 501
1551920 501
1551930 501
1551940 501
1551950 501
1551960 501
1551970 501
1551980 501
1551990 501
1552000 501
1552010 501
1552020 501
1552030 501
1552040 502
1552050 502
1552060 502
1552070 503
1552080 504
1552090 504
1552100 504
1552110 504
1552120 504
1552130 505
1552140 505
1552150 505
1552160 505
1552170 505
1552180 505
1552190 505
1552200 505
1552210 505
1552220 505
1552230 505
1552240 505
1552250 505
1552260 505
1552270 505
1552280 505
1552290 505
1552300 505
1552310 505
1552320 505
1552330 505
1552340 505
1552350 505
1552360 504
1552370 504
1552380 504
1552390 504
1552400 505
1552410 505
1552420 505
1552430 505
1552440 505
1552450 505
1552460 506
1552470 506
1552480 507
1552490 508
1552500 510
1552510 510
1552520 511
1552530 512
1552540 512
1552550 512
1552560 512
1552570 512
1552580 513
1552590 514
1552600 514
1552610 515
1552620 517
1552630 517
1552640 521
1552650 525
1552660 527
1552670 527
1552680 529
1552690 530
1552700 530
1552710 531
1552720 533
1552730 533
1552740 535
1552750 539
1552760 539
1552770 543
1552780 546
1552790 546
1552800 549
1552810 551
1552820 551
1552830 551
1552840 551
1552850 553
1552860 553
1552870 557
1552880 561
1552890 561
1552900 567
1552910 576
1552920 576
1552930 586
1552940 591
1552950 591
1552960 594
1552970 595
1552980 601
1552990 601
1553000 610
1553010 617
1553020 617
1553030 622
1553040 627
1553050 627
1553060 633
1553070 638
1553080 638
1553090 641
1553100 642
1553110 642
1553120 642
1553130 642
1553140 643
1553150 643
1553160 644
1553170 646
1553180 646
1553190 650
1553200 651
1553210 651
1553220 652
1553230 651
1553240 651
1553250 650
1553260 650
1553270 650
1553280 649
1553290 648
1553300 648
1553310 648
1553320 648
1553330 649
1553340 649
1553350 650
1553360 651
1553370 651
1553380 652
1553390 652
1553400 652
1553410 651
1553420 643
1553430 643
1553440 641
1553450 638
1553460 635
1553470 635
1553480 633
1553490 630
1553500 630
1553510 626
1553520 623
1553530 623
1553540 622
1553550 621
1553560 621
1553570 617
1553580 613
1553590 613
1553600 614
1553610 615
1553620 618
1553630 618
1553640 622
1553650 624
1553660 624
1553670 624
1553680 624
1553690 624
1553700 625
1553710 628
1553720 628
1553730 630
1553740 631
1553750 631
1553760 630
1553770 628
1553780 627
1553790 627
1553800 625
1553810 621
1553820 621
1553830 618
1553840 616
1553850 616
1553860 613
1553870 613
1553880 613
1553890 612
1553900 611
1553910 611
1553920 610
1553930 609
1553940 608
1553950 608
1553960 606
1553970 605
1553980 605
1553990 604
1554000 602
1554010 602
1554020 601
1554030 600
1554040 600
1554050 601
1554060 601
1554070 601
1554080 601
1554090 600
1554100 601
1554110 601
1554120 602
1554130 604
1554140 604
1554150 605
1554160 605
1554170 605
1554180 605
1554190 604
1554200 604
1554210 603
1554220 602
1554230 602
1554240 602
1554250 602
1554260 600
1554270 600
1554280 602
1554290 603
1554300 603
1554310 603
1554320 604
1554330 604
1554340 605
1554350 605
1554360 605
1554370 603
1554380 600
1554390 600
1554400 596
1554410 593
1554420 593
1554430 589
1554440 586
1554450 586
1554460 586
1554470 587
1554480 587
1554490 587
1554500 587
1554510 588
1554520 588
1554530 588
1554540 589
1554550 589
1554560 592
1554570 594
1554580 594
1554590 596
1554600 598
1554610 599
1554620 599
1554630 601
1554640 601
1554650 601
1554660 601
1554670 601
1554680 601
1554690 601
1554700 603
1554710 603
1554720 604
1554730 605
1554740 605
1554750 606
1554760 606
1554770 606
1554780 606
1554790 605
1554800 607
1554810 607
1554820 609
1554830 610
1554840 610
1554850 611
1554860 612
1554870 612
1554880 614
1554890 616
1554900 616
1554910 619
1554920 621
1554930 622
1554940 622
1554950 624
1554960 628
1554970 628
1554980 630
1554990 630
1555000 630
1555010 629
1555020 628
1555030 628
1555040 627
1555050 627
1555060 627
1555070 628
1555080 628
1555090 629
1555100 629
1555110 629
1555120 628
1555130 628
1555140 623
1555150 615
1555160 615
1555170 611
1555180 607
1555190 607
1555200 607
1555210 614
1555220 614
1555230 617
1555240 619
1555250 621
1555260 621
1555270 624
1555280 626
1555290 626
1555300 628
1555310 629
1555320 629
1555330 630
1555340 631
1555350 631
1555360 633
1555370 634
1555380 634
1555390 635
1555400 637
1555410 639
1555420 639
1555430 638
1555440 638
1555450 638
1555460 640
1555470 638
1555480 638
1555490 637
1555500 633
1555510 633
1555520 633
1555530 639
1555540 639
1555550 644
1555560 646
1555570 649
1555580 649
1555590 655
1555600 658
1555610 658
1555620 662
1555630 664
1555640 664
1555650 666
1555660 668
1555670 668
1555680 670
1555690 672
1555700 672
1555710 672
1555720 672
1555730 674
1555740 674
1555750 679
1555760 683
1555770 683
1555780 685
1555790 688
1555800 688
1555810 691
1555820 694
1555830 694
1555840 699
1555850 704
1555860 704
1555870 707
1555880 709
1555890 711
1555900 711
1555910 712
1555920 714
1555930 714
1555940 717
1555950 720
1555960 720
1555970 723
1555980 727
1555990 727
1556000 732
1556010 736
1556020 736
1556030 740
1556040 743
1556050 745
1556060 745
1556070 746
1556080 749
1556090 749
1556100 752
1556110 754
1556120 754
1556130 756
1556140 758
1556150 758
1556160 761
1556170 763
1556180 763
1556190 767
1556200 771
1556210 775
1556220 775
1556230 779
1556240 782
1556250 782
1556260 785
1556270 787
1556280 787
1556290 788
1556300 789
1556310 789
1556320 791
1556330 795
1556340 795
1556350 799
1556360 802
1556370 804
1556380 804
1556390 807
1556400 809
1556410 809
1556420 812
1556430 815
1556440 815
1556450 818
1556460 821
1556470 821
1556480 824
1556490 826
1556500 826
1556510 828
1556520 832
1556530 837
1556540 837
1556550 844
1556560 849
1556570 849
1556580 852
1556590 853
1556600 853
1556610 854
1556620 855
1556630 855
1556640 856
1556650 859
1556660 859
1556670 861
1556680 863
1556690 863
1556700 863
1556710 864
1556720 866
1556730 866
1556740 869
1556750 872
1556760 872
1556770 873
1556780 875
1556790 875
1556800 876
1556810 878
1556820 878
1556830 880
1556840 882
1556850 884
1556860 884
1556870 887
1556880 891
1556890 891
1556900 895
1556910 899
1556920 899
1556930 904
1556940 908
1556950 908
1556960 911
1556970 913
1556980 913
1556990 916
1557000 917
1557010 919
1557020 919
1557030 921
1557040 924
1557050 924
1557060 927
1557070 928
1557080 928
1557090 930
1557100 931
1557110 931
1557120 933
1557130 934
1557140 934
1557150 935
1557160 936
1557170 939
1557180 939
1557190 940
1557200 940
1557210 940
1557220 941
1557230 942
1557240 942
1557250 942
1557260 942
1557270 942
1557280 943
1557290 943
1557300 943
1557310 944
1557320 947
1557330 949
1557340 949
1557350 953
1557360 958
1557370 958
1557380 961
1557390 961
1557400 961
1557410 960
1557420 958
1557430 958
1557440 958
1557450 959
1557460 959
1557470 958
1557480 957
1557490 956
1557500 956
1557510 956
1557520 955
1557530 955
1557540 954
1557550 954
1557560 954
1557570 955
1557580 956
1557590 956
1557600 957
1557610 957
1557620 957
1557630 955
1557640 953
1557650 951
1557660 951
1557670 950
1557680 949
1557690 949
1557700 949
1557710 949
1557720 949
1557730 948
1557740 950
1557750 950
1557760 952
1557770 956
1557780 956
1557790 960
1557800 963
1557810 963
1557820 963
1557830 964
1557840 964
1557850 964
1557860 963
1557870 963
1557880 963
1557890 963
1557900 964
1557910 964
1557920 965
1557930 966
1557940 966
1557950 967
1557960 966
1557970 965
1557980 965
1557990 964
1558000 962
1558010 962
1558020 963
1558030 964
1558040 964
1558050 965
1558060 966
1558070 966
1558080 968
1558090 969
1558100 969
1558110 971
1558120 973
1558130 973
1558140 973
1558150 972
1558160 973
1558170 973
1558180 973
1558190 973
1558200 973
1558210 974
1558220 977
1558230 977
1558240 980
1558250 981
1558260 981
1558270 982
1558280 983
1558290 983
1558300 983
1558310 983
1558320 981
1558330 981
1558340 980
1558350 977
1558360 977
1558370 978
1558380 983
1558390 983
1558400 983
1558410 985
1558420 985
1558430 987
1558440 987
1558450 985
1558460 985
1558470 984
1558480 981
1558490 981
1558500 978
1558510 974
1558520 974
1558530 971
1558540 970
1558550 970
1558560 969
1558570 968
1558580 968
1558590 968
1558600 969
1558610 968
1558620 968
1558630 968
1558640 969
1558650 969
1558660 970
1558670 971
1558680 971
1558690 971
1558700 970
1558710 975
1558720 975
1558730 975
1558740 975
1558750 975
1558760 976
1558770 977
1558780 977
1558790 979
1558800 981
1558810 981
1558820 982
1558830 983
1558840 983
1558850 984
1558860 985
1558870 985
1558880 985
1558890 985
1558900 985
1558910 985
1558920 985
1558930 985
1558940 985
1558950 986
1558960 987
1558970 987
1558980 986
1558990 985
1559000 985
1559010 983
1559020 978
1559030 978
1559040 974
1559050 970
1559060 970
1559070 966
1559080 964
1559090 964
1559100 964
1559110 962
1559120 961
1559130 961
1559140 960
1559150 957
1559160 957
1559170 955
1559180 954
1559190 954
1559200 954
1559210 956
1559220 956
1559230 958
1559240 960
1559250 961
1559260 961
1559270 962
1559280 962
1559290 962
1559300 960
1559310 958
1559320 958
1559330 956
1559340 954
1559350 954
1559360 954
1559370 954
1559380 954
1559390 955
1559400 956
1559410 956
1559420 956
1559430 955
1559440 954
1559450 954
1559460 955
1559470 955
1559480 955
1559490 957
1559500 958
1559510 958
1559520 957
1559530 956
1559540 956
1559550 952
1559560 948
1559570 945
1559580 945
1559590 943
1559600 942
1559610 942
1559620 940
1559630 940
1559640 940
1559650 939
1559660 939
1559670 939
1559680 940
1559690 942
1559700 942
1559710 944
1559720 946
1559730 948
1559740 948
1559750 950
1559760 951
1559770 951
1559780 951
1559790 952
1559800 952
1559810 954
1559820 956
1559830 956
1559840 955
1559850 955
1559860 955
1559870 955
1559880 956
1559890 956
1559900 956
1559910 957
1559920 957
1559930 957
1559940 957
1559950 957
1559960 957
1559970 956
1559980 956
1559990 956
