1540000 1020
1540010 1020
1540020 1017
1540030 1013
1540040 1013
1540050 1009
1540060 1006
1540070 1006
1540080 1002
1540090 998
1540100 995
1540110 995
1540120 992
1540130 989
1540140 989
1540150 986
1540160 983
1540170 983
1540180 979
1540190 975
1540200 975
1540210 970
1540220 966
1540230 966
1540240 963
1540250 960
1540260 957
1540270 957
1540280 953
1540290 950
1540300 950
1540310 946
1540320 943
1540330 943
1540340 941
1540350 938
1540360 938
1540370 935
1540380 931
1540390 931
1540400 926
1540410 921
1540420 915
1540430 915
1540440 909
1540450 903
1540460 903
1540470 898
1540480 892
1540490 892
1540500 887
1540510 881
1540520 881
1540530 876
1540540 870
1540550 870
1540560 866
1540570 862
1540580 858
1540590 858
1540600 859
1540610 859
1540620 859
1540630 855
1540640 850
1540650 850
1540660 845
1540670 839
1540680 839
1540690 832
1540700 823
1540710 823
1540720 809
1540730 802
1540740 798
1540750 798
1540760 794
1540770 788
1540780 788
1540790 777
1540800 768
1540810 768
1540820 761
1540830 756
1540840 756
1540850 749
1540860 741
1540870 741
1540880 732
1540890 726
1540900 719
1540910 719
1540920 713
1540930 706
1540940 706
1540950 700
1540960 694
1540970 694
1540980 688
1540990 682
1541000 682
1541010 678
1541020 673
1541030 673
1541040 668
1541050 662
1541060 656
1541070 656
1541080 649
1541090 642
1541100 642
1541110 635
1541120 628
1541130 628
1541140 623
1541150 619
1541160 619
1541170 616
1541180 613
1541190 613
1541200 611
1541210 610
1541220 608
1541230 608
1541240 605
1541250 600
1541260 600
1541270 596
1541280 593
1541290 593
1541300 591
1541310 588
1541320 588
1541330 585
1541340 583
1541350 583
1541360 580
1541370 578
1541380 576
1541390 576
1541400 573
1541410 570
1541420 570
1541430 569
1541440 566
1541450 566
1541460 564
1541470 563
1541480 563
1541490 561
1541500 558
1541510 558
1541520 556
1541530 555
1541540 553
1541550 553
1541560 552
1541570 551
1541580 551
1541590 549
1541600 548
1541610 548
1541620 547
1541630 546
1541640 546
1541650 545
1541660 544
1541670 544
1541680 543
1541690 542
1541700 542
1541710 542
1541720 541
1541730 540
1541740 540
1541750 540
1541760 539
1541770 539
1541780 539
1541790 539
1541800 539
1541810 540
1541820 539
1541830 539
1541840 538
1541850 538
1541860 538
1541870 538
1541880 538
1541890 537
1541900 537
1541910 537
1541920 536
1541930 536
1541940 536
1541950 537
1541960 537
1541970 536
1541980 533
1541990 533
1542000 532
1542010 531
1542020 531
1542030 531
1542040 531
1542050 530
1542060 530
1542070 529
1542080 529
1542090 529
1542100 529
1542110 530
1542120 530
1542130 530
1542140 529
1542150 529
1542160 529
1542170 529
1542180 528
1542190 528
1542200 528
1542210 528
1542220 528
1542230 528
1542240 528
1542250 528
1542260 528
1542270 528
1542280 528
1542290 528
1542300 528
1542310 528
1542320 529
1542330 529
1542340 529
1542350 529
1542360 529
1542370 529
1542380 529
1542390 529
1542400 530
1542410 530
1542420 530
1542430 530
1542440 530
1542450 530
1542460 530
1542470 530
1542480 530
1542490 530
1542500 531
1542510 531
1542520 531
1542530 531
1542540 531
1542550 531
1542560 531
1542570 531
1542580 531
1542590 531
1542600 531
1542610 532
1542620 532
1542630 532
1542640 532
1542650 532
1542660 532
1542670 532
1542680 531
1542690 531
1542700 531
1542710 531
1542720 531
1542730 531
1542740 531
1542750 531
1542760 531
1542770 532
1542780 532
1542790 532
1542800 532
1542810 532
1542820 532
1542830 531
1542840 531
1542850 531
1542860 531
1542870 531
1542880 531
1542890 531
1542900 531
1542910 531
1542920 531
1542930 531
1542940 531
1542950 531
1542960 531
1542970 531
1542980 531
1542990 531
1543000 531
1543010 531
1543020 531
1543030 531
1543040 531
1543050 531
1543060 531
1543070 531
1543080 531
1543090 531
1543100 531
1543110 531
1543120 531
1543130 532
1543140 532
1543150 532
1543160 533
1543170 533
1543180 533
1543190 534
1543200 536
1543210 536
1543220 541
1543230 548
1543240 548
1543250 555
1543260 562
1543270 562
1543280 569
1543290 577
1543300 579
1543310 587
1543320 596
1543330 605
1543340 605
1543350 616
1543360 648
1543370 648
1543380 654
1543390 658
1543400 658
1543410 663
1543420 665
1543430 665
1543440 667
1543450 670
1543460 670
1543470 675
1543480 680
1543490 684
1543500 684
1543510 688
1543520 693
1543530 693
1543540 696
1543550 698
1543560 698
1543570 703
1543580 707
1543590 707
1543600 709
1543610 712
1543620 712
1543630 716
1543640 720
1543650 723
1543660 723
1543670 726
1543680 730
1543690 730
1543700 733
1543710 738
1543720 738
1543730 741
1543740 743
1543750 743
1543760 745
1543770 749
1543780 749
1543790 754
1543800 758
1543810 762
1543820 762
1543830 767
1543840 771
1543850 771
1543860 776
1543870 782
1543880 782
1543890 786
1543900 790
1543910 790
1543920 793
1543930 797
1543940 797
1543950 802
1543960 807
1543970 811
1543980 811
1543990 816
1544000 821
1544010 821
1544020 825
1544030 830
1544040 830
1544050 835
1544060 840
1544070 840
1544080 846
1544090 852
1544100 852
1544110 857
1544120 863
1544130 867
1544140 867
1544150 872
1544160 876
1544170 876
1544180 880
1544190 884
1544200 884
1544210 889
1544220 894
1544230 894
1544240 899
1544250 903
1544260 903
1544270 907
1544280 909
1544290 912
1544300 912
1544310 915
1544320 918
1544330 918
1544340 920
1544350 924
1544360 924
1544370 926
1544380 929
1544390 929
1544400 933
1544410 938
1544420 938
1544430 943
1544440 947
1544450 949
1544460 949
1544470 952
1544480 960
1544490 960
1544500 968
1544510 976
1544520 976
1544530 981
1544540 985
1544550 985
1544560 988
1544570 992
1544580 992
1544590 998
1544600 1004
1544610 1009
1544620 1009
1544630 1015
1544640 1022
1544650 1022
1544660 1029
1544670 1038
1544680 1038
1544690 1047
1544700 1056
1544710 1056
1544720 1064
1544730 1071
1544740 1071
1544750 1079
1544760 1090
1544770 1098
1544780 1098
1544790 1105
1544800 1110
1544810 1110
1544820 1115
1544830 1121
1544840 1121
1544850 1131
1544860 1139
1544870 1139
1544880 1148
1544890 1154
1544900 1154
1544910 1156
1544920 1158
1544930 1161
1544940 1161
1544950 1162
1544960 1163
1544970 1163
1544980 1164
1544990 1164
1545000 1164
1545010 1164
1545020 1163
1545030 1163
1545040 1162
1545050 1160
1545060 1160
1545070 1159
1545080 1157
1545090 1153
1545100 1153
1545110 1149
1545120 1146
1545130 1146
1545140 1143
1545150 1140
1545160 1140
1545170 1138
1545180 1135
1545190 1135
1545200 1133
1545210 1132
1545220 1132
1545230 1131
1545240 1129
1545250 1128
1545260 1128
1545270 1126
1545280 1124
1545290 1124
1545300 1122
1545310 1120
1545320 1120
1545330 1118
1545340 1115
1545350 1115
1545360 1113
1545370 1108
1545380 1108
1545390 1102
1545400 1097
1545410 1091
1545420 1091
1545430 1084
1545440 1076
1545450 1076
1545460 1068
1545470 1059
1545480 1059
1545490 1054
1545500 1047
1545510 1047
1545520 1041
1545530 1037
1545540 1037
1545550 1036
1545560 1032
1545570 1027
1545580 1027
1545590 1023
1545600 1019
1545610 1019
1545620 1016
1545630 1011
1545640 1011
1545650 1005
1545660 998
1545670 998
1545680 993
1545690 985
1545700 985
1545710 977
1545720 967
1545730 965
1545740 965
1545750 978
1545760 990
1545770 990
1545780 993
1545790 994
1545800 994
1545810 994
1545820 994
1545830 994
1545840 994
1545850 990
1545860 990
1545870 985
1545880 980
1545890 980
1545900 974
1545910 966
1545920 958
1545930 958
1545940 959
1545950 959
1545960 959
1545970 958
1545980 954
1545990 954
1546000 950
1546010 946
1546020 946
1546030 943
1546040 939
1546050 939
1546060 932
1546070 928
1546080 941
1546090 941
1546100 952
1546110 960
1546120 960
1546130 966
1546140 972
1546150 972
1546160 979
1546170 989
1546180 989
1546190 1002
1546200 1013
1546210 1013
1546220 1019
1546230 1023
1546240 1027
1546250 1027
1546260 1029
1546270 1030
1546280 1030
1546290 1033
1546300 1035
1546310 1035
1546320 1036
1546330 1039
1546340 1039
1546350 1040
1546360 1042
1546370 1042
1546380 1047
1546390 1053
1546400 1057
1546410 1057
1546420 1062
1546430 1067
1546440 1067
1546450 1069
1546460 1070
1546470 1070
1546480 1070
1546490 1070
1546500 1070
1546510 1070
1546520 1069
1546530 1069
1546540 1067
1546550 1065
1546560 1061
1546570 1061
1546580 1059
1546590 1055
1546600 1055
1546610 1048
1546620 1041
1546630 1041
1546640 1032
1546650 1028
1546660 1028
1546670 1035
1546680 1043
1546690 1043
1546700 1049
1546710 1052
1546720 1053
1546730 1053
1546740 1051
1546750 1050
1546760 1050
1546770 1050
1546780 1048
1546790 1048
1546800 1045
1546810 1044
1546820 1044
1546830 1037
1546840 1022
1546850 1022
1546860 1017
1546870 1008
1546880 988
1546890 988
1546900 975
1546910 965
1546920 965
1546930 955
1546940 949
1546950 949
1546960 943
1546970 937
1546980 937
1546990 930
1547000 924
1547010 924
1547020 917
1547030 911
1547040 905
1547050 905
1547060 899
1547070 893
1547080 893
1547090 887
1547100 882
1547110 882
1547120 874
1547130 866
1547140 866
1547150 862
1547160 865
1547170 865
1547180 867
1547190 871
1547200 876
1547210 876
1547220 879
1547230 879
1547240 879
1547250 876
1547260 874
1547270 874
1547280 873
1547290 872
1547300 872
1547310 868
1547320 863
1547330 863
1547340 857
1547350 852
1547360 848
1547370 848
1547380 846
1547390 842
1547400 842
1547410 841
1547420 840
1547430 843
1547440 841
1547450 837
1547460 837
1547470 833
1547480 828
1547490 828
1547500 820
1547510 810
1547520 797
1547530 797
1547540 795
1547550 795
1547560 795
1547570 797
1547580 800
1547590 800
1547600 806
1547610 807
1547620 807
1547630 804
1547640 806
1547650 806
1547660 806
1547670 806
1547680 806
1547690 806
1547700 808
1547710 811
1547720 811
1547730 813
1547740 815
1547750 815
1547760 817
1547770 817
1547780 817
1547790 818
1547800 820
1547810 820
1547820 825
1547830 829
1547840 832
1547850 832
1547860 834
1547870 833
1547880 833
1547890 832
1547900 831
1547910 831
1547920 829
1547930 827
1547940 827
1547950 825
1547960 823
1547970 823
1547980 821
1547990 819
1548000 817
1548010 817
1548020 815
1548030 814
1548040 814
1548050 812
1548060 811
1548070 811
1548080 810
1548090 809
1548100 809
1548110 807
1548120 807
1548130 807
1548140 807
1548150 807
1548160 806
1548170 806
1548180 805
1548190 803
1548200 803
1548210 801
1548220 799
1548230 799
1548240 798
1548250 796
1548260 796
1548270 794
1548280 791
1548290 791
1548300 789
1548310 787
1548320 786
1548330 786
1548340 783
1548350 779
1548360 779
1548370 777
1548380 767
1548390 767
1548400 760
1548410 753
1548420 753
1548430 747
1548440 740
1548450 740
1548460 737
1548470 736
1548480 734
1548490 734
1548500 731
1548510 728
1548520 728
1548530 724
1548540 720
1548550 720
1548560 717
1548570 715
1548580 715
1548590 710
1548600 705
1548610 705
1548620 698
1548630 694
1548640 691
1548650 691
1548660 688
1548670 679
1548680 679
1548690 674
1548700 670
1548710 670
1548720 666
1548730 663
1548740 663
1548750 658
1548760 651
1548770 651
1548780 650
1548790 654
1548800 652
1548810 652
1548820 649
1548830 647
1548840 647
1548850 645
1548860 642
1548870 642
1548880 639
1548890 639
1548900 639
1548910 638
1548920 634
1548930 634
1548940 629
1548950 624
1548960 624
1548970 622
1548980 620
1548990 616
1549000 616
1549010 612
1549020 612
1549030 612
1549040 609
1549050 602
1549060 602
1549070 592
1549080 590
1549090 590
1549100 596
1549110 594
1549120 594
1549130 590
1549140 586
1549150 582
1549160 582
1549170 579
1549180 577
1549190 577
1549200 576
1549210 575
1549220 575
1549230 574
1549240 573
1549250 573
1549260 572
1549270 571
1549280 571
1549290 570
1549300 569
1549310 567
1549320 567
1549330 565
1549340 562
1549350 562
1549360 560
1549370 558
1549380 558
1549390 557
1549400 555
1549410 558
1549420 557
1549430 556
1549440 556
1549450 554
1549460 552
1549470 550
1549480 550
1549490 549
1549500 548
1549510 548
1549520 548
1549530 549
1549540 549
1549550 551
1549560 552
1549570 552
1549580 553
1549590 553
1549600 553
1549610 555
1549620 556
1549630 557
1549640 557
1549650 556
1549660 554
1549670 554
1549680 551
1549690 553
1549700 553
1549710 553
1549720 551
1549730 551
1549740 549
1549750 547
1549760 547
1549770 545
1549780 543
1549790 542
1549800 542
1549810 541
1549820 539
1549830 539
1549840 538
1549850 538
1549860 538
1549870 537
1549880 536
1549890 536
1549900 535
1549910 534
1549920 534
1549930 533
1549940 532
1549950 531
1549960 531
1549970 530
1549980 528
1549990 528
1550000 527
1550010 526
1550020 526
1550030 524
1550040 523
1550050 523
1550060 522
1550070 520
1550080 520
1550090 520
1550100 519
1550110 517
1550120 517
1550130 516
1550140 516
1550150 516
1550160 516
1550170 516
1550180 516
1550190 516
1550200 516
1550210 516
1550220 517
1550230 514
1550240 514
1550250 513
1550260 513
1550270 513
1550280 513
1550290 513
1550300 513
1550310 513
1550320 511
1550330 509
1550340 509
1550350 508
1550360 508
1550370 508
1550380 508
1550390 508
1550400 508
1550410 506
1550420 503
1550430 501
1550440 501
1550450 501
1550460 501
1550470 501
1550480 501
1550490 501
1550500 501
1550510 501
1550520 501
1550530 501
1550540 501
1550550 501
1550560 501
1550570 501
1550580 501
1550590 501
1550600 501
1550610 501
1550620 501
1550630 501
1550640 501
1550650 501
1550660 501
1550670 501
1550680 501
1550690 501
1550700 501
1550710 501
1550720 501
1550730 501
1550740 501
1550750 501
1550760 501
1550770 501
1550780 501
1550790 501
1550800 501
1550810 501
1550820 501
1550830 501
1550840 501
1550850 501
1550860 501
1550870 501
1550880 501
1550890 501
1550900 501
1550910 501
1550920 501
1550930 501
1550940 501
1550950 501
1550960 501
1550970 501
1550980 501
1550990 501
1551000 501
1551010 501
1551020 501
1551030 501
1551040 501
1551050 501
1551060 501
1551070 501
1551080 501
1551090 501
1551100 501
1551110 501
1551120 501
1551130 501
1551140 501
1551150 501
1551160 501
1551170 501
1551180 501
1551190 501
1551200 501
1551210 501
1551220 501
1551230 501
1551240 501
1551250 501
1551260 501
1551270 501
1551280 501
1551290 501
1551300 501
1551310 501
1551320 501
1551330 501
1551340 501
1551350 501
1551360 501
1551370 501
1551380 501
1551390 501
1551400 501
1551410 501
1551420 501
1551430 501
1551440 501
1551450 501
1551460 501
1551470 501
1551480 501
1551490 501
1551500 501
1551510 501
1551520 501
1551530 501
1551540 501
1551550 501
1551560 501
1551570 501
1551580 501
1551590 501
1551600 501
1551610 501
1551620 501
1551630 501
1551640 501
1551650 501
1551660 501
1551670 501
1551680 501
1551690 501
1551700 501
1551710 501
1551720 501
1551730 501
1551740 501
1551750 501
1551760 501
1551770 501
1551780 501
1551790 501
1551800 501
1551810 501
1551820 501
1551830 501
1551840 501
1551850 501
1551860 501
1551870 501
1551880 501
1551890 501
1551900 501
1551910 501
1551920 501
1551930 501
1551940 501
1551950 501
1551960 501
1551970 501
1551980 501
1551990 501
1552000 501
1552010 501
1552020 501
1552030 501
1552040 501
1552050 501
1552060 501
1552070 501
1552080 501
1552090 501
1552100 501
1552110 501
1552120 501
1552130 501
1552140 501
1552150 501
1552160 501
1552170 501
1552180 501
1552190 501
1552200 501
1552210 501
1552220 501
1552230 501
1552240 501
1552250 501
1552260 501
1552270 501
1552280 501
1552290 501
1552300 501
1552310 501
1552320 501
1552330 501
1552340 501
1552350 501
1552360 501
1552370 501
1552380 501
1552390 501
1552400 501
1552410 501
1552420 501
1552430 501
1552440 501
1552450 501
1552460 501
1552470 501
1552480 501
1552490 501
1552500 501
1552510 501
1552520 501
1552530 501
1552540 501
1552550 501
1552560 501
1552570 501
1552580 501
1552590 501
1552600 501
1552610 501
1552620 501
1552630 501
1552640 501
1552650 501
1552660 501
1552670 501
1552680 501
1552690 501
1552700 501
1552710 501
1552720 501
1552730 501
1552740 501
1552750 501
1552760 501
1552770 501
1552780 501
1552790 501
1552800 501
1552810 501
1552820 501
1552830 501
1552840 501
1552850 501
1552860 501
1552870 501
1552880 501
1552890 501
1552900 501
1552910 501
1552920 501
1552930 501
1552940 501
1552950 501
1552960 501
1552970 501
1552980 501
1552990 501
1553000 501
1553010 501
1553020 501
1553030 501
1553040 501
1553050 501
1553060 501
1553070 501
1553080 501
1553090 501
1553100 501
1553110 501
1553120 501
1553130 501
1553140 501
1553150 501
1553160 501
1553170 501
1553180 501
1553190 501
1553200 501
1553210 501
1553220 501
1553230 501
1553240 501
1553250 501
1553260 501
1553270 501
1553280 501
1553290 501
1553300 501
1553310 501
1553320 501
1553330 501
1553340 501
1553350 501
1553360 501
1553370 501
1553380 501
1553390 501
1553400 501
1553410 501
1553420 501
1553430 501
1553440 501
1553450 501
1553460 501
1553470 501
1553480 501
1553490 501
1553500 501
1553510 501
1553520 501
1553530 501
1553540 501
1553550 501
1553560 501
1553570 501
1553580 501
1553590 501
1553600 501
1553610 501
1553620 501
1553630 501
1553640 501
1553650 501
1553660 501
1553670 501
1553680 501
1553690 501
1553700 501
1553710 501
1553720 501
1553730 501
1553740 501
1553750 501
1553760 501
1553770 501
1553780 501
1553790 501
1553800 501
1553810 501
1553820 501
1553830 501
1553840 501
1553850 501
1553860 501
1553870 501
1553880 501
1553890 501
1553900 501
1553910 501
1553920 501
1553930 501
1553940 501
1553950 501
1553960 501
1553970 501
1553980 501
1553990 501
1554000 501
1554010 501
1554020 501
1554030 501
1554040 501
1554050 501
1554060 501
1554070 501
1554080 501
1554090 501
1554100 501
1554110 501
1554120 501
1554130 501
1554140 501
1554150 501
1554160 501
1554170 501
1554180 501
1554190 501
1554200 501
1554210 501
1554220 501
1554230 501
1554240 501
1554250 501
1554260 501
1554270 501
1554280 501
1554290 501
1554300 501
1554310 501
1554320 501
1554330 501
1554340 501
1554350 501
1554360 501
1554370 501
1554380 501
1554390 501
1554400 501
1554410 501
1554420 501
1554430 501
1554440 501
1554450 501
1554460 501
1554470 501
1554480 501
1554490 501
1554500 501
1554510 501
1554520 501
1554530 501
1554540 501
1554550 501
1554560 501
1554570 501
1554580 501
1554590 501
1554600 501
1554610 501
1554620 501
1554630 501
1554640 501
1554650 501
1554660 501
1554670 501
1554680 501
1554690 501
1554700 501
1554710 501
1554720 501
1554730 501
1554740 501
1554750 501
1554760 501
1554770 501
1554780 501
1554790 501
1554800 501
1554810 501
1554820 501
1554830 501
1554840 501
1554850 501
1554860 501
1554870 501
1554880 501
1554890 501
1554900 501
1554910 501
1554920 501
1554930 501
1554940 501
1554950 501
1554960 501
1554970 501
1554980 501
1554990 501
1555000 501
1555010 501
1555020 501
1555030 501
1555040 501
1555050 501
1555060 501
1555070 501
1555080 501
1555090 501
1555100 501
1555110 501
1555120 501
1555130 501
1555140 501
1555150 501
1555160 501
1555170 501
1555180 501
1555190 501
1555200 501
1555210 501
1555220 501
1555230 501
1555240 501
1555250 501
1555260 501
1555270 501
1555280 501
1555290 501
1555300 501
1555310 501
1555320 501
1555330 501
1555340 501
1555350 501
1555360 501
1555370 501
1555380 501
1555390 501
1555400 501
1555410 501
1555420 501
1555430 501
1555440 501
1555450 501
1555460 501
1555470 501
1555480 501
1555490 501
1555500 501
1555510 501
1555520 501
1555530 502
1555540 502
1555550 502
1555560 502
1555570 503
1555580 503
1555590 503
1555600 504
1555610 504
1555620 504
1555630 505
1555640 506
1555650 506
1555660 507
1555670 507
1555680 507
1555690 509
1555700 510
1555710 510
1555720 511
1555730 511
1555740 511
1555750 512
1555760 513
1555770 513
1555780 513
1555790 514
1555800 515
1555810 515
1555820 515
1555830 515
1555840 515
1555850 516
1555860 516
1555870 516
1555880 517
1555890 518
1555900 518
1555910 520
1555920 521
1555930 523
1555940 523
1555950 525
1555960 526
1555970 526
1555980 526
1555990 528
1556000 528
1556010 529
1556020 531
1556030 531
1556040 532
1556050 532
1556060 532
1556070 533
1556080 534
1556090 535
1556100 535
1556110 536
1556120 536
1556130 536
1556140 537
1556150 540
1556160 540
1556170 541
1556180 542
1556190 542
1556200 543
1556210 544
1556220 544
1556230 546
1556240 548
1556250 550
1556260 550
1556270 552
1556280 554
1556290 554
1556300 556
1556310 559
1556320 559
1556330 562
1556340 565
1556350 565
1556360 568
1556370 573
1556380 573
1556390 577
1556400 581
1556410 585
1556420 585
1556430 590
1556440 595
1556450 595
1556460 598
1556470 601
1556480 601
1556490 606
1556500 610
1556510 610
1556520 613
1556530 617
1556540 617
1556550 621
1556560 626
1556570 628
1556580 628
1556590 635
1556600 639
1556610 639
1556620 643
1556630 647
1556640 647
1556650 653
1556660 660
1556670 660
1556680 666
1556690 672
1556700 672
1556710 678
1556720 684
1556730 688
1556740 688
1556750 692
1556760 697
1556770 697
1556780 702
1556790 706
1556800 706
1556810 711
1556820 717
1556830 717
1556840 724
1556850 730
1556860 730
1556870 733
1556880 735
1556890 737
1556900 737
1556910 737
1556920 739
1556930 739
1556940 745
1556950 751
1556960 751
1556970 756
1556980 760
1556990 760
1557000 765
1557010 772
1557020 772
1557030 779
1557040 786
1557050 792
1557060 792
1557070 798
1557080 804
1557090 804
1557100 810
1557110 814
1557120 814
1557130 819
1557140 824
1557150 824
1557160 829
1557170 834
1557180 834
1557190 839
1557200 843
1557210 847
1557220 847
1557230 852
1557240 858
1557250 858
1557260 865
1557270 870
1557280 870
1557290 877
1557300 884
1557310 884
1557320 895
1557330 899
1557340 899
1557350 901
1557360 904
1557370 908
1557380 908
1557390 911
1557400 913
1557410 913
1557420 915
1557430 916
1557440 916
1557450 918
1557460 919
1557470 919
1557480 921
1557490 922
1557500 922
1557510 924
1557520 927
1557530 930
1557540 930
1557550 932
1557560 934
1557570 934
1557580 935
1557590 935
1557600 935
1557610 936
1557620 938
1557630 938
1557640 940
1557650 943
1557660 943
1557670 948
1557680 954
1557690 957
1557700 957
1557710 962
1557720 966
1557730 966
1557740 972
1557750 976
1557760 976
1557770 976
1557780 976
1557790 976
1557800 976
1557810 977
1557820 977
1557830 978
1557840 979
1557850 982
1557860 982
1557870 985
1557880 987
1557890 987
1557900 988
1557910 989
1557920 989
1557930 989
1557940 988
1557950 988
1557960 985
1557970 983
1557980 983
1557990 981
1558000 977
1558010 971
1558020 971
1558030 969
1558040 965
1558050 965
1558060 963
1558070 963
1558080 963
1558090 964
1558100 964
1558110 964
1558120 963
1558130 963
1558140 963
1558150 966
1558160 967
1558170 967
1558180 967
1558190 966
1558200 964
1558210 964
1558220 962
1558230 959
1558240 959
1558250 958
1558260 957
1558270 957
1558280 957
1558290 957
1558300 957
1558310 956
1558320 955
1558330 955
1558340 954
1558350 952
1558360 949
1558370 949
1558380 944
1558390 941
1558400 941
1558410 939
1558420 938
1558430 938
1558440 938
1558450 940
1558460 940
1558470 942
1558480 941
1558490 940
1558500 938
1558510 938
1558520 938
1558530 938
1558540 939
1558550 939
1558560 939
1558570 937
1558580 935
1558590 935
1558600 932
1558610 929
1558620 929
1558630 925
1558640 922
1558650 922
1558660 919
1558670 918
1558680 916
1558690 916
1558700 913
1558710 910
1558720 910
1558730 909
1558740 910
1558750 910
1558760 911
1558770 912
1558780 912
1558790 914
1558800 917
1558810 917
1558820 919
1558830 920
1558840 922
1558850 922
1558860 924
1558870 925
1558880 925
1558890 925
1558900 925
1558910 925
1558920 925
1558930 925
1558940 925
1558950 925
1558960 925
1558970 925
1558980 924
1558990 923
1559000 923
1559010 923
1559020 921
1559030 920
1559040 920
1559050 917
1559060 916
1559070 916
1559080 916
1559090 915
1559100 915
1559110 915
1559120 915
1559130 915
1559140 915
1559150 916
1559160 917
1559170 917
1559180 917
1559190 917
1559200 917
1559210 917
1559220 917
1559230 917
1559240 917
1559250 916
1559260 916
1559270 915
1559280 914
1559290 914
1559300 914
1559310 915
1559320 915
1559330 915
1559340 916
1559350 918
1559360 918
1559370 920
1559380 922
1559390 922
1559400 925
1559410 926
1559420 926
1559430 927
1559440 928
1559450 928
1559460 928
1559470 929
1559480 930
1559490 930
1559500 931
1559510 932
1559520 932
1559530 932
1559540 933
1559550 933
1559560 934
1559570 934
1559580 934
1559590 935
1559600 936
1559610 936
1559620 936
1559630 937
1559640 938
1559650 938
1559660 940
1559670 941
1559680 941
1559690 941
1559700 942
1559710 942
1559720 942
1559730 942
1559740 942
1559750 942
1559760 942
1559770 942
1559780 941
1559790 941
1559800 940
1559810 940
1559820 940
1559830 939
1559840 939
1559850 939
1559860 939
1559870 939
1559880 938
1559890 938
1559900 938
1559910 938
1559920 938
1559930 938
1559940 939
1559950 939
1559960 938
1559970 938
1559980 938
1559990 936
