1540000 1046
1540010 1046
1540020 1043
1540030 1039
1540040 1036
1540050 1036
1540060 1032
1540070 1028
1540080 1028
1540090 1025
1540100 1020
1540110 1020
1540120 1014
1540130 1009
1540140 1009
1540150 1006
1540160 1004
1540170 1004
1540180 1000
1540190 998
1540200 998
1540210 995
1540220 992
1540230 987
1540240 987
1540250 984
1540260 980
1540270 980
1540280 976
1540290 972
1540300 972
1540310 969
1540320 965
1540330 963
1540340 958
1540350 954
1540360 954
1540370 950
1540380 945
1540390 942
1540400 942
1540410 938
1540420 933
1540430 933
1540440 929
1540450 922
1540460 922
1540470 915
1540480 909
1540490 909
1540500 903
1540510 897
1540520 897
1540530 892
1540540 887
1540550 883
1540560 883
1540570 880
1540580 878
1540590 878
1540600 873
1540610 866
1540620 866
1540630 858
1540640 850
1540650 850
1540660 843
1540670 838
1540680 838
1540690 834
1540700 829
1540710 825
1540720 825
1540730 821
1540740 817
1540750 817
1540760 810
1540770 804
1540780 804
1540790 799
1540800 795
1540810 795
1540820 791
1540830 786
1540840 786
1540850 779
1540860 769
1540870 760
1540880 760
1540890 750
1540900 743
1540910 743
1540920 737
1540930 730
1540940 730
1540950 722
1540960 713
1540970 713
1540980 704
1540990 695
1541000 695
1541010 686
1541020 680
1541030 679
1541040 679
1541050 683
1541060 685
1541070 685
1541080 684
1541090 680
1541100 680
1541110 675
1541120 671
1541130 671
1541140 666
1541150 660
1541160 660
1541170 655
1541180 652
1541190 649
1541200 649
1541210 646
1541220 644
1541230 644
1541240 642
1541250 638
1541260 638
1541270 634
1541280 629
1541290 629
1541300 624
1541310 618
1541320 618
1541330 612
1541340 606
1541350 601
1541360 601
1541370 596
1541380 590
1541390 590
1541400 586
1541410 584
1541420 584
1541430 582
1541440 582
1541450 582
1541460 582
1541470 581
1541480 581
1541490 579
1541500 578
1541510 574
1541520 574
1541530 570
1541540 565
1541550 565
1541560 561
1541570 556
1541580 556
1541590 552
1541600 548
1541610 548
1541620 546
1541630 545
1541640 545
1541650 545
1541660 544
1541670 544
1541680 544
1541690 544
1541700 543
1541710 543
1541720 543
1541730 543
1541740 543
1541750 542
1541760 542
1541770 542
1541780 542
1541790 541
1541800 541
1541810 541
1541820 540
1541830 540
1541840 540
1541850 540
1541860 539
1541870 539
1541880 539
1541890 539
1541900 539
1541910 538
1541920 538
1541930 538
1541940 538
1541950 538
1541960 538
1541970 538
1541980 538
1541990 538
1542000 538
1542010 538
1542020 538
1542030 538
1542040 538
1542050 538
1542060 538
1542070 538
1542080 537
1542090 537
1542100 536
1542110 532
1542120 532
1542130 528
1542140 528
1542150 528
1542160 528
1542170 528
1542180 527
1542190 527
1542200 526
1542210 526
1542220 526
1542230 527
1542240 527
1542250 527
1542260 527
1542270 527
1542280 527
1542290 527
1542300 527
1542310 527
1542320 527
1542330 527
1542340 527
1542350 527
1542360 527
1542370 527
1542380 527
1542390 527
1542400 527
1542410 527
1542420 527
1542430 527
1542440 527
1542450 527
1542460 527
1542470 528
1542480 528
1542490 528
1542500 528
1542510 528
1542520 528
1542530 529
1542540 529
1542550 529
1542560 529
1542570 529
1542580 529
1542590 529
1542600 529
1542610 529
1542620 529
1542630 529
1542640 529
1542650 530
1542660 529
1542670 529
1542680 529
1542690 529
1542700 529
1542710 529
1542720 529
1542730 529
1542740 529
1542750 529
1542760 529
1542770 529
1542780 528
1542790 528
1542800 528
1542810 528
1542820 529
1542830 529
1542840 529
1542850 529
1542860 529
1542870 529
1542880 528
1542890 528
1542900 527
1542910 527
1542920 527
1542930 527
1542940 527
1542950 527
1542960 527
1542970 528
1542980 528
1542990 528
1543000 528
1543010 528
1543020 528
1543030 527
1543040 527
1543050 527
1543060 527
1543070 527
1543080 527
1543090 527
1543100 527
1543110 527
1543120 527
1543130 527
1543140 526
1543150 526
1543160 526
1543170 526
1543180 526
1543190 526
1543200 526
1543210 526
1543220 527
1543230 528
1543240 528
1543250 528
1543260 530
1543270 536
1543280 536
1543290 542
1543300 549
1543310 549
1543320 559
1543330 576
1543340 576
1543350 591
1543360 614
1543370 614
1543380 629
1543390 635
1543400 635
1543410 640
1543420 645
1543430 648
1543440 648
1543450 651
1543460 656
1543470 656
1543480 659
1543490 661
1543500 661
1543510 662
1543520 663
1543530 663
1543540 665
1543550 668
1543560 668
1543570 670
1543580 674
1543590 674
1543600 676
1543610 679
1543620 680
1543630 680
1543640 683
1543650 686
1543660 686
1543670 690
1543680 696
1543690 696
1543700 700
1543710 703
1543720 703
1543730 705
1543740 707
1543750 707
1543760 711
1543770 714
1543780 717
1543790 717
1543800 720
1543810 724
1543820 724
1543830 728
1543840 731
1543850 731
1543860 735
1543870 739
1543880 739
1543890 743
1543900 747
1543910 747
1543920 750
1543930 754
1543940 759
1543950 759
1543960 763
1543970 767
1543980 767
1543990 771
1544000 774
1544010 774
1544020 779
1544030 782
1544040 782
1544050 786
1544060 790
1544070 790
1544080 792
1544090 793
1544100 796
1544110 796
1544120 800
1544130 804
1544140 804
1544150 809
1544160 814
1544170 814
1544180 819
1544190 821
1544200 821
1544210 824
1544220 829
1544230 829
1544240 833
1544250 836
1544260 840
1544270 840
1544280 845
1544290 850
1544300 850
1544310 854
1544320 860
1544330 860
1544340 865
1544350 867
1544360 867
1544370 870
1544380 875
1544390 875
1544400 880
1544410 885
1544420 890
1544430 890
1544440 897
1544450 900
1544460 900
1544470 906
1544480 911
1544490 911
1544500 915
1544510 919
1544520 919
1544530 923
1544540 928
1544550 928
1544560 932
1544570 938
1544580 944
1544590 944
1544600 949
1544610 956
1544620 956
1544630 961
1544640 963
1544650 963
1544660 974
1544670 981
1544680 981
1544690 985
1544700 989
1544710 989
1544720 992
1544730 995
1544740 999
1544750 999
1544760 1002
1544770 1006
1544780 1006
1544790 1011
1544800 1015
1544810 1015
1544820 1017
1544830 1020
1544840 1020
1544850 1022
1544860 1025
1544870 1025
1544880 1029
1544890 1034
1544900 1038
1544910 1038
1544920 1043
1544930 1047
1544940 1047
1544950 1051
1544960 1056
1544970 1056
1544980 1063
1544990 1070
1545000 1070
1545010 1076
1545020 1079
1545030 1079
1545040 1081
1545050 1083
1545060 1084
1545070 1084
1545080 1085
1545090 1086
1545100 1086
1545110 1087
1545120 1086
1545130 1086
1545140 1086
1545150 1088
1545160 1088
1545170 1092
1545180 1094
1545190 1094
1545200 1095
1545210 1095
1545220 1095
1545230 1095
1545240 1094
1545250 1093
1545260 1093
1545270 1092
1545280 1091
1545290 1091
1545300 1090
1545310 1088
1545320 1088
1545330 1086
1545340 1084
1545350 1084
1545360 1083
1545370 1080
1545380 1077
1545390 1077
1545400 1074
1545410 1071
1545420 1071
1545430 1068
1545440 1064
1545450 1064
1545460 1060
1545470 1057
1545480 1057
1545490 1054
1545500 1049
1545510 1049
1545520 1044
1545530 1040
1545540 1034
1545550 1034
1545560 1028
1545570 1023
1545580 1023
1545590 1017
1545600 1012
1545610 1012
1545620 1006
1545630 1001
1545640 1001
1545650 995
1545660 990
1545670 990
1545680 984
1545690 978
1545700 971
1545710 971
1545720 962
1545730 955
1545740 955
1545750 944
1545760 932
1545770 932
1545780 922
1545790 914
1545800 914
1545810 904
1545820 895
1545830 895
1545840 886
1545850 875
1545860 866
1545870 866
1545880 864
1545890 869
1545900 869
1545910 872
1545920 874
1545930 874
1545940 876
1545950 877
1545960 877
1545970 876
1545980 874
1545990 874
1546000 870
1546010 862
1546020 860
1546030 860
1546040 857
1546050 866
1546060 866
1546070 875
1546080 882
1546090 882
1546100 889
1546110 896
1546120 896
1546130 903
1546140 908
1546150 908
1546160 913
1546170 919
1546180 926
1546190 926
1546200 932
1546210 937
1546220 937
1546230 942
1546240 947
1546250 947
1546260 952
1546270 957
1546280 957
1546290 959
1546300 956
1546310 956
1546320 956
1546330 963
1546340 970
1546350 970
1546360 975
1546370 979
1546380 979
1546390 981
1546400 983
1546410 983
1546420 984
1546430 985
1546440 985
1546450 983
1546460 979
1546470 979
1546480 978
1546490 975
1546500 969
1546510 969
1546520 966
1546530 962
1546540 962
1546550 960
1546560 957
1546570 957
1546580 953
1546590 949
1546600 949
1546610 945
1546620 940
1546630 940
1546640 936
1546650 930
1546660 926
1546670 926
1546680 923
1546690 920
1546700 920
1546710 918
1546720 923
1546730 923
1546740 923
1546750 923
1546760 923
1546770 920
1546780 915
1546790 915
1546800 912
1546810 907
1546820 901
1546830 901
1546840 895
1546850 893
1546860 893
1546870 892
1546880 889
1546890 889
1546900 886
1546910 882
1546920 882
1546930 878
1546940 872
1546950 872
1546960 867
1546970 859
1546980 859
1546990 849
1547000 840
1547010 832
1547020 832
1547030 818
1547040 808
1547050 808
1547060 811
1547070 816
1547080 816
1547090 823
1547100 824
1547110 824
1547120 819
1547130 809
1547140 809
1547150 793
1547160 791
1547170 797
1547180 797
1547190 801
1547200 809
1547210 809
1547220 813
1547230 816
1547240 816
1547250 820
1547260 821
1547270 821
1547280 820
1547290 817
1547300 817
1547310 813
1547320 808
1547330 804
1547340 804
1547350 800
1547360 796
1547370 796
1547380 790
1547390 785
1547400 785
1547410 779
1547420 776
1547430 776
1547440 776
1547450 776
1547460 776
1547470 774
1547480 772
1547490 769
1547500 769
1547510 767
1547520 763
1547530 763
1547540 758
1547550 750
1547560 750
1547570 738
1547580 731
1547590 731
1547600 719
1547610 716
1547620 716
1547630 721
1547640 728
1547650 732
1547660 732
1547670 735
1547680 738
1547690 738
1547700 736
1547710 734
1547720 734
1547730 739
1547740 744
1547750 744
1547760 746
1547770 748
1547780 748
1547790 751
1547800 752
1547810 752
1547820 752
1547830 749
1547840 748
1547850 748
1547860 749
1547870 748
1547880 748
1547890 751
1547900 752
1547910 752
1547920 752
1547930 751
1547940 751
1547950 747
1547960 749
1547970 753
1547980 753
1547990 754
1548000 753
1548010 753
1548020 754
1548030 753
1548040 753
1548050 750
1548060 749
1548070 749
1548080 749
1548090 747
1548100 747
1548110 746
1548120 744
1548130 740
1548140 740
1548150 737
1548160 733
1548170 733
1548180 728
1548190 724
1548200 724
1548210 720
1548220 716
1548230 716
1548240 711
1548250 704
1548260 704
1548270 701
1548280 696
1548290 691
1548300 691
1548310 693
1548320 692
1548330 692
1548340 691
1548350 683
1548360 683
1548370 677
1548380 672
1548390 672
1548400 669
1548410 667
1548420 667
1548430 665
1548440 663
1548450 663
1548460 663
1548470 661
1548480 659
1548490 659
1548500 655
1548510 651
1548520 651
1548530 645
1548540 641
1548550 641
1548560 636
1548570 632
1548580 632
1548590 630
1548600 627
1548610 623
1548620 623
1548630 620
1548640 616
1548650 616
1548660 613
1548670 610
1548680 610
1548690 609
1548700 609
1548710 609
1548720 614
1548730 610
1548740 610
1548750 605
1548760 599
1548770 594
1548780 594
1548790 590
1548800 586
1548810 586
1548820 587
1548830 587
1548840 587
1548850 585
1548860 583
1548870 583
1548880 581
1548890 581
1548900 581
1548910 580
1548920 579
1548930 578
1548940 578
1548950 576
1548960 573
1548970 573
1548980 573
1548990 572
1549000 572
1549010 570
1549020 567
1549030 567
1549040 566
1549050 563
1549060 563
1549070 561
1549080 558
1549090 556
1549100 556
1549110 555
1549120 553
1549130 553
1549140 551
1549150 550
1549160 550
1549170 548
1549180 544
1549190 544
1549200 542
1549210 541
1549220 541
1549230 541
1549240 543
1549250 544
1549260 544
1549270 545
1549280 545
1549290 545
1549300 544
1549310 543
1549320 543
1549330 542
1549340 541
1549350 541
1549360 539
1549370 538
1549380 538
1549390 537
1549400 535
1549410 534
1549420 534
1549430 534
1549440 534
1549450 534
1549460 533
1549470 533
1549480 533
1549490 533
1549500 533
1549510 533
1549520 533
1549530 533
1549540 533
1549550 533
1549560 533
1549570 533
1549580 533
1549590 533
1549600 534
1549610 534
1549620 535
1549630 536
1549640 536
1549650 536
1549660 537
1549670 537
1549680 537
1549690 537
1549700 537
1549710 537
1549720 535
1549730 536
1549740 536
1549750 535
1549760 535
1549770 535
1549780 534
1549790 533
1549800 533
1549810 532
1549820 531
1549830 531
1549840 529
1549850 528
1549860 528
1549870 527
1549880 526
1549890 525
1549900 525
1549910 524
1549920 523
1549930 523
1549940 521
1549950 520
1549960 520
1549970 519
1549980 518
1549990 518
1550000 518
1550010 517
1550020 517
1550030 516
1550040 515
1550050 515
1550060 515
1550070 515
1550080 513
1550090 513
1550100 512
1550110 512
1550120 512
1550130 510
1550140 510
1550150 510
1550160 509
1550170 508
1550180 508
1550190 507
1550200 507
1550210 506
1550220 506
1550230 505
1550240 504
1550250 504
1550260 503
1550270 503
1550280 503
1550290 503
1550300 502
1550310 502
1550320 501
1550330 501
1550340 501
1550350 501
1550360 501
1550370 501
1550380 501
1550390 501
1550400 501
1550410 501
1550420 501
1550430 501
1550440 501
1550450 501
1550460 501
1550470 501
1550480 501
1550490 501
1550500 501
1550510 501
1550520 501
1550530 501
1550540 501
1550550 501
1550560 501
1550570 501
1550580 501
1550590 501
1550600 501
1550610 501
1550620 501
1550630 501
1550640 501
1550650 501
1550660 501
1550670 501
1550680 501
1550690 501
1550700 501
1550710 501
1550720 501
1550730 501
1550740 501
1550750 501
1550760 501
1550770 501
1550780 501
1550790 501
1550800 501
1550810 501
1550820 501
1550830 501
1550840 501
1550850 501
1550860 501
1550870 501
1550880 501
1550890 501
1550900 501
1550910 501
1550920 501
1550930 501
1550940 501
1550950 501
1550960 501
1550970 501
1550980 501
1550990 501
1551000 501
1551010 501
1551020 501
1551030 501
1551040 501
1551050 501
1551060 501
1551070 501
1551080 501
1551090 501
1551100 501
1551110 501
1551120 501
1551130 501
1551140 501
1551150 501
1551160 501
1551170 501
1551180 501
1551190 501
1551200 501
1551210 501
1551220 501
1551230 501
1551240 501
1551250 501
1551260 501
1551270 501
1551280 501
1551290 501
1551300 501
1551310 501
1551320 501
1551330 501
1551340 501
1551350 501
1551360 501
1551370 501
1551380 501
1551390 501
1551400 501
1551410 501
1551420 501
1551430 501
1551440 501
1551450 501
1551460 501
1551470 501
1551480 501
1551490 501
1551500 501
1551510 501
1551520 501
1551530 501
1551540 501
1551550 501
1551560 501
1551570 501
1551580 501
1551590 501
1551600 501
1551610 501
1551620 501
1551630 501
1551640 501
1551650 501
1551660 501
1551670 501
1551680 501
1551690 501
1551700 501
1551710 501
1551720 501
1551730 501
1551740 501
1551750 501
1551760 501
1551770 501
1551780 501
1551790 501
1551800 501
1551810 501
1551820 501
1551830 501
1551840 501
1551850 501
1551860 501
1551870 501
1551880 501
1551890 501
1551900 501
1551910 501
1551920 501
1551930 501
1551940 501
1551950 501
1551960 501
1551970 501
1551980 501
1551990 501
1552000 501
1552010 501
1552020 501
1552030 501
1552040 501
1552050 501
1552060 501
1552070 501
1552080 501
1552090 501
1552100 501
1552110 501
1552120 501
1552130 501
1552140 501
1552150 501
1552160 501
1552170 501
1552180 501
1552190 501
1552200 501
1552210 501
1552220 501
1552230 501
1552240 501
1552250 501
1552260 501
1552270 501
1552280 501
1552290 501
1552300 501
1552310 501
1552320 501
1552330 501
1552340 501
1552350 501
1552360 501
1552370 501
1552380 501
1552390 501
1552400 501
1552410 501
1552420 501
1552430 501
1552440 501
1552450 501
1552460 501
1552470 501
1552480 501
1552490 501
1552500 501
1552510 501
1552520 501
1552530 501
1552540 501
1552550 501
1552560 501
1552570 501
1552580 501
1552590 501
1552600 501
1552610 501
1552620 501
1552630 501
1552640 501
1552650 501
1552660 501
1552670 501
1552680 501
1552690 501
1552700 501
1552710 501
1552720 501
1552730 501
1552740 501
1552750 501
1552760 501
1552770 501
1552780 501
1552790 501
1552800 501
1552810 501
1552820 501
1552830 501
1552840 501
1552850 501
1552860 501
1552870 501
1552880 501
1552890 501
1552900 501
1552910 501
1552920 501
1552930 501
1552940 501
1552950 501
1552960 501
1552970 501
1552980 501
1552990 501
1553000 501
1553010 501
1553020 501
1553030 501
1553040 501
1553050 501
1553060 501
1553070 501
1553080 501
1553090 501
1553100 501
1553110 501
1553120 501
1553130 501
1553140 501
1553150 501
1553160 501
1553170 501
1553180 501
1553190 501
1553200 501
1553210 501
1553220 501
1553230 501
1553240 501
1553250 501
1553260 501
1553270 501
1553280 501
1553290 501
1553300 501
1553310 501
1553320 501
1553330 501
1553340 501
1553350 501
1553360 501
1553370 501
1553380 501
1553390 501
1553400 501
1553410 501
1553420 501
1553430 501
1553440 501
1553450 501
1553460 501
1553470 501
1553480 501
1553490 501
1553500 501
1553510 501
1553520 501
1553530 501
1553540 501
1553550 501
1553560 501
1553570 501
1553580 501
1553590 501
1553600 501
1553610 501
1553620 501
1553630 501
1553640 501
1553650 501
1553660 501
1553670 501
1553680 501
1553690 501
1553700 501
1553710 501
1553720 501
1553730 501
1553740 501
1553750 501
1553760 501
1553770 501
1553780 501
1553790 501
1553800 501
1553810 501
1553820 501
1553830 501
1553840 501
1553850 501
1553860 501
1553870 501
1553880 501
1553890 501
1553900 501
1553910 501
1553920 501
1553930 501
1553940 501
1553950 501
1553960 501
1553970 501
1553980 501
1553990 501
1554000 501
1554010 501
1554020 501
1554030 501
1554040 501
1554050 501
1554060 501
1554070 501
1554080 501
1554090 501
1554100 501
1554110 501
1554120 501
1554130 501
1554140 501
1554150 501
1554160 501
1554170 501
1554180 501
1554190 501
1554200 501
1554210 501
1554220 501
1554230 501
1554240 501
1554250 501
1554260 501
1554270 501
1554280 501
1554290 501
1554300 501
1554310 501
1554320 501
1554330 501
1554340 501
1554350 501
1554360 501
1554370 501
1554380 501
1554390 501
1554400 501
1554410 501
1554420 501
1554430 501
1554440 501
1554450 501
1554460 501
1554470 501
1554480 501
1554490 501
1554500 501
1554510 501
1554520 501
1554530 501
1554540 501
1554550 501
1554560 501
1554570 501
1554580 501
1554590 501
1554600 501
1554610 501
1554620 501
1554630 501
1554640 501
1554650 501
1554660 501
1554670 501
1554680 501
1554690 501
1554700 501
1554710 501
1554720 501
1554730 501
1554740 501
1554750 501
1554760 501
1554770 501
1554780 501
1554790 501
1554800 501
1554810 501
1554820 501
1554830 501
1554840 501
1554850 501
1554860 501
1554870 501
1554880 501
1554890 501
1554900 501
1554910 501
1554920 501
1554930 501
1554940 501
1554950 501
1554960 501
1554970 501
1554980 501
1554990 501
1555000 501
1555010 501
1555020 501
1555030 501
1555040 501
1555050 501
1555060 501
1555070 501
1555080 501
1555090 501
1555100 501
1555110 501
1555120 501
1555130 501
1555140 501
1555150 501
1555160 501
1555170 501
1555180 501
1555190 501
1555200 501
1555210 501
1555220 501
1555230 501
1555240 501
1555250 501
1555260 501
1555270 501
1555280 501
1555290 501
1555300 501
1555310 501
1555320 501
1555330 501
1555340 501
1555350 501
1555360 501
1555370 501
1555380 501
1555390 501
1555400 501
1555410 501
1555420 501
1555430 501
1555440 501
1555450 501
1555460 501
1555470 502
1555480 503
1555490 503
1555500 506
1555510 508
1555520 508
1555530 509
1555540 510
1555550 511
1555560 511
1555570 511
1555580 511
1555590 511
1555600 511
1555610 510
1555620 510
1555630 510
1555640 509
1555650 509
1555660 508
1555670 509
1555680 509
1555690 509
1555700 510
1555710 511
1555720 511
1555730 511
1555740 512
1555750 512
1555760 513
1555770 514
1555780 514
1555790 515
1555800 516
1555810 516
1555820 517
1555830 518
1555840 518
1555850 518
1555860 520
1555870 520
1555880 520
1555890 521
1555900 521
1555910 521
1555920 521
1555930 521
1555940 521
1555950 522
1555960 522
1555970 522
1555980 522
1555990 522
1556000 522
1556010 523
1556020 523
1556030 525
1556040 525
1556050 526
1556060 526
1556070 526
1556080 527
1556090 529
1556100 529
1556110 530
1556120 532
1556130 532
1556140 534
1556150 536
1556160 536
1556170 538
1556180 539
1556190 541
1556200 541
1556210 543
1556220 546
1556230 546
1556240 550
1556250 554
1556260 554
1556270 558
1556280 563
1556290 563
1556300 567
1556310 572
1556320 572
1556330 576
1556340 581
1556350 585
1556360 585
1556370 589
1556380 592
1556390 592
1556400 597
1556410 603
1556420 603
1556430 608
1556440 613
1556450 613
1556460 617
1556470 619
1556480 619
1556490 621
1556500 621
1556510 626
1556520 626
1556530 632
1556540 637
1556550 637
1556560 641
1556570 645
1556580 645
1556590 648
1556600 653
1556610 653
1556620 658
1556630 663
1556640 663
1556650 668
1556660 675
1556670 681
1556680 681
1556690 687
1556700 694
1556710 694
1556720 702
1556730 709
1556740 709
1556750 716
1556760 723
1556770 723
1556780 729
1556790 736
1556800 736
1556810 742
1556820 748
1556830 748
1556840 753
1556850 759
1556860 765
1556870 765
1556880 770
1556890 774
1556900 774
1556910 777
1556920 780
1556930 780
1556940 783
1556950 787
1556960 787
1556970 792
1556980 796
1556990 796
1557000 800
1557010 805
1557020 809
1557030 809
1557040 815
1557050 822
1557060 822
1557070 828
1557080 833
1557090 833
1557100 840
1557110 846
1557120 846
1557130 853
1557140 858
1557150 858
1557160 861
1557170 862
1557180 865
1557190 865
1557200 869
1557210 878
1557220 878
1557230 886
1557240 888
1557250 888
1557260 892
1557270 893
1557280 893
1557290 895
1557300 898
1557310 898
1557320 901
1557330 905
1557340 910
1557350 910
1557360 915
1557370 919
1557380 919
1557390 925
1557400 932
1557410 932
1557420 936
1557430 938
1557440 938
1557450 941
1557460 943
1557470 943
1557480 945
1557490 946
1557500 947
1557510 947
1557520 948
1557530 945
1557540 945
1557550 942
1557560 941
1557570 941
1557580 942
1557590 946
1557600 946
1557610 951
1557620 957
1557630 957
1557640 967
1557650 975
1557660 980
1557670 980
1557680 982
1557690 982
1557700 982
1557710 982
1557720 984
1557730 984
1557740 985
1557750 982
1557760 982
1557770 977
1557780 974
1557790 974
1557800 972
1557810 972
1557820 973
1557830 973
1557840 975
1557850 977
1557860 977
1557870 981
1557880 983
1557890 982
1557900 984
1557910 985
1557920 985
1557930 986
1557940 987
1557950 987
1557960 986
1557970 983
1557980 980
1557990 980
1558000 978
1558010 978
1558020 978
1558030 978
1558040 978
1558050 978
1558060 979
1558070 980
1558080 980
1558090 981
1558100 981
1558110 981
1558120 980
1558130 978
1558140 975
1558150 975
1558160 972
1558170 970
1558180 970
1558190 969
1558200 968
1558210 968
1558220 967
1558230 966
1558240 966
1558250 965
1558260 963
1558270 963
1558280 962
1558290 960
1558300 959
1558310 959
1558320 957
1558330 955
1558340 955
1558350 954
1558360 953
1558370 953
1558380 952
1558390 951
1558400 951
1558410 953
1558420 955
1558430 955
1558440 959
1558450 962
1558460 965
1558470 965
1558480 966
1558490 967
1558500 967
1558510 965
1558520 961
1558530 961
1558540 959
1558550 957
1558560 957
1558570 953
1558580 950
1558590 950
1558600 946
1558610 942
1558620 939
1558630 939
1558640 939
1558650 939
1558660 939
1558670 940
1558680 942
1558690 942
1558700 944
1558710 943
1558720 943
1558730 943
1558740 942
1558750 942
1558760 942
1558770 942
1558780 941
1558790 941
1558800 940
1558810 941
1558820 941
1558830 943
1558840 946
1558850 946
1558860 950
1558870 952
1558880 952
1558890 953
1558900 953
1558910 953
1558920 952
1558930 953
1558940 952
1558950 952
1558960 948
1558970 944
1558980 944
1558990 940
1559000 938
1559010 938
1559020 935
1559030 932
1559040 932
1559050 932
1559060 935
1559070 935
1559080 937
1559090 937
1559100 935
1559110 935
1559120 934
1559130 933
1559140 933
1559150 931
1559160 928
1559170 928
1559180 927
1559190 925
1559200 925
1559210 924
1559220 924
1559230 924
1559240 924
1559250 924
1559260 924
1559270 924
1559280 925
1559290 926
1559300 926
1559310 927
1559320 928
1559330 928
1559340 929
1559350 931
1559360 931
1559370 931
1559380 932
1559390 932
1559400 933
1559410 934
1559420 936
1559430 936
1559440 937
1559450 938
1559460 938
1559470 938
1559480 939
1559490 939
1559500 941
1559510 942
1559520 942
1559530 943
1559540 943
1559550 943
1559560 944
1559570 945
1559580 945
1559590 945
1559600 946
1559610 946
1559620 946
1559630 947
1559640 947
1559650 947
1559660 946
1559670 945
1559680 945
1559690 944
1559700 944
1559710 944
1559720 943
1559730 943
1559740 943
1559750 943
1559760 944
1559770 945
1559780 945
1559790 946
1559800 946
1559810 946
1559820 946
1559830 947
1559840 947
1559850 946
1559860 946
1559870 946
1559880 946
1559890 947
1559900 947
1559910 947
1559920 947
1559930 946
1559940 946
1559950 945
1559960 945
1559970 945
1559980 945
1559990 945
