1540000 971
1540010 971
1540020 970
1540030 969
1540040 969
1540050 967
1540060 963
1540070 963
1540080 959
1540090 954
1540100 954
1540110 949
1540120 945
1540130 943
1540140 943
1540150 940
1540160 935
1540170 935
1540180 930
1540190 926
1540200 926
1540210 923
1540220 921
1540230 921
1540240 917
1540250 914
1540260 914
1540270 911
1540280 907
1540290 902
1540300 902
1540310 897
1540320 892
1540330 892
1540340 887
1540350 884
1540360 884
1540370 882
1540380 880
1540390 880
1540400 878
1540410 876
1540420 876
1540430 874
1540440 869
1540450 863
1540460 863
1540470 857
1540480 854
1540490 854
1540500 850
1540510 846
1540520 846
1540530 842
1540540 839
1540550 839
1540560 836
1540570 833
1540580 833
1540590 830
1540600 827
1540610 827
1540620 827
1540630 823
1540640 815
1540650 815
1540660 808
1540670 801
1540680 801
1540690 793
1540700 786
1540710 786
1540720 779
1540730 772
1540740 772
1540750 767
1540760 766
1540770 759
1540780 759
1540790 749
1540800 738
1540810 738
1540820 728
1540830 720
1540840 720
1540850 712
1540860 705
1540870 705
1540880 698
1540890 691
1540900 691
1540910 683
1540920 677
1540930 670
1540940 670
1540950 662
1540960 656
1540970 656
1540980 651
1540990 646
1541000 646
1541010 642
1541020 637
1541030 637
1541040 632
1541050 625
1541060 625
1541070 620
1541080 618
1541090 615
1541100 615
1541110 611
1541120 606
1541130 606
1541140 601
1541150 598
1541160 598
1541170 596
1541180 594
1541190 594
1541200 591
1541210 588
1541220 588
1541230 586
1541240 583
1541250 581
1541260 581
1541270 577
1541280 574
1541290 574
1541300 571
1541310 567
1541320 567
1541330 562
1541340 557
1541350 557
1541360 556
1541370 554
1541380 554
1541390 552
1541400 551
1541410 551
1541420 549
1541430 548
1541440 547
1541450 547
1541460 547
1541470 546
1541480 546
1541490 546
1541500 546
1541510 546
1541520 545
1541530 544
1541540 544
1541550 543
1541560 542
1541570 542
1541580 542
1541590 542
1541600 542
1541610 542
1541620 541
1541630 540
1541640 540
1541650 540
1541660 539
1541670 539
1541680 539
1541690 539
1541700 539
1541710 538
1541720 538
1541730 538
1541740 537
1541750 537
1541760 536
1541770 536
1541780 535
1541790 535
1541800 535
1541810 534
1541820 533
1541830 533
1541840 532
1541850 532
1541860 532
1541870 533
1541880 533
1541890 533
1541900 532
1541910 531
1541920 531
1541930 531
1541940 531
1541950 531
1541960 531
1541970 531
1541980 531
1541990 531
1542000 531
1542010 531
1542020 531
1542030 531
1542040 531
1542050 531
1542060 532
1542070 532
1542080 533
1542090 533
1542100 533
1542110 533
1542120 533
1542130 533
1542140 532
1542150 532
1542160 531
1542170 530
1542180 530
1542190 530
1542200 531
1542210 531
1542220 531
1542230 531
1542240 531
1542250 531
1542260 532
1542270 532
1542280 532
1542290 533
1542300 533
1542310 533
1542320 533
1542330 533
1542340 533
1542350 533
1542360 533
1542370 533
1542380 533
1542390 534
1542400 535
1542410 535
1542420 535
1542430 535
1542440 535
1542450 535
1542460 535
1542470 535
1542480 535
1542490 535
1542500 535
1542510 536
1542520 536
1542530 536
1542540 536
1542550 536
1542560 536
1542570 536
1542580 537
1542590 536
1542600 536
1542610 536
1542620 536
1542630 536
1542640 536
1542650 536
1542660 536
1542670 535
1542680 535
1542690 535
1542700 535
1542710 536
1542720 536
1542730 536
1542740 536
1542750 536
1542760 536
1542770 536
1542780 536
1542790 536
1542800 536
1542810 536
1542820 536
1542830 536
1542840 536
1542850 536
1542860 536
1542870 536
1542880 536
1542890 536
1542900 535
1542910 535
1542920 535
1542930 535
1542940 535
1542950 535
1542960 536
1542970 535
1542980 535
1542990 535
1543000 535
1543010 535
1543020 535
1543030 535
1543040 535
1543050 535
1543060 535
1543070 536
1543080 536
1543090 536
1543100 536
1543110 536
1543120 539
1543130 543
1543140 543
1543150 548
1543160 554
1543170 554
1543180 559
1543190 563
1543200 567
1543210 567
1543220 571
1543230 576
1543240 576
1543250 580
1543260 585
1543270 585
1543280 589
1543290 595
1543300 595
1543310 598
1543320 606
1543330 606
1543340 617
1543350 630
1543360 641
1543370 641
1543380 650
1543390 656
1543400 656
1543410 662
1543420 669
1543430 669
1543440 675
1543450 681
1543460 681
1543470 687
1543480 694
1543490 694
1543500 701
1543510 706
1543520 710
1543530 710
1543540 715
1543550 719
1543560 719
1543570 723
1543580 726
1543590 726
1543600 731
1543610 735
1543620 735
1543630 739
1543640 744
1543650 744
1543660 748
1543670 752
1543680 755
1543690 755
1543700 760
1543710 764
1543720 764
1543730 768
1543740 772
1543750 772
1543760 777
1543770 781
1543780 781
1543790 785
1543800 789
1543810 789
1543820 794
1543830 800
1543840 805
1543850 805
1543860 810
1543870 815
1543880 815
1543890 822
1543900 828
1543910 828
1543920 836
1543930 845
1543940 845
1543950 851
1543960 857
1543970 857
1543980 863
1543990 870
1544000 877
1544010 877
1544020 885
1544030 894
1544040 894
1544050 902
1544060 909
1544070 909
1544080 916
1544090 923
1544100 923
1544110 930
1544120 933
1544130 933
1544140 939
1544150 944
1544160 948
1544170 948
1544180 953
1544190 959
1544200 959
1544210 966
1544220 972
1544230 972
1544240 979
1544250 986
1544260 986
1544270 993
1544280 1000
1544290 1000
1544300 1007
1544310 1014
1544320 1014
1544330 1021
1544340 1028
1544350 1034
1544360 1034
1544370 1041
1544380 1046
1544390 1046
1544400 1053
1544410 1058
1544420 1058
1544430 1064
1544440 1066
1544450 1066
1544460 1063
1544470 1068
1544480 1068
1544490 1079
1544500 1086
1544510 1093
1544520 1093
1544530 1101
1544540 1109
1544550 1109
1544560 1115
1544570 1118
1544580 1118
1544590 1120
1544600 1118
1544610 1118
1544620 1114
1544630 1107
1544640 1107
1544650 1109
1544660 1116
1544670 1127
1544680 1127
1544690 1134
1544700 1145
1544710 1145
1544720 1156
1544730 1164
1544740 1164
1544750 1173
1544760 1188
1544770 1188
1544780 1203
1544790 1215
1544800 1215
1544810 1224
1544820 1236
1544830 1246
1544840 1246
1544850 1260
1544860 1265
1544870 1265
1544880 1267
1544890 1267
1544900 1267
1544910 1267
1544920 1267
1544930 1267
1544940 1266
1544950 1266
1544960 1266
1544970 1264
1544980 1262
1544990 1260
1545000 1260
1545010 1255
1545020 1246
1545030 1246
1545040 1239
1545050 1233
1545060 1233
1545070 1229
1545080 1225
1545090 1225
1545100 1221
1545110 1217
1545120 1217
1545130 1215
1545140 1212
1545150 1210
1545160 1210
1545170 1208
1545180 1206
1545190 1206
1545200 1204
1545210 1201
1545220 1201
1545230 1197
1545240 1192
1545250 1192
1545260 1187
1545270 1182
1545280 1182
1545290 1178
1545300 1175
1545310 1171
1545320 1171
1545330 1169
1545340 1167
1545350 1167
1545360 1162
1545370 1158
1545380 1158
1545390 1154
1545400 1151
1545410 1151
1545420 1148
1545430 1146
1545440 1146
1545450 1143
1545460 1138
1545470 1132
1545480 1132
1545490 1125
1545500 1116
1545510 1116
1545520 1108
1545530 1099
1545540 1099
1545550 1091
1545560 1086
1545570 1086
1545580 1091
1545590 1092
1545600 1092
1545610 1092
1545620 1091
1545630 1089
1545640 1089
1545650 1086
1545660 1083
1545670 1083
1545680 1083
1545690 1089
1545700 1089
1545710 1093
1545720 1095
1545730 1095
1545740 1097
1545750 1098
1545760 1098
1545770 1098
1545780 1098
1545790 1096
1545800 1096
1545810 1093
1545820 1089
1545830 1089
1545840 1082
1545850 1076
1545860 1076
1545870 1069
1545880 1065
1545890 1065
1545900 1063
1545910 1061
1545920 1061
1545930 1064
1545940 1067
1545950 1068
1545960 1068
1545970 1063
1545980 1060
1545990 1060
1546000 1062
1546010 1070
1546020 1070
1546030 1066
1546040 1059
1546050 1059
1546060 1049
1546070 1037
1546080 1037
1546090 1020
1546100 1010
1546110 1017
1546120 1017
1546130 1025
1546140 1032
1546150 1032
1546160 1038
1546170 1042
1546180 1042
1546190 1040
1546200 1042
1546210 1042
1546220 1051
1546230 1058
1546240 1058
1546250 1066
1546260 1073
1546270 1079
1546280 1079
1546290 1085
1546300 1091
1546310 1091
1546320 1096
1546330 1102
1546340 1102
1546350 1108
1546360 1113
1546370 1113
1546380 1117
1546390 1121
1546400 1121
1546410 1125
1546420 1129
1546430 1131
1546440 1131
1546450 1131
1546460 1130
1546470 1130
1546480 1129
1546490 1128
1546500 1128
1546510 1127
1546520 1126
1546530 1126
1546540 1125
1546550 1126
1546560 1126
1546570 1126
1546580 1127
1546590 1127
1546600 1127
1546610 1127
1546620 1128
1546630 1128
1546640 1128
1546650 1128
1546660 1128
1546670 1127
1546680 1126
1546690 1126
1546700 1123
1546710 1118
1546720 1118
1546730 1110
1546740 1102
1546750 1095
1546760 1095
1546770 1092
1546780 1089
1546790 1089
1546800 1087
1546810 1085
1546820 1085
1546830 1083
1546840 1081
1546850 1081
1546860 1077
1546870 1073
1546880 1073
1546890 1068
1546900 1064
1546910 1058
1546920 1058
1546930 1050
1546940 1043
1546950 1043
1546960 1034
1546970 1027
1546980 1027
1546990 1019
1547000 1008
1547010 1008
1547020 998
1547030 991
1547040 991
1547050 982
1547060 968
1547070 958
1547080 958
1547090 958
1547100 962
1547110 962
1547120 964
1547130 967
1547140 967
1547150 968
1547160 966
1547170 966
1547180 964
1547190 961
1547200 961
1547210 959
1547220 957
1547230 957
1547240 955
1547250 952
1547260 948
1547270 948
1547280 943
1547290 937
1547300 937
1547310 931
1547320 924
1547330 924
1547340 918
1547350 911
1547360 911
1547370 905
1547380 898
1547390 898
1547400 891
1547410 884
1547420 874
1547430 874
1547440 864
1547450 862
1547460 862
1547470 868
1547480 870
1547490 870
1547500 869
1547510 868
1547520 868
1547530 862
1547540 854
1547550 854
1547560 856
1547570 862
1547580 866
1547590 866
1547600 868
1547610 869
1547620 869
1547630 871
1547640 876
1547650 876
1547660 880
1547670 883
1547680 883
1547690 882
1547700 883
1547710 883
1547720 889
1547730 893
1547740 898
1547750 898
1547760 904
1547770 908
1547780 908
1547790 912
1547800 917
1547810 917
1547820 921
1547830 923
1547840 923
1547850 922
1547860 921
1547870 921
1547880 916
1547890 913
1547900 909
1547910 909
1547920 905
1547930 900
1547940 900
1547950 896
1547960 891
1547970 891
1547980 887
1547990 883
1548000 883
1548010 880
1548020 877
1548030 884
1548040 880
1548050 875
1548060 870
1548070 870
1548080 866
1548090 863
1548100 863
1548110 859
1548120 856
1548130 856
1548140 851
1548150 847
1548160 847
1548170 844
1548180 841
1548190 841
1548200 837
1548210 834
1548220 831
1548230 831
1548240 827
1548250 824
1548260 824
1548270 821
1548280 818
1548290 818
1548300 816
1548310 814
1548320 814
1548330 812
1548340 810
1548350 810
1548360 809
1548370 807
1548380 805
1548390 805
1548400 802
1548410 800
1548420 800
1548430 797
1548440 794
1548450 794
1548460 791
1548470 789
1548480 789
1548490 786
1548500 783
1548510 783
1548520 781
1548530 778
1548540 775
1548550 775
1548560 771
1548570 767
1548580 767
1548590 763
1548600 757
1548610 757
1548620 752
1548630 746
1548640 746
1548650 739
1548660 732
1548670 732
1548680 723
1548690 718
1548700 724
1548710 724
1548720 731
1548730 734
1548740 734
1548750 735
1548760 734
1548770 734
1548780 732
1548790 728
1548800 728
1548810 723
1548820 716
1548830 716
1548840 711
1548850 710
1548860 711
1548870 711
1548880 713
1548890 712
1548900 712
1548910 709
1548920 703
1548930 703
1548940 698
1548950 694
1548960 694
1548970 691
1548980 690
1548990 690
1549000 691
1549010 692
1549020 692
1549030 692
1549040 692
1549050 689
1549060 689
1549070 684
1549080 681
1549090 681
1549100 680
1549110 681
1549120 681
1549130 680
1549140 677
1549150 677
1549160 672
1549170 668
1549180 666
1549190 666
1549200 663
1549210 661
1549220 661
1549230 658
1549240 657
1549250 657
1549260 657
1549270 656
1549280 656
1549290 651
1549300 635
1549310 635
1549320 624
1549330 632
1549340 635
1549350 635
1549360 631
1549370 627
1549380 627
1549390 626
1549400 626
1549410 626
1549420 625
1549430 621
1549440 621
1549450 616
1549460 613
1549470 613
1549480 609
1549490 604
1549500 600
1549510 600
1549520 594
1549530 590
1549540 590
1549550 584
1549560 579
1549570 579
1549580 576
1549590 573
1549600 573
1549610 576
1549620 580
1549630 580
1549640 580
1549650 578
1549660 577
1549670 577
1549680 577
1549690 577
1549700 577
1549710 574
1549720 572
1549730 572
1549740 569
1549750 568
1549760 568
1549770 567
1549780 565
1549790 565
1549800 563
1549810 562
1549820 561
1549830 561
1549840 559
1549850 559
1549860 559
1549870 557
1549880 552
1549890 552
1549900 550
1549910 548
1549920 548
1549930 547
1549940 545
1549950 545
1549960 542
1549970 541
1549980 542
1549990 542
1550000 541
1550010 540
1550020 540
1550030 540
1550040 540
1550050 540
1550060 540
1550070 541
1550080 541
1550090 541
1550100 541
1550110 541
1550120 541
1550130 540
1550140 540
1550150 538
1550160 538
1550170 537
1550180 537
1550190 536
1550200 534
1550210 534
1550220 533
1550230 532
1550240 532
1550250 531
1550260 531
1550270 531
1550280 531
1550290 531
1550300 531
1550310 529
1550320 528
1550330 528
1550340 528
1550350 529
1550360 530
1550370 530
1550380 531
1550390 531
1550400 531
1550410 532
1550420 532
1550430 532
1550440 532
1550450 533
1550460 533
1550470 534
1550480 534
1550490 534
1550500 534
1550510 534
1550520 534
1550530 534
1550540 534
1550550 532
1550560 532
1550570 531
1550580 530
1550590 530
1550600 530
1550610 530
1550620 530
1550630 529
1550640 528
1550650 527
1550660 527
1550670 527
1550680 525
1550690 525
1550700 523
1550710 521
1550720 521
1550730 519
1550740 517
1550750 517
1550760 516
1550770 515
1550780 515
1550790 514
1550800 512
1550810 510
1550820 510
1550830 509
1550840 508
1550850 508
1550860 508
1550870 507
1550880 507
1550890 507
1550900 506
1550910 506
1550920 506
1550930 506
1550940 506
1550950 506
1550960 506
1550970 506
1550980 506
1550990 506
1551000 505
1551010 505
1551020 504
1551030 503
1551040 503
1551050 501
1551060 501
1551070 501
1551080 501
1551090 501
1551100 501
1551110 501
1551120 501
1551130 501
1551140 501
1551150 501
1551160 501
1551170 501
1551180 501
1551190 501
1551200 501
1551210 501
1551220 501
1551230 501
1551240 501
1551250 501
1551260 501
1551270 501
1551280 501
1551290 501
1551300 501
1551310 501
1551320 501
1551330 501
1551340 501
1551350 501
1551360 501
1551370 501
1551380 501
1551390 501
1551400 501
1551410 501
1551420 501
1551430 501
1551440 501
1551450 501
1551460 501
1551470 501
1551480 501
1551490 501
1551500 501
1551510 501
1551520 501
1551530 501
1551540 501
1551550 501
1551560 501
1551570 501
1551580 501
1551590 501
1551600 501
1551610 501
1551620 501
1551630 501
1551640 501
1551650 501
1551660 501
1551670 501
1551680 501
1551690 501
1551700 501
1551710 501
1551720 501
1551730 501
1551740 501
1551750 501
1551760 501
1551770 501
1551780 501
1551790 501
1551800 501
1551810 501
1551820 501
1551830 501
1551840 501
1551850 501
1551860 501
1551870 501
1551880 501
1551890 501
1551900 501
1551910 501
1551920 501
1551930 501
1551940 501
1551950 501
1551960 501
1551970 501
1551980 501
1551990 501
1552000 501
1552010 501
1552020 501
1552030 501
1552040 501
1552050 501
1552060 501
1552070 501
1552080 501
1552090 501
1552100 501
1552110 501
1552120 501
1552130 501
1552140 501
1552150 501
1552160 501
1552170 501
1552180 501
1552190 501
1552200 501
1552210 501
1552220 501
1552230 501
1552240 501
1552250 501
1552260 501
1552270 501
1552280 501
1552290 501
1552300 501
1552310 501
1552320 501
1552330 501
1552340 501
1552350 501
1552360 501
1552370 501
1552380 501
1552390 501
1552400 501
1552410 501
1552420 501
1552430 501
1552440 501
1552450 501
1552460 501
1552470 501
1552480 501
1552490 501
1552500 501
1552510 501
1552520 501
1552530 501
1552540 501
1552550 501
1552560 501
1552570 501
1552580 501
1552590 501
1552600 501
1552610 501
1552620 501
1552630 501
1552640 501
1552650 501
1552660 501
1552670 501
1552680 501
1552690 501
1552700 501
1552710 501
1552720 501
1552730 501
1552740 501
1552750 501
1552760 501
1552770 501
1552780 501
1552790 501
1552800 501
1552810 501
1552820 501
1552830 501
1552840 501
1552850 501
1552860 501
1552870 501
1552880 501
1552890 501
1552900 501
1552910 501
1552920 501
1552930 501
1552940 501
1552950 501
1552960 501
1552970 501
1552980 501
1552990 501
1553000 501
1553010 501
1553020 501
1553030 501
1553040 501
1553050 501
1553060 501
1553070 501
1553080 501
1553090 501
1553100 501
1553110 501
1553120 501
1553130 501
1553140 501
1553150 501
1553160 501
1553170 501
1553180 501
1553190 501
1553200 501
1553210 501
1553220 501
1553230 501
1553240 501
1553250 501
1553260 501
1553270 501
1553280 501
1553290 501
1553300 501
1553310 501
1553320 501
1553330 501
1553340 501
1553350 501
1553360 501
1553370 501
1553380 501
1553390 501
1553400 501
1553410 501
1553420 501
1553430 501
1553440 501
1553450 501
1553460 501
1553470 501
1553480 501
1553490 501
1553500 501
1553510 501
1553520 501
1553530 501
1553540 501
1553550 501
1553560 501
1553570 501
1553580 501
1553590 501
1553600 501
1553610 501
1553620 501
1553630 501
1553640 501
1553650 501
1553660 501
1553670 501
1553680 501
1553690 501
1553700 501
1553710 501
1553720 501
1553730 501
1553740 501
1553750 501
1553760 501
1553770 501
1553780 501
1553790 501
1553800 501
1553810 501
1553820 501
1553830 501
1553840 501
1553850 501
1553860 501
1553870 501
1553880 501
1553890 501
1553900 501
1553910 501
1553920 501
1553930 501
1553940 501
1553950 501
1553960 501
1553970 501
1553980 501
1553990 501
1554000 501
1554010 501
1554020 501
1554030 501
1554040 501
1554050 501
1554060 501
1554070 501
1554080 501
1554090 501
1554100 501
1554110 501
1554120 501
1554130 501
1554140 501
1554150 501
1554160 501
1554170 501
1554180 501
1554190 501
1554200 501
1554210 501
1554220 501
1554230 501
1554240 501
1554250 501
1554260 501
1554270 501
1554280 501
1554290 501
1554300 501
1554310 501
1554320 501
1554330 501
1554340 501
1554350 501
1554360 501
1554370 501
1554380 501
1554390 501
1554400 501
1554410 501
1554420 501
1554430 501
1554440 501
1554450 501
1554460 501
1554470 501
1554480 501
1554490 501
1554500 501
1554510 501
1554520 501
1554530 501
1554540 501
1554550 501
1554560 501
1554570 501
1554580 501
1554590 501
1554600 501
1554610 501
1554620 501
1554630 501
1554640 501
1554650 501
1554660 501
1554670 501
1554680 501
1554690 501
1554700 501
1554710 501
1554720 501
1554730 501
1554740 501
1554750 501
1554760 501
1554770 501
1554780 501
1554790 501
1554800 501
1554810 501
1554820 501
1554830 501
1554840 501
1554850 501
1554860 501
1554870 501
1554880 501
1554890 501
1554900 501
1554910 501
1554920 501
1554930 501
1554940 501
1554950 501
1554960 501
1554970 501
1554980 501
1554990 501
1555000 501
1555010 501
1555020 501
1555030 501
1555040 501
1555050 501
1555060 501
1555070 501
1555080 501
1555090 501
1555100 501
1555110 501
1555120 501
1555130 501
1555140 501
1555150 501
1555160 501
1555170 501
1555180 501
1555190 501
1555200 501
1555210 501
1555220 501
1555230 501
1555240 501
1555250 501
1555260 501
1555270 501
1555280 501
1555290 501
1555300 501
1555310 501
1555320 501
1555330 501
1555340 501
1555350 501
1555360 501
1555370 501
1555380 501
1555390 501
1555400 501
1555410 501
1555420 501
1555430 501
1555440 501
1555450 501
1555460 501
1555470 501
1555480 501
1555490 501
1555500 501
1555510 501
1555520 501
1555530 501
1555540 501
1555550 501
1555560 501
1555570 501
1555580 501
1555590 501
1555600 501
1555610 501
1555620 501
1555630 501
1555640 501
1555650 501
1555660 501
1555670 501
1555680 501
1555690 501
1555700 502
1555710 502
1555720 504
1555730 506
1555740 506
1555750 507
1555760 507
1555770 507
1555780 508
1555790 509
1555800 509
1555810 510
1555820 512
1555830 513
1555840 513
1555850 514
1555860 515
1555870 515
1555880 516
1555890 517
1555900 517
1555910 517
1555920 518
1555930 518
1555940 520
1555950 522
1555960 522
1555970 524
1555980 525
1555990 528
1556000 528
1556010 533
1556020 534
1556030 534
1556040 535
1556050 536
1556060 536
1556070 537
1556080 539
1556090 539
1556100 541
1556110 542
1556120 542
1556130 542
1556140 543
1556150 544
1556160 544
1556170 545
1556180 547
1556190 547
1556200 550
1556210 552
1556220 552
1556230 554
1556240 555
1556250 555
1556260 557
1556270 559
1556280 559
1556290 561
1556300 562
1556310 563
1556320 563
1556330 565
1556340 567
1556350 567
1556360 569
1556370 570
1556380 570
1556390 572
1556400 574
1556410 574
1556420 576
1556430 578
1556440 578
1556450 581
1556460 582
1556470 583
1556480 583
1556490 585
1556500 588
1556510 588
1556520 591
1556530 595
1556540 595
1556550 598
1556560 602
1556570 602
1556580 606
1556590 611
1556600 611
1556610 615
1556620 620
1556630 626
1556640 626
1556650 630
1556660 635
1556670 635
1556680 641
1556690 648
1556700 648
1556710 654
1556720 659
1556730 659
1556740 663
1556750 667
1556760 667
1556770 672
1556780 677
1556790 682
1556800 682
1556810 687
1556820 691
1556830 691
1556840 696
1556850 699
1556860 699
1556870 702
1556880 704
1556890 704
1556900 706
1556910 708
1556920 708
1556930 712
1556940 718
1556950 725
1556960 725
1556970 732
1556980 741
1556990 741
1557000 747
1557010 754
1557020 754
1557030 760
1557040 767
1557050 767
1557060 772
1557070 779
1557080 779
1557090 785
1557100 789
1557110 794
1557120 794
1557130 800
1557140 806
1557150 806
1557160 811
1557170 816
1557180 816
1557190 820
1557200 825
1557210 825
1557220 831
1557230 836
1557240 836
1557250 840
1557260 843
1557270 846
1557280 847
1557290 851
1557300 856
1557310 856
1557320 861
1557330 869
1557340 869
1557350 877
1557360 886
1557370 886
1557380 892
1557390 898
1557400 898
1557410 903
1557420 907
1557430 913
1557440 913
1557450 918
1557460 922
1557470 922
1557480 929
1557490 935
1557500 935
1557510 937
1557520 940
1557530 940
1557540 939
1557550 936
1557560 936
1557570 932
1557580 930
1557590 933
1557600 933
1557610 937
1557620 938
1557630 938
1557640 940
1557650 943
1557660 943
1557670 945
1557680 949
1557690 949
1557700 953
1557710 955
1557720 955
1557730 956
1557740 959
1557750 960
1557760 960
1557770 959
1557780 957
1557790 957
1557800 956
1557810 962
1557820 962
1557830 965
1557840 963
1557850 963
1557860 960
1557870 960
1557880 960
1557890 962
1557900 962
1557910 959
1557920 959
1557930 954
1557940 950
1557950 950
1557960 950
1557970 951
1557980 951
1557990 951
1558000 951
1558010 951
1558020 952
1558030 954
1558040 954
1558050 957
1558060 958
1558070 959
1558080 959
1558090 960
1558100 961
1558110 961
1558120 959
1558130 954
1558140 954
1558150 951
1558160 950
1558170 950
1558180 949
1558190 947
1558200 947
1558210 946
1558220 942
1558230 941
1558240 941
1558250 944
1558260 946
1558270 946
1558280 946
1558290 945
1558300 945
1558310 944
1558320 944
1558330 944
1558340 943
1558350 941
1558360 941
1558370 937
1558380 934
1558390 932
1558400 932
1558410 931
1558420 929
1558430 929
1558440 924
1558450 920
1558460 920
1558470 919
1558480 917
1558490 917
1558500 915
1558510 912
1558520 912
1558530 907
1558540 903
1558550 903
1558560 901
1558570 901
1558580 902
1558590 902
1558600 903
1558610 904
1558620 904
1558630 907
1558640 908
1558650 908
1558660 909
1558670 908
1558680 908
1558690 907
1558700 904
1558710 904
1558720 902
1558730 901
1558740 901
1558750 901
1558760 901
1558770 901
1558780 901
1558790 901
1558800 901
1558810 901
1558820 900
1558830 899
1558840 899
1558850 899
1558860 900
1558870 900
1558880 901
1558890 903
1558900 904
1558910 904
1558920 906
1558930 907
1558940 907
1558950 907
1558960 908
1558970 908
1558980 908
1558990 908
1559000 907
1559010 907
1559020 908
1559030 908
1559040 909
1559050 909
1559060 910
1559070 910
1559080 911
1559090 911
1559100 911
1559110 911
1559120 911
1559130 911
1559140 912
1559150 912
1559160 912
1559170 912
1559180 912
1559190 912
1559200 912
1559210 913
1559220 914
1559230 914
1559240 914
1559250 914
1559260 914
1559270 913
1559280 912
1559290 912
1559300 911
1559310 910
1559320 910
1559330 909
1559340 908
1559350 908
1559360 908
1559370 907
1559380 907
1559390 907
1559400 908
1559410 909
1559420 909
1559430 911
1559440 913
1559450 913
1559460 915
1559470 916
1559480 916
1559490 918
1559500 919
1559510 919
1559520 920
1559530 921
1559540 922
1559550 922
1559560 923
1559570 925
1559580 925
1559590 926
1559600 927
1559610 927
1559620 928
1559630 929
1559640 929
1559650 931
1559660 932
1559670 932
1559680 933
1559690 935
1559700 936
1559710 936
1559720 938
1559730 940
1559740 940
1559750 941
1559760 943
1559770 943
1559780 945
1559790 946
1559800 946
1559810 947
1559820 948
1559830 948
1559840 949
1559850 950
1559860 950
1559870 950
1559880 949
1559890 949
1559900 949
1559910 948
1559920 947
1559930 947
1559940 946
1559950 945
1559960 945
1559970 944
1559980 942
1559990 942
