1540000 596
1540010 597
1540020 598
1540030 598
1540040 599
1540050 601
1540060 601
1540070 602
1540080 603
1540090 603
1540100 603
1540110 605
1540120 605
1540130 605
1540140 607
1540150 607
1540160 608
1540170 609
1540180 610
1540190 610
1540200 612
1540210 613
1540220 613
1540230 615
1540240 616
1540250 616
1540260 618
1540270 619
1540280 622
1540290 621
1540300 622
1540310 622
1540320 626
1540330 627
1540340 630
1540350 630
1540360 636
1540370 640
1540380 640
1540390 641
1540400 643
1540410 643
1540420 645
1540430 648
1540440 648
1540450 653
1540460 657
1540470 657
1540480 662
1540490 666
1540500 671
1540510 671
1540520 675
1540530 681
1540540 681
1540550 686
1540560 690
1540570 690
1540580 694
1540590 697
1540600 697
1540610 698
1540620 699
1540630 699
1540640 700
1540650 702
1540660 702
1540670 705
1540680 709
1540690 712
1540700 712
1540710 715
1540720 718
1540730 718
1540740 721
1540750 726
1540760 726
1540770 729
1540780 730
1540790 730
1540800 732
1540810 733
1540820 733
1540830 735
1540840 737
1540850 740
1540860 740
1540870 742
1540880 745
1540890 745
1540900 748
1540910 752
1540920 752
1540930 755
1540940 758
1540950 758
1540960 762
1540970 766
1540980 766
1540990 771
1541000 775
1541010 778
1541020 778
1541030 781
1541040 785
1541050 785
1541060 788
1541070 791
1541080 791
1541090 794
1541100 798
1541110 798
1541120 802
1541130 806
1541140 806
1541150 810
1541160 815
1541170 820
1541180 820
1541190 824
1541200 828
1541210 828
1541220 832
1541230 836
1541240 836
1541250 841
1541260 845
1541270 845
1541280 849
1541290 853
1541300 853
1541310 856
1541320 860
1541330 864
1541340 864
1541350 869
1541360 873
1541370 873
1541380 876
1541390 880
1541400 880
1541410 884
1541420 889
1541430 889
1541440 892
1541450 895
1541460 895
1541470 897
1541480 903
1541490 909
1541500 909
1541510 915
1541520 920
1541530 920
1541540 925
1541550 930
1541560 930
1541570 935
1541580 940
1541590 940
1541600 946
1541610 951
1541620 951
1541630 956
1541640 960
1541650 965
1541660 965
1541670 969
1541680 973
1541690 973
1541700 976
1541710 978
1541720 978
1541730 981
1541740 983
1541750 983
1541760 985
1541770 985
1541780 985
1541790 985
1541800 983
1541810 983
1541820 983
1541830 985
1541840 990
1541850 990
1541860 997
1541870 1003
1541880 1003
1541890 1010
1541900 1019
1541910 1019
1541920 1025
1541930 1029
1541940 1029
1541950 1033
1541960 1037
1541970 1037
1541980 1043
1541990 1048
1542000 1050
1542010 1050
1542020 1053
1542030 1057
1542040 1057
1542050 1061
1542060 1067
1542070 1067
1542080 1073
1542090 1079
1542100 1079
1542110 1084
1542120 1090
1542130 1090
1542140 1096
1542150 1101
1542160 1105
1542170 1105
1542180 1110
1542190 1115
1542200 1115
1542210 1120
1542220 1124
1542230 1124
1542240 1127
1542250 1130
1542260 1130
1542270 1133
1542280 1137
1542290 1137
1542300 1141
1542310 1145
1542320 1150
1542330 1150
1542340 1151
1542350 1154
1542360 1154
1542370 1159
1542380 1166
1542390 1166
1542400 1173
1542410 1180
1542420 1180
1542430 1187
1542440 1194
1542450 1194
1542460 1200
1542470 1205
1542480 1210
1542490 1210
1542500 1215
1542510 1220
1542520 1220
1542530 1226
1542540 1232
1542550 1232
1542560 1238
1542570 1243
1542580 1243
1542590 1249
1542600 1253
1542610 1253
1542620 1257
1542630 1262
1542640 1265
1542650 1265
1542660 1268
1542670 1271
1542680 1271
1542690 1274
1542700 1277
1542710 1277
1542720 1279
1542730 1282
1542740 1282
1542750 1284
1542760 1286
1542770 1286
1542780 1288
1542790 1289
1542800 1289
1542810 1289
1542820 1287
1542830 1283
1542840 1283
1542850 1282
1542860 1285
1542870 1285
1542880 1286
1542890 1285
1542900 1285
1542910 1283
1542920 1280
1542930 1280
1542940 1276
1542950 1273
1542960 1270
1542970 1270
1542980 1266
1542990 1260
1543000 1260
1543010 1253
1543020 1249
1543030 1249
1543040 1245
1543050 1240
1543060 1240
1543070 1235
1543080 1230
1543090 1230
1543100 1225
1543110 1220
1543120 1215
1543130 1215
1543140 1211
1543150 1205
1543160 1205
1543170 1201
1543180 1198
1543190 1198
1543200 1195
1543210 1192
1543220 1192
1543230 1189
1543240 1186
1543250 1186
1543260 1184
1543270 1182
1543280 1182
1543290 1181
1543300 1180
1543310 1178
1543320 1178
1543330 1176
1543340 1175
1543350 1175
1543360 1174
1543370 1173
1543380 1173
1543390 1172
1543400 1171
1543410 1171
1543420 1171
1543430 1170
1543440 1170
1543450 1169
1543460 1168
1543470 1167
1543480 1167
1543490 1165
1543500 1163
1543510 1163
1543520 1160
1543530 1156
1543540 1156
1543550 1151
1543560 1147
1543570 1147
1543580 1145
1543590 1144
1543600 1144
1543610 1141
1543620 1139
1543630 1136
1543640 1136
1543650 1130
1543660 1130
1543670 1130
1543680 1131
1543690 1128
1543700 1128
1543710 1125
1543720 1121
1543730 1121
1543740 1116
1543750 1112
1543760 1112
1543770 1107
1543780 1100
1543790 1092
1543800 1092
1543810 1084
1543820 1077
1543830 1077
1543840 1070
1543850 1062
1543860 1062
1543870 1054
1543880 1045
1543890 1045
1543900 1042
1543910 1050
1543920 1050
1543930 1055
1543940 1060
1543950 1068
1543960 1068
1543970 1074
1543980 1083
1543990 1083
1544000 1088
1544010 1090
1544020 1090
1544030 1092
1544040 1099
1544050 1099
1544060 1105
1544070 1110
1544080 1110
1544090 1115
1544100 1120
1544110 1127
1544120 1127
1544130 1134
1544140 1140
1544150 1140
1544160 1146
1544170 1152
1544180 1152
1544190 1157
1544200 1163
1544210 1163
1544220 1168
1544230 1174
1544240 1174
1544250 1181
1544260 1189
1544270 1195
1544280 1195
1544290 1202
1544300 1209
1544310 1209
1544320 1216
1544330 1223
1544340 1223
1544350 1230
1544360 1237
1544370 1237
1544380 1244
1544390 1251
1544400 1251
1544410 1259
1544420 1266
1544430 1272
1544440 1272
1544450 1278
1544460 1283
1544470 1283
1544480 1289
1544490 1294
1544500 1294
1544510 1298
1544520 1302
1544530 1302
1544540 1305
1544550 1308
1544560 1308
1544570 1310
1544580 1312
1544590 1312
1544600 1312
1544610 1312
1544620 1317
1544630 1317
1544640 1318
1544650 1319
1544660 1319
1544670 1320
1544680 1321
1544690 1321
1544700 1321
1544710 1321
1544720 1321
1544730 1320
1544740 1319
1544750 1319
1544760 1316
1544770 1315
1544780 1313
1544790 1313
1544800 1314
1544810 1315
1544820 1315
1544830 1317
1544840 1320
1544850 1320
1544860 1321
1544870 1320
1544880 1320
1544890 1318
1544900 1318
1544910 1318
1544920 1317
1544930 1315
1544940 1313
1544950 1313
1544960 1311
1544970 1308
1544980 1308
1544990 1304
1545000 1301
1545010 1301
1545020 1298
1545030 1295
1545040 1295
1545050 1292
1545060 1288
1545070 1288
1545080 1285
1545090 1286
1545100 1285
1545110 1285
1545120 1284
1545130 1283
1545140 1283
1545150 1281
1545160 1280
1545170 1280
1545180 1278
1545190 1276
1545200 1276
1545210 1274
1545220 1273
1545230 1273
1545240 1273
1545250 1272
1545260 1271
1545270 1271
1545280 1272
1545290 1273
1545300 1273
1545310 1274
1545320 1275
1545330 1275
1545340 1276
1545350 1278
1545360 1278
1545370 1278
1545380 1279
1545390 1279
1545400 1279
1545410 1279
1545420 1280
1545430 1280
1545440 1281
1545450 1282
1545460 1282
1545470 1283
1545480 1283
1545490 1283
1545500 1282
1545510 1282
1545520 1282
1545530 1284
1545540 1284
1545550 1284
1545560 1284
1545570 1284
1545580 1285
1545590 1285
1545600 1286
1545610 1287
1545620 1287
1545630 1287
1545640 1286
1545650 1286
1545660 1284
1545670 1283
1545680 1283
1545690 1282
1545700 1281
1545710 1281
1545720 1283
1545730 1286
1545740 1290
1545750 1290
1545760 1290
1545770 1291
1545780 1291
1545790 1291
1545800 1291
1545810 1291
1545820 1291
1545830 1291
1545840 1291
1545850 1291
1545860 1290
1545870 1290
1545880 1291
1545890 1294
1545900 1294
1545910 1296
1545920 1296
1545930 1296
1545940 1296
1545950 1297
1545960 1297
1545970 1297
1545980 1298
1545990 1300
1546000 1300
1546010 1301
1546020 1302
1546030 1302
1546040 1303
1546050 1304
1546060 1304
1546070 1305
1546080 1308
1546090 1310
1546100 1310
1546110 1311
1546120 1313
1546130 1313
1546140 1314
1546150 1316
1546160 1316
1546170 1317
1546180 1318
1546190 1318
1546200 1319
1546210 1319
1546220 1319
1546230 1319
1546240 1317
1546250 1314
1546260 1314
1546270 1311
1546280 1310
1546290 1310
1546300 1311
1546310 1315
1546320 1315
1546330 1320
1546340 1324
1546350 1324
1546360 1327
1546370 1332
1546380 1332
1546390 1336
1546400 1339
1546410 1342
1546420 1342
1546430 1346
1546440 1351
1546450 1351
1546460 1356
1546470 1358
1546480 1358
1546490 1360
1546500 1361
1546510 1361
1546520 1362
1546530 1364
1546540 1364
1546550 1366
1546560 1368
1546570 1369
1546580 1369
1546590 1371
1546600 1373
1546610 1373
1546620 1375
1546630 1378
1546640 1378
1546650 1379
1546660 1380
1546670 1380
1546680 1384
1546690 1387
1546700 1387
1546710 1389
1546720 1392
1546730 1395
1546740 1395
1546750 1398
1546760 1401
1546770 1401
1546780 1403
1546790 1404
1546800 1404
1546810 1405
1546820 1406
1546830 1406
1546840 1408
1546850 1410
1546860 1410
1546870 1412
1546880 1414
1546890 1415
1546900 1415
1546910 1417
1546920 1418
1546930 1418
1546940 1417
1546950 1415
1546960 1415
1546970 1413
1546980 1412
1546990 1412
1547000 1413
1547010 1416
1547020 1416
1547030 1421
1547040 1428
1547050 1434
1547060 1434
1547070 1439
1547080 1444
1547090 1444
1547100 1449
1547110 1453
1547120 1453
1547130 1458
1547140 1462
1547150 1462
1547160 1465
1547170 1467
1547180 1467
1547190 1470
1547200 1472
1547210 1472
1547220 1475
1547230 1477
1547240 1479
1547250 1479
1547260 1481
1547270 1483
1547280 1483
1547290 1486
1547300 1489
1547310 1489
1547320 1492
1547330 1495
1547340 1495
1547350 1498
1547360 1502
1547370 1502
1547380 1506
1547390 1510
1547400 1513
1547410 1513
1547420 1517
1547430 1519
1547440 1519
1547450 1522
1547460 1525
1547470 1525
1547480 1528
1547490 1530
1547500 1530
1547510 1533
1547520 1535
1547530 1535
1547540 1539
1547550 1542
1547560 1546
1547570 1546
1547580 1549
1547590 1552
1547600 1552
1547610 1556
1547620 1559
1547630 1559
1547640 1562
1547650 1566
1547660 1566
1547670 1569
1547680 1572
1547690 1572
1547700 1576
1547710 1580
1547720 1583
1547730 1583
1547740 1587
1547750 1592
1547760 1592
1547770 1595
1547780 1600
1547790 1600
1547800 1603
1547810 1606
1547820 1606
1547830 1611
1547840 1615
1547850 1615
1547860 1619
1547870 1623
1547880 1628
1547890 1628
1547900 1632
1547910 1636
1547920 1636
1547930 1640
1547940 1644
1547950 1644
1547960 1647
1547970 1650
1547980 1650
1547990 1654
1548000 1659
1548010 1659
1548020 1662
1548030 1667
1548040 1671
1548050 1671
1548060 1675
1548070 1679
1548080 1679
1548090 1683
1548100 1684
1548110 1684
1548120 1688
1548130 1691
1548140 1691
1548150 1694
1548160 1697
1548170 1697
1548180 1698
1548190 1700
1548200 1703
1548210 1703
1548220 1703
1548230 1702
1548240 1702
1548250 1698
1548260 1696
1548270 1696
1548280 1695
1548290 1693
1548300 1693
1548310 1690
1548320 1689
1548330 1689
1548340 1688
1548350 1688
1548360 1687
1548370 1687
1548380 1686
1548390 1687
1548400 1687
1548410 1688
1548420 1689
1548430 1689
1548440 1690
1548450 1690
1548460 1690
1548470 1690
1548480 1689
1548490 1689
1548500 1689
1548510 1689
1548520 1689
1548530 1688
1548540 1688
1548550 1689
1548560 1689
1548570 1689
1548580 1690
1548590 1690
1548600 1691
1548610 1692
1548620 1692
1548630 1694
1548640 1697
1548650 1697
1548660 1699
1548670 1699
1548680 1706
1548690 1704
1548700 1701
1548710 1698
1548720 1698
1548730 1697
1548740 1695
1548750 1695
1548760 1693
1548770 1691
1548780 1691
1548790 1688
1548800 1686
1548810 1686
1548820 1685
1548830 1684
1548840 1684
1548850 1681
1548860 1679
1548870 1676
1548880 1676
1548890 1674
1548900 1671
1548910 1671
1548920 1668
1548930 1664
1548940 1664
1548950 1661
1548960 1658
1548970 1658
1548980 1655
1548990 1651
1549000 1651
1549010 1649
1549020 1649
1549030 1647
1549040 1647
1549050 1645
1549060 1646
1549070 1646
1549080 1646
1549090 1647
1549100 1647
1549110 1647
1549120 1647
1549130 1647
1549140 1647
1549150 1648
1549160 1648
1549170 1649
1549180 1649
1549190 1650
1549200 1650
1549210 1650
1549220 1650
1549230 1650
1549240 1651
1549250 1652
1549260 1652
1549270 1652
1549280 1651
1549290 1651
1549300 1651
1549310 1651
1549320 1651
1549330 1651
1549340 1653
1549350 1655
1549360 1655
1549370 1658
1549380 1661
1549390 1661
1549400 1663
1549410 1665
1549420 1665
1549430 1667
1549440 1669
1549450 1669
1549460 1670
1549470 1670
1549480 1670
1549490 1670
1549500 1669
1549510 1669
1549520 1669
1549530 1668
1549540 1667
1549550 1667
1549560 1665
1549570 1663
1549580 1663
1549590 1661
1549600 1658
1549610 1658
1549620 1655
1549630 1652
1549640 1652
1549650 1647
1549660 1644
1549670 1641
1549680 1641
1549690 1638
1549700 1635
1549710 1635
1549720 1630
1549730 1626
1549740 1626
1549750 1626
1549760 1631
1549770 1631
1549780 1636
1549790 1640
1549800 1640
1549810 1644
1549820 1647
1549830 1647
1549840 1649
1549850 1652
1549860 1653
1549870 1653
1549880 1655
1549890 1658
1549900 1658
1549910 1661
1549920 1664
1549930 1664
1549940 1667
1549950 1669
1549960 1669
1549970 1672
1549980 1674
1549990 1674
1550000 1675
1550010 1675
1550020 1676
1550030 1676
1550040 1676
1550050 1676
1550060 1676
1550070 1676
1550080 1677
1550090 1677
1550100 1676
1550110 1674
1550120 1674
1550130 1674
1550140 1672
1550150 1672
1550160 1668
1550170 1664
1550180 1661
1550190 1661
1550200 1657
1550210 1654
1550220 1654
1550230 1650
1550240 1644
1550250 1644
1550260 1639
1550270 1635
1550280 1635
1550290 1633
1550300 1631
1550310 1631
1550320 1628
1550330 1626
1550340 1623
1550350 1623
1550360 1619
1550370 1614
1550380 1614
1550390 1608
1550400 1603
1550410 1603
1550420 1599
1550430 1594
1550440 1594
1550450 1590
1550460 1585
1550470 1585
1550480 1580
1550490 1575
1550500 1569
1550510 1569
1550520 1561
1550530 1553
1550540 1553
1550550 1546
1550560 1541
1550570 1541
1550580 1538
1550590 1535
1550600 1535
1550610 1534
1550620 1533
1550630 1533
1550640 1532
1550650 1531
1550660 1529
1550670 1529
1550680 1527
1550690 1525
1550700 1525
1550710 1524
1550720 1521
1550730 1521
1550740 1519
1550750 1517
1550760 1517
1550770 1515
1550780 1512
1550790 1512
1550800 1509
1550810 1506
1550820 1501
1550830 1501
1550840 1497
1550850 1494
1550860 1494
1550870 1491
1550880 1488
1550890 1488
1550900 1484
1550910 1481
1550920 1481
1550930 1477
1550940 1473
1550950 1473
1550960 1470
1550970 1467
1550980 1462
1550990 1462
1551000 1458
1551010 1452
1551020 1452
1551030 1448
1551040 1444
1551050 1444
1551060 1440
1551070 1435
1551080 1435
1551090 1429
1551100 1425
1551110 1425
1551120 1422
1551130 1419
1551140 1419
1551150 1416
1551160 1414
1551170 1413
1551180 1413
1551190 1411
1551200 1408
1551210 1408
1551220 1404
1551230 1400
1551240 1400
1551250 1395
1551260 1391
1551270 1391
1551280 1387
1551290 1384
1551300 1384
1551310 1381
1551320 1378
1551330 1375
1551340 1375
1551350 1372
1551360 1369
1551370 1369
1551380 1367
1551390 1366
1551400 1366
1551410 1364
1551420 1362
1551430 1362
1551440 1360
1551450 1357
1551460 1357
1551470 1355
1551480 1351
1551490 1348
1551500 1348
1551510 1345
1551520 1340
1551530 1340
1551540 1337
1551550 1334
1551560 1334
1551570 1330
1551580 1327
1551590 1327
1551600 1325
1551610 1324
1551620 1324
1551630 1321
1551640 1317
1551650 1314
1551660 1314
1551670 1310
1551680 1309
1551690 1309
1551700 1306
1551710 1302
1551720 1302
1551730 1296
1551740 1288
1551750 1288
1551760 1280
1551770 1273
1551780 1273
1551790 1268
1551800 1261
1551810 1254
1551820 1254
1551830 1250
1551840 1248
1551850 1248
1551860 1246
1551870 1244
1551880 1244
1551890 1241
1551900 1238
1551910 1238
1551920 1234
1551930 1231
1551940 1231
1551950 1227
1551960 1225
1551970 1221
1551980 1221
1551990 1217
1552000 1213
1552010 1213
1552020 1209
1552030 1203
1552040 1203
1552050 1198
1552060 1194
1552070 1194
1552080 1190
1552090 1185
1552100 1185
1552110 1180
1552120 1175
1552130 1172
1552140 1172
1552150 1167
1552160 1160
1552170 1160
1552180 1154
1552190 1152
1552200 1152
1552210 1150
1552220 1145
1552230 1145
1552240 1142
1552250 1139
1552260 1139
1552270 1136
1552280 1133
1552290 1130
1552300 1130
1552310 1125
1552320 1122
1552330 1122
1552340 1118
1552350 1113
1552360 1113
1552370 1106
1552380 1099
1552390 1099
1552400 1093
1552410 1085
1552420 1085
1552430 1076
1552440 1066
1552450 1066
1552460 1060
1552470 1054
1552480 1048
1552490 1048
1552500 1046
1552510 1042
1552520 1042
1552530 1039
1552540 1036
1552550 1036
1552560 1032
1552570 1026
1552580 1026
1552590 1022
1552600 1020
1552610 1020
1552620 1016
1552630 1011
1552640 1004
1552650 1004
1552660 996
1552670 993
1552680 993
1552690 992
1552700 989
1552710 989
1552720 984
1552730 976
1552740 976
1552750 968
1552760 965
1552770 965
1552780 966
1552790 965
1552800 963
1552810 963
1552820 962
1552830 960
1552840 960
1552850 958
1552860 955
1552870 955
1552880 951
1552890 948
1552900 948
1552910 945
1552920 942
1552930 942
1552940 939
1552950 936
1552960 931
1552970 931
1552980 927
1552990 920
1553000 920
1553010 914
1553020 910
1553030 910
1553040 907
1553050 903
1553060 903
1553070 896
1553080 888
1553090 888
1553100 881
1553110 876
1553120 871
1553130 871
1553140 866
1553150 863
1553160 863
1553170 859
1553180 856
1553190 856
1553200 851
1553210 846
1553220 846
1553230 839
1553240 834
1553250 834
1553260 826
1553270 820
1553280 816
1553290 816
1553300 813
1553310 808
1553320 808
1553330 802
1553340 797
1553350 797
1553360 792
1553370 787
1553380 787
1553390 782
1553400 779
1553410 779
1553420 774
1553430 769
1553440 765
1553450 765
1553460 762
1553470 759
1553480 759
1553490 757
1553500 753
1553510 753
1553520 749
1553530 744
1553540 744
1553550 737
1553560 729
1553570 729
1553580 722
1553590 716
1553600 709
1553610 709
1553620 704
1553630 698
1553640 698
1553650 692
1553660 687
1553670 687
1553680 681
1553690 676
1553700 676
1553710 672
1553720 667
1553730 667
1553740 663
1553750 661
1553760 661
1553770 659
1553780 659
1553790 657
1553800 657
1553810 654
1553820 652
1553830 652
1553840 647
1553850 640
1553860 640
1553870 635
1553880 630
1553890 630
1553900 627
1553910 623
1553920 623
1553930 621
1553940 621
1553950 621
1553960 621
1553970 622
1553980 623
1553990 623
1554000 623
1554010 623
1554020 623
1554030 621
1554040 621
1554050 621
1554060 621
1554070 620
1554080 620
1554090 618
1554100 617
1554110 617
1554120 617
1554130 617
1554140 616
1554150 616
1554160 615
1554170 613
1554180 613
1554190 612
1554200 611
1554210 611
1554220 610
1554230 608
1554240 608
1554250 607
1554260 606
1554270 604
1554280 604
1554290 603
1554300 601
1554310 601
1554320 600
1554330 599
1554340 599
1554350 597
1554360 596
1554370 596
1554380 595
1554390 593
1554400 593
1554410 592
1554420 591
1554430 590
1554440 590
1554450 589
1554460 587
1554470 587
1554480 586
1554490 586
1554500 586
1554510 585
1554520 584
1554530 584
1554540 583
1554550 582
1554560 582
1554570 581
1554580 580
1554590 579
1554600 579
1554610 577
1554620 576
1554630 576
1554640 574
1554650 573
1554660 573
1554670 572
1554680 571
1554690 571
1554700 571
1554710 570
1554720 570
1554730 568
1554740 567
1554750 566
1554760 566
1554770 565
1554780 564
1554790 564
1554800 562
1554810 561
1554820 561
1554830 560
1554840 559
1554850 559
1554860 558
1554870 556
1554880 556
1554890 555
1554900 554
1554910 553
1554920 553
1554930 552
1554940 551
1554950 551
1554960 550
1554970 549
1554980 549
1554990 548
1555000 547
1555010 547
1555020 546
1555030 545
1555040 545
1555050 544
1555060 543
1555070 543
1555080 542
1555090 541
1555100 540
1555110 540
1555120 539
1555130 538
1555140 538
1555150 537
1555160 537
1555170 537
1555180 536
1555190 535
1555200 535
1555210 534
1555220 533
1555230 533
1555240 532
1555250 532
1555260 531
1555270 531
1555280 530
1555290 529
1555300 529
1555310 528
1555320 528
1555330 528
1555340 528
1555350 527
1555360 527
1555370 526
1555380 525
1555390 525
1555400 525
1555410 525
1555420 524
1555430 524
1555440 524
1555450 524
1555460 524
1555470 523
1555480 523
1555490 523
1555500 523
1555510 523
1555520 523
1555530 522
1555540 522
1555550 522
1555560 522
1555570 522
1555580 521
1555590 521
1555600 521
1555610 521
1555620 521
1555630 520
1555640 520
1555650 520
1555660 519
1555670 519
1555680 519
1555690 518
1555700 517
1555710 517
1555720 517
1555730 516
1555740 516
1555750 516
1555760 515
1555770 515
1555780 515
1555790 514
1555800 514
1555810 514
1555820 513
1555830 513
1555840 513
1555850 513
1555860 513
1555870 513
1555880 513
1555890 512
1555900 512
1555910 512
1555920 511
1555930 510
1555940 510
1555950 510
1555960 510
1555970 510
1555980 510
1555990 510
1556000 510
1556010 510
1556020 509
1556030 509
1556040 509
1556050 509
1556060 509
1556070 509
1556080 508
1556090 508
1556100 508
1556110 507
1556120 507
1556130 507
1556140 506
1556150 506
1556160 506
1556170 505
1556180 505
1556190 505
1556200 505
1556210 505
1556220 506
1556230 506
1556240 505
1556250 503
1556260 503
1556270 503
1556280 502
1556290 502
1556300 502
1556310 502
1556320 502
1556330 502
1556340 502
1556350 502
1556360 502
1556370 501
1556380 501
1556390 501
1556400 501
1556410 501
1556420 501
1556430 501
1556440 501
1556450 501
1556460 501
1556470 501
1556480 501
1556490 501
1556500 501
1556510 501
1556520 501
1556530 501
1556540 501
1556550 501
1556560 501
1556570 501
1556580 501
1556590 501
1556600 501
1556610 501
1556620 501
1556630 501
1556640 501
1556650 501
1556660 501
1556670 501
1556680 501
1556690 501
1556700 501
1556710 501
1556720 501
1556730 501
1556740 501
1556750 501
1556760 501
1556770 501
1556780 501
1556790 501
1556800 501
1556810 501
1556820 501
1556830 501
1556840 501
1556850 501
1556860 501
1556870 501
1556880 501
1556890 501
1556900 501
1556910 501
1556920 501
1556930 501
1556940 501
1556950 501
1556960 501
1556970 501
1556980 501
1556990 501
1557000 501
1557010 501
1557020 501
1557030 501
1557040 501
1557050 501
1557060 501
1557070 501
1557080 501
1557090 501
1557100 501
1557110 501
1557120 501
1557130 501
1557140 501
1557150 501
1557160 501
1557170 501
1557180 501
1557190 501
1557200 501
1557210 501
1557220 501
1557230 501
1557240 501
1557250 501
1557260 501
1557270 501
1557280 501
1557290 501
1557300 501
1557310 501
1557320 501
1557330 501
1557340 501
1557350 501
1557360 501
1557370 501
1557380 501
1557390 501
1557400 501
1557410 501
1557420 501
1557430 501
1557440 501
1557450 501
1557460 501
1557470 501
1557480 501
1557490 501
1557500 501
1557510 501
1557520 501
1557530 501
1557540 501
1557550 501
1557560 501
1557570 501
1557580 501
1557590 501
1557600 501
1557610 501
1557620 501
1557630 501
1557640 501
1557650 501
1557660 501
1557670 501
1557680 501
1557690 501
1557700 501
1557710 501
1557720 501
1557730 501
1557740 501
1557750 501
1557760 501
1557770 501
1557780 501
1557790 501
1557800 501
1557810 501
1557820 501
1557830 501
1557840 501
1557850 501
1557860 501
1557870 501
1557880 501
1557890 501
1557900 501
1557910 501
1557920 501
1557930 501
1557940 501
1557950 501
1557960 501
1557970 501
1557980 501
1557990 501
1558000 501
1558010 501
1558020 501
1558030 501
1558040 501
1558050 501
1558060 501
1558070 501
1558080 501
1558090 501
1558100 501
1558110 501
1558120 501
1558130 501
1558140 501
1558150 501
1558160 501
1558170 501
1558180 501
1558190 501
1558200 501
1558210 501
1558220 501
1558230 501
1558240 501
1558250 501
1558260 501
1558270 501
1558280 501
1558290 501
1558300 501
1558310 501
1558320 501
1558330 501
1558340 501
1558350 501
1558360 501
1558370 501
1558380 501
1558390 501
1558400 501
1558410 501
1558420 501
1558430 501
1558440 501
1558450 501
1558460 501
1558470 501
1558480 501
1558490 501
1558500 501
1558510 501
1558520 501
1558530 501
1558540 501
1558550 501
1558560 501
1558570 501
1558580 501
1558590 501
1558600 501
1558610 501
1558620 501
1558630 501
1558640 501
1558650 501
1558660 501
1558670 501
1558680 501
1558690 501
1558700 501
1558710 501
1558720 501
1558730 501
1558740 501
1558750 501
1558760 501
1558770 501
1558780 501
1558790 501
1558800 501
1558810 501
1558820 501
1558830 501
1558840 501
1558850 501
1558860 501
1558870 501
1558880 501
1558890 501
1558900 501
1558910 501
1558920 501
1558930 501
1558940 501
1558950 501
1558960 501
1558970 501
1558980 501
1558990 501
1559000 501
1559010 501
1559020 501
1559030 501
1559040 501
1559050 501
1559060 501
1559070 501
1559080 501
1559090 501
1559100 501
1559110 501
1559120 501
1559130 501
1559140 501
1559150 501
1559160 501
1559170 501
1559180 501
1559190 501
1559200 501
1559210 501
1559220 501
1559230 501
1559240 501
1559250 501
1559260 501
1559270 501
1559280 501
1559290 501
1559300 501
1559310 501
1559320 501
1559330 501
1559340 501
1559350 501
1559360 501
1559370 501
1559380 501
1559390 501
1559400 501
1559410 501
1559420 501
1559430 501
1559440 501
1559450 501
1559460 501
1559470 501
1559480 501
1559490 501
1559500 501
1559510 501
1559520 501
1559530 501
1559540 501
1559550 501
1559560 501
1559570 501
1559580 501
1559590 501
1559600 501
1559610 501
1559620 501
1559630 501
1559640 501
1559650 501
1559660 501
1559670 501
1559680 501
1559690 501
1559700 501
1559710 501
1559720 501
1559730 501
1559740 501
1559750 501
1559760 501
1559770 501
1559780 501
1559790 501
1559800 501
1559810 501
1559820 501
1559830 501
1559840 501
1559850 501
1559860 501
1559870 501
1559880 501
1559890 501
1559900 501
1559910 501
1559920 501
1559930 501
1559940 501
1559950 501
1559960 501
1559970 501
1559980 501
1559990 501
