1540000 581
1540010 582
1540020 583
1540030 583
1540040 585
1540050 586
1540060 586
1540070 588
1540080 589
1540090 589
1540100 590
1540110 592
1540120 592
1540130 595
1540140 597
1540150 599
1540160 599
1540170 600
1540180 602
1540190 602
1540200 604
1540210 605
1540220 605
1540230 606
1540240 607
1540250 607
1540260 607
1540270 608
1540280 608
1540290 609
1540300 609
1540310 609
1540320 609
1540330 610
1540340 611
1540350 611
1540360 613
1540370 616
1540380 616
1540390 619
1540400 621
1540410 621
1540420 623
1540430 625
1540440 625
1540450 627
1540460 632
1540470 637
1540480 637
1540490 643
1540500 648
1540510 648
1540520 652
1540530 658
1540540 658
1540550 663
1540560 667
1540570 667
1540580 673
1540590 678
1540600 678
1540610 683
1540620 685
1540630 685
1540640 689
1540650 694
1540660 698
1540670 698
1540680 702
1540690 706
1540700 706
1540710 708
1540720 711
1540730 711
1540740 715
1540750 717
1540760 717
1540770 721
1540780 728
1540790 728
1540800 734
1540810 740
1540820 742
1540830 742
1540840 740
1540850 745
1540860 745
1540870 750
1540880 754
1540890 754
1540900 762
1540910 767
1540920 767
1540930 769
1540940 771
1540950 771
1540960 771
1540970 770
1540980 767
1540990 767
1541000 756
1541010 755
1541020 755
1541030 758
1541040 761
1541050 761
1541060 764
1541070 768
1541080 768
1541090 773
1541100 776
1541110 776
1541120 777
1541130 778
1541140 780
1541150 780
1541160 786
1541170 794
1541180 794
1541190 800
1541200 805
1541210 805
1541220 811
1541230 815
1541240 815
1541250 821
1541260 826
1541270 826
1541280 832
1541290 835
1541300 838
1541310 838
1541320 842
1541330 844
1541340 844
1541350 847
1541360 851
1541370 851
1541380 854
1541390 856
1541400 856
1541410 860
1541420 863
1541430 863
1541440 866
1541450 869
1541460 869
1541470 869
1541480 869
1541490 866
1541500 866
1541510 869
1541520 873
1541530 873
1541540 876
1541550 877
1541560 877
1541570 877
1541580 884
1541590 883
1541600 886
1541610 888
1541620 893
1541630 893
1541640 901
1541650 914
1541660 914
1541670 927
1541680 936
1541690 936
1541700 943
1541710 950
1541720 950
1541730 956
1541740 962
1541750 962
1541760 967
1541770 972
1541780 978
1541790 978
1541800 984
1541810 990
1541820 990
1541830 997
1541840 1005
1541850 1005
1541860 1012
1541870 1018
1541880 1018
1541890 1024
1541900 1032
1541910 1032
1541920 1039
1541930 1044
1541940 1044
1541950 1047
1541960 1051
1541970 1054
1541980 1054
1541990 1059
1542000 1063
1542010 1063
1542020 1067
1542030 1071
1542040 1071
1542050 1075
1542060 1079
1542070 1079
1542080 1082
1542090 1086
1542100 1086
1542110 1090
1542120 1094
1542130 1098
1542140 1098
1542150 1102
1542160 1106
1542170 1106
1542180 1111
1542190 1116
1542200 1116
1542210 1121
1542220 1126
1542230 1126
1542240 1130
1542250 1134
1542260 1134
1542270 1138
1542280 1144
1542290 1148
1542300 1148
1542310 1153
1542320 1157
1542330 1157
1542340 1161
1542350 1165
1542360 1165
1542370 1169
1542380 1173
1542390 1173
1542400 1177
1542410 1181
1542420 1181
1542430 1185
1542440 1189
1542450 1194
1542460 1194
1542470 1200
1542480 1204
1542490 1204
1542500 1209
1542510 1213
1542520 1213
1542530 1218
1542540 1223
1542550 1223
1542560 1227
1542570 1232
1542580 1232
1542590 1236
1542600 1240
1542610 1244
1542620 1244
1542630 1246
1542640 1249
1542650 1249
1542660 1252
1542670 1254
1542680 1254
1542690 1256
1542700 1257
1542710 1257
1542720 1258
1542730 1258
1542740 1258
1542750 1258
1542760 1258
1542770 1259
1542780 1259
1542790 1260
1542800 1260
1542810 1260
1542820 1260
1542830 1259
1542840 1259
1542850 1258
1542860 1256
1542870 1256
1542880 1255
1542890 1253
1542900 1253
1542910 1251
1542920 1249
1542930 1246
1542940 1246
1542950 1241
1542960 1233
1542970 1233
1542980 1227
1542990 1223
1543000 1223
1543010 1222
1543020 1219
1543030 1219
1543040 1215
1543050 1211
1543060 1211
1543070 1206
1543080 1202
1543090 1198
1543100 1198
1543110 1194
1543120 1190
1543130 1190
1543140 1186
1543150 1181
1543160 1181
1543170 1177
1543180 1173
1543190 1173
1543200 1169
1543210 1168
1543220 1168
1543230 1164
1543240 1160
1543250 1158
1543260 1158
1543270 1155
1543280 1154
1543290 1154
1543300 1152
1543310 1150
1543320 1150
1543330 1149
1543340 1147
1543350 1147
1543360 1145
1543370 1143
1543380 1143
1543390 1141
1543400 1139
1543410 1139
1543420 1136
1543430 1134
1543440 1132
1543450 1132
1543460 1129
1543470 1128
1543480 1128
1543490 1125
1543500 1122
1543510 1122
1543520 1118
1543530 1114
1543540 1114
1543550 1111
1543560 1108
1543570 1108
1543580 1103
1543590 1101
1543600 1098
1543610 1098
1543620 1094
1543630 1088
1543640 1088
1543650 1083
1543660 1083
1543670 1083
1543680 1084
1543690 1087
1543700 1087
1543710 1085
1543720 1085
1543730 1085
1543740 1083
1543750 1084
1543760 1078
1543770 1078
1543780 1074
1543790 1071
1543800 1071
1543810 1067
1543820 1063
1543830 1063
1543840 1057
1543850 1049
1543860 1049
1543870 1041
1543880 1032
1543890 1032
1543900 1025
1543910 1019
1543920 1012
1543930 1012
1543940 1014
1543950 1022
1543960 1022
1543970 1033
1543980 1043
1543990 1043
1544000 1048
1544010 1049
1544020 1049
1544030 1052
1544040 1058
1544050 1058
1544060 1066
1544070 1073
1544080 1083
1544090 1083
1544100 1090
1544110 1097
1544120 1097
1544130 1104
1544140 1111
1544150 1111
1544160 1118
1544170 1125
1544180 1125
1544190 1131
1544200 1138
1544210 1138
1544220 1144
1544230 1151
1544240 1158
1544250 1158
1544260 1164
1544270 1169
1544280 1169
1544290 1176
1544300 1181
1544310 1181
1544320 1189
1544330 1196
1544340 1196
1544350 1202
1544360 1208
1544370 1208
1544380 1214
1544390 1220
1544400 1225
1544410 1225
1544420 1231
1544430 1237
1544440 1237
1544450 1241
1544460 1245
1544470 1245
1544480 1248
1544490 1251
1544500 1251
1544510 1254
1544520 1256
1544530 1256
1544540 1257
1544550 1258
1544560 1259
1544570 1259
1544580 1261
1544590 1262
1544600 1262
1544610 1259
1544620 1256
1544630 1256
1544640 1254
1544650 1254
1544660 1254
1544670 1255
1544680 1256
1544690 1256
1544700 1256
1544710 1254
1544720 1254
1544730 1253
1544740 1253
1544750 1252
1544760 1252
1544770 1256
1544780 1262
1544790 1262
1544800 1268
1544810 1273
1544820 1273
1544830 1276
1544840 1278
1544850 1278
1544860 1279
1544870 1279
1544880 1279
1544890 1278
1544900 1276
1544910 1272
1544920 1272
1544930 1267
1544940 1264
1544950 1264
1544960 1263
1544970 1263
1544980 1263
1544990 1258
1545000 1252
1545010 1252
1545020 1249
1545030 1247
1545040 1247
1545050 1246
1545060 1247
1545070 1247
1545080 1247
1545090 1247
1545100 1244
1545110 1244
1545120 1241
1545130 1240
1545140 1240
1545150 1235
1545160 1234
1545170 1234
1545180 1233
1545190 1232
1545200 1232
1545210 1232
1545220 1228
1545230 1225
1545240 1225
1545250 1226
1545260 1227
1545270 1227
1545280 1229
1545290 1229
1545300 1229
1545310 1230
1545320 1231
1545330 1231
1545340 1231
1545350 1232
1545360 1232
1545370 1234
1545380 1235
1545390 1236
1545400 1236
1545410 1236
1545420 1236
1545430 1236
1545440 1238
1545450 1238
1545460 1238
1545470 1239
1545480 1239
1545490 1239
1545500 1241
1545510 1242
1545520 1242
1545530 1242
1545540 1242
1545550 1241
1545560 1241
1545570 1242
1545580 1242
1545590 1242
1545600 1244
1545610 1245
1545620 1245
1545630 1245
1545640 1243
1545650 1243
1545660 1242
1545670 1241
1545680 1241
1545690 1239
1545700 1241
1545710 1247
1545720 1247
1545730 1250
1545740 1253
1545750 1253
1545760 1257
1545770 1261
1545780 1261
1545790 1265
1545800 1265
1545810 1265
1545820 1264
1545830 1262
1545840 1267
1545850 1263
1545860 1263
1545870 1268
1545880 1268
1545890 1269
1545900 1269
1545910 1269
1545920 1269
1545930 1269
1545940 1269
1545950 1269
1545960 1269
1545970 1269
1545980 1270
1545990 1270
1546000 1270
1546010 1270
1546020 1271
1546030 1271
1546040 1272
1546050 1274
1546060 1276
1546070 1276
1546080 1277
1546090 1279
1546100 1279
1546110 1281
1546120 1282
1546130 1282
1546140 1281
1546150 1277
1546160 1277
1546170 1274
1546180 1273
1546190 1273
1546200 1277
1546210 1283
1546220 1288
1546230 1288
1546240 1293
1546250 1295
1546260 1295
1546270 1298
1546280 1301
1546290 1301
1546300 1305
1546310 1309
1546320 1309
1546330 1312
1546340 1316
1546350 1316
1546360 1318
1546370 1321
1546380 1324
1546390 1324
1546400 1326
1546410 1329
1546420 1329
1546430 1333
1546440 1336
1546450 1336
1546460 1338
1546470 1338
1546480 1338
1546490 1338
1546500 1338
1546510 1338
1546520 1339
1546530 1340
1546540 1342
1546550 1342
1546560 1344
1546570 1344
1546580 1344
1546590 1345
1546600 1347
1546610 1347
1546620 1349
1546630 1349
1546640 1349
1546650 1352
1546660 1355
1546670 1355
1546680 1358
1546690 1360
1546700 1363
1546710 1363
1546720 1366
1546730 1367
1546740 1367
1546750 1369
1546760 1372
1546770 1372
1546780 1374
1546790 1376
1546800 1376
1546810 1377
1546820 1377
1546830 1377
1546840 1378
1546850 1380
1546860 1380
1546870 1380
1546880 1381
1546890 1383
1546900 1383
1546910 1386
1546920 1389
1546930 1389
1546940 1393
1546950 1399
1546960 1399
1546970 1404
1546980 1408
1546990 1408
1547000 1415
1547010 1420
1547020 1423
1547030 1423
1547040 1426
1547050 1430
1547060 1430
1547070 1433
1547080 1436
1547090 1436
1547100 1439
1547110 1441
1547120 1441
1547130 1443
1547140 1446
1547150 1446
1547160 1448
1547170 1451
1547180 1454
1547190 1454
1547200 1456
1547210 1459
1547220 1459
1547230 1462
1547240 1465
1547250 1465
1547260 1468
1547270 1471
1547280 1471
1547290 1475
1547300 1478
1547310 1478
1547320 1481
1547330 1483
1547340 1483
1547350 1486
1547360 1489
1547370 1493
1547380 1493
1547390 1498
1547400 1502
1547410 1502
1547420 1506
1547430 1510
1547440 1510
1547450 1513
1547460 1516
1547470 1516
1547480 1519
1547490 1523
1547500 1523
1547510 1526
1547520 1530
1547530 1532
1547540 1532
1547550 1536
1547560 1540
1547570 1540
1547580 1543
1547590 1546
1547600 1546
1547610 1549
1547620 1551
1547630 1551
1547640 1554
1547650 1557
1547660 1557
1547670 1559
1547680 1563
1547690 1567
1547700 1567
1547710 1571
1547720 1575
1547730 1575
1547740 1579
1547750 1583
1547760 1583
1547770 1586
1547780 1590
1547790 1590
1547800 1593
1547810 1597
1547820 1597
1547830 1601
1547840 1604
1547850 1608
1547860 1608
1547870 1612
1547880 1616
1547890 1616
1547900 1620
1547910 1625
1547920 1625
1547930 1629
1547940 1632
1547950 1632
1547960 1636
1547970 1639
1547980 1639
1547990 1642
1548000 1645
1548010 1649
1548020 1649
1548030 1652
1548040 1655
1548050 1655
1548060 1656
1548070 1656
1548080 1656
1548090 1659
1548100 1662
1548110 1662
1548120 1664
1548130 1665
1548140 1665
1548150 1665
1548160 1665
1548170 1665
1548180 1665
1548190 1666
1548200 1667
1548210 1667
1548220 1667
1548230 1666
1548240 1666
1548250 1664
1548260 1662
1548270 1662
1548280 1660
1548290 1657
1548300 1657
1548310 1656
1548320 1655
1548330 1656
1548340 1656
1548350 1657
1548360 1659
1548370 1659
1548380 1660
1548390 1660
1548400 1660
1548410 1660
1548420 1660
1548430 1660
1548440 1660
1548450 1660
1548460 1660
1548470 1659
1548480 1659
1548490 1657
1548500 1657
1548510 1656
1548520 1655
1548530 1655
1548540 1654
1548550 1652
1548560 1652
1548570 1651
1548580 1650
1548590 1650
1548600 1648
1548610 1647
1548620 1647
1548630 1646
1548640 1645
1548650 1645
1548660 1643
1548670 1641
1548680 1639
1548690 1639
1548700 1640
1548710 1642
1548720 1642
1548730 1643
1548740 1644
1548750 1644
1548760 1645
1548770 1645
1548780 1645
1548790 1644
1548800 1642
1548810 1642
1548820 1639
1548830 1638
1548840 1639
1548850 1639
1548860 1637
1548870 1635
1548880 1635
1548890 1633
1548900 1630
1548910 1630
1548920 1627
1548930 1622
1548940 1622
1548950 1618
1548960 1614
1548970 1614
1548980 1610
1548990 1608
1549000 1605
1549010 1605
1549020 1601
1549030 1599
1549040 1599
1549050 1598
1549060 1598
1549070 1598
1549080 1598
1549090 1599
1549100 1599
1549110 1601
1549120 1602
1549130 1602
1549140 1602
1549150 1603
1549160 1604
1549170 1604
1549180 1605
1549190 1605
1549200 1605
1549210 1604
1549220 1604
1549230 1604
1549240 1602
1549250 1600
1549260 1600
1549270 1601
1549280 1602
1549290 1602
1549300 1603
1549310 1606
1549320 1608
1549330 1608
1549340 1610
1549350 1611
1549360 1611
1549370 1611
1549380 1611
1549390 1611
1549400 1611
1549410 1612
1549420 1612
1549430 1614
1549440 1616
1549450 1616
1549460 1617
1549470 1617
1549480 1617
1549490 1617
1549500 1616
1549510 1615
1549520 1615
1549530 1615
1549540 1615
1549550 1615
1549560 1615
1549570 1615
1549580 1615
1549590 1615
1549600 1615
1549610 1615
1549620 1613
1549630 1612
1549640 1610
1549650 1610
1549660 1608
1549670 1606
1549680 1606
1549690 1605
1549700 1603
1549710 1603
1549720 1600
1549730 1597
1549740 1597
1549750 1595
1549760 1597
1549770 1597
1549780 1599
1549790 1601
1549800 1604
1549810 1604
1549820 1612
1549830 1615
1549840 1615
1549850 1617
1549860 1620
1549870 1620
1549880 1624
1549890 1627
1549900 1627
1549910 1631
1549920 1633
1549930 1633
1549940 1634
1549950 1635
1549960 1635
1549970 1638
1549980 1642
1549990 1646
1550000 1646
1550010 1648
1550020 1648
1550030 1648
1550040 1649
1550050 1649
1550060 1649
1550070 1650
1550080 1650
1550090 1650
1550100 1650
1550110 1649
1550120 1649
1550130 1647
1550140 1645
1550150 1642
1550160 1642
1550170 1639
1550180 1637
1550190 1637
1550200 1634
1550210 1631
1550220 1631
1550230 1628
1550240 1624
1550250 1624
1550260 1621
1550270 1619
1550280 1619
1550290 1616
1550300 1613
1550310 1609
1550320 1609
1550330 1606
1550340 1603
1550350 1603
1550360 1600
1550370 1596
1550380 1596
1550390 1593
1550400 1589
1550410 1589
1550420 1584
1550430 1578
1550440 1578
1550450 1572
1550460 1568
1550470 1563
1550480 1563
1550490 1560
1550500 1557
1550510 1557
1550520 1555
1550530 1552
1550540 1552
1550550 1549
1550560 1546
1550570 1546
1550580 1544
1550590 1541
1550600 1541
1550610 1537
1550620 1534
1550630 1530
1550640 1530
1550650 1527
1550660 1524
1550670 1524
1550680 1521
1550690 1519
1550700 1519
1550710 1516
1550720 1514
1550730 1514
1550740 1512
1550750 1509
1550760 1509
1550770 1505
1550780 1500
1550790 1496
1550800 1496
1550810 1492
1550820 1489
1550830 1489
1550840 1485
1550850 1482
1550860 1482
1550870 1479
1550880 1476
1550890 1476
1550900 1472
1550910 1469
1550920 1469
1550930 1463
1550940 1456
1550950 1452
1550960 1452
1550970 1450
1550980 1448
1550990 1448
1551000 1445
1551010 1443
1551020 1443
1551030 1441
1551040 1440
1551050 1440
1551060 1438
1551070 1436
1551080 1436
1551090 1432
1551100 1427
1551110 1423
1551120 1423
1551130 1419
1551140 1416
1551150 1416
1551160 1412
1551170 1411
1551180 1411
1551190 1408
1551200 1407
1551210 1407
1551220 1403
1551230 1399
1551240 1399
1551250 1396
1551260 1392
1551270 1386
1551280 1386
1551290 1380
1551300 1372
1551310 1372
1551320 1366
1551330 1362
1551340 1362
1551350 1357
1551360 1353
1551370 1353
1551380 1350
1551390 1349
1551400 1349
1551410 1348
1551420 1347
1551430 1347
1551440 1346
1551450 1344
1551460 1342
1551470 1342
1551480 1339
1551490 1336
1551500 1336
1551510 1331
1551520 1328
1551530 1328
1551540 1325
1551550 1322
1551560 1322
1551570 1319
1551580 1315
1551590 1315
1551600 1311
1551610 1307
1551620 1302
1551630 1302
1551640 1297
1551650 1292
1551660 1292
1551670 1286
1551680 1279
1551690 1279
1551700 1273
1551710 1269
1551720 1269
1551730 1268
1551740 1266
1551750 1266
1551760 1263
1551770 1258
1551780 1252
1551790 1252
1551800 1245
1551810 1238
1551820 1238
1551830 1234
1551840 1230
1551850 1230
1551860 1227
1551870 1224
1551880 1224
1551890 1219
1551900 1214
1551910 1214
1551920 1208
1551930 1204
1551940 1200
1551950 1200
1551960 1197
1551970 1193
1551980 1193
1551990 1190
1552000 1187
1552010 1187
1552020 1184
1552030 1182
1552040 1182
1552050 1179
1552060 1177
1552070 1177
1552080 1174
1552090 1171
1552100 1169
1552110 1169
1552120 1166
1552130 1163
1552140 1163
1552150 1160
1552160 1156
1552170 1156
1552180 1152
1552190 1149
1552200 1149
1552210 1144
1552220 1139
1552230 1139
1552240 1135
1552250 1132
1552260 1127
1552270 1127
1552280 1123
1552290 1119
1552300 1119
1552310 1115
1552320 1111
1552330 1111
1552340 1108
1552350 1105
1552360 1105
1552370 1101
1552380 1098
1552390 1098
1552400 1094
1552410 1090
1552420 1086
1552430 1086
1552440 1083
1552450 1079
1552460 1079
1552470 1075
1552480 1070
1552490 1070
1552500 1065
1552510 1059
1552520 1059
1552530 1054
1552540 1049
1552550 1049
1552560 1045
1552570 1041
1552580 1036
1552590 1036
1552600 1032
1552610 1026
1552620 1026
1552630 1023
1552640 1016
1552650 1016
1552660 1010
1552670 1005
1552680 1005
1552690 1000
1552700 996
1552710 996
1552720 992
1552730 985
1552740 985
1552750 981
1552760 975
1552770 968
1552780 968
1552790 963
1552800 960
1552810 960
1552820 957
1552830 953
1552840 953
1552850 948
1552860 943
1552870 943
1552880 938
1552890 933
1552900 933
1552910 927
1552920 919
1552930 915
1552940 915
1552950 908
1552960 901
1552970 901
1552980 897
1552990 897
1553000 897
1553010 897
1553020 895
1553030 895
1553040 892
1553050 889
1553060 889
1553070 883
1553080 878
1553090 872
1553100 872
1553110 867
1553120 862
1553130 862
1553140 856
1553150 850
1553160 850
1553170 845
1553180 840
1553190 840
1553200 835
1553210 833
1553220 833
1553230 831
1553240 829
1553250 825
1553260 825
1553270 820
1553280 815
1553290 815
1553300 809
1553310 805
1553320 805
1553330 799
1553340 793
1553350 793
1553360 787
1553370 781
1553380 781
1553390 776
1553400 771
1553410 765
1553420 765
1553430 759
1553440 753
1553450 753
1553460 748
1553470 743
1553480 743
1553490 739
1553500 734
1553510 734
1553520 730
1553530 727
1553540 727
1553550 723
1553560 720
1553570 716
1553580 717
1553590 710
1553600 704
1553610 704
1553620 701
1553630 696
1553640 696
1553650 690
1553660 684
1553670 684
1553680 677
1553690 671
1553700 671
1553710 665
1553720 659
1553730 653
1553740 653
1553750 647
1553760 642
1553770 642
1553780 638
1553790 634
1553800 634
1553810 629
1553820 627
1553830 627
1553840 625
1553850 623
1553860 623
1553870 620
1553880 617
1553890 615
1553900 615
1553910 614
1553920 613
1553930 613
1553940 612
1553950 611
1553960 611
1553970 610
1553980 609
1553990 609
1554000 609
1554010 609
1554020 609
1554030 609
1554040 609
1554050 609
1554060 609
1554070 608
1554080 606
1554090 606
1554100 607
1554110 606
1554120 606
1554130 604
1554140 603
1554150 603
1554160 603
1554170 602
1554180 602
1554190 601
1554200 600
1554210 600
1554220 599
1554230 598
1554240 597
1554250 597
1554260 596
1554270 595
1554280 595
1554290 594
1554300 593
1554310 593
1554320 592
1554330 592
1554340 592
1554350 592
1554360 590
1554370 590
1554380 588
1554390 587
1554400 586
1554410 586
1554420 585
1554430 583
1554440 583
1554450 582
1554460 581
1554470 581
1554480 579
1554490 578
1554500 578
1554510 577
1554520 576
1554530 576
1554540 575
1554550 574
1554560 573
1554570 573
1554580 572
1554590 571
1554600 571
1554610 570
1554620 570
1554630 570
1554640 568
1554650 566
1554660 566
1554670 565
1554680 565
1554690 565
1554700 564
1554710 563
1554720 562
1554730 562
1554740 561
1554750 560
1554760 560
1554770 560
1554780 559
1554790 559
1554800 557
1554810 556
1554820 556
1554830 555
1554840 554
1554850 554
1554860 553
1554870 552
1554880 550
1554890 550
1554900 549
1554910 548
1554920 548
1554930 548
1554940 547
1554950 547
1554960 546
1554970 545
1554980 545
1554990 543
1555000 542
1555010 542
1555020 542
1555030 541
1555040 541
1555050 541
1555060 539
1555070 539
1555080 539
1555090 538
1555100 537
1555110 537
1555120 536
1555130 536
1555140 536
1555150 535
1555160 534
1555170 534
1555180 533
1555190 533
1555200 533
1555210 533
1555220 532
1555230 531
1555240 531
1555250 530
1555260 529
1555270 529
1555280 529
1555290 528
1555300 528
1555310 527
1555320 527
1555330 527
1555340 526
1555350 525
1555360 525
1555370 525
1555380 525
1555390 524
1555400 524
1555410 523
1555420 523
1555430 523
1555440 522
1555450 522
1555460 522
1555470 521
1555480 520
1555490 520
1555500 519
1555510 519
1555520 519
1555530 519
1555540 518
1555550 518
1555560 518
1555570 518
1555580 518
1555590 518
1555600 517
1555610 517
1555620 517
1555630 517
1555640 517
1555650 517
1555660 516
1555670 516
1555680 516
1555690 515
1555700 515
1555710 515
1555720 515
1555730 516
1555740 515
1555750 515
1555760 514
1555770 514
1555780 514
1555790 514
1555800 513
1555810 513
1555820 513
1555830 513
1555840 513
1555850 512
1555860 512
1555870 512
1555880 512
1555890 511
1555900 511
1555910 511
1555920 510
1555930 510
1555940 510
1555950 509
1555960 509
1555970 509
1555980 509
1555990 508
1556000 508
1556010 508
1556020 507
1556030 506
1556040 506
1556050 506
1556060 506
1556070 506
1556080 506
1556090 505
1556100 505
1556110 504
1556120 504
1556130 504
1556140 504
1556150 503
1556160 503
1556170 503
1556180 503
1556190 503
1556200 503
1556210 502
1556220 502
1556230 502
1556240 502
1556250 502
1556260 502
1556270 501
1556280 501
1556290 501
1556300 501
1556310 501
1556320 501
1556330 501
1556340 501
1556350 501
1556360 501
1556370 501
1556380 501
1556390 501
1556400 501
1556410 501
1556420 501
1556430 501
1556440 501
1556450 501
1556460 501
1556470 501
1556480 501
1556490 501
1556500 501
1556510 501
1556520 501
1556530 501
1556540 501
1556550 501
1556560 501
1556570 501
1556580 501
1556590 501
1556600 501
1556610 501
1556620 501
1556630 501
1556640 501
1556650 501
1556660 501
1556670 501
1556680 501
1556690 501
1556700 501
1556710 501
1556720 501
1556730 501
1556740 501
1556750 501
1556760 501
1556770 501
1556780 501
1556790 501
1556800 501
1556810 501
1556820 501
1556830 501
1556840 501
1556850 501
1556860 501
1556870 501
1556880 501
1556890 501
1556900 501
1556910 501
1556920 501
1556930 501
1556940 501
1556950 501
1556960 501
1556970 501
1556980 501
1556990 501
1557000 501
1557010 501
1557020 501
1557030 501
1557040 501
1557050 501
1557060 501
1557070 501
1557080 501
1557090 501
1557100 501
1557110 501
1557120 501
1557130 501
1557140 501
1557150 501
1557160 501
1557170 501
1557180 501
1557190 501
1557200 501
1557210 501
1557220 501
1557230 501
1557240 501
1557250 501
1557260 501
1557270 501
1557280 501
1557290 501
1557300 501
1557310 501
1557320 501
1557330 501
1557340 501
1557350 501
1557360 501
1557370 501
1557380 501
1557390 501
1557400 501
1557410 501
1557420 501
1557430 501
1557440 501
1557450 501
1557460 501
1557470 501
1557480 501
1557490 501
1557500 501
1557510 501
1557520 501
1557530 501
1557540 501
1557550 501
1557560 501
1557570 501
1557580 501
1557590 501
1557600 501
1557610 501
1557620 501
1557630 501
1557640 501
1557650 501
1557660 501
1557670 501
1557680 501
1557690 501
1557700 501
1557710 501
1557720 501
1557730 501
1557740 501
1557750 501
1557760 501
1557770 501
1557780 501
1557790 501
1557800 501
1557810 501
1557820 501
1557830 501
1557840 501
1557850 501
1557860 501
1557870 501
1557880 501
1557890 501
1557900 501
1557910 501
1557920 501
1557930 501
1557940 501
1557950 501
1557960 501
1557970 501
1557980 501
1557990 501
1558000 501
1558010 501
1558020 501
1558030 501
1558040 501
1558050 501
1558060 501
1558070 501
1558080 501
1558090 501
1558100 501
1558110 501
1558120 501
1558130 501
1558140 501
1558150 501
1558160 501
1558170 501
1558180 501
1558190 501
1558200 501
1558210 501
1558220 501
1558230 501
1558240 501
1558250 501
1558260 501
1558270 501
1558280 501
1558290 501
1558300 501
1558310 501
1558320 501
1558330 501
1558340 501
1558350 501
1558360 501
1558370 501
1558380 501
1558390 501
1558400 501
1558410 501
1558420 501
1558430 501
1558440 501
1558450 501
1558460 501
1558470 501
1558480 501
1558490 501
1558500 501
1558510 501
1558520 501
1558530 501
1558540 501
1558550 501
1558560 501
1558570 501
1558580 501
1558590 501
1558600 501
1558610 501
1558620 501
1558630 501
1558640 501
1558650 501
1558660 501
1558670 501
1558680 501
1558690 501
1558700 501
1558710 501
1558720 501
1558730 501
1558740 502
1558750 502
1558760 503
1558770 503
1558780 503
1558790 503
1558800 503
1558810 502
1558820 502
1558830 503
1558840 503
1558850 502
1558860 503
1558870 504
1558880 504
1558890 504
1558900 505
1558910 505
1558920 506
1558930 507
1558940 507
1558950 507
1558960 506
1558970 507
1558980 507
1558990 507
1559000 506
1559010 506
1559020 505
1559030 505
1559040 505
1559050 505
1559060 505
1559070 505
1559080 505
1559090 506
1559100 506
1559110 506
1559120 506
1559130 506
1559140 506
1559150 506
1559160 506
1559170 506
1559180 506
1559190 507
1559200 507
1559210 508
1559220 508
1559230 508
1559240 508
1559250 508
1559260 508
1559270 506
1559280 505
1559290 505
1559300 505
1559310 506
1559320 506
1559330 506
1559340 506
1559350 506
1559360 506
1559370 506
1559380 506
1559390 506
1559400 506
1559410 506
1559420 506
1559430 506
1559440 506
1559450 506
1559460 506
1559470 506
1559480 506
1559490 506
1559500 506
1559510 505
1559520 505
1559530 505
1559540 504
1559550 504
1559560 504
1559570 503
1559580 503
1559590 503
1559600 504
1559610 504
1559620 504
1559630 504
1559640 504
1559650 504
1559660 504
1559670 504
1559680 504
1559690 504
1559700 505
1559710 505
1559720 504
1559730 504
1559740 504
1559750 505
1559760 505
1559770 505
1559780 505
1559790 505
1559800 505
1559810 505
1559820 505
1559830 505
1559840 505
1559850 505
1559860 504
1559870 504
1559880 504
1559890 505
1559900 505
1559910 505
1559920 505
1559930 505
1559940 504
1559950 505
1559960 506
1559970 506
1559980 507
1559990 508
