1540000 828
1540010 828
1540020 828
1540030 828
1540040 828
1540050 828
1540060 829
1540070 829
1540080 830
1540090 832
1540100 832
1540110 833
1540120 835
1540130 838
1540140 838
1540150 842
1540160 846
1540170 846
1540180 848
1540190 849
1540200 849
1540210 851
1540220 853
1540230 853
1540240 856
1540250 859
1540260 859
1540270 861
1540280 863
1540290 864
1540300 864
1540310 866
1540320 868
1540330 868
1540340 869
1540350 876
1540360 876
1540370 878
1540380 879
1540390 879
1540400 880
1540410 880
1540420 880
1540430 880
1540440 879
1540450 878
1540460 878
1540470 877
1540480 876
1540490 876
1540500 874
1540510 871
1540520 871
1540530 869
1540540 871
1540550 871
1540560 877
1540570 880
1540580 880
1540590 883
1540600 887
1540610 887
1540620 891
1540630 894
1540640 897
1540650 897
1540660 900
1540670 903
1540680 903
1540690 905
1540700 907
1540710 907
1540720 908
1540730 909
1540740 909
1540750 909
1540760 911
1540770 911
1540780 914
1540790 917
1540800 920
1540810 920
1540820 921
1540830 923
1540840 923
1540850 923
1540860 924
1540870 924
1540880 926
1540890 927
1540900 927
1540910 924
1540920 920
1540930 920
1540940 930
1540950 936
1540960 938
1540970 938
1540980 941
1540990 944
1541000 944
1541010 946
1541020 948
1541030 948
1541040 950
1541050 951
1541060 951
1541070 949
1541080 947
1541090 947
1541100 942
1541110 941
1541120 950
1541130 950
1541140 959
1541150 965
1541160 965
1541170 974
1541180 981
1541190 981
1541200 989
1541210 996
1541220 996
1541230 1003
1541240 1009
1541250 1009
1541260 1015
1541270 1020
1541280 1024
1541290 1024
1541300 1027
1541310 1027
1541320 1027
1541330 1025
1541340 1021
1541350 1021
1541360 1015
1541370 1008
1541380 1008
1541390 1009
1541400 1017
1541410 1017
1541420 1025
1541430 1033
1541440 1039
1541450 1039
1541460 1045
1541470 1053
1541480 1053
1541490 1060
1541500 1066
1541510 1066
1541520 1071
1541530 1077
1541540 1077
1541550 1083
1541560 1090
1541570 1090
1541580 1096
1541590 1102
1541600 1107
1541610 1107
1541620 1112
1541630 1116
1541640 1116
1541650 1120
1541660 1125
1541670 1125
1541680 1130
1541690 1135
1541700 1135
1541710 1139
1541720 1144
1541730 1144
1541740 1148
1541750 1150
1541760 1150
1541770 1152
1541780 1155
1541790 1159
1541800 1159
1541810 1165
1541820 1168
1541830 1168
1541840 1171
1541850 1175
1541860 1175
1541870 1181
1541880 1185
1541890 1185
1541900 1189
1541910 1194
1541920 1194
1541930 1198
1541940 1202
1541950 1205
1541960 1205
1541970 1207
1541980 1209
1541990 1209
1542000 1215
1542010 1222
1542020 1222
1542030 1230
1542040 1236
1542050 1236
1542060 1242
1542070 1247
1542080 1247
1542090 1253
1542100 1258
1542110 1263
1542120 1263
1542130 1269
1542140 1273
1542150 1273
1542160 1277
1542170 1281
1542180 1281
1542190 1285
1542200 1289
1542210 1289
1542220 1292
1542230 1296
1542240 1296
1542250 1300
1542260 1302
1542270 1304
1542280 1304
1542290 1310
1542300 1314
1542310 1314
1542320 1316
1542330 1318
1542340 1318
1542350 1321
1542360 1325
1542370 1325
1542380 1327
1542390 1329
1542400 1329
1542410 1333
1542420 1336
1542430 1340
1542440 1340
1542450 1345
1542460 1351
1542470 1351
1542480 1355
1542490 1357
1542500 1357
1542510 1360
1542520 1363
1542530 1363
1542540 1365
1542550 1371
1542560 1371
1542570 1374
1542580 1377
1542590 1379
1542600 1379
1542610 1382
1542620 1387
1542630 1387
1542640 1392
1542650 1397
1542660 1397
1542670 1402
1542680 1407
1542690 1407
1542700 1412
1542710 1418
1542720 1418
1542730 1423
1542740 1427
1542750 1427
1542760 1430
1542770 1432
1542780 1434
1542790 1434
1542800 1436
1542810 1437
1542820 1437
1542830 1438
1542840 1440
1542850 1440
1542860 1442
1542870 1445
1542880 1445
1542890 1448
1542900 1454
1542910 1454
1542920 1459
1542930 1463
1542940 1466
1542950 1466
1542960 1469
1542970 1473
1542980 1473
1542990 1478
1543000 1483
1543010 1483
1543020 1487
1543030 1491
1543040 1491
1543050 1496
1543060 1500
1543070 1500
1543080 1503
1543090 1507
1543100 1510
1543110 1510
1543120 1513
1543130 1516
1543140 1516
1543150 1520
1543160 1523
1543170 1523
1543180 1526
1543190 1528
1543200 1528
1543210 1531
1543220 1532
1543230 1532
1543240 1533
1543250 1534
1543260 1535
1543270 1535
1543280 1535
1543290 1535
1543300 1535
1543310 1534
1543320 1533
1543330 1533
1543340 1532
1543350 1530
1543360 1530
1543370 1528
1543380 1525
1543390 1525
1543400 1522
1543410 1517
1543420 1512
1543430 1512
1543440 1508
1543450 1504
1543460 1504
1543470 1501
1543480 1497
1543490 1497
1543500 1493
1543510 1490
1543520 1490
1543530 1490
1543540 1491
1543550 1491
1543560 1491
1543570 1491
1543580 1490
1543590 1490
1543600 1490
1543610 1489
1543620 1489
1543630 1488
1543640 1487
1543650 1487
1543660 1486
1543670 1483
1543680 1483
1543690 1479
1543700 1477
1543710 1477
1543720 1479
1543730 1480
1543740 1480
1543750 1480
1543760 1480
1543770 1479
1543780 1479
1543790 1478
1543800 1477
1543810 1477
1543820 1475
1543830 1474
1543840 1474
1543850 1472
1543860 1470
1543870 1470
1543880 1467
1543890 1464
1543900 1464
1543910 1460
1543920 1457
1543930 1454
1543940 1454
1543950 1453
1543960 1451
1543970 1451
1543980 1449
1543990 1447
1544000 1447
1544010 1447
1544020 1446
1544030 1446
1544040 1446
1544050 1448
1544060 1448
1544070 1448
1544080 1448
1544090 1448
1544100 1448
1544110 1448
1544120 1448
1544130 1448
1544140 1448
1544150 1448
1544160 1448
1544170 1449
1544180 1451
1544190 1451
1544200 1451
1544210 1452
1544220 1452
1544230 1453
1544240 1453
1544250 1453
1544260 1453
1544270 1453
1544280 1453
1544290 1453
1544300 1455
1544310 1457
1544320 1457
1544330 1458
1544340 1460
1544350 1460
1544360 1463
1544370 1465
1544380 1465
1544390 1468
1544400 1471
1544410 1474
1544420 1474
1544430 1477
1544440 1481
1544450 1481
1544460 1485
1544470 1489
1544480 1489
1544490 1493
1544500 1497
1544510 1497
1544520 1500
1544530 1503
1544540 1503
1544550 1505
1544560 1507
1544570 1508
1544580 1508
1544590 1511
1544600 1515
1544610 1515
1544620 1519
1544630 1522
1544640 1522
1544650 1525
1544660 1528
1544670 1528
1544680 1533
1544690 1536
1544700 1536
1544710 1538
1544720 1541
1544730 1543
1544740 1543
1544750 1547
1544760 1551
1544770 1551
1544780 1554
1544790 1558
1544800 1558
1544810 1562
1544820 1565
1544830 1565
1544840 1568
1544850 1570
1544860 1570
1544870 1572
1544880 1574
1544890 1576
1544900 1576
1544910 1578
1544920 1580
1544930 1580
1544940 1582
1544950 1584
1544960 1584
1544970 1585
1544980 1587
1544990 1587
1545000 1588
1545010 1589
1545020 1589
1545030 1589
1545040 1590
1545050 1590
1545060 1591
1545070 1591
1545080 1591
1545090 1591
1545100 1591
1545110 1591
1545120 1591
1545130 1591
1545140 1590
1545150 1590
1545160 1590
1545170 1589
1545180 1589
1545190 1589
1545200 1588
1545210 1588
1545220 1587
1545230 1585
1545240 1584
1545250 1584
1545260 1582
1545270 1580
1545280 1580
1545290 1579
1545300 1577
1545310 1577
1545320 1576
1545330 1573
1545340 1573
1545350 1571
1545360 1569
1545370 1569
1545380 1567
1545390 1565
1545400 1563
1545410 1563
1545420 1561
1545430 1559
1545440 1559
1545450 1558
1545460 1556
1545470 1556
1545480 1555
1545490 1554
1545500 1554
1545510 1553
1545520 1553
1545530 1553
1545540 1553
1545550 1553
1545560 1553
1545570 1553
1545580 1554
1545590 1554
1545600 1554
1545610 1554
1545620 1554
1545630 1554
1545640 1554
1545650 1554
1545660 1554
1545670 1554
1545680 1554
1545690 1554
1545700 1554
1545710 1554
1545720 1554
1545730 1554
1545740 1554
1545750 1554
1545760 1554
1545770 1553
1545780 1553
1545790 1553
1545800 1553
1545810 1553
1545820 1553
1545830 1552
1545840 1553
1545850 1553
1545860 1554
1545870 1555
1545880 1557
1545890 1557
1545900 1559
1545910 1560
1545920 1560
1545930 1561
1545940 1561
1545950 1561
1545960 1561
1545970 1561
1545980 1561
1545990 1561
1546000 1560
1546010 1560
1546020 1558
1546030 1554
1546040 1554
1546050 1552
1546060 1551
1546070 1551
1546080 1551
1546090 1552
1546100 1552
1546110 1552
1546120 1551
1546130 1550
1546140 1550
1546150 1550
1546160 1549
1546170 1549
1546180 1549
1546190 1549
1546200 1549
1546210 1549
1546220 1548
1546230 1547
1546240 1547
1546250 1547
1546260 1546
1546270 1546
1546280 1545
1546290 1545
1546300 1545
1546310 1544
1546320 1544
1546330 1544
1546340 1543
1546350 1542
1546360 1542
1546370 1541
1546380 1541
1546390 1541
1546400 1541
1546410 1540
1546420 1537
1546430 1537
1546440 1537
1546450 1537
1546460 1537
1546470 1538
1546480 1538
1546490 1538
1546500 1538
1546510 1538
1546520 1538
1546530 1539
1546540 1540
1546550 1540
1546560 1540
1546570 1541
1546580 1542
1546590 1542
1546600 1543
1546610 1544
1546620 1544
1546630 1546
1546640 1548
1546650 1548
1546660 1549
1546670 1551
1546680 1551
1546690 1553
1546700 1555
1546710 1558
1546720 1558
1546730 1561
1546740 1566
1546750 1566
1546760 1569
1546770 1573
1546780 1573
1546790 1576
1546800 1579
1546810 1579
1546820 1582
1546830 1584
1546840 1584
1546850 1586
1546860 1588
1546870 1590
1546880 1590
1546890 1592
1546900 1595
1546910 1595
1546920 1598
1546930 1602
1546940 1602
1546950 1605
1546960 1609
1546970 1609
1546980 1612
1546990 1616
1547000 1616
1547010 1620
1547020 1624
1547030 1624
1547040 1627
1547050 1631
1547060 1635
1547070 1635
1547080 1639
1547090 1643
1547100 1643
1547110 1646
1547120 1650
1547130 1650
1547140 1653
1547150 1656
1547160 1656
1547170 1659
1547180 1663
1547190 1663
1547200 1666
1547210 1668
1547220 1671
1547230 1671
1547240 1674
1547250 1675
1547260 1675
1547270 1677
1547280 1678
1547290 1678
1547300 1680
1547310 1682
1547320 1682
1547330 1684
1547340 1686
1547350 1686
1547360 1689
1547370 1692
1547380 1694
1547390 1694
1547400 1697
1547410 1700
1547420 1700
1547430 1702
1547440 1704
1547450 1704
1547460 1707
1547470 1710
1547480 1710
1547490 1713
1547500 1715
1547510 1715
1547520 1718
1547530 1721
1547540 1724
1547550 1724
1547560 1728
1547570 1730
1547580 1730
1547590 1732
1547600 1734
1547610 1734
1547620 1736
1547630 1738
1547640 1738
1547650 1740
1547660 1741
1547670 1741
1547680 1743
1547690 1745
1547700 1746
1547710 1746
1547720 1747
1547730 1749
1547740 1749
1547750 1750
1547760 1752
1547770 1752
1547780 1754
1547790 1756
1547800 1756
1547810 1757
1547820 1759
1547830 1759
1547840 1761
1547850 1762
1547860 1764
1547870 1764
1547880 1765
1547890 1767
1547900 1767
1547910 1769
1547920 1770
1547930 1770
1547940 1771
1547950 1773
1547960 1773
1547970 1774
1547980 1776
1547990 1776
1548000 1779
1548010 1780
1548020 1782
1548030 1782
1548040 1784
1548050 1785
1548060 1785
1548070 1786
1548080 1788
1548090 1788
1548100 1790
1548110 1792
1548120 1792
1548130 1794
1548140 1797
1548150 1797
1548160 1800
1548170 1803
1548180 1803
1548190 1805
1548200 1807
1548210 1809
1548220 1809
1548230 1811
1548240 1813
1548250 1813
1548260 1815
1548270 1818
1548280 1818
1548290 1820
1548300 1823
1548310 1823
1548320 1826
1548330 1829
1548340 1829
1548350 1831
1548360 1833
1548370 1836
1548380 1836
1548390 1839
1548400 1842
1548410 1842
1548420 1845
1548430 1847
1548440 1847
1548450 1850
1548460 1852
1548470 1852
1548480 1853
1548490 1856
1548500 1856
1548510 1859
1548520 1861
1548530 1863
1548540 1863
1548550 1866
1548560 1868
1548570 1868
1548580 1871
1548590 1874
1548600 1874
1548610 1875
1548620 1877
1548630 1877
1548640 1880
1548650 1882
1548660 1882
1548670 1884
1548680 1886
1548690 1888
1548700 1888
1548710 1890
1548720 1892
1548730 1892
1548740 1894
1548750 1896
1548760 1896
1548770 1897
1548780 1900
1548790 1900
1548800 1901
1548810 1902
1548820 1902
1548830 1904
1548840 1905
1548850 1905
1548860 1905
1548870 1906
1548880 1907
1548890 1907
1548900 1907
1548910 1907
1548920 1907
1548930 1907
1548940 1907
1548950 1907
1548960 1907
1548970 1907
1548980 1907
1548990 1905
1549000 1904
1549010 1902
1549020 1902
1549030 1901
1549040 1900
1549050 1900
1549060 1898
1549070 1895
1549080 1895
1549090 1892
1549100 1887
1549110 1887
1549120 1882
1549130 1878
1549140 1878
1549150 1874
1549160 1869
1549170 1865
1549180 1865
1549190 1862
1549200 1859
1549210 1859
1549220 1855
1549230 1852
1549240 1852
1549250 1849
1549260 1846
1549270 1846
1549280 1844
1549290 1842
1549300 1842
1549310 1840
1549320 1840
1549330 1840
1549340 1840
1549350 1839
1549360 1840
1549370 1840
1549380 1841
1549390 1841
1549400 1841
1549410 1842
1549420 1843
1549430 1843
1549440 1844
1549450 1844
1549460 1844
1549470 1844
1549480 1844
1549490 1844
1549500 1843
1549510 1843
1549520 1843
1549530 1843
1549540 1843
1549550 1842
1549560 1842
1549570 1842
1549580 1842
1549590 1842
1549600 1842
1549610 1840
1549620 1840
1549630 1838
1549640 1834
1549650 1834
1549660 1829
1549670 1823
1549680 1814
1549690 1814
1549700 1806
1549710 1801
1549720 1801
1549730 1797
1549740 1792
1549750 1792
1549760 1786
1549770 1782
1549780 1782
1549790 1779
1549800 1778
1549810 1778
1549820 1777
1549830 1776
1549840 1774
1549850 1774
1549860 1773
1549870 1772
1549880 1772
1549890 1770
1549900 1769
1549910 1769
1549920 1767
1549930 1766
1549940 1766
1549950 1765
1549960 1763
1549970 1763
1549980 1762
1549990 1761
1550000 1759
1550010 1759
1550020 1757
1550030 1755
1550040 1755
1550050 1754
1550060 1753
1550070 1753
1550080 1751
1550090 1750
1550100 1750
1550110 1748
1550120 1745
1550130 1745
1550140 1743
1550150 1743
1550160 1742
1550170 1742
1550180 1740
1550190 1738
1550200 1738
1550210 1735
1550220 1733
1550230 1733
1550240 1730
1550250 1728
1550260 1728
1550270 1725
1550280 1722
1550290 1722
1550300 1719
1550310 1715
1550320 1715
1550330 1714
1550340 1713
1550350 1712
1550360 1712
1550370 1710
1550380 1708
1550390 1708
1550400 1705
1550410 1701
1550420 1701
1550430 1697
1550440 1694
1550450 1694
1550460 1690
1550470 1686
1550480 1686
1550490 1680
1550500 1675
1550510 1671
1550520 1671
1550530 1666
1550540 1663
1550550 1663
1550560 1660
1550570 1656
1550580 1656
1550590 1650
1550600 1645
1550610 1645
1550620 1641
1550630 1640
1550640 1640
1550650 1636
1550660 1631
1550670 1626
1550680 1628
1550690 1623
1550700 1618
1550710 1618
1550720 1613
1550730 1608
1550740 1608
1550750 1602
1550760 1596
1550770 1596
1550780 1590
1550790 1584
1550800 1584
1550810 1578
1550820 1572
1550830 1566
1550840 1566
1550850 1562
1550860 1558
1550870 1558
1550880 1554
1550890 1550
1550900 1550
1550910 1545
1550920 1540
1550930 1540
1550940 1535
1550950 1531
1550960 1531
1550970 1528
1550980 1525
1550990 1522
1551000 1522
1551010 1519
1551020 1516
1551030 1516
1551040 1512
1551050 1510
1551060 1510
1551070 1508
1551080 1506
1551090 1506
1551100 1504
1551110 1501
1551120 1501
1551130 1498
1551140 1494
1551150 1490
1551160 1490
1551170 1486
1551180 1482
1551190 1482
1551200 1477
1551210 1470
1551220 1470
1551230 1463
1551240 1457
1551250 1457
1551260 1452
1551270 1447
1551280 1447
1551290 1442
1551300 1438
1551310 1433
1551320 1433
1551330 1430
1551340 1428
1551350 1428
1551360 1428
1551370 1427
1551380 1427
1551390 1425
1551400 1423
1551410 1423
1551420 1421
1551430 1419
1551440 1419
1551450 1415
1551460 1412
1551470 1412
1551480 1409
1551490 1405
1551500 1402
1551510 1402
1551520 1398
1551530 1394
1551540 1394
1551550 1390
1551560 1386
1551570 1386
1551580 1380
1551590 1375
1551600 1375
1551610 1369
1551620 1364
1551630 1364
1551640 1357
1551650 1349
1551660 1343
1551670 1343
1551680 1337
1551690 1330
1551700 1330
1551710 1325
1551720 1320
1551730 1320
1551740 1315
1551750 1312
1551760 1312
1551770 1307
1551780 1300
1551790 1300
1551800 1293
1551810 1288
1551820 1285
1551830 1285
1551840 1279
1551850 1273
1551860 1273
1551870 1268
1551880 1263
1551890 1263
1551900 1260
1551910 1256
1551920 1256
1551930 1251
1551940 1247
1551950 1247
1551960 1242
1551970 1238
1551980 1234
1551990 1234
1552000 1230
1552010 1227
1552020 1227
1552030 1223
1552040 1218
1552050 1218
1552060 1212
1552070 1204
1552080 1204
1552090 1197
1552100 1192
1552110 1192
1552120 1188
1552130 1184
1552140 1180
1552150 1180
1552160 1176
1552170 1171
1552180 1171
1552190 1170
1552200 1173
1552210 1173
1552220 1175
1552230 1176
1552240 1176
1552250 1175
1552260 1172
1552270 1172
1552280 1168
1552290 1164
1552300 1161
1552310 1161
1552320 1157
1552330 1153
1552340 1153
1552350 1147
1552360 1139
1552370 1139
1552380 1133
1552390 1133
1552400 1133
1552410 1133
1552420 1129
1552430 1129
1552440 1126
1552450 1125
1552460 1124
1552470 1124
1552480 1124
1552490 1124
1552500 1124
1552510 1122
1552520 1121
1552530 1121
1552540 1119
1552550 1117
1552560 1121
1552570 1120
1552580 1118
1552590 1118
1552600 1117
1552610 1114
1552620 1114
1552630 1109
1552640 1103
1552650 1097
1552660 1097
1552670 1097
1552680 1094
1552690 1094
1552700 1092
1552710 1090
1552720 1090
1552730 1090
1552740 1090
1552750 1090
1552760 1090
1552770 1089
1552780 1089
1552790 1087
1552800 1084
1552810 1081
1552820 1081
1552830 1078
1552840 1074
1552850 1074
1552860 1070
1552870 1067
1552880 1067
1552890 1063
1552900 1057
1552910 1057
1552920 1051
1552930 1046
1552940 1046
1552950 1043
1552960 1044
1552970 1049
1552980 1049
1552990 1051
1553000 1051
1553010 1051
1553020 1051
1553030 1051
1553040 1051
1553050 1049
1553060 1046
1553070 1046
1553080 1043
1553090 1039
1553100 1039
1553110 1036
1553120 1033
1553130 1031
1553140 1031
1553150 1028
1553160 1026
1553170 1026
1553180 1022
1553190 1018
1553200 1018
1553210 1013
1553220 1008
1553230 1008
1553240 1003
1553250 999
1553260 999
1553270 995
1553280 993
1553290 989
1553300 989
1553310 985
1553320 983
1553330 983
1553340 980
1553350 975
1553360 975
1553370 971
1553380 968
1553390 968
1553400 965
1553410 960
1553420 960
1553430 958
1553440 959
1553450 958
1553460 958
1553470 955
1553480 951
1553490 951
1553500 946
1553510 939
1553520 939
1553530 932
1553540 925
1553550 925
1553560 921
1553570 920
1553580 920
1553590 919
1553600 916
1553610 916
1553620 912
1553630 909
1553640 906
1553650 906
1553660 903
1553670 904
1553680 904
1553690 907
1553700 908
1553710 908
1553720 904
1553730 898
1553740 898
1553750 896
1553760 899
1553770 899
1553780 902
1553790 901
1553800 898
1553810 898
1553820 899
1553830 905
1553840 905
1553850 910
1553860 915
1553870 915
1553880 918
1553890 920
1553900 920
1553910 924
1553920 927
1553930 927
1553940 928
1553950 928
1553960 927
1553970 927
1553980 926
1553990 926
1554000 926
1554010 925
1554020 925
1554030 925
1554040 925
1554050 924
1554060 924
1554070 923
1554080 921
1554090 921
1554100 920
1554110 918
1554120 916
1554130 916
1554140 912
1554150 907
1554160 907
1554170 904
1554180 902
1554190 902
1554200 901
1554210 899
1554220 899
1554230 897
1554240 893
1554250 893
1554260 890
1554270 886
1554280 882
1554290 882
1554300 881
1554310 879
1554320 879
1554330 878
1554340 876
1554350 876
1554360 876
1554370 875
1554380 875
1554390 876
1554400 873
1554410 873
1554420 870
1554430 865
1554440 862
1554450 862
1554460 860
1554470 857
1554480 857
1554490 851
1554500 845
1554510 845
1554520 843
1554530 845
1554540 845
1554550 844
1554560 844
1554570 844
1554580 842
1554590 841
1554600 838
1554610 838
1554620 836
1554630 834
1554640 834
1554650 831
1554660 827
1554670 827
1554680 820
1554690 812
1554700 812
1554710 807
1554720 801
1554730 801
1554740 797
1554750 792
1554760 792
1554770 786
1554780 782
1554790 779
1554800 779
1554810 776
1554820 774
1554830 774
1554840 772
1554850 769
1554860 769
1554870 767
1554880 765
1554890 765
1554900 763
1554910 761
1554920 761
1554930 758
1554940 756
1554950 753
1554960 753
1554970 750
1554980 748
1554990 748
1555000 745
1555010 742
1555020 742
1555030 738
1555040 733
1555050 733
1555060 727
1555070 721
1555080 721
1555090 718
1555100 717
1555110 717
1555120 717
1555130 716
1555140 715
1555150 715
1555160 713
1555170 711
1555180 711
1555190 709
1555200 708
1555210 708
1555220 707
1555230 706
1555240 706
1555250 706
1555260 706
1555270 704
1555280 704
1555290 701
1555300 699
1555310 699
1555320 698
1555330 697
1555340 697
1555350 693
1555360 687
1555370 687
1555380 682
1555390 680
1555400 680
1555410 679
1555420 675
1555430 669
1555440 669
1555450 659
1555460 654
1555470 654
1555480 664
1555490 669
1555500 669
1555510 669
1555520 668
1555530 668
1555540 667
1555550 665
1555560 665
1555570 663
1555580 661
1555590 660
1555600 660
1555610 659
1555620 657
1555630 657
1555640 656
1555650 655
1555660 655
1555670 654
1555680 653
1555690 653
1555700 651
1555710 650
1555720 650
1555730 649
1555740 648
1555750 648
1555760 645
1555770 641
1555780 637
1555790 637
1555800 635
1555810 632
1555820 632
1555830 627
1555840 619
1555850 619
1555860 619
1555870 625
1555880 625
1555890 624
1555900 622
1555910 622
1555920 619
1555930 616
1555940 612
1555950 612
1555960 609
1555970 607
1555980 607
1555990 603
1556000 601
1556010 601
1556020 596
1556030 589
1556040 589
1556050 585
1556060 581
1556070 581
1556080 579
1556090 579
1556100 579
1556110 579
1556120 579
1556130 580
1556140 580
1556150 580
1556160 580
1556170 582
1556180 581
1556190 581
1556200 581
1556210 581
1556220 582
1556230 582
1556240 581
1556250 579
1556260 578
1556270 578
1556280 576
1556290 574
1556300 574
1556310 572
1556320 570
1556330 570
1556340 568
1556350 566
1556360 566
1556370 565
1556380 563
1556390 563
1556400 561
1556410 560
1556420 559
1556430 559
1556440 557
1556450 555
1556460 555
1556470 553
1556480 551
1556490 551
1556500 549
1556510 548
1556520 548
1556530 547
1556540 546
1556550 546
1556560 545
1556570 544
1556580 543
1556590 543
1556600 543
1556610 541
1556620 541
1556630 540
1556640 539
1556650 539
1556660 538
1556670 537
1556680 537
1556690 536
1556700 535
1556710 535
1556720 534
1556730 534
1556740 534
1556750 534
1556760 534
1556770 533
1556780 533
1556790 533
1556800 531
1556810 531
1556820 530
1556830 530
1556840 530
1556850 531
1556860 532
1556870 532
1556880 530
1556890 527
1556900 527
1556910 526
1556920 525
1556930 524
1556940 524
1556950 524
1556960 524
1556970 524
1556980 524
1556990 524
1557000 524
1557010 524
1557020 524
1557030 524
1557040 523
1557050 523
1557060 523
1557070 521
1557080 520
1557090 519
1557100 519
1557110 519
1557120 519
1557130 519
1557140 518
1557150 519
1557160 519
1557170 519
1557180 518
1557190 518
1557200 516
1557210 515
1557220 515
1557230 514
1557240 512
1557250 511
1557260 511
1557270 510
1557280 509
1557290 509
1557300 509
1557310 509
1557320 509
1557330 509
1557340 509
1557350 509
1557360 510
1557370 510
1557380 510
1557390 510
1557400 510
1557410 510
1557420 510
1557430 510
1557440 512
1557450 512
1557460 513
1557470 515
1557480 515
1557490 515
1557500 515
1557510 515
1557520 516
1557530 516
1557540 516
1557550 517
1557560 518
1557570 519
1557580 519
1557590 519
1557600 520
1557610 520
1557620 520
1557630 520
1557640 520
1557650 520
1557660 520
1557670 520
1557680 520
1557690 521
1557700 521
1557710 520
1557720 519
1557730 520
1557740 520
1557750 520
1557760 519
1557770 519
1557780 519
1557790 519
1557800 519
1557810 519
1557820 519
1557830 519
1557840 518
1557850 517
1557860 517
1557870 517
1557880 516
1557890 516
1557900 518
1557910 517
1557920 516
1557930 516
1557940 515
1557950 515
1557960 515
1557970 515
1557980 515
1557990 515
1558000 515
1558010 515
1558020 515
1558030 515
1558040 514
1558050 514
1558060 514
1558070 513
1558080 512
1558090 512
1558100 512
1558110 511
1558120 511
1558130 511
1558140 511
1558150 511
1558160 510
1558170 510
1558180 510
1558190 509
1558200 509
1558210 509
1558220 509
1558230 508
1558240 508
1558250 508
1558260 507
1558270 506
1558280 506
1558290 506
1558300 505
1558310 505
1558320 505
1558330 506
1558340 506
1558350 506
1558360 505
1558370 505
1558380 506
1558390 506
1558400 506
1558410 506
1558420 506
1558430 506
1558440 506
1558450 506
1558460 506
1558470 506
1558480 506
1558490 506
1558500 506
1558510 505
1558520 505
1558530 505
1558540 505
1558550 505
1558560 505
1558570 505
1558580 505
1558590 505
1558600 505
1558610 504
1558620 504
1558630 504
1558640 504
1558650 504
1558660 504
1558670 504
1558680 504
1558690 504
1558700 504
1558710 504
1558720 503
1558730 503
1558740 503
1558750 503
1558760 503
1558770 503
1558780 503
1558790 503
1558800 503
1558810 503
1558820 503
1558830 503
1558840 503
1558850 503
1558860 503
1558870 503
1558880 504
1558890 504
1558900 504
1558910 503
1558920 503
1558930 503
1558940 503
1558950 503
1558960 504
1558970 504
1558980 504
1558990 505
1559000 504
1559010 504
1559020 504
1559030 503
1559040 503
1559050 503
1559060 502
1559070 502
1559080 502
1559090 502
1559100 502
1559110 502
1559120 502
1559130 502
1559140 502
1559150 502
1559160 502
1559170 502
1559180 502
1559190 502
1559200 502
1559210 502
1559220 502
1559230 503
1559240 503
1559250 503
1559260 503
1559270 503
1559280 503
1559290 503
1559300 503
1559310 504
1559320 504
1559330 504
1559340 504
1559350 505
1559360 505
1559370 504
1559380 504
1559390 505
1559400 505
1559410 505
1559420 504
1559430 504
1559440 504
1559450 504
1559460 504
1559470 506
1559480 506
1559490 506
1559500 506
1559510 504
1559520 504
1559530 504
1559540 504
1559550 503
1559560 503
1559570 503
1559580 504
1559590 504
1559600 504
1559610 503
1559620 503
1559630 503
1559640 502
1559650 502
1559660 502
1559670 502
1559680 502
1559690 501
1559700 501
1559710 501
1559720 501
1559730 501
1559740 501
1559750 501
1559760 500
1559770 500
1559780 500
1559790 500
1559800 501
1559810 501
1559820 502
1559830 502
1559840 502
1559850 500
1559860 499
1559870 499
1559880 499
1559890 499
1559900 499
1559910 499
1559920 500
1559930 500
1559940 500
1559950 500
1559960 500
1559970 500
1559980 500
1559990 500
