1540000 908
1540010 912
1540020 916
1540030 916
1540040 920
1540050 923
1540060 923
1540070 927
1540080 931
1540090 931
1540100 935
1540110 940
1540120 943
1540130 943
1540140 949
1540150 954
1540160 954
1540170 961
1540180 966
1540190 966
1540200 968
1540210 971
1540220 971
1540230 975
1540240 979
1540250 979
1540260 983
1540270 986
1540280 990
1540290 990
1540300 995
1540310 998
1540320 998
1540330 1000
1540340 1001
1540350 1001
1540360 1003
1540370 1004
1540380 1006
1540390 1009
1540400 1014
1540410 1014
1540420 1015
1540430 1020
1540440 1020
1540450 1021
1540460 1023
1540470 1025
1540480 1025
1540490 1027
1540500 1030
1540510 1030
1540520 1032
1540530 1035
1540540 1035
1540550 1037
1540560 1040
1540570 1040
1540580 1045
1540590 1049
1540600 1049
1540610 1052
1540620 1056
1540630 1060
1540640 1060
1540650 1064
1540660 1068
1540670 1068
1540680 1071
1540690 1075
1540700 1075
1540710 1079
1540720 1083
1540730 1083
1540740 1087
1540750 1092
1540760 1092
1540770 1098
1540780 1103
1540790 1106
1540800 1106
1540810 1110
1540820 1115
1540830 1115
1540840 1118
1540850 1120
1540860 1120
1540870 1124
1540880 1126
1540890 1126
1540900 1132
1540910 1134
1540920 1134
1540930 1137
1540940 1140
1540950 1142
1540960 1142
1540970 1144
1540980 1148
1540990 1148
1541000 1152
1541010 1156
1541020 1156
1541030 1160
1541040 1164
1541050 1164
1541060 1168
1541070 1172
1541080 1172
1541090 1175
1541100 1179
1541110 1182
1541120 1182
1541130 1185
1541140 1187
1541150 1187
1541160 1189
1541170 1191
1541180 1191
1541190 1194
1541200 1196
1541210 1196
1541220 1198
1541230 1200
1541240 1200
1541250 1202
1541260 1204
1541270 1208
1541280 1208
1541290 1210
1541300 1214
1541310 1214
1541320 1218
1541330 1222
1541340 1222
1541350 1225
1541360 1229
1541370 1229
1541380 1231
1541390 1233
1541400 1233
1541410 1235
1541420 1237
1541430 1237
1541440 1240
1541450 1243
1541460 1247
1541470 1247
1541480 1250
1541490 1254
1541500 1254
1541510 1258
1541520 1262
1541530 1262
1541540 1265
1541550 1267
1541560 1267
1541570 1270
1541580 1273
1541590 1273
1541600 1277
1541610 1281
1541620 1284
1541630 1284
1541640 1288
1541650 1292
1541660 1292
1541670 1294
1541680 1296
1541690 1296
1541700 1299
1541710 1300
1541720 1300
1541730 1302
1541740 1302
1541750 1302
1541760 1303
1541770 1305
1541780 1308
1541790 1308
1541800 1310
1541810 1309
1541820 1309
1541830 1311
1541840 1313
1541850 1313
1541860 1316
1541870 1317
1541880 1317
1541890 1317
1541900 1319
1541910 1319
1541920 1321
1541930 1324
1541940 1328
1541950 1328
1541960 1331
1541970 1334
1541980 1334
1541990 1339
1542000 1344
1542010 1344
1542020 1348
1542030 1352
1542040 1352
1542050 1356
1542060 1360
1542070 1360
1542080 1363
1542090 1366
1542100 1369
1542110 1369
1542120 1373
1542130 1375
1542140 1375
1542150 1375
1542160 1378
1542170 1378
1542180 1381
1542190 1385
1542200 1385
1542210 1391
1542220 1396
1542230 1396
1542240 1401
1542250 1406
1542260 1411
1542270 1411
1542280 1415
1542290 1419
1542300 1419
1542310 1422
1542320 1425
1542330 1425
1542340 1429
1542350 1433
1542360 1433
1542370 1437
1542380 1439
1542390 1439
1542400 1443
1542410 1446
1542420 1446
1542430 1449
1542440 1453
1542450 1456
1542460 1456
1542470 1459
1542480 1463
1542490 1463
1542500 1468
1542510 1472
1542520 1472
1542530 1474
1542540 1477
1542550 1477
1542560 1479
1542570 1482
1542580 1482
1542590 1487
1542600 1489
1542610 1492
1542620 1492
1542630 1494
1542640 1496
1542650 1496
1542660 1498
1542670 1500
1542680 1500
1542690 1502
1542700 1503
1542710 1503
1542720 1504
1542730 1504
1542740 1504
1542750 1506
1542760 1509
1542770 1512
1542780 1512
1542790 1515
1542800 1518
1542810 1518
1542820 1520
1542830 1523
1542840 1523
1542850 1526
1542860 1528
1542870 1528
1542880 1531
1542890 1535
1542900 1535
1542910 1538
1542920 1541
1542930 1544
1542940 1544
1542950 1548
1542960 1552
1542970 1552
1542980 1555
1542990 1559
1543000 1559
1543010 1562
1543020 1566
1543030 1566
1543040 1568
1543050 1571
1543060 1571
1543070 1574
1543080 1577
1543090 1580
1543100 1580
1543110 1583
1543120 1586
1543130 1586
1543140 1589
1543150 1592
1543160 1592
1543170 1595
1543180 1598
1543190 1598
1543200 1600
1543210 1603
1543220 1603
1543230 1606
1543240 1608
1543250 1610
1543260 1610
1543270 1612
1543280 1615
1543290 1615
1543300 1617
1543310 1620
1543320 1620
1543330 1622
1543340 1625
1543350 1625
1543360 1627
1543370 1629
1543380 1629
1543390 1631
1543400 1634
1543410 1634
1543420 1636
1543430 1639
1543440 1641
1543450 1641
1543460 1643
1543470 1645
1543480 1645
1543490 1648
1543500 1649
1543510 1649
1543520 1650
1543530 1650
1543540 1650
1543550 1650
1543560 1650
1543570 1650
1543580 1650
1543590 1650
1543600 1650
1543610 1650
1543620 1650
1543630 1650
1543640 1650
1543650 1649
1543660 1649
1543670 1649
1543680 1649
1543690 1648
1543700 1648
1543710 1647
1543720 1646
1543730 1646
1543740 1645
1543750 1645
1543760 1644
1543770 1644
1543780 1643
1543790 1642
1543800 1642
1543810 1642
1543820 1642
1543830 1642
1543840 1643
1543850 1643
1543860 1643
1543870 1643
1543880 1643
1543890 1643
1543900 1643
1543910 1644
1543920 1644
1543930 1644
1543940 1644
1543950 1644
1543960 1644
1543970 1644
1543980 1643
1543990 1643
1544000 1643
1544010 1642
1544020 1642
1544030 1641
1544040 1640
1544050 1640
1544060 1638
1544070 1637
1544080 1635
1544090 1635
1544100 1634
1544110 1632
1544120 1632
1544130 1631
1544140 1630
1544150 1630
1544160 1629
1544170 1629
1544180 1629
1544190 1628
1544200 1627
1544210 1627
1544220 1626
1544230 1625
1544240 1624
1544250 1624
1544260 1624
1544270 1623
1544280 1623
1544290 1622
1544300 1621
1544310 1621
1544320 1620
1544330 1619
1544340 1619
1544350 1617
1544360 1616
1544370 1616
1544380 1616
1544390 1616
1544400 1616
1544410 1617
1544420 1617
1544430 1616
1544440 1616
1544450 1616
1544460 1615
1544470 1615
1544480 1615
1544490 1615
1544500 1615
1544510 1615
1544520 1614
1544530 1614
1544540 1614
1544550 1614
1544560 1614
1544570 1614
1544580 1615
1544590 1616
1544600 1616
1544610 1618
1544620 1619
1544630 1619
1544640 1621
1544650 1623
1544660 1623
1544670 1625
1544680 1627
1544690 1627
1544700 1629
1544710 1631
1544720 1628
1544730 1630
1544740 1632
1544750 1634
1544760 1634
1544770 1636
1544780 1638
1544790 1638
1544800 1641
1544810 1643
1544820 1643
1544830 1646
1544840 1649
1544850 1649
1544860 1651
1544870 1654
1544880 1654
1544890 1658
1544900 1661
1544910 1663
1544920 1663
1544930 1665
1544940 1667
1544950 1667
1544960 1669
1544970 1671
1544980 1671
1544990 1673
1545000 1675
1545010 1675
1545020 1676
1545030 1677
1545040 1677
1545050 1678
1545060 1679
1545070 1679
1545080 1679
1545090 1680
1545100 1681
1545110 1681
1545120 1681
1545130 1682
1545140 1682
1545150 1682
1545160 1682
1545170 1682
1545180 1682
1545190 1682
1545200 1682
1545210 1682
1545220 1682
1545230 1682
1545240 1682
1545250 1681
1545260 1681
1545270 1681
1545280 1681
1545290 1680
1545300 1680
1545310 1680
1545320 1679
1545330 1679
1545340 1678
1545350 1678
1545360 1678
1545370 1677
1545380 1676
1545390 1676
1545400 1676
1545410 1674
1545420 1673
1545430 1673
1545440 1671
1545450 1669
1545460 1669
1545470 1666
1545480 1662
1545490 1662
1545500 1660
1545510 1657
1545520 1657
1545530 1654
1545540 1651
1545550 1651
1545560 1648
1545570 1646
1545580 1644
1545590 1644
1545600 1644
1545610 1643
1545620 1643
1545630 1643
1545640 1642
1545650 1642
1545660 1642
1545670 1642
1545680 1642
1545690 1643
1545700 1644
1545710 1644
1545720 1646
1545730 1647
1545740 1649
1545750 1649
1545760 1650
1545770 1651
1545780 1651
1545790 1652
1545800 1654
1545810 1654
1545820 1655
1545830 1656
1545840 1656
1545850 1657
1545860 1657
1545870 1657
1545880 1657
1545890 1657
1545900 1657
1545910 1657
1545920 1657
1545930 1657
1545940 1657
1545950 1657
1545960 1656
1545970 1656
1545980 1655
1545990 1655
1546000 1655
1546010 1654
1546020 1654
1546030 1654
1546040 1653
1546050 1652
1546060 1651
1546070 1651
1546080 1650
1546090 1650
1546100 1650
1546110 1649
1546120 1648
1546130 1648
1546140 1648
1546150 1648
1546160 1648
1546170 1647
1546180 1647
1546190 1647
1546200 1647
1546210 1646
1546220 1644
1546230 1644
1546240 1644
1546250 1643
1546260 1643
1546270 1642
1546280 1642
1546290 1642
1546300 1642
1546310 1641
1546320 1641
1546330 1641
1546340 1641
1546350 1641
1546360 1640
1546370 1641
1546380 1641
1546390 1642
1546400 1644
1546410 1645
1546420 1645
1546430 1646
1546440 1646
1546450 1646
1546460 1647
1546470 1648
1546480 1648
1546490 1648
1546500 1648
1546510 1648
1546520 1648
1546530 1648
1546540 1648
1546550 1647
1546560 1647
1546570 1647
1546580 1647
1546590 1647
1546600 1649
1546610 1649
1546620 1651
1546630 1653
1546640 1653
1546650 1655
1546660 1656
1546670 1656
1546680 1658
1546690 1661
1546700 1661
1546710 1663
1546720 1664
1546730 1666
1546740 1666
1546750 1667
1546760 1668
1546770 1666
1546780 1665
1546790 1665
1546800 1665
1546810 1665
1546820 1665
1546830 1665
1546840 1665
1546850 1665
1546860 1665
1546870 1665
1546880 1665
1546890 1665
1546900 1665
1546910 1665
1546920 1665
1546930 1665
1546940 1665
1546950 1665
1546960 1665
1546970 1666
1546980 1666
1546990 1666
1547000 1667
1547010 1667
1547020 1667
1547030 1668
1547040 1670
1547050 1670
1547060 1670
1547070 1670
1547080 1670
1547090 1670
1547100 1670
1547110 1670
1547120 1670
1547130 1669
1547140 1670
1547150 1670
1547160 1671
1547170 1672
1547180 1672
1547190 1674
1547200 1675
1547210 1677
1547220 1677
1547230 1678
1547240 1679
1547250 1679
1547260 1680
1547270 1681
1547280 1681
1547290 1683
1547300 1684
1547310 1684
1547320 1685
1547330 1686
1547340 1686
1547350 1687
1547360 1688
1547370 1688
1547380 1689
1547390 1690
1547400 1691
1547410 1691
1547420 1693
1547430 1695
1547440 1695
1547450 1697
1547460 1699
1547470 1699
1547480 1702
1547490 1704
1547500 1704
1547510 1705
1547520 1706
1547530 1706
1547540 1708
1547550 1709
1547560 1711
1547570 1711
1547580 1713
1547590 1715
1547600 1715
1547610 1717
1547620 1719
1547630 1719
1547640 1720
1547650 1722
1547660 1722
1547670 1722
1547680 1724
1547690 1724
1547700 1726
1547710 1729
1547720 1731
1547730 1731
1547740 1732
1547750 1734
1547760 1734
1547770 1735
1547780 1736
1547790 1736
1547800 1736
1547810 1737
1547820 1737
1547830 1738
1547840 1739
1547850 1739
1547860 1741
1547870 1742
1547880 1744
1547890 1744
1547900 1745
1547910 1747
1547920 1747
1547930 1749
1547940 1751
1547950 1751
1547960 1754
1547970 1758
1547980 1758
1547990 1761
1548000 1765
1548010 1765
1548020 1768
1548030 1771
1548040 1774
1548050 1774
1548060 1776
1548070 1779
1548080 1779
1548090 1782
1548100 1784
1548110 1784
1548120 1786
1548130 1788
1548140 1788
1548150 1789
1548160 1791
1548170 1791
1548180 1792
1548190 1793
1548200 1793
1548210 1793
1548220 1794
1548230 1794
1548240 1794
1548250 1795
1548260 1796
1548270 1796
1548280 1797
1548290 1797
1548300 1797
1548310 1797
1548320 1798
1548330 1798
1548340 1798
1548350 1799
1548360 1799
1548370 1799
1548380 1799
1548390 1799
1548400 1799
1548410 1799
1548420 1799
1548430 1799
1548440 1798
1548450 1796
1548460 1796
1548470 1796
1548480 1795
1548490 1795
1548500 1794
1548510 1792
1548520 1792
1548530 1791
1548540 1789
1548550 1787
1548560 1787
1548570 1784
1548580 1784
1548590 1784
1548600 1785
1548610 1786
1548620 1786
1548630 1786
1548640 1787
1548650 1787
1548660 1789
1548670 1790
1548680 1790
1548690 1791
1548700 1792
1548710 1793
1548720 1793
1548730 1794
1548740 1795
1548750 1795
1548760 1796
1548770 1795
1548780 1795
1548790 1796
1548800 1797
1548810 1797
1548820 1798
1548830 1799
1548840 1799
1548850 1801
1548860 1803
1548870 1804
1548880 1804
1548890 1806
1548900 1807
1548910 1807
1548920 1808
1548930 1809
1548940 1809
1548950 1810
1548960 1811
1548970 1811
1548980 1811
1548990 1812
1549000 1812
1549010 1813
1549020 1813
1549030 1814
1549040 1814
1549050 1814
1549060 1815
1549070 1815
1549080 1816
1549090 1818
1549100 1818
1549110 1819
1549120 1820
1549130 1820
1549140 1821
1549150 1823
1549160 1823
1549170 1823
1549180 1821
1549190 1814
1549200 1814
1549210 1808
1549220 1804
1549230 1804
1549240 1800
1549250 1796
1549260 1796
1549270 1789
1549280 1781
1549290 1781
1549300 1773
1549310 1765
1549320 1765
1549330 1758
1549340 1752
1549350 1752
1549360 1747
1549370 1742
1549380 1736
1549390 1736
1549400 1730
1549410 1725
1549420 1725
1549430 1721
1549440 1719
1549450 1719
1549460 1716
1549470 1714
1549480 1714
1549490 1713
1549500 1713
1549510 1713
1549520 1714
1549530 1710
1549540 1706
1549550 1706
1549560 1701
1549570 1695
1549580 1695
1549590 1689
1549600 1683
1549610 1683
1549620 1679
1549630 1675
1549640 1675
1549650 1672
1549660 1674
1549670 1674
1549680 1676
1549690 1679
1549700 1682
1549710 1682
1549720 1683
1549730 1683
1549740 1683
1549750 1683
1549760 1683
1549770 1683
1549780 1682
1549790 1682
1549800 1682
1549810 1682
1549820 1680
1549830 1680
1549840 1679
1549850 1678
1549860 1679
1549870 1679
1549880 1682
1549890 1684
1549900 1684
1549910 1687
1549920 1691
1549930 1691
1549940 1694
1549950 1698
1549960 1698
1549970 1702
1549980 1706
1549990 1706
1550000 1711
1550010 1715
1550020 1719
1550030 1719
1550040 1722
1550050 1723
1550060 1723
1550070 1723
1550080 1724
1550090 1724
1550100 1724
1550110 1723
1550120 1723
1550130 1723
1550140 1722
1550150 1722
1550160 1721
1550170 1720
1550180 1718
1550190 1718
1550200 1718
1550210 1719
1550220 1719
1550230 1718
1550240 1718
1550250 1718
1550260 1717
1550270 1716
1550280 1716
1550290 1714
1550300 1712
1550310 1712
1550320 1711
1550330 1709
1550340 1709
1550350 1707
1550360 1705
1550370 1703
1550380 1703
1550390 1701
1550400 1699
1550410 1699
1550420 1696
1550430 1694
1550440 1694
1550450 1693
1550460 1692
1550470 1692
1550480 1690
1550490 1689
1550500 1689
1550510 1687
1550520 1685
1550530 1683
1550540 1683
1550550 1681
1550560 1678
1550570 1678
1550580 1676
1550590 1673
1550600 1673
1550610 1670
1550620 1666
1550630 1666
1550640 1662
1550650 1657
1550660 1657
1550670 1652
1550680 1648
1550690 1644
1550700 1644
1550710 1641
1550720 1636
1550730 1636
1550740 1632
1550750 1627
1550760 1627
1550770 1622
1550780 1618
1550790 1618
1550800 1613
1550810 1608
1550820 1608
1550830 1606
1550840 1605
1550850 1604
1550860 1604
1550870 1603
1550880 1601
1550890 1601
1550900 1597
1550910 1594
1550920 1594
1550930 1589
1550940 1585
1550950 1585
1550960 1580
1550970 1575
1550980 1575
1550990 1571
1551000 1568
1551010 1565
1551020 1565
1551030 1563
1551040 1560
1551050 1560
1551060 1555
1551070 1551
1551080 1551
1551090 1546
1551100 1540
1551110 1540
1551120 1536
1551130 1534
1551140 1534
1551150 1531
1551160 1528
1551170 1526
1551180 1526
1551190 1525
1551200 1524
1551210 1524
1551220 1523
1551230 1518
1551240 1518
1551250 1514
1551260 1510
1551270 1510
1551280 1508
1551290 1506
1551300 1506
1551310 1503
1551320 1499
1551330 1499
1551340 1494
1551350 1491
1551360 1487
1551370 1487
1551380 1484
1551390 1482
1551400 1482
1551410 1480
1551420 1478
1551430 1478
1551440 1476
1551450 1475
1551460 1475
1551470 1474
1551480 1470
1551490 1470
1551500 1466
1551510 1462
1551520 1458
1551530 1458
1551540 1455
1551550 1451
1551560 1451
1551570 1448
1551580 1445
1551590 1445
1551600 1442
1551610 1438
1551620 1438
1551630 1436
1551640 1433
1551650 1433
1551660 1431
1551670 1427
1551680 1424
1551690 1424
1551700 1423
1551710 1422
1551720 1422
1551730 1419
1551740 1415
1551750 1415
1551760 1413
1551770 1411
1551780 1411
1551790 1406
1551800 1404
1551810 1404
1551820 1402
1551830 1400
1551840 1395
1551850 1395
1551860 1392
1551870 1390
1551880 1390
1551890 1387
1551900 1383
1551910 1383
1551920 1380
1551930 1377
1551940 1377
1551950 1374
1551960 1371
1551970 1371
1551980 1368
1551990 1364
1552000 1361
1552010 1361
1552020 1360
1552030 1361
1552040 1361
1552050 1362
1552060 1363
1552070 1363
1552080 1361
1552090 1359
1552100 1359
1552110 1355
1552120 1353
1552130 1353
1552140 1351
1552150 1348
1552160 1346
1552170 1346
1552180 1346
1552190 1345
1552200 1345
1552210 1343
1552220 1342
1552230 1342
1552240 1343
1552250 1344
1552260 1344
1552270 1344
1552280 1343
1552290 1343
1552300 1340
1552310 1336
1552320 1336
1552330 1331
1552340 1325
1552350 1319
1552360 1319
1552370 1313
1552380 1307
1552390 1307
1552400 1302
1552410 1299
1552420 1299
1552430 1296
1552440 1295
1552450 1295
1552460 1293
1552470 1290
1552480 1290
1552490 1287
1552500 1285
1552510 1282
1552520 1282
1552530 1280
1552540 1278
1552550 1278
1552560 1277
1552570 1275
1552580 1275
1552590 1275
1552600 1271
1552610 1271
1552620 1268
1552630 1266
1552640 1266
1552650 1263
1552660 1258
1552670 1254
1552680 1254
1552690 1251
1552700 1249
1552710 1249
1552720 1246
1552730 1242
1552740 1242
1552750 1238
1552760 1235
1552770 1235
1552780 1232
1552790 1229
1552800 1229
1552810 1227
1552820 1225
1552830 1224
1552840 1224
1552850 1221
1552860 1217
1552870 1217
1552880 1215
1552890 1212
1552900 1212
1552910 1210
1552920 1209
1552930 1209
1552940 1206
1552950 1202
1552960 1202
1552970 1198
1552980 1195
1552990 1193
1553000 1193
1553010 1192
1553020 1190
1553030 1190
1553040 1187
1553050 1185
1553060 1185
1553070 1183
1553080 1181
1553090 1181
1553100 1177
1553110 1172
1553120 1172
1553130 1168
1553140 1166
1553150 1165
1553160 1165
1553170 1164
1553180 1163
1553190 1163
1553200 1160
1553210 1156
1553220 1156
1553230 1156
1553240 1155
1553250 1155
1553260 1155
1553270 1157
1553280 1157
1553290 1156
1553300 1154
1553310 1154
1553320 1153
1553330 1152
1553340 1150
1553350 1150
1553360 1149
1553370 1147
1553380 1147
1553390 1145
1553400 1142
1553410 1142
1553420 1140
1553430 1139
1553440 1139
1553450 1138
1553460 1138
1553470 1138
1553480 1139
1553490 1138
1553500 1137
1553510 1137
1553520 1133
1553530 1128
1553540 1128
1553550 1129
1553560 1129
1553570 1129
1553580 1131
1553590 1133
1553600 1133
1553610 1133
1553620 1131
1553630 1131
1553640 1130
1553650 1132
1553660 1132
1553670 1132
1553680 1131
1553690 1130
1553700 1130
1553710 1130
1553720 1131
1553730 1131
1553740 1131
1553750 1131
1553760 1131
1553770 1129
1553780 1128
1553790 1128
1553800 1128
1553810 1127
1553820 1127
1553830 1127
1553840 1126
1553850 1126
1553860 1126
1553870 1126
1553880 1124
1553890 1124
1553900 1124
1553910 1123
1553920 1123
1553930 1123
1553940 1122
1553950 1122
1553960 1120
1553970 1118
1553980 1116
1553990 1116
1554000 1114
1554010 1110
1554020 1110
1554030 1106
1554040 1104
1554050 1104
1554060 1102
1554070 1100
1554080 1100
1554090 1098
1554100 1096
1554110 1096
1554120 1093
1554130 1090
1554140 1086
1554150 1086
1554160 1083
1554170 1081
1554180 1081
1554190 1080
1554200 1078
1554210 1078
1554220 1075
1554230 1072
1554240 1072
1554250 1071
1554260 1070
1554270 1070
1554280 1069
1554290 1068
1554300 1068
1554310 1066
1554320 1063
1554330 1059
1554340 1059
1554350 1056
1554360 1053
1554370 1053
1554380 1050
1554390 1046
1554400 1046
1554410 1044
1554420 1042
1554430 1042
1554440 1040
1554450 1038
1554460 1038
1554470 1036
1554480 1034
1554490 1033
1554500 1033
1554510 1031
1554520 1029
1554530 1029
1554540 1026
1554550 1023
1554560 1023
1554570 1019
1554580 1017
1554590 1017
1554600 1014
1554610 1011
1554620 1011
1554630 1009
1554640 1007
1554650 1005
1554660 1005
1554670 1001
1554680 997
1554690 997
1554700 993
1554710 989
1554720 989
1554730 986
1554740 984
1554750 984
1554760 982
1554770 980
1554780 980
1554790 978
1554800 975
1554810 972
1554820 972
1554830 969
1554840 966
1554850 966
1554860 961
1554870 956
1554880 956
1554890 952
1554900 950
1554910 950
1554920 948
1554930 945
1554940 945
1554950 941
1554960 937
1554970 932
1554980 932
1554990 933
1555000 935
1555010 935
1555020 935
1555030 933
1555040 933
1555050 930
1555060 928
1555070 928
1555080 924
1555090 921
1555100 921
1555110 920
1555120 918
1555130 918
1555140 915
1555150 910
1555160 911
1555170 911
1555180 908
1555190 905
1555200 905
1555210 901
1555220 897
1555230 897
1555240 892
1555250 886
1555260 886
1555270 878
1555280 869
1555290 869
1555300 866
1555310 865
1555320 864
1555330 864
1555340 861
1555350 859
1555360 859
1555370 858
1555380 856
1555390 856
1555400 855
1555410 852
1555420 852
1555430 850
1555440 849
1555450 849
1555460 847
1555470 843
1555480 839
1555490 839
1555500 834
1555510 833
1555520 833
1555530 830
1555540 826
1555550 826
1555560 821
1555570 817
1555580 817
1555590 811
1555600 805
1555610 805
1555620 799
1555630 792
1555640 785
1555650 785
1555660 778
1555670 771
1555680 771
1555690 763
1555700 757
1555710 757
1555720 763
1555730 771
1555740 771
1555750 775
1555760 778
1555770 778
1555780 780
1555790 780
1555800 780
1555810 780
1555820 781
1555830 783
1555840 783
1555850 784
1555860 785
1555870 785
1555880 785
1555890 786
1555900 786
1555910 788
1555920 788
1555930 788
1555940 787
1555950 785
1555960 782
1555970 782
1555980 780
1555990 779
1556000 779
1556010 777
1556020 773
1556030 773
1556040 768
1556050 763
1556060 763
1556070 757
1556080 764
1556090 764
1556100 771
1556110 779
1556120 779
1556130 783
1556140 786
1556150 789
1556160 789
1556170 791
1556180 794
1556190 794
1556200 800
1556210 802
1556220 802
1556230 803
1556240 804
1556250 804
1556260 805
1556270 806
1556280 806
1556290 807
1556300 806
1556310 805
1556320 805
1556330 806
1556340 805
1556350 805
1556360 805
1556370 805
1556380 805
1556390 804
1556400 804
1556410 804
1556420 804
1556430 803
1556440 803
1556450 804
1556460 804
1556470 804
1556480 804
1556490 804
1556500 803
1556510 803
1556520 803
1556530 803
1556540 803
1556550 803
1556560 802
1556570 802
1556580 801
1556590 800
1556600 800
1556610 799
1556620 800
1556630 801
1556640 801
1556650 802
1556660 802
1556670 802
1556680 802
1556690 801
1556700 801
1556710 800
1556720 799
1556730 799
1556740 799
1556750 799
1556760 799
1556770 799
1556780 799
1556790 797
1556800 797
1556810 794
1556820 791
1556830 791
1556840 792
1556850 795
1556860 795
1556870 797
1556880 796
1556890 796
1556900 794
1556910 792
1556920 792
1556930 789
1556940 787
1556950 785
1556960 785
1556970 785
1556980 785
1556990 785
1557000 785
1557010 784
1557020 784
1557030 783
1557040 782
1557050 782
1557060 781
1557070 780
1557080 780
1557090 778
1557100 776
1557110 776
1557120 774
1557130 774
1557140 775
1557150 775
1557160 775
1557170 774
1557180 774
1557190 772
1557200 769
1557210 769
1557220 765
1557230 760
1557240 760
1557250 760
1557260 762
1557270 762
1557280 761
1557290 759
1557300 755
1557310 755
1557320 752
1557330 749
1557340 749
1557350 746
1557360 743
1557370 743
1557380 740
1557390 736
1557400 736
1557410 732
1557420 731
1557430 731
1557440 730
1557450 730
1557460 728
1557470 728
1557480 727
1557490 726
1557500 726
1557510 723
1557520 719
1557530 719
1557540 715
1557550 711
1557560 711
1557570 709
1557580 706
1557590 706
1557600 702
1557610 700
1557620 697
1557630 697
1557640 697
1557650 694
1557660 694
1557670 693
1557680 693
1557690 693
1557700 693
1557710 692
1557720 692
1557730 691
1557740 689
1557750 689
1557760 685
1557770 681
1557780 678
1557790 678
1557800 678
1557810 677
1557820 677
1557830 678
1557840 679
1557850 679
1557860 679
1557870 676
1557880 676
1557890 672
1557900 670
1557910 670
1557920 667
1557930 674
1557940 672
1557950 672
1557960 668
1557970 663
1557980 663
1557990 660
1558000 657
1558010 657
1558020 652
1558030 653
1558040 653
1558050 652
1558060 649
1558070 649
1558080 646
1558090 643
1558100 643
1558110 641
1558120 640
1558130 641
1558140 641
1558150 639
1558160 639
1558170 639
1558180 639
1558190 638
1558200 638
1558210 636
1558220 635
1558230 635
1558240 633
1558250 633
1558260 633
1558270 632
1558280 631
1558290 629
1558300 629
1558310 627
1558320 627
1558330 627
1558340 627
1558350 628
1558360 628
1558370 628
1558380 628
1558390 628
1558400 631
1558410 631
1558420 631
1558430 630
1558440 628
1558450 626
1558460 626
1558470 623
1558480 621
1558490 621
1558500 620
1558510 617
1558520 617
1558530 612
1558540 608
1558550 608
1558560 607
1558570 603
1558580 603
1558590 602
1558600 600
1558610 597
1558620 597
1558630 591
1558640 587
1558650 587
1558660 585
1558670 583
1558680 583
1558690 581
1558700 578
1558710 578
1558720 574
1558730 570
1558740 570
1558750 567
1558760 564
1558770 562
1558780 562
1558790 561
1558800 562
1558810 562
1558820 564
1558830 564
1558840 564
1558850 562
1558860 560
1558870 560
1558880 557
1558890 554
1558900 554
1558910 551
1558920 550
1558930 551
1558940 551
1558950 549
1558960 546
1558970 546
1558980 544
1558990 543
1559000 543
1559010 542
1559020 543
1559030 543
1559040 542
1559050 542
1559060 542
1559070 544
1559080 545
1559090 545
1559100 545
1559110 545
1559120 545
1559130 545
1559140 545
1559150 545
1559160 545
1559170 545
1559180 545
1559190 545
1559200 546
1559210 547
1559220 547
1559230 548
1559240 549
1559250 549
1559260 550
1559270 551
1559280 551
1559290 551
1559300 552
1559310 552
1559320 552
1559330 552
1559340 550
1559350 550
1559360 551
1559370 550
1559380 550
1559390 549
1559400 549
1559410 549
1559420 548
1559430 548
1559440 547
1559450 547
1559460 547
1559470 546
1559480 546
1559490 545
1559500 545
1559510 545
1559520 543
1559530 541
1559540 541
1559550 540
1559560 539
1559570 539
1559580 539
1559590 538
1559600 538
1559610 538
1559620 537
1559630 537
1559640 537
1559650 537
1559660 537
1559670 537
1559680 536
1559690 535
1559700 535
1559710 535
1559720 535
1559730 535
1559740 534
1559750 531
1559760 529
1559770 529
1559780 528
1559790 527
1559800 527
1559810 526
1559820 526
1559830 526
1559840 525
1559850 525
1559860 525
1559870 525
1559880 524
1559890 524
1559900 524
1559910 524
1559920 524
1559930 524
1559940 523
1559950 522
1559960 522
1559970 521
1559980 521
1559990 521
