1540000 830
1540010 829
1540020 829
1540030 828
1540040 829
1540050 829
1540060 830
1540070 833
1540080 833
1540090 836
1540100 840
1540110 840
1540120 843
1540130 844
1540140 844
1540150 844
1540160 844
1540170 844
1540180 844
1540190 844
1540200 845
1540210 845
1540220 847
1540230 851
1540240 851
1540250 855
1540260 857
1540270 857
1540280 860
1540290 862
1540300 865
1540310 865
1540320 868
1540330 869
1540340 869
1540350 869
1540360 869
1540370 869
1540380 869
1540390 870
1540400 870
1540410 870
1540420 871
1540430 871
1540440 872
1540450 872
1540460 872
1540470 872
1540480 873
1540490 874
1540500 874
1540510 875
1540520 876
1540530 876
1540540 877
1540550 879
1540560 879
1540570 881
1540580 883
1540590 883
1540600 885
1540610 888
1540620 888
1540630 890
1540640 894
1540650 899
1540660 899
1540670 908
1540680 915
1540690 915
1540700 917
1540710 918
1540720 918
1540730 921
1540740 921
1540750 921
1540760 922
1540770 923
1540780 923
1540790 924
1540800 925
1540810 924
1540820 924
1540830 922
1540840 921
1540850 921
1540860 920
1540870 919
1540880 919
1540890 917
1540900 914
1540910 914
1540920 908
1540930 910
1540940 910
1540950 917
1540960 919
1540970 918
1540980 918
1540990 919
1541000 918
1541010 918
1541020 921
1541030 927
1541040 927
1541050 932
1541060 935
1541070 935
1541080 936
1541090 936
1541100 936
1541110 939
1541120 944
1541130 946
1541140 946
1541150 947
1541160 948
1541170 948
1541180 949
1541190 948
1541200 948
1541210 947
1541220 947
1541230 947
1541240 948
1541250 948
1541260 948
1541270 949
1541280 950
1541290 950
1541300 951
1541310 952
1541320 953
1541330 953
1541340 954
1541350 955
1541360 955
1541370 957
1541380 957
1541390 957
1541400 958
1541410 959
1541420 959
1541430 960
1541440 962
1541450 962
1541460 963
1541470 964
1541480 965
1541490 965
1541500 966
1541510 966
1541520 966
1541530 967
1541540 968
1541550 968
1541560 969
1541570 969
1541580 969
1541590 970
1541600 972
1541610 972
1541620 973
1541630 975
1541640 976
1541650 976
1541660 977
1541670 978
1541680 978
1541690 981
1541700 982
1541710 982
1541720 983
1541730 984
1541740 984
1541750 986
1541760 987
1541770 987
1541780 988
1541790 990
1541800 991
1541810 991
1541820 992
1541830 993
1541840 993
1541850 994
1541860 995
1541870 995
1541880 997
1541890 999
1541900 999
1541910 1001
1541920 1002
1541930 1002
1541940 1003
1541950 1005
1541960 1005
1541970 1006
1541980 1006
1541990 1007
1542000 1007
1542010 1008
1542020 1010
1542030 1010
1542040 1011
1542050 1012
1542060 1012
1542070 1013
1542080 1014
1542090 1014
1542100 1016
1542110 1018
1542120 1018
1542130 1020
1542140 1022
1542150 1023
1542160 1023
1542170 1023
1542180 1020
1542190 1020
1542200 1018
1542210 1020
1542220 1020
1542230 1020
1542240 1020
1542250 1020
1542260 1021
1542270 1023
1542280 1023
1542290 1025
1542300 1025
1542310 1026
1542320 1026
1542330 1027
1542340 1029
1542350 1029
1542360 1030
1542370 1031
1542380 1031
1542390 1032
1542400 1033
1542410 1033
1542420 1035
1542430 1036
1542440 1036
1542450 1037
1542460 1038
1542470 1039
1542480 1039
1542490 1041
1542500 1042
1542510 1042
1542520 1043
1542530 1044
1542540 1044
1542550 1044
1542560 1043
1542570 1043
1542580 1044
1542590 1044
1542600 1044
1542610 1045
1542620 1046
1542630 1046
1542640 1046
1542650 1047
1542660 1048
1542670 1048
1542680 1049
1542690 1049
1542700 1049
1542710 1048
1542720 1048
1542730 1048
1542740 1049
1542750 1050
1542760 1050
1542770 1052
1542780 1054
1542790 1054
1542800 1055
1542810 1056
1542820 1055
1542830 1055
1542840 1055
1542850 1054
1542860 1054
1542870 1053
1542880 1053
1542890 1053
1542900 1054
1542910 1054
1542920 1054
1542930 1053
1542940 1052
1542950 1052
1542960 1054
1542970 1057
1542980 1058
1542990 1058
1543000 1059
1543010 1057
1543020 1057
1543030 1056
1543040 1057
1543050 1057
1543060 1058
1543070 1060
1543080 1060
1543090 1061
1543100 1062
1543110 1062
1543120 1063
1543130 1064
1543140 1064
1543150 1064
1543160 1063
1543170 1064
1543180 1064
1543190 1066
1543200 1068
1543210 1068
1543220 1070
1543230 1071
1543240 1071
1543250 1072
1543260 1073
1543270 1073
1543280 1074
1543290 1074
1543300 1075
1543310 1075
1543320 1075
1543330 1074
1543340 1074
1543350 1074
1543360 1075
1543370 1075
1543380 1075
1543390 1076
1543400 1076
1543410 1076
1543420 1077
1543430 1077
1543440 1078
1543450 1079
1543460 1079
1543470 1080
1543480 1081
1543490 1082
1543500 1082
1543510 1083
1543520 1083
1543530 1083
1543540 1083
1543550 1083
1543560 1083
1543570 1085
1543580 1087
1543590 1084
1543600 1085
1543610 1086
1543620 1086
1543630 1087
1543640 1087
1543650 1088
1543660 1088
1543670 1089
1543680 1090
1543690 1090
1543700 1091
1543710 1092
1543720 1092
1543730 1092
1543740 1093
1543750 1093
1543760 1093
1543770 1093
1543780 1093
1543790 1093
1543800 1094
1543810 1094
1543820 1094
1543830 1094
1543840 1094
1543850 1094
1543860 1093
1543870 1092
1543880 1092
1543890 1092
1543900 1090
1543910 1090
1543920 1088
1543930 1087
1543940 1087
1543950 1086
1543960 1085
1543970 1084
1543980 1084
1543990 1083
1544000 1082
1544010 1082
1544020 1082
1544030 1081
1544040 1081
1544050 1080
1544060 1080
1544070 1080
1544080 1080
1544090 1080
1544100 1080
1544110 1080
1544120 1080
1544130 1080
1544140 1080
1544150 1079
1544160 1078
1544170 1078
1544180 1077
1544190 1074
1544200 1074
1544210 1072
1544220 1070
1544230 1070
1544240 1066
1544250 1063
1544260 1063
1544270 1059
1544280 1056
1544290 1056
1544300 1054
1544310 1051
1544320 1047
1544330 1047
1544340 1044
1544350 1040
1544360 1040
1544370 1035
1544380 1031
1544390 1031
1544400 1028
1544410 1026
1544420 1026
1544430 1024
1544440 1022
1544450 1022
1544460 1020
1544470 1017
1544480 1015
1544490 1015
1544500 1013
1544510 1011
1544520 1011
1544530 1009
1544540 1007
1544550 1007
1544560 1004
1544570 1003
1544580 1003
1544590 1001
1544600 1001
1544610 1001
1544620 1000
1544630 999
1544640 997
1544650 997
1544660 996
1544670 994
1544680 994
1544690 992
1544700 991
1544710 991
1544720 994
1544730 995
1544740 995
1544750 995
1544760 995
1544770 995
1544780 995
1544790 994
1544800 994
1544810 995
1544820 996
1544830 997
1544840 997
1544850 999
1544860 1001
1544870 1001
1544880 1002
1544890 1003
1544900 1003
1544910 1002
1544920 1003
1544930 1003
1544940 1004
1544950 1003
1544960 1003
1544970 1002
1544980 1001
1544990 1000
1545000 1000
1545010 999
1545020 1001
1545030 1001
1545040 1003
1545050 1005
1545060 1005
1545070 1006
1545080 1008
1545090 1008
1545100 1010
1545110 1011
1545120 1011
1545130 1010
1545140 1011
1545150 1013
1545160 1013
1545170 1016
1545180 1020
1545190 1020
1545200 1023
1545210 1025
1545220 1025
1545230 1028
1545240 1029
1545250 1029
1545260 1032
1545270 1033
1545280 1033
1545290 1035
1545300 1037
1545310 1038
1545320 1038
1545330 1039
1545340 1039
1545350 1039
1545360 1040
1545370 1043
1545380 1043
1545390 1045
1545400 1046
1545410 1046
1545420 1047
1545430 1048
1545440 1048
1545450 1050
1545460 1052
1545470 1054
1545480 1054
1545490 1055
1545500 1056
1545510 1056
1545520 1057
1545530 1058
1545540 1058
1545550 1059
1545560 1060
1545570 1060
1545580 1062
1545590 1066
1545600 1066
1545610 1070
1545620 1074
1545630 1074
1545640 1079
1545650 1084
1545660 1087
1545670 1087
1545680 1092
1545690 1094
1545700 1094
1545710 1097
1545720 1099
1545730 1099
1545740 1101
1545750 1104
1545760 1104
1545770 1109
1545780 1111
1545790 1111
1545800 1114
1545810 1117
1545820 1120
1545830 1120
1545840 1122
1545850 1123
1545860 1123
1545870 1125
1545880 1128
1545890 1128
1545900 1130
1545910 1134
1545920 1134
1545930 1138
1545940 1141
1545950 1141
1545960 1144
1545970 1148
1545980 1153
1545990 1153
1546000 1157
1546010 1162
1546020 1162
1546030 1168
1546040 1175
1546050 1175
1546060 1181
1546070 1187
1546080 1187
1546090 1194
1546100 1203
1546110 1203
1546120 1215
1546130 1224
1546140 1228
1546150 1228
1546160 1233
1546170 1237
1546180 1237
1546190 1239
1546200 1240
1546210 1240
1546220 1241
1546230 1240
1546240 1240
1546250 1239
1546260 1240
1546270 1240
1546280 1242
1546290 1245
1546300 1245
1546310 1247
1546320 1250
1546330 1253
1546340 1253
1546350 1257
1546360 1260
1546370 1260
1546380 1264
1546390 1269
1546400 1269
1546410 1273
1546420 1278
1546430 1278
1546440 1282
1546450 1284
1546460 1284
1546470 1285
1546480 1288
1546490 1291
1546500 1291
1546510 1292
1546520 1292
1546530 1292
1546540 1295
1546550 1299
1546560 1299
1546570 1303
1546580 1306
1546590 1306
1546600 1308
1546610 1310
1546620 1310
1546630 1314
1546640 1317
1546650 1322
1546660 1322
1546670 1325
1546680 1327
1546690 1327
1546700 1332
1546710 1337
1546720 1337
1546730 1343
1546740 1349
1546750 1349
1546760 1353
1546770 1356
1546780 1356
1546790 1358
1546800 1359
1546810 1360
1546820 1360
1546830 1359
1546840 1358
1546850 1358
1546860 1355
1546870 1354
1546880 1354
1546890 1356
1546900 1359
1546910 1359
1546920 1362
1546930 1363
1546940 1363
1546950 1364
1546960 1365
1546970 1365
1546980 1365
1546990 1366
1547000 1366
1547010 1366
1547020 1367
1547030 1368
1547040 1368
1547050 1369
1547060 1371
1547070 1371
1547080 1375
1547090 1380
1547100 1380
1547110 1384
1547120 1387
1547130 1387
1547140 1390
1547150 1393
1547160 1393
1547170 1393
1547180 1393
1547190 1393
1547200 1393
1547210 1393
1547220 1393
1547230 1393
1547240 1392
1547250 1393
1547260 1393
1547270 1395
1547280 1398
1547290 1398
1547300 1400
1547310 1402
1547320 1403
1547330 1403
1547340 1404
1547350 1405
1547360 1405
1547370 1405
1547380 1404
1547390 1404
1547400 1404
1547410 1403
1547420 1403
1547430 1403
1547440 1403
1547450 1403
1547460 1403
1547470 1403
1547480 1403
1547490 1403
1547500 1403
1547510 1403
1547520 1403
1547530 1403
1547540 1404
1547550 1404
1547560 1405
1547570 1405
1547580 1405
1547590 1406
1547600 1406
1547610 1406
1547620 1406
1547630 1408
1547640 1408
1547650 1410
1547660 1412
1547670 1415
1547680 1415
1547690 1417
1547700 1418
1547710 1418
1547720 1417
1547730 1420
1547740 1420
1547750 1422
1547760 1424
1547770 1424
1547780 1426
1547790 1428
1547800 1428
1547810 1430
1547820 1432
1547830 1434
1547840 1434
1547850 1435
1547860 1435
1547870 1435
1547880 1435
1547890 1435
1547900 1435
1547910 1435
1547920 1434
1547930 1434
1547940 1433
1547950 1432
1547960 1432
1547970 1431
1547980 1429
1547990 1427
1548000 1427
1548010 1424
1548020 1422
1548030 1422
1548040 1418
1548050 1414
1548060 1414
1548070 1409
1548080 1404
1548090 1404
1548100 1399
1548110 1394
1548120 1394
1548130 1390
1548140 1386
1548150 1384
1548160 1384
1548170 1381
1548180 1378
1548190 1378
1548200 1376
1548210 1374
1548220 1374
1548230 1372
1548240 1370
1548250 1370
1548260 1367
1548270 1364
1548280 1364
1548290 1360
1548300 1355
1548310 1355
1548320 1350
1548330 1345
1548340 1340
1548350 1340
1548360 1335
1548370 1330
1548380 1330
1548390 1326
1548400 1321
1548410 1321
1548420 1318
1548430 1314
1548440 1314
1548450 1312
1548460 1309
1548470 1309
1548480 1307
1548490 1306
1548500 1306
1548510 1306
1548520 1305
1548530 1305
1548540 1305
1548550 1305
1548560 1304
1548570 1304
1548580 1304
1548590 1303
1548600 1303
1548610 1302
1548620 1300
1548630 1300
1548640 1298
1548650 1298
1548660 1299
1548670 1299
1548680 1301
1548690 1302
1548700 1302
1548710 1303
1548720 1303
1548730 1303
1548740 1305
1548750 1306
1548760 1306
1548770 1307
1548780 1308
1548790 1308
1548800 1309
1548810 1309
1548820 1309
1548830 1309
1548840 1310
1548850 1310
1548860 1310
1548870 1309
1548880 1305
1548890 1305
1548900 1301
1548910 1297
1548920 1297
1548930 1294
1548940 1292
1548950 1292
1548960 1291
1548970 1290
1548980 1289
1548990 1289
1549000 1287
1549010 1285
1549020 1285
1549030 1283
1549040 1281
1549050 1281
1549060 1280
1549070 1279
1549080 1279
1549090 1279
1549100 1279
1549110 1279
1549120 1278
1549130 1277
1549140 1277
1549150 1276
1549160 1275
1549170 1275
1549180 1275
1549190 1274
1549200 1272
1549210 1272
1549220 1271
1549230 1270
1549240 1270
1549250 1269
1549260 1268
1549270 1268
1549280 1267
1549290 1266
1549300 1266
1549310 1264
1549320 1263
1549330 1262
1549340 1262
1549350 1261
1549360 1260
1549370 1260
1549380 1259
1549390 1258
1549400 1258
1549410 1256
1549420 1255
1549430 1255
1549440 1254
1549450 1253
1549460 1253
1549470 1250
1549480 1246
1549490 1240
1549500 1240
1549510 1234
1549520 1229
1549530 1229
1549540 1226
1549550 1222
1549560 1222
1549570 1223
1549580 1225
1549590 1225
1549600 1227
1549610 1230
1549620 1230
1549630 1232
1549640 1233
1549650 1232
1549660 1232
1549670 1230
1549680 1230
1549690 1228
1549700 1228
1549710 1228
1549720 1228
1549730 1228
1549740 1226
1549750 1226
1549760 1226
1549770 1226
1549780 1226
1549790 1224
1549800 1222
1549810 1222
1549820 1223
1549830 1222
1549840 1224
1549850 1224
1549860 1229
1549870 1235
1549880 1235
1549890 1240
1549900 1245
1549910 1245
1549920 1248
1549930 1251
1549940 1251
1549950 1254
1549960 1256
1549970 1256
1549980 1259
1549990 1262
1550000 1266
1550010 1266
1550020 1269
1550030 1272
1550040 1272
1550050 1276
1550060 1281
1550070 1281
1550080 1286
1550090 1290
1550100 1290
1550110 1295
1550120 1300
1550130 1300
1550140 1307
1550150 1313
1550160 1319
1550170 1319
1550180 1324
1550190 1330
1550200 1330
1550210 1336
1550220 1342
1550230 1342
1550240 1348
1550250 1354
1550260 1354
1550270 1359
1550280 1364
1550290 1364
1550300 1369
1550310 1373
1550320 1376
1550330 1376
1550340 1379
1550350 1382
1550360 1382
1550370 1384
1550380 1386
1550390 1386
1550400 1387
1550410 1388
1550420 1388
1550430 1389
1550440 1389
1550450 1389
1550460 1389
1550470 1390
1550480 1390
1550490 1390
1550500 1390
1550510 1389
1550520 1389
1550530 1389
1550540 1388
1550550 1388
1550560 1387
1550570 1385
1550580 1385
1550590 1383
1550600 1382
1550610 1382
1550620 1381
1550630 1378
1550640 1378
1550650 1375
1550660 1374
1550670 1375
1550680 1375
1550690 1374
1550700 1371
1550710 1371
1550720 1368
1550730 1364
1550740 1364
1550750 1358
1550760 1353
1550770 1353
1550780 1348
1550790 1343
1550800 1343
1550810 1340
1550820 1336
1550830 1333
1550840 1333
1550850 1331
1550860 1329
1550870 1329
1550880 1328
1550890 1326
1550900 1326
1550910 1325
1550920 1324
1550930 1324
1550940 1323
1550950 1321
1550960 1321
1550970 1319
1550980 1317
1550990 1314
1551000 1314
1551010 1310
1551020 1307
1551030 1307
1551040 1302
1551050 1298
1551060 1298
1551070 1293
1551080 1289
1551090 1289
1551100 1285
1551110 1280
1551120 1280
1551130 1278
1551140 1275
1551150 1273
1551160 1273
1551170 1270
1551180 1267
1551190 1267
1551200 1265
1551210 1263
1551220 1263
1551230 1261
1551240 1259
1551250 1259
1551260 1257
1551270 1254
1551280 1254
1551290 1253
1551300 1251
1551310 1251
1551320 1249
1551330 1248
1551340 1245
1551350 1245
1551360 1242
1551370 1239
1551380 1239
1551390 1237
1551400 1236
1551410 1236
1551420 1235
1551430 1234
1551440 1234
1551450 1233
1551460 1232
1551470 1232
1551480 1231
1551490 1230
1551500 1229
1551510 1229
1551520 1228
1551530 1228
1551540 1228
1551550 1228
1551560 1228
1551570 1228
1551580 1228
1551590 1227
1551600 1224
1551610 1221
1551620 1217
1551630 1217
1551640 1214
1551650 1210
1551660 1205
1551670 1205
1551680 1197
1551690 1189
1551700 1189
1551710 1183
1551720 1179
1551730 1179
1551740 1175
1551750 1170
1551760 1170
1551770 1166
1551780 1163
1551790 1163
1551800 1162
1551810 1159
1551820 1155
1551830 1155
1551840 1152
1551850 1147
1551860 1147
1551870 1143
1551880 1139
1551890 1139
1551900 1134
1551910 1128
1551920 1128
1551930 1123
1551940 1122
1551950 1122
1551960 1123
1551970 1126
1551980 1126
1551990 1130
1552000 1135
1552010 1140
1552020 1140
1552030 1145
1552040 1151
1552050 1151
1552060 1157
1552070 1163
1552080 1163
1552090 1168
1552100 1171
1552110 1171
1552120 1174
1552130 1177
1552140 1177
1552150 1181
1552160 1184
1552170 1188
1552180 1188
1552190 1191
1552200 1195
1552210 1195
1552220 1198
1552230 1202
1552240 1202
1552250 1206
1552260 1209
1552270 1209
1552280 1213
1552290 1216
1552300 1216
1552310 1219
1552320 1222
1552330 1225
1552340 1225
1552350 1229
1552360 1233
1552370 1233
1552380 1237
1552390 1240
1552400 1240
1552410 1243
1552420 1246
1552430 1246
1552440 1249
1552450 1252
1552460 1252
1552470 1255
1552480 1258
1552490 1261
1552500 1261
1552510 1264
1552520 1267
1552530 1267
1552540 1269
1552550 1272
1552560 1272
1552570 1276
1552580 1280
1552590 1280
1552600 1284
1552610 1288
1552620 1288
1552630 1292
1552640 1296
1552650 1296
1552660 1300
1552670 1304
1552680 1308
1552690 1308
1552700 1312
1552710 1316
1552720 1316
1552730 1321
1552740 1326
1552750 1326
1552760 1330
1552770 1334
1552780 1334
1552790 1338
1552800 1342
1552810 1342
1552820 1345
1552830 1349
1552840 1353
1552850 1353
1552860 1356
1552870 1360
1552880 1360
1552890 1364
1552900 1367
1552910 1367
1552920 1370
1552930 1373
1552940 1373
1552950 1375
1552960 1378
1552970 1378
1552980 1382
1552990 1386
1553000 1390
1553010 1390
1553020 1392
1553030 1395
1553040 1395
1553050 1397
1553060 1399
1553070 1399
1553080 1401
1553090 1403
1553100 1403
1553110 1406
1553120 1408
1553130 1408
1553140 1411
1553150 1414
1553160 1417
1553170 1417
1553180 1419
1553190 1421
1553200 1421
1553210 1423
1553220 1425
1553230 1425
1553240 1427
1553250 1429
1553260 1429
1553270 1432
1553280 1436
1553290 1436
1553300 1440
1553310 1443
1553320 1443
1553330 1445
1553340 1447
1553350 1449
1553360 1449
1553370 1453
1553380 1461
1553390 1461
1553400 1469
1553410 1473
1553420 1473
1553430 1477
1553440 1481
1553450 1482
1553460 1486
1553470 1490
1553480 1490
1553490 1495
1553500 1498
1553510 1501
1553520 1501
1553530 1503
1553540 1504
1553550 1504
1553560 1505
1553570 1507
1553580 1507
1553590 1508
1553600 1509
1553610 1509
1553620 1509
1553630 1508
1553640 1508
1553650 1506
1553660 1505
1553670 1503
1553680 1503
1553690 1502
1553700 1500
1553710 1500
1553720 1498
1553730 1496
1553740 1496
1553750 1494
1553760 1491
1553770 1491
1553780 1488
1553790 1485
1553800 1485
1553810 1484
1553820 1482
1553830 1481
1553840 1481
1553850 1478
1553860 1476
1553870 1476
1553880 1472
1553890 1468
1553900 1468
1553910 1462
1553920 1456
1553930 1456
1553940 1451
1553950 1446
1553960 1446
1553970 1442
1553980 1442
1553990 1442
1554000 1442
1554010 1442
1554020 1441
1554030 1441
1554040 1439
1554050 1439
1554060 1439
1554070 1441
1554080 1443
1554090 1443
1554100 1445
1554110 1447
1554120 1447
1554130 1448
1554140 1450
1554150 1450
1554160 1452
1554170 1453
1554180 1454
1554190 1454
1554200 1456
1554210 1456
1554220 1456
1554230 1457
1554240 1457
1554250 1457
1554260 1457
1554270 1458
1554280 1458
1554290 1459
1554300 1460
1554310 1460
1554320 1460
1554330 1459
1554340 1458
1554350 1458
1554360 1457
1554370 1455
1554380 1455
1554390 1453
1554400 1450
1554410 1450
1554420 1447
1554430 1444
1554440 1444
1554450 1441
1554460 1437
1554470 1437
1554480 1433
1554490 1428
1554500 1424
1554510 1424
1554520 1420
1554530 1415
1554540 1415
1554550 1410
1554560 1404
1554570 1404
1554580 1398
1554590 1393
1554600 1393
1554610 1389
1554620 1390
1554630 1390
1554640 1391
1554650 1392
1554660 1392
1554670 1392
1554680 1393
1554690 1392
1554700 1392
1554710 1392
1554720 1392
1554730 1392
1554740 1392
1554750 1391
1554760 1391
1554770 1390
1554780 1389
1554790 1389
1554800 1389
1554810 1387
1554820 1387
1554830 1386
1554840 1386
1554850 1386
1554860 1386
1554870 1388
1554880 1391
1554890 1391
1554900 1395
1554910 1399
1554920 1399
1554930 1403
1554940 1407
1554950 1407
1554960 1411
1554970 1415
1554980 1415
1554990 1419
1555000 1423
1555010 1427
1555020 1427
1555030 1432
1555040 1436
1555050 1436
1555060 1441
1555070 1445
1555080 1445
1555090 1449
1555100 1453
1555110 1453
1555120 1457
1555130 1462
1555140 1462
1555150 1466
1555160 1470
1555170 1474
1555180 1474
1555190 1478
1555200 1482
1555210 1482
1555220 1485
1555230 1489
1555240 1489
1555250 1493
1555260 1497
1555270 1497
1555280 1501
1555290 1505
1555300 1505
1555310 1509
1555320 1512
1555330 1515
1555340 1515
1555350 1518
1555360 1522
1555370 1522
1555380 1525
1555390 1528
1555400 1528
1555410 1531
1555420 1534
1555430 1534
1555440 1537
1555450 1541
1555460 1541
1555470 1543
1555480 1545
1555490 1545
1555500 1547
1555510 1548
1555520 1549
1555530 1549
1555540 1550
1555550 1550
1555560 1550
1555570 1551
1555580 1551
1555590 1551
1555600 1552
1555610 1552
1555620 1552
1555630 1552
1555640 1552
1555650 1552
1555660 1552
1555670 1551
1555680 1550
1555690 1550
1555700 1550
1555710 1551
1555720 1551
1555730 1551
1555740 1551
1555750 1551
1555760 1551
1555770 1551
1555780 1551
1555790 1551
1555800 1551
1555810 1551
1555820 1551
1555830 1550
1555840 1549
1555850 1549
1555860 1547
1555870 1546
1555880 1546
1555890 1543
1555900 1540
1555910 1540
1555920 1538
1555930 1536
1555940 1536
1555950 1533
1555960 1530
1555970 1530
1555980 1527
1555990 1525
1556000 1522
1556010 1522
1556020 1520
1556030 1517
1556040 1517
1556050 1515
1556060 1513
1556070 1513
1556080 1511
1556090 1510
1556100 1510
1556110 1508
1556120 1507
1556130 1507
1556140 1506
1556150 1505
1556160 1505
1556170 1503
1556180 1501
1556190 1500
1556200 1500
1556210 1499
1556220 1498
1556230 1498
1556240 1497
1556250 1496
1556260 1496
1556270 1495
1556280 1494
1556290 1494
1556300 1492
1556310 1491
1556320 1491
1556330 1490
1556340 1488
1556350 1487
1556360 1487
1556370 1486
1556380 1486
1556390 1486
1556400 1485
1556410 1484
1556420 1484
1556430 1482
1556440 1480
1556450 1480
1556460 1478
1556470 1476
1556480 1476
1556490 1473
1556500 1470
1556510 1466
1556520 1466
1556530 1463
1556540 1460
1556550 1460
1556560 1456
1556570 1454
1556580 1454
1556590 1452
1556600 1450
1556610 1450
1556620 1447
1556630 1445
1556640 1445
1556650 1442
1556660 1439
1556670 1437
1556680 1437
1556690 1435
1556700 1434
1556710 1434
1556720 1434
1556730 1434
1556740 1434
1556750 1433
1556760 1433
1556770 1433
1556780 1433
1556790 1433
1556800 1433
1556810 1433
1556820 1433
1556830 1433
1556840 1433
1556850 1434
1556860 1434
1556870 1434
1556880 1434
1556890 1435
1556900 1435
1556910 1436
1556920 1437
1556930 1437
1556940 1437
1556950 1436
1556960 1436
1556970 1436
1556980 1436
1556990 1436
1557000 1435
1557010 1432
1557020 1432
1557030 1432
1557040 1432
1557050 1431
1557060 1431
1557070 1431
1557080 1430
1557090 1430
1557100 1428
1557110 1426
1557120 1426
1557130 1423
1557140 1420
1557150 1420
1557160 1416
1557170 1412
1557180 1408
1557190 1408
1557200 1404
1557210 1401
1557220 1401
1557230 1400
1557240 1399
1557250 1399
1557260 1399
1557270 1397
1557280 1397
1557290 1396
1557300 1396
1557310 1396
1557320 1397
1557330 1397
1557340 1398
1557350 1398
1557360 1399
1557370 1400
1557380 1400
1557390 1400
1557400 1400
1557410 1400
1557420 1400
1557430 1400
1557440 1400
1557450 1400
1557460 1400
1557470 1400
1557480 1400
1557490 1401
1557500 1403
1557510 1403
1557520 1404
1557530 1404
1557540 1404
1557550 1404
1557560 1403
1557570 1403
1557580 1402
1557590 1402
1557600 1402
1557610 1402
1557620 1401
1557630 1401
1557640 1401
1557650 1400
1557660 1400
1557670 1399
1557680 1399
1557690 1400
1557700 1400
1557710 1400
1557720 1401
1557730 1401
1557740 1401
1557750 1401
1557760 1401
1557770 1401
1557780 1401
1557790 1401
1557800 1401
1557810 1401
1557820 1401
1557830 1401
1557840 1402
1557850 1402
1557860 1402
1557870 1402
1557880 1402
1557890 1402
1557900 1401
1557910 1401
1557920 1401
1557930 1400
1557940 1398
1557950 1398
1557960 1397
1557970 1396
1557980 1396
1557990 1394
1558000 1393
1558010 1391
1558020 1391
1558030 1390
1558040 1389
1558050 1389
1558060 1388
1558070 1386
1558080 1386
1558090 1384
1558100 1383
1558110 1383
1558120 1382
1558130 1381
1558140 1381
1558150 1380
1558160 1378
1558170 1378
1558180 1378
1558190 1378
1558200 1377
1558210 1377
1558220 1377
1558230 1377
1558240 1377
1558250 1377
1558260 1377
1558270 1377
1558280 1377
1558290 1376
1558300 1376
1558310 1375
1558320 1375
1558330 1375
1558340 1375
1558350 1375
1558360 1375
1558370 1375
1558380 1375
1558390 1376
1558400 1376
1558410 1377
1558420 1377
1558430 1377
1558440 1377
1558450 1377
1558460 1377
1558470 1376
1558480 1376
1558490 1376
1558500 1374
1558510 1372
1558520 1370
1558530 1370
1558540 1368
1558550 1366
1558560 1366
1558570 1364
1558580 1361
1558590 1361
1558600 1359
1558610 1356
1558620 1356
1558630 1354
1558640 1351
1558650 1351
1558660 1348
1558670 1346
1558680 1343
1558690 1343
1558700 1340
1558710 1338
1558720 1338
1558730 1335
1558740 1333
1558750 1333
1558760 1330
1558770 1328
1558780 1328
1558790 1325
1558800 1323
1558810 1323
1558820 1320
1558830 1317
1558840 1314
1558850 1314
1558860 1310
1558870 1307
1558880 1307
1558890 1304
1558900 1301
1558910 1301
1558920 1299
1558930 1294
1558940 1294
1558950 1287
1558960 1279
1558970 1279
1558980 1271
1558990 1264
1559000 1264
1559010 1256
1559020 1250
1559030 1243
1559040 1243
1559050 1237
1559060 1231
1559070 1231
1559080 1226
1559090 1220
1559100 1220
1559110 1216
1559120 1212
1559130 1212
1559140 1208
1559150 1207
1559160 1207
1559170 1208
1559180 1208
1559190 1210
1559200 1210
1559210 1213
1559220 1217
1559230 1217
1559240 1221
1559250 1227
1559260 1227
1559270 1234
1559280 1240
1559290 1240
1559300 1246
1559310 1250
1559320 1250
1559330 1253
1559340 1256
1559350 1257
1559360 1257
1559370 1258
1559380 1257
1559390 1257
1559400 1257
1559410 1255
1559420 1255
1559430 1252
1559440 1247
1559450 1247
1559460 1240
1559470 1232
1559480 1232
1559490 1224
1559500 1217
1559510 1211
1559520 1211
1559530 1205
1559540 1199
1559550 1199
1559560 1194
1559570 1190
1559580 1190
1559590 1186
1559600 1183
1559610 1183
1559620 1181
1559630 1179
1559640 1179
1559650 1177
1559660 1176
1559670 1176
1559680 1173
1559690 1168
1559700 1162
1559710 1162
1559720 1156
1559730 1150
1559740 1150
1559750 1146
1559760 1141
1559770 1141
1559780 1138
1559790 1136
1559800 1136
1559810 1133
1559820 1130
1559830 1130
1559840 1128
1559850 1126
1559860 1124
1559870 1124
1559880 1121
1559890 1118
1559900 1118
1559910 1116
1559920 1113
1559930 1113
1559940 1111
1559950 1108
1559960 1108
1559970 1106
1559980 1104
1559990 1104
