1540000 780
1540010 782
1540020 777
1540030 771
1540040 771
1540050 766
1540060 772
1540070 772
1540080 776
1540090 775
1540100 775
1540110 769
1540120 761
1540130 761
1540140 753
1540150 745
1540160 745
1540170 741
1540180 741
1540190 741
1540200 745
1540210 750
1540220 756
1540230 756
1540240 759
1540250 759
1540260 759
1540270 758
1540280 753
1540290 753
1540300 748
1540310 743
1540320 743
1540330 738
1540340 734
1540350 734
1540360 732
1540370 729
1540380 727
1540390 727
1540400 726
1540410 724
1540420 724
1540430 723
1540440 721
1540450 721
1540460 721
1540470 716
1540480 716
1540490 718
1540500 721
1540510 721
1540520 722
1540530 719
1540540 714
1540550 714
1540560 716
1540570 725
1540580 725
1540590 731
1540600 736
1540610 736
1540620 740
1540630 740
1540640 740
1540650 739
1540660 736
1540670 736
1540680 735
1540690 738
1540700 738
1540710 742
1540720 747
1540730 752
1540740 752
1540750 757
1540760 762
1540770 762
1540780 766
1540790 770
1540800 770
1540810 776
1540820 782
1540830 782
1540840 789
1540850 795
1540860 795
1540870 800
1540880 804
1540890 804
1540900 804
1540910 803
1540920 801
1540930 801
1540940 800
1540950 800
1540960 800
1540970 801
1540980 801
1540990 801
1541000 800
1541010 798
1541020 798
1541030 797
1541040 797
1541050 798
1541060 798
1541070 798
1541080 797
1541090 797
1541100 795
1541110 795
1541120 795
1541130 797
1541140 801
1541150 801
1541160 803
1541170 803
1541180 803
1541190 800
1541200 798
1541210 796
1541220 796
1541230 796
1541240 793
1541250 793
1541260 785
1541270 776
1541280 776
1541290 771
1541300 770
1541310 770
1541320 771
1541330 772
1541340 772
1541350 774
1541360 774
1541370 774
1541380 776
1541390 779
1541400 783
1541410 783
1541420 788
1541430 792
1541440 792
1541450 796
1541460 800
1541470 800
1541480 803
1541490 806
1541500 806
1541510 808
1541520 811
1541530 811
1541540 813
1541550 816
1541560 820
1541570 820
1541580 823
1541590 827
1541600 827
1541610 830
1541620 833
1541630 833
1541640 835
1541650 836
1541660 836
1541670 837
1541680 836
1541690 836
1541700 836
1541710 836
1541720 837
1541730 837
1541740 837
1541750 837
1541760 837
1541770 839
1541780 840
1541790 840
1541800 840
1541810 840
1541820 840
1541830 839
1541840 838
1541850 838
1541860 837
1541870 837
1541880 836
1541890 836
1541900 835
1541910 834
1541920 834
1541930 833
1541940 831
1541950 831
1541960 830
1541970 829
1541980 829
1541990 828
1542000 827
1542010 827
1542020 826
1542030 824
1542040 824
1542050 823
1542060 822
1542070 819
1542080 819
1542090 817
1542100 815
1542110 815
1542120 813
1542130 811
1542140 811
1542150 808
1542160 805
1542170 805
1542180 803
1542190 801
1542200 801
1542210 801
1542220 801
1542230 801
1542240 801
1542250 801
1542260 800
1542270 800
1542280 799
1542290 799
1542300 799
1542310 799
1542320 799
1542330 799
1542340 799
1542350 799
1542360 799
1542370 801
1542380 801
1542390 800
1542400 800
1542410 798
1542420 800
1542430 800
1542440 801
1542450 802
1542460 802
1542470 802
1542480 802
1542490 802
1542500 803
1542510 803
1542520 803
1542530 803
1542540 804
1542550 804
1542560 804
1542570 804
1542580 805
1542590 805
1542600 805
1542610 805
1542620 805
1542630 806
1542640 807
1542650 807
1542660 807
1542670 808
1542680 808
1542690 811
1542700 813
1542710 813
1542720 814
1542730 815
1542740 814
1542750 814
1542760 814
1542770 812
1542780 812
1542790 811
1542800 808
1542810 808
1542820 808
1542830 808
1542840 808
1542850 808
1542860 809
1542870 809
1542880 810
1542890 810
1542900 810
1542910 810
1542920 810
1542930 811
1542940 811
1542950 813
1542960 813
1542970 813
1542980 814
1542990 814
1543000 814
1543010 814
1543020 814
1543030 814
1543040 814
1543050 814
1543060 815
1543070 815
1543080 815
1543090 813
1543100 813
1543110 814
1543120 815
1543130 815
1543140 815
1543150 815
1543160 815
1543170 815
1543180 815
1543190 815
1543200 816
1543210 817
1543220 818
1543230 818
1543240 818
1543250 819
1543260 819
1543270 819
1543280 819
1543290 819
1543300 821
1543310 821
1543320 821
1543330 821
1543340 821
1543350 821
1543360 821
1543370 820
1543380 820
1543390 821
1543400 823
1543410 825
1543420 825
1543430 826
1543440 826
1543450 826
1543460 826
1543470 826
1543480 826
1543490 827
1543500 827
1543510 827
1543520 827
1543530 828
1543540 828
1543550 828
1543560 829
1543570 829
1543580 829
1543590 829
1543600 829
1543610 829
1543620 830
1543630 830
1543640 830
1543650 830
1543660 830
1543670 830
1543680 831
1543690 831
1543700 831
1543710 831
1543720 832
1543730 832
1543740 832
1543750 833
1543760 834
1543770 834
1543780 836
1543790 838
1543800 838
1543810 839
1543820 840
1543830 840
1543840 841
1543850 841
1543860 841
1543870 841
1543880 841
1543890 841
1543900 841
1543910 840
1543920 841
1543930 841
1543940 841
1543950 841
1543960 841
1543970 842
1543980 843
1543990 843
1544000 844
1544010 845
1544020 845
1544030 845
1544040 846
1544050 846
1544060 846
1544070 844
1544080 843
1544090 843
1544100 842
1544110 843
1544120 843
1544130 844
1544140 844
1544150 844
1544160 844
1544170 844
1544180 844
1544190 845
1544200 846
1544210 846
1544220 848
1544230 850
1544240 851
1544250 851
1544260 852
1544270 853
1544280 853
1544290 854
1544300 854
1544310 854
1544320 853
1544330 851
1544340 851
1544350 850
1544360 850
1544370 850
1544380 851
1544390 851
1544400 851
1544410 851
1544420 851
1544430 852
1544440 855
1544450 857
1544460 859
1544470 859
1544480 860
1544490 860
1544500 860
1544510 859
1544520 861
1544530 861
1544540 862
1544550 863
1544560 864
1544570 864
1544580 866
1544590 866
1544600 866
1544610 866
1544620 866
1544630 866
1544640 865
1544650 865
1544660 865
1544670 865
1544680 865
1544690 865
1544700 864
1544710 863
1544720 863
1544730 863
1544740 863
1544750 863
1544760 863
1544770 864
1544780 864
1544790 864
1544800 863
1544810 865
1544820 865
1544830 868
1544840 871
1544850 871
1544860 874
1544870 875
1544880 875
1544890 875
1544900 876
1544910 877
1544920 877
1544930 879
1544940 881
1544950 881
1544960 883
1544970 885
1544980 885
1544990 886
1545000 888
1545010 888
1545020 890
1545030 892
1545040 892
1545050 894
1545060 897
1545070 899
1545080 899
1545090 901
1545100 902
1545110 902
1545120 904
1545130 904
1545140 904
1545150 903
1545160 903
1545170 903
1545180 902
1545190 902
1545200 902
1545210 903
1545220 904
1545230 904
1545240 904
1545250 904
1545260 904
1545270 904
1545280 904
1545290 904
1545300 904
1545310 906
1545320 907
1545330 907
1545340 908
1545350 910
1545360 910
1545370 911
1545380 912
1545390 912
1545400 913
1545410 913
1545420 913
1545430 913
1545440 914
1545450 914
1545460 914
1545470 915
1545480 916
1545490 916
1545500 918
1545510 920
1545520 920
1545530 921
1545540 922
1545550 922
1545560 923
1545570 923
1545580 926
1545590 926
1545600 929
1545610 932
1545620 932
1545630 934
1545640 934
1545650 934
1545660 935
1545670 935
1545680 935
1545690 936
1545700 938
1545710 938
1545720 939
1545730 940
1545740 944
1545750 944
1545760 947
1545770 948
1545780 948
1545790 951
1545800 956
1545810 956
1545820 960
1545830 963
1545840 963
1545850 967
1545860 971
1545870 971
1545880 976
1545890 979
1545900 979
1545910 982
1545920 984
1545930 987
1545940 987
1545950 990
1545960 992
1545970 992
1545980 994
1545990 996
1546000 996
1546010 997
1546020 998
1546030 998
1546040 1000
1546050 1001
1546060 1001
1546070 1002
1546080 1003
1546090 1004
1546100 1004
1546110 1005
1546120 1006
1546130 1006
1546140 1007
1546150 1008
1546160 1008
1546170 1009
1546180 1010
1546190 1010
1546200 1011
1546210 1012
1546220 1012
1546230 1012
1546240 1013
1546250 1013
1546260 1013
1546270 1014
1546280 1015
1546290 1015
1546300 1016
1546310 1018
1546320 1018
1546330 1021
1546340 1022
1546350 1022
1546360 1023
1546370 1023
1546380 1023
1546390 1025
1546400 1027
1546410 1028
1546420 1028
1546430 1029
1546440 1030
1546450 1030
1546460 1031
1546470 1032
1546480 1032
1546490 1029
1546500 1023
1546510 1016
1546520 1015
1546530 1022
1546540 1022
1546550 1029
1546560 1031
1546570 1031
1546580 1035
1546590 1040
1546600 1043
1546610 1043
1546620 1047
1546630 1051
1546640 1051
1546650 1055
1546660 1058
1546670 1058
1546680 1060
1546690 1061
1546700 1061
1546710 1062
1546720 1062
1546730 1062
1546740 1062
1546750 1060
1546760 1061
1546770 1061
1546780 1065
1546790 1068
1546800 1068
1546810 1069
1546820 1070
1546830 1070
1546840 1071
1546850 1074
1546860 1074
1546870 1078
1546880 1083
1546890 1083
1546900 1091
1546910 1094
1546920 1097
1546930 1097
1546940 1098
1546950 1097
1546960 1097
1546970 1095
1546980 1091
1546990 1091
1547000 1087
1547010 1081
1547020 1081
1547030 1073
1547040 1067
1547050 1067
1547060 1060
1547070 1053
1547080 1049
1547090 1049
1547100 1045
1547110 1043
1547120 1043
1547130 1038
1547140 1039
1547150 1039
1547160 1042
1547170 1046
1547180 1046
1547190 1048
1547200 1050
1547210 1050
1547220 1061
1547230 1069
1547240 1069
1547250 1074
1547260 1076
1547270 1079
1547280 1079
1547290 1081
1547300 1083
1547310 1083
1547320 1085
1547330 1086
1547340 1086
1547350 1088
1547360 1090
1547370 1090
1547380 1092
1547390 1094
1547400 1094
1547410 1095
1547420 1097
1547430 1099
1547440 1099
1547450 1100
1547460 1101
1547470 1101
1547480 1103
1547490 1105
1547500 1105
1547510 1106
1547520 1108
1547530 1108
1547540 1109
1547550 1110
1547560 1110
1547570 1110
1547580 1111
1547590 1112
1547600 1112
1547610 1113
1547620 1114
1547630 1114
1547640 1115
1547650 1116
1547660 1116
1547670 1118
1547680 1119
1547690 1119
1547700 1121
1547710 1123
1547720 1123
1547730 1124
1547740 1126
1547750 1129
1547760 1129
1547770 1131
1547780 1133
1547790 1133
1547800 1135
1547810 1137
1547820 1137
1547830 1138
1547840 1138
1547850 1138
1547860 1137
1547870 1137
1547880 1137
1547890 1138
1547900 1138
1547910 1138
1547920 1139
1547930 1141
1547940 1142
1547950 1142
1547960 1143
1547970 1144
1547980 1144
1547990 1145
1548000 1146
1548010 1146
1548020 1146
1548030 1146
1548040 1146
1548050 1146
1548060 1145
1548070 1145
1548080 1143
1548090 1143
1548100 1142
1548110 1142
1548120 1140
1548130 1139
1548140 1139
1548150 1140
1548160 1141
1548170 1141
1548180 1142
1548190 1144
1548200 1144
1548210 1147
1548220 1149
1548230 1149
1548240 1150
1548250 1151
1548260 1152
1548270 1152
1548280 1153
1548290 1154
1548300 1154
1548310 1154
1548320 1156
1548330 1156
1548340 1159
1548350 1161
1548360 1161
1548370 1162
1548380 1163
1548390 1163
1548400 1164
1548410 1167
1548420 1170
1548430 1170
1548440 1172
1548450 1173
1548460 1173
1548470 1173
1548480 1173
1548490 1173
1548500 1173
1548510 1173
1548520 1171
1548530 1170
1548540 1170
1548550 1170
1548560 1170
1548570 1168
1548580 1168
1548590 1166
1548600 1164
1548610 1160
1548620 1160
1548630 1156
1548640 1152
1548650 1152
1548660 1149
1548670 1145
1548680 1145
1548690 1142
1548700 1140
1548710 1140
1548720 1139
1548730 1137
1548740 1137
1548750 1134
1548760 1130
1548770 1125
1548780 1125
1548790 1121
1548800 1120
1548810 1120
1548820 1118
1548830 1116
1548840 1116
1548850 1114
1548860 1112
1548870 1112
1548880 1109
1548890 1108
1548900 1108
1548910 1107
1548920 1107
1548930 1107
1548940 1107
1548950 1106
1548960 1105
1548970 1105
1548980 1104
1548990 1102
1549000 1102
1549010 1101
1549020 1097
1549030 1097
1549040 1095
1549050 1097
1549060 1097
1549070 1096
1549080 1094
1549090 1094
1549100 1093
1549110 1093
1549120 1093
1549130 1093
1549140 1094
1549150 1094
1549160 1094
1549170 1093
1549180 1094
1549190 1094
1549200 1096
1549210 1097
1549220 1097
1549230 1098
1549240 1099
1549250 1099
1549260 1100
1549270 1100
1549280 1100
1549290 1100
1549300 1099
1549310 1098
1549320 1098
1549330 1097
1549340 1095
1549350 1095
1549360 1094
1549370 1096
1549380 1096
1549390 1101
1549400 1105
1549410 1105
1549420 1105
1549430 1105
1549440 1106
1549450 1106
1549460 1106
1549470 1107
1549480 1107
1549490 1109
1549500 1111
1549510 1111
1549520 1113
1549530 1115
1549540 1115
1549550 1116
1549560 1117
1549570 1117
1549580 1119
1549590 1120
1549600 1122
1549610 1122
1549620 1125
1549630 1129
1549640 1129
1549650 1133
1549660 1140
1549670 1140
1549680 1146
1549690 1151
1549700 1151
1549710 1154
1549720 1157
1549730 1157
1549740 1159
1549750 1161
1549760 1161
1549770 1162
1549780 1164
1549790 1165
1549800 1165
1549810 1166
1549820 1167
1549830 1167
1549840 1166
1549850 1164
1549860 1164
1549870 1162
1549880 1160
1549890 1160
1549900 1157
1549910 1153
1549920 1153
1549930 1152
1549940 1154
1549950 1155
1549960 1155
1549970 1156
1549980 1157
1549990 1157
1550000 1158
1550010 1160
1550020 1160
1550030 1162
1550040 1165
1550050 1165
1550060 1166
1550070 1166
1550080 1166
1550090 1167
1550100 1167
1550110 1168
1550120 1168
1550130 1168
1550140 1167
1550150 1167
1550160 1168
1550170 1167
1550180 1167
1550190 1167
1550200 1167
1550210 1167
1550220 1168
1550230 1168
1550240 1168
1550250 1168
1550260 1167
1550270 1166
1550280 1166
1550290 1165
1550300 1164
1550310 1164
1550320 1162
1550330 1161
1550340 1161
1550350 1160
1550360 1159
1550370 1159
1550380 1158
1550390 1157
1550400 1157
1550410 1156
1550420 1155
1550430 1155
1550440 1155
1550450 1155
1550460 1152
1550470 1152
1550480 1151
1550490 1150
1550500 1150
1550510 1149
1550520 1148
1550530 1148
1550540 1149
1550550 1149
1550560 1149
1550570 1150
1550580 1150
1550590 1150
1550600 1150
1550610 1150
1550620 1151
1550630 1151
1550640 1152
1550650 1153
1550660 1153
1550670 1154
1550680 1156
1550690 1156
1550700 1157
1550710 1159
1550720 1159
1550730 1160
1550740 1161
1550750 1161
1550760 1163
1550770 1164
1550780 1165
1550790 1165
1550800 1167
1550810 1168
1550820 1168
1550830 1169
1550840 1171
1550850 1171
1550860 1172
1550870 1173
1550880 1173
1550890 1174
1550900 1176
1550910 1176
1550920 1177
1550930 1178
1550940 1179
1550950 1179
1550960 1180
1550970 1180
1550980 1180
1550990 1179
1551000 1179
1551010 1179
1551020 1177
1551030 1175
1551040 1175
1551050 1172
1551060 1168
1551070 1168
1551080 1165
1551090 1163
1551100 1163
1551110 1160
1551120 1157
1551130 1155
1551140 1155
1551150 1153
1551160 1150
1551170 1150
1551180 1145
1551190 1141
1551200 1141
1551210 1138
1551220 1132
1551230 1132
1551240 1128
1551250 1128
1551260 1128
1551270 1127
1551280 1126
1551290 1126
1551300 1126
1551310 1124
1551320 1123
1551330 1123
1551340 1121
1551350 1119
1551360 1119
1551370 1117
1551380 1115
1551390 1115
1551400 1114
1551410 1111
1551420 1111
1551430 1110
1551440 1108
1551450 1105
1551460 1105
1551470 1101
1551480 1097
1551490 1097
1551500 1094
1551510 1092
1551520 1092
1551530 1088
1551540 1084
1551550 1084
1551560 1079
1551570 1074
1551580 1074
1551590 1069
1551600 1065
1551610 1061
1551620 1061
1551630 1058
1551640 1055
1551650 1055
1551660 1052
1551670 1050
1551680 1050
1551690 1052
1551700 1056
1551710 1056
1551720 1059
1551730 1063
1551740 1063
1551750 1067
1551760 1072
1551770 1072
1551780 1077
1551790 1082
1551800 1085
1551810 1085
1551820 1088
1551830 1091
1551840 1091
1551850 1094
1551860 1095
1551870 1095
1551880 1096
1551890 1098
1551900 1098
1551910 1099
1551920 1100
1551930 1100
1551940 1102
1551950 1103
1551960 1105
1551970 1105
1551980 1106
1551990 1107
1552000 1107
1552010 1109
1552020 1111
1552030 1111
1552040 1113
1552050 1116
1552060 1116
1552070 1118
1552080 1121
1552090 1121
1552100 1124
1552110 1128
1552120 1130
1552130 1130
1552140 1133
1552150 1136
1552160 1136
1552170 1141
1552180 1146
1552190 1146
1552200 1151
1552210 1156
1552220 1156
1552230 1161
1552240 1166
1552250 1166
1552260 1170
1552270 1174
1552280 1177
1552290 1177
1552300 1180
1552310 1184
1552320 1184
1552330 1187
1552340 1189
1552350 1190
1552360 1189
1552370 1186
1552380 1186
1552390 1184
1552400 1185
1552410 1185
1552420 1186
1552430 1186
1552440 1186
1552450 1185
1552460 1184
1552470 1184
1552480 1184
1552490 1185
1552500 1184
1552510 1184
1552520 1182
1552530 1180
1552540 1180
1552550 1180
1552560 1180
1552570 1180
1552580 1181
1552590 1181
1552600 1181
1552610 1182
1552620 1183
1552630 1183
1552640 1183
1552650 1183
1552660 1184
1552670 1184
1552680 1184
1552690 1185
1552700 1185
1552710 1186
1552720 1187
1552730 1187
1552740 1188
1552750 1190
1552760 1190
1552770 1191
1552780 1192
1552790 1193
1552800 1193
1552810 1195
1552820 1197
1552830 1197
1552840 1201
1552850 1205
1552860 1205
1552870 1210
1552880 1217
1552890 1217
1552900 1223
1552910 1229
1552920 1229
1552930 1234
1552940 1239
1552950 1245
1552960 1245
1552970 1250
1552980 1254
1552990 1254
1553000 1259
1553010 1264
1553020 1264
1553030 1268
1553040 1272
1553050 1272
1553060 1276
1553070 1279
1553080 1279
1553090 1283
1553100 1288
1553110 1288
1553120 1292
1553130 1296
1553140 1299
1553150 1299
1553160 1302
1553170 1304
1553180 1304
1553190 1307
1553200 1309
1553210 1309
1553220 1310
1553230 1310
1553240 1310
1553250 1310
1553260 1309
1553270 1309
1553280 1308
1553290 1306
1553300 1303
1553310 1303
1553320 1300
1553330 1296
1553340 1296
1553350 1292
1553360 1288
1553370 1288
1553380 1284
1553390 1281
1553400 1281
1553410 1277
1553420 1273
1553430 1273
1553440 1270
1553450 1266
1553460 1263
1553470 1263
1553480 1259
1553490 1256
1553500 1256
1553510 1252
1553520 1249
1553530 1249
1553540 1245
1553550 1242
1553560 1242
1553570 1239
1553580 1236
1553590 1236
1553600 1233
1553610 1230
1553620 1228
1553630 1228
1553640 1225
1553650 1223
1553660 1223
1553670 1221
1553680 1218
1553690 1218
1553700 1215
1553710 1213
1553720 1213
1553730 1210
1553740 1208
1553750 1208
1553760 1206
1553770 1203
1553780 1203
1553790 1200
1553800 1198
1553810 1195
1553820 1195
1553830 1193
1553840 1192
1553850 1192
1553860 1190
1553870 1188
1553880 1188
1553890 1186
1553900 1184
1553910 1184
1553920 1183
1553930 1184
1553940 1184
1553950 1188
1553960 1193
1553970 1199
1553980 1199
1553990 1204
1554000 1209
1554010 1209
1554020 1214
1554030 1219
1554040 1219
1554050 1222
1554060 1226
1554070 1226
1554080 1229
1554090 1233
1554100 1233
1554110 1237
1554120 1240
1554130 1244
1554140 1244
1554150 1247
1554160 1251
1554170 1251
1554180 1256
1554190 1259
1554200 1259
1554210 1262
1554220 1265
1554230 1265
1554240 1268
1554250 1270
1554260 1270
1554270 1273
1554280 1276
1554290 1276
1554300 1279
1554310 1284
1554320 1288
1554330 1288
1554340 1292
1554350 1297
1554360 1297
1554370 1300
1554380 1304
1554390 1304
1554400 1309
1554410 1312
1554420 1312
1554430 1315
1554440 1317
1554450 1317
1554460 1318
1554470 1318
1554480 1318
1554490 1318
1554500 1314
1554510 1312
1554520 1312
1554530 1311
1554540 1309
1554550 1309
1554560 1307
1554570 1305
1554580 1305
1554590 1305
1554600 1304
1554610 1304
1554620 1303
1554630 1303
1554640 1302
1554650 1302
1554660 1303
1554670 1306
1554680 1306
1554690 1307
1554700 1308
1554710 1308
1554720 1309
1554730 1310
1554740 1310
1554750 1311
1554760 1312
1554770 1312
1554780 1315
1554790 1319
1554800 1324
1554810 1324
1554820 1329
1554830 1334
1554840 1334
1554850 1337
1554860 1340
1554870 1340
1554880 1343
1554890 1345
1554900 1345
1554910 1345
1554920 1345
1554930 1345
1554940 1345
1554950 1346
1554960 1346
1554970 1347
1554980 1350
1554990 1355
1555000 1355
1555010 1361
1555020 1365
1555030 1365
1555040 1367
1555050 1372
1555060 1372
1555070 1377
1555080 1378
1555090 1378
1555100 1379
1555110 1379
1555120 1379
1555130 1378
1555140 1378
1555150 1377
1555160 1377
1555170 1376
1555180 1375
1555190 1375
1555200 1375
1555210 1376
1555220 1376
1555230 1380
1555240 1385
1555250 1385
1555260 1389
1555270 1393
1555280 1393
1555290 1397
1555300 1401
1555310 1404
1555320 1404
1555330 1407
1555340 1410
1555350 1410
1555360 1413
1555370 1416
1555380 1416
1555390 1419
1555400 1422
1555410 1422
1555420 1425
1555430 1429
1555440 1429
1555450 1432
1555460 1435
1555470 1438
1555480 1438
1555490 1441
1555500 1444
1555510 1444
1555520 1447
1555530 1449
1555540 1449
1555550 1450
1555560 1452
1555570 1452
1555580 1453
1555590 1454
1555600 1454
1555610 1454
1555620 1455
1555630 1455
1555640 1456
1555650 1456
1555660 1457
1555670 1457
1555680 1457
1555690 1457
1555700 1457
1555710 1457
1555720 1456
1555730 1456
1555740 1455
1555750 1454
1555760 1454
1555770 1453
1555780 1451
1555790 1451
1555800 1449
1555810 1448
1555820 1445
1555830 1445
1555840 1443
1555850 1439
1555860 1439
1555870 1435
1555880 1430
1555890 1430
1555900 1424
1555910 1419
1555920 1419
1555930 1414
1555940 1408
1555950 1408
1555960 1402
1555970 1397
1555980 1393
1555990 1393
1556000 1388
1556010 1384
1556020 1384
1556030 1380
1556040 1375
1556050 1375
1556060 1370
1556070 1365
1556080 1365
1556090 1361
1556100 1356
1556110 1356
1556120 1351
1556130 1347
1556140 1342
1556150 1342
1556160 1337
1556170 1333
1556180 1333
1556190 1328
1556200 1324
1556210 1324
1556220 1319
1556230 1315
1556240 1315
1556250 1310
1556260 1306
1556270 1306
1556280 1301
1556290 1296
1556300 1296
1556310 1290
1556320 1285
1556330 1281
1556340 1281
1556350 1276
1556360 1271
1556370 1271
1556380 1264
1556390 1258
1556400 1258
1556410 1250
1556420 1244
1556430 1244
1556440 1237
1556450 1232
1556460 1232
1556470 1227
1556480 1221
1556490 1216
1556500 1216
1556510 1213
1556520 1211
1556530 1211
1556540 1213
1556550 1214
1556560 1214
1556570 1215
1556580 1214
1556590 1214
1556600 1213
1556610 1210
1556620 1210
1556630 1207
1556640 1205
1556650 1202
1556660 1202
1556670 1198
1556680 1194
1556690 1194
1556700 1190
1556710 1185
1556720 1185
1556730 1181
1556740 1178
1556750 1178
1556760 1175
1556770 1172
1556780 1172
1556790 1169
1556800 1167
1556810 1164
1556820 1164
1556830 1161
1556840 1159
1556850 1159
1556860 1157
1556870 1155
1556880 1155
1556890 1152
1556900 1148
1556910 1148
1556920 1144
1556930 1139
1556940 1139
1556950 1134
1556960 1130
1556970 1130
1556980 1124
1556990 1120
1557000 1115
1557010 1115
1557020 1110
1557030 1105
1557040 1105
1557050 1099
1557060 1095
1557070 1095
1557080 1097
1557090 1100
1557100 1100
1557110 1101
1557120 1102
1557130 1102
1557140 1104
1557150 1105
1557160 1107
1557170 1107
1557180 1108
1557190 1109
1557200 1109
1557210 1110
1557220 1111
1557230 1111
1557240 1112
1557250 1113
1557260 1113
1557270 1114
1557280 1114
1557290 1114
1557300 1115
1557310 1116
1557320 1115
1557330 1115
1557340 1114
1557350 1113
1557360 1113
1557370 1112
1557380 1111
1557390 1111
1557400 1109
1557410 1107
1557420 1107
1557430 1105
1557440 1103
1557450 1103
1557460 1101
1557470 1099
1557480 1096
1557490 1096
1557500 1093
1557510 1090
1557520 1090
1557530 1086
1557540 1084
1557550 1084
1557560 1080
1557570 1074
1557580 1074
1557590 1074
1557600 1076
1557610 1076
1557620 1079
1557630 1081
1557640 1081
1557650 1081
1557660 1082
1557670 1084
1557680 1084
1557690 1087
1557700 1086
1557710 1086
1557720 1087
1557730 1089
1557740 1089
1557750 1092
1557760 1094
1557770 1094
1557780 1096
1557790 1097
1557800 1097
1557810 1098
1557820 1099
1557830 1104
1557840 1104
1557850 1107
1557860 1110
1557870 1110
1557880 1114
1557890 1117
1557900 1117
1557910 1119
1557920 1122
1557930 1122
1557940 1124
1557950 1127
1557960 1127
1557970 1128
1557980 1131
1557990 1134
1558000 1134
1558010 1137
1558020 1139
1558030 1139
1558040 1142
1558050 1146
1558060 1146
1558070 1150
1558080 1152
1558090 1152
1558100 1156
1558110 1161
1558120 1161
1558130 1164
1558140 1167
1558150 1167
1558160 1169
1558170 1172
1558180 1175
1558190 1175
1558200 1178
1558210 1181
1558220 1181
1558230 1184
1558240 1186
1558250 1186
1558260 1188
1558270 1189
1558280 1189
1558290 1190
1558300 1191
1558310 1191
1558320 1191
1558330 1191
1558340 1191
1558350 1191
1558360 1189
1558370 1188
1558380 1188
1558390 1186
1558400 1184
1558410 1184
1558420 1180
1558430 1177
1558440 1177
1558450 1173
1558460 1168
1558470 1168
1558480 1163
1558490 1158
1558500 1153
1558510 1153
1558520 1149
1558530 1144
1558540 1144
1558550 1141
1558560 1140
1558570 1140
1558580 1139
1558590 1138
1558600 1138
1558610 1137
1558620 1136
1558630 1136
1558640 1136
1558650 1135
1558660 1135
1558670 1135
1558680 1135
1558690 1134
1558700 1134
1558710 1134
1558720 1133
1558730 1133
1558740 1133
1558750 1131
1558760 1131
1558770 1129
1558780 1127
1558790 1127
1558800 1125
1558810 1123
1558820 1123
1558830 1121
1558840 1119
1558850 1117
1558860 1117
1558870 1116
1558880 1115
1558890 1115
1558900 1115
1558910 1113
1558920 1113
1558930 1112
1558940 1110
1558950 1110
1558960 1109
1558970 1107
1558980 1107
1558990 1104
1559000 1102
1559010 1101
1559020 1101
1559030 1101
1559040 1102
1559050 1102
1559060 1102
1559070 1101
1559080 1101
1559090 1101
1559100 1101
1559110 1101
1559120 1101
1559130 1100
1559140 1100
1559150 1100
1559160 1099
1559170 1097
1559180 1097
1559190 1095
1559200 1094
1559210 1094
1559220 1092
1559230 1091
1559240 1091
1559250 1090
1559260 1089
1559270 1089
1559280 1088
1559290 1086
1559300 1086
1559310 1084
1559320 1082
1559330 1080
1559340 1080
1559350 1079
1559360 1076
1559370 1076
1559380 1074
1559390 1072
1559400 1072
1559410 1068
1559420 1068
1559430 1068
1559440 1067
1559450 1067
1559460 1067
1559470 1067
1559480 1066
1559490 1066
1559500 1065
1559510 1065
1559520 1063
1559530 1063
1559540 1062
1559550 1060
1559560 1060
1559570 1058
1559580 1055
1559590 1055
1559600 1051
1559610 1048
1559620 1048
1559630 1045
1559640 1045
1559650 1045
1559660 1045
1559670 1044
1559680 1044
1559690 1044
1559700 1042
1559710 1041
1559720 1041
1559730 1039
1559740 1038
1559750 1038
1559760 1038
1559770 1037
1559780 1037
1559790 1036
1559800 1036
1559810 1036
1559820 1034
1559830 1032
1559840 1029
1559850 1029
1559860 1026
1559870 1023
1559880 1023
1559890 1021
1559900 1018
1559910 1018
1559920 1017
1559930 1017
1559940 1017
1559950 1016
1559960 1015
1559970 1015
1559980 1014
1559990 1012
