1540000 935
1540010 931
1540020 924
1540030 924
1540040 917
1540050 913
1540060 913
1540070 915
1540080 918
1540090 918
1540100 920
1540110 922
1540120 922
1540130 924
1540140 924
1540150 924
1540160 924
1540170 924
1540180 923
1540190 923
1540200 921
1540210 917
1540220 917
1540230 910
1540240 902
1540250 902
1540260 896
1540270 892
1540280 892
1540290 887
1540300 883
1540310 880
1540320 880
1540330 874
1540340 874
1540350 874
1540360 878
1540370 882
1540380 882
1540390 888
1540400 895
1540410 895
1540420 903
1540430 910
1540440 910
1540450 916
1540460 922
1540470 925
1540480 925
1540490 926
1540500 926
1540510 926
1540520 926
1540530 924
1540540 924
1540550 920
1540560 915
1540570 915
1540580 910
1540590 902
1540600 902
1540610 896
1540620 889
1540630 889
1540640 883
1540650 875
1540660 867
1540670 867
1540680 856
1540690 848
1540700 848
1540710 850
1540720 853
1540730 853
1540740 855
1540750 855
1540760 855
1540770 854
1540780 852
1540790 852
1540800 849
1540810 847
1540820 843
1540830 843
1540840 840
1540850 835
1540860 835
1540870 830
1540880 825
1540890 825
1540900 821
1540910 818
1540920 818
1540930 815
1540940 811
1540950 811
1540960 809
1540970 807
1540980 805
1540990 805
1541000 804
1541010 805
1541020 805
1541030 807
1541040 806
1541050 806
1541060 805
1541070 804
1541080 804
1541090 804
1541100 808
1541110 808
1541120 814
1541130 820
1541140 820
1541150 826
1541160 832
1541170 838
1541180 838
1541190 842
1541200 846
1541210 846
1541220 850
1541230 855
1541240 855
1541250 856
1541260 851
1541270 851
1541280 844
1541290 837
1541300 837
1541310 830
1541320 824
1541330 818
1541340 818
1541350 812
1541360 810
1541370 810
1541380 809
1541390 808
1541400 808
1541410 806
1541420 804
1541430 804
1541440 806
1541450 810
1541460 810
1541470 814
1541480 818
1541490 821
1541500 821
1541510 824
1541520 826
1541530 826
1541540 828
1541550 830
1541560 830
1541570 833
1541580 836
1541590 836
1541600 838
1541610 842
1541620 842
1541630 846
1541640 849
1541650 851
1541660 851
1541670 852
1541680 856
1541690 856
1541700 860
1541710 865
1541720 865
1541730 867
1541740 870
1541750 870
1541760 875
1541770 880
1541780 880
1541790 881
1541800 882
1541810 882
1541820 884
1541830 886
1541840 887
1541850 887
1541860 889
1541870 891
1541880 891
1541890 893
1541900 893
1541910 893
1541920 892
1541930 891
1541940 891
1541950 891
1541960 891
1541970 891
1541980 892
1541990 892
1542000 891
1542010 891
1542020 890
1542030 887
1542040 887
1542050 883
1542060 880
1542070 880
1542080 875
1542090 871
1542100 871
1542110 867
1542120 863
1542130 863
1542140 859
1542150 856
1542160 853
1542170 853
1542180 852
1542190 851
1542200 851
1542210 852
1542220 854
1542230 854
1542240 856
1542250 860
1542260 860
1542270 862
1542280 864
1542290 864
1542300 867
1542310 868
1542320 867
1542330 867
1542340 864
1542350 860
1542360 860
1542370 855
1542380 851
1542390 851
1542400 846
1542410 843
1542420 843
1542430 839
1542440 837
1542450 837
1542460 834
1542470 833
1542480 833
1542490 832
1542500 831
1542510 830
1542520 830
1542530 829
1542540 827
1542550 827
1542560 827
1542570 825
1542580 825
1542590 825
1542600 828
1542610 828
1542620 829
1542630 831
1542640 831
1542650 830
1542660 829
1542670 830
1542680 830
1542690 831
1542700 833
1542710 833
1542720 835
1542730 836
1542740 836
1542750 837
1542760 836
1542770 836
1542780 836
1542790 837
1542800 837
1542810 837
1542820 837
1542830 838
1542840 838
1542850 839
1542860 840
1542870 840
1542880 843
1542890 845
1542900 845
1542910 846
1542920 847
1542930 847
1542940 847
1542950 849
1542960 849
1542970 851
1542980 853
1542990 856
1543000 856
1543010 858
1543020 859
1543030 859
1543040 860
1543050 862
1543060 862
1543070 863
1543080 865
1543090 865
1543100 867
1543110 868
1543120 868
1543130 869
1543140 871
1543150 871
1543160 872
1543170 873
1543180 876
1543190 876
1543200 877
1543210 878
1543220 878
1543230 878
1543240 879
1543250 879
1543260 880
1543270 882
1543280 882
1543290 883
1543300 884
1543310 884
1543320 885
1543330 885
1543340 885
1543350 885
1543360 885
1543370 886
1543380 886
1543390 886
1543400 887
1543410 887
1543420 887
1543430 888
1543440 888
1543450 888
1543460 888
1543470 888
1543480 888
1543490 889
1543500 890
1543510 890
1543520 890
1543530 890
1543540 890
1543550 891
1543560 891
1543570 891
1543580 891
1543590 892
1543600 892
1543610 892
1543620 892
1543630 892
1543640 892
1543650 894
1543660 894
1543670 895
1543680 895
1543690 896
1543700 896
1543710 896
1543720 896
1543730 896
1543740 896
1543750 897
1543760 897
1543770 897
1543780 897
1543790 897
1543800 898
1543810 899
1543820 899
1543830 900
1543840 901
1543850 902
1543860 902
1543870 903
1543880 903
1543890 903
1543900 904
1543910 905
1543920 905
1543930 906
1543940 906
1543950 906
1543960 908
1543970 909
1543980 909
1543990 910
1544000 912
1544010 913
1544020 913
1544030 914
1544040 915
1544050 915
1544060 916
1544070 917
1544080 917
1544090 919
1544100 919
1544110 919
1544120 919
1544130 918
1544140 918
1544150 918
1544160 918
1544170 917
1544180 917
1544190 917
1544200 917
1544210 917
1544220 916
1544230 916
1544240 916
1544250 916
1544260 916
1544270 916
1544280 917
1544290 918
1544300 918
1544310 919
1544320 920
1544330 920
1544340 921
1544350 922
1544360 923
1544370 923
1544380 924
1544390 926
1544400 926
1544410 926
1544420 927
1544430 927
1544440 928
1544450 929
1544460 929
1544470 929
1544480 930
1544490 930
1544500 931
1544510 932
1544520 934
1544530 934
1544540 935
1544550 936
1544560 936
1544570 936
1544580 937
1544590 937
1544600 939
1544610 941
1544620 941
1544630 941
1544640 942
1544650 942
1544660 943
1544670 944
1544680 945
1544690 945
1544700 946
1544710 947
1544720 947
1544730 948
1544740 949
1544750 949
1544760 950
1544770 950
1544780 950
1544790 950
1544800 949
1544810 949
1544820 948
1544830 948
1544840 947
1544850 947
1544860 947
1544870 947
1544880 947
1544890 947
1544900 946
1544910 946
1544920 946
1544930 946
1544940 946
1544950 946
1544960 946
1544970 946
1544980 947
1544990 947
1545000 947
1545010 947
1545020 947
1545030 947
1545040 947
1545050 948
1545060 948
1545070 948
1545080 948
1545090 948
1545100 948
1545110 950
1545120 952
1545130 952
1545140 954
1545150 957
1545160 957
1545170 958
1545180 959
1545190 959
1545200 959
1545210 956
1545220 953
1545230 953
1545240 948
1545250 945
1545260 945
1545270 941
1545280 937
1545290 937
1545300 934
1545310 931
1545320 931
1545330 927
1545340 923
1545350 920
1545360 920
1545370 916
1545380 913
1545390 913
1545400 910
1545410 909
1545420 909
1545430 910
1545440 916
1545450 916
1545460 922
1545470 927
1545480 927
1545490 930
1545500 933
1545510 933
1545520 935
1545530 938
1545540 942
1545550 942
1545560 946
1545570 951
1545580 951
1545590 953
1545600 952
1545610 952
1545620 950
1545630 946
1545640 946
1545650 944
1545660 942
1545670 942
1545680 940
1545690 937
1545700 934
1545710 934
1545720 931
1545730 926
1545740 926
1545750 922
1545760 919
1545770 919
1545780 917
1545790 914
1545800 914
1545810 912
1545820 911
1545830 911
1545840 911
1545850 911
1545860 910
1545870 910
1545880 909
1545890 909
1545900 909
1545910 908
1545920 907
1545930 907
1545940 906
1545950 906
1545960 906
1545970 907
1545980 907
1545990 907
1546000 907
1546010 907
1546020 906
1546030 906
1546040 906
1546050 906
1546060 906
1546070 906
1546080 906
1546090 906
1546100 906
1546110 905
1546120 905
1546130 904
1546140 903
1546150 903
1546160 903
1546170 903
1546180 904
1546190 904
1546200 904
1546210 904
1546220 904
1546230 905
1546240 905
1546250 905
1546260 905
1546270 906
1546280 906
1546290 906
1546300 906
1546310 906
1546320 906
1546330 907
1546340 907
1546350 907
1546360 908
1546370 909
1546380 909
1546390 911
1546400 914
1546410 914
1546420 916
1546430 919
1546440 919
1546450 920
1546460 921
1546470 921
1546480 921
1546490 921
1546500 921
1546510 921
1546520 921
1546530 920
1546540 920
1546550 919
1546560 920
1546570 920
1546580 922
1546590 923
1546600 923
1546610 924
1546620 925
1546630 925
1546640 926
1546650 927
1546660 927
1546670 928
1546680 929
1546690 929
1546700 930
1546710 930
1546720 930
1546730 930
1546740 931
1546750 933
1546760 933
1546770 934
1546780 934
1546790 934
1546800 936
1546810 940
1546820 940
1546830 943
1546840 946
1546850 946
1546860 947
1546870 948
1546880 951
1546890 951
1546900 953
1546910 955
1546920 955
1546930 956
1546940 955
1546950 955
1546960 952
1546970 951
1546980 951
1546990 952
1547000 956
1547010 956
1547020 961
1547030 967
1547040 970
1547050 970
1547060 974
1547070 976
1547080 976
1547090 977
1547100 977
1547110 977
1547120 977
1547130 977
1547140 977
1547150 978
1547160 978
1547170 978
1547180 980
1547190 982
1547200 983
1547210 983
1547220 981
1547230 977
1547240 977
1547250 972
1547260 968
1547270 968
1547280 965
1547290 962
1547300 962
1547310 962
1547320 966
1547330 966
1547340 972
1547350 978
1547360 978
1547370 983
1547380 987
1547390 992
1547400 992
1547410 995
1547420 998
1547430 998
1547440 999
1547450 999
1547460 999
1547470 998
1547480 996
1547490 996
1547500 995
1547510 996
1547520 996
1547530 997
1547540 997
1547550 997
1547560 997
1547570 999
1547580 1002
1547590 1002
1547600 1006
1547610 1008
1547620 1008
1547630 1009
1547640 1009
1547650 1009
1547660 1007
1547670 1007
1547680 1007
1547690 1008
1547700 1008
1547710 1009
1547720 1009
1547730 1009
1547740 1009
1547750 1009
1547760 1009
1547770 1009
1547780 1009
1547790 1010
1547800 1010
1547810 1010
1547820 1011
1547830 1012
1547840 1012
1547850 1014
1547860 1017
1547870 1019
1547880 1019
1547890 1021
1547900 1023
1547910 1023
1547920 1026
1547930 1028
1547940 1028
1547950 1031
1547960 1033
1547970 1033
1547980 1035
1547990 1036
1548000 1036
1548010 1037
1548020 1037
1548030 1037
1548040 1037
1548050 1037
1548060 1037
1548070 1037
1548080 1040
1548090 1041
1548100 1041
1548110 1042
1548120 1042
1548130 1042
1548140 1042
1548150 1044
1548160 1044
1548170 1046
1548180 1048
1548190 1048
1548200 1045
1548210 1046
1548220 1048
1548230 1048
1548240 1049
1548250 1050
1548260 1050
1548270 1051
1548280 1052
1548290 1052
1548300 1053
1548310 1054
1548320 1054
1548330 1054
1548340 1055
1548350 1055
1548360 1056
1548370 1056
1548380 1053
1548390 1053
1548400 1050
1548410 1047
1548420 1047
1548430 1047
1548440 1047
1548450 1047
1548460 1046
1548470 1045
1548480 1045
1548490 1042
1548500 1042
1548510 1042
1548520 1041
1548530 1041
1548540 1041
1548550 1041
1548560 1041
1548570 1041
1548580 1041
1548590 1040
1548600 1040
1548610 1040
1548620 1041
1548630 1044
1548640 1044
1548650 1045
1548660 1045
1548670 1045
1548680 1046
1548690 1046
1548700 1046
1548710 1047
1548720 1047
1548730 1046
1548740 1046
1548750 1046
1548760 1046
1548770 1046
1548780 1046
1548790 1045
1548800 1045
1548810 1045
1548820 1045
1548830 1045
1548840 1045
1548850 1047
1548860 1047
1548870 1049
1548880 1051
1548890 1053
1548900 1053
1548910 1055
1548920 1059
1548930 1059
1548940 1061
1548950 1063
1548960 1063
1548970 1064
1548980 1063
1548990 1063
1549000 1058
1549010 1053
1549020 1053
1549030 1048
1549040 1044
1549050 1043
1549060 1043
1549070 1042
1549080 1045
1549090 1045
1549100 1048
1549110 1051
1549120 1051
1549130 1053
1549140 1053
1549150 1053
1549160 1052
1549170 1051
1549180 1051
1549190 1049
1549200 1045
1549210 1045
1549220 1042
1549230 1046
1549240 1050
1549250 1050
1549260 1054
1549270 1057
1549280 1057
1549290 1057
1549300 1056
1549310 1056
1549320 1054
1549330 1050
1549340 1050
1549350 1051
1549360 1053
1549370 1053
1549380 1054
1549390 1055
1549400 1055
1549410 1055
1549420 1055
1549430 1054
1549440 1054
1549450 1053
1549460 1052
1549470 1052
1549480 1050
1549490 1048
1549500 1048
1549510 1048
1549520 1048
1549530 1048
1549540 1049
1549550 1049
1549560 1050
1549570 1050
1549580 1051
1549590 1052
1549600 1052
1549610 1053
1549620 1053
1549630 1053
1549640 1054
1549650 1054
1549660 1054
1549670 1054
1549680 1055
1549690 1055
1549700 1055
1549710 1054
1549720 1054
1549730 1054
1549740 1055
1549750 1057
1549760 1057
1549770 1057
1549780 1057
1549790 1057
1549800 1057
1549810 1058
1549820 1058
1549830 1058
1549840 1060
1549850 1060
1549860 1061
1549870 1062
1549880 1062
1549890 1062
1549900 1061
1549910 1064
1549920 1064
1549930 1068
1549940 1069
1549950 1069
1549960 1071
1549970 1073
1549980 1073
1549990 1072
1550000 1071
1550010 1071
1550020 1067
1550030 1066
1550040 1066
1550050 1067
1550060 1068
1550070 1070
1550080 1070
1550090 1072
1550100 1074
1550110 1074
1550120 1076
1550130 1077
1550140 1077
1550150 1071
1550160 1069
1550170 1069
1550180 1067
1550190 1066
1550200 1066
1550210 1064
1550220 1062
1550230 1059
1550240 1059
1550250 1057
1550260 1056
1550270 1056
1550280 1059
1550290 1062
1550300 1062
1550310 1062
1550320 1060
1550330 1060
1550340 1056
1550350 1052
1550360 1052
1550370 1050
1550380 1050
1550390 1049
1550400 1049
1550410 1049
1550420 1050
1550430 1050
1550440 1053
1550450 1055
1550460 1055
1550470 1055
1550480 1057
1550490 1057
1550500 1058
1550510 1060
1550520 1060
1550530 1060
1550540 1060
1550550 1060
1550560 1059
1550570 1060
1550580 1062
1550590 1062
1550600 1063
1550610 1067
1550620 1067
1550630 1071
1550640 1075
1550650 1075
1550660 1081
1550670 1085
1550680 1085
1550690 1089
1550700 1091
1550710 1091
1550720 1091
1550730 1090
1550740 1089
1550750 1089
1550760 1089
1550770 1088
1550780 1088
1550790 1087
1550800 1085
1550810 1085
1550820 1084
1550830 1084
1550840 1084
1550850 1082
1550860 1081
1550870 1081
1550880 1080
1550890 1078
1550900 1077
1550910 1077
1550920 1076
1550930 1076
1550940 1076
1550950 1075
1550960 1072
1550970 1072
1550980 1069
1550990 1064
1551000 1064
1551010 1061
1551020 1061
1551030 1061
1551040 1059
1551050 1056
1551060 1052
1551070 1052
1551080 1052
1551090 1054
1551100 1054
1551110 1054
1551120 1054
1551130 1054
1551140 1052
1551150 1052
1551160 1052
1551170 1054
1551180 1056
1551190 1056
1551200 1058
1551210 1058
1551220 1058
1551230 1057
1551240 1055
1551250 1054
1551260 1054
1551270 1052
1551280 1051
1551290 1051
1551300 1051
1551310 1053
1551320 1053
1551330 1054
1551340 1054
1551350 1054
1551360 1053
1551370 1051
1551380 1051
1551390 1048
1551400 1044
1551410 1040
1551420 1040
1551430 1036
1551440 1035
1551450 1035
1551460 1037
1551470 1039
1551480 1039
1551490 1037
1551500 1033
1551510 1033
1551520 1030
1551530 1027
1551540 1027
1551550 1023
1551560 1023
1551570 1026
1551580 1026
1551590 1027
1551600 1026
1551610 1026
1551620 1024
1551630 1023
1551640 1023
1551650 1024
1551660 1024
1551670 1024
1551680 1024
1551690 1025
1551700 1025
1551710 1027
1551720 1028
1551730 1028
1551740 1027
1551750 1020
1551760 1010
1551770 1010
1551780 1000
1551790 996
1551800 996
1551810 1000
1551820 1010
1551830 1010
1551840 1019
1551850 1028
1551860 1028
1551870 1034
1551880 1037
1551890 1037
1551900 1039
1551910 1043
1551920 1047
1551930 1047
1551940 1050
1551950 1052
1551960 1052
1551970 1052
1551980 1052
1551990 1052
1552000 1052
1552010 1052
1552020 1052
1552030 1052
1552040 1051
1552050 1051
1552060 1051
1552070 1051
1552080 1051
1552090 1051
1552100 1051
1552110 1050
1552120 1050
1552130 1050
1552140 1052
1552150 1052
1552160 1053
1552170 1052
1552180 1052
1552190 1050
1552200 1050
1552210 1050
1552220 1048
1552230 1043
1552240 1039
1552250 1039
1552260 1038
1552270 1037
1552280 1037
1552290 1036
1552300 1035
1552310 1035
1552320 1035
1552330 1036
1552340 1036
1552350 1038
1552360 1041
1552370 1041
1552380 1042
1552390 1044
1552400 1044
1552410 1047
1552420 1051
1552430 1054
1552440 1054
1552450 1058
1552460 1062
1552470 1062
1552480 1068
1552490 1074
1552500 1074
1552510 1076
1552520 1073
1552530 1073
1552540 1068
1552550 1064
1552560 1064
1552570 1058
1552580 1053
1552590 1050
1552600 1050
1552610 1058
1552620 1065
1552630 1065
1552640 1069
1552650 1076
1552660 1076
1552670 1083
1552680 1085
1552690 1085
1552700 1083
1552710 1083
1552720 1083
1552730 1091
1552740 1099
1552750 1106
1552760 1106
1552770 1112
1552780 1119
1552790 1119
1552800 1127
1552810 1135
1552820 1135
1552830 1139
1552840 1140
1552850 1140
1552860 1144
1552870 1149
1552880 1149
1552890 1152
1552900 1155
1552910 1157
1552920 1157
1552930 1160
1552940 1162
1552950 1162
1552960 1166
1552970 1167
1552980 1167
1552990 1166
1553000 1165
1553010 1165
1553020 1164
1553030 1165
1553040 1165
1553050 1166
1553060 1166
1553070 1166
1553080 1167
1553090 1168
1553100 1169
1553110 1169
1553120 1169
1553130 1168
1553140 1168
1553150 1168
1553160 1169
1553170 1169
1553180 1167
1553190 1166
1553200 1166
1553210 1167
1553220 1168
1553230 1168
1553240 1167
1553250 1165
1553260 1161
1553270 1161
1553280 1159
1553290 1158
1553300 1158
1553310 1157
1553320 1157
1553330 1157
1553340 1157
1553350 1156
1553360 1156
1553370 1156
1553380 1156
1553390 1156
1553400 1156
1553410 1157
1553420 1159
1553430 1159
1553440 1159
1553450 1160
1553460 1160
1553470 1159
1553480 1156
1553490 1156
1553500 1154
1553510 1152
1553520 1152
1553530 1150
1553540 1147
1553550 1147
1553560 1145
1553570 1142
1553580 1142
1553590 1136
1553600 1129
1553610 1123
1553620 1123
1553630 1114
1553640 1104
1553650 1104
1553660 1097
1553670 1096
1553680 1096
1553690 1095
1553700 1094
1553710 1094
1553720 1089
1553730 1082
1553740 1082
1553750 1079
1553760 1086
1553770 1092
1553780 1092
1553790 1099
1553800 1106
1553810 1106
1553820 1110
1553830 1111
1553840 1111
1553850 1108
1553860 1105
1553870 1105
1553880 1094
1553890 1092
1553900 1092
1553910 1089
1553920 1087
1553930 1088
1553940 1088
1553950 1089
1553960 1094
1553970 1094
1553980 1100
1553990 1102
1554000 1102
1554010 1105
1554020 1105
1554030 1105
1554040 1103
1554050 1099
1554060 1099
1554070 1098
1554080 1096
1554090 1095
1554100 1095
1554110 1094
1554120 1094
1554130 1094
1554140 1094
1554150 1093
1554160 1093
1554170 1091
1554180 1092
1554190 1092
1554200 1095
1554210 1098
1554220 1098
1554230 1101
1554240 1104
1554250 1104
1554260 1108
1554270 1111
1554280 1114
1554290 1114
1554300 1117
1554310 1117
1554320 1117
1554330 1117
1554340 1118
1554350 1118
1554360 1121
1554370 1124
1554380 1124
1554390 1126
1554400 1128
1554410 1128
1554420 1128
1554430 1129
1554440 1131
1554450 1131
1554460 1134
1554470 1137
1554480 1137
1554490 1142
1554500 1147
1554510 1147
1554520 1151
1554530 1155
1554540 1155
1554550 1158
1554560 1160
1554570 1160
1554580 1161
1554590 1162
1554600 1163
1554610 1163
1554620 1165
1554630 1166
1554640 1166
1554650 1167
1554660 1167
1554670 1167
1554680 1167
1554690 1168
1554700 1168
1554710 1167
1554720 1167
1554730 1167
1554740 1167
1554750 1167
1554760 1169
1554770 1169
1554780 1174
1554790 1179
1554800 1179
1554810 1181
1554820 1184
1554830 1184
1554840 1186
1554850 1191
1554860 1191
1554870 1197
1554880 1202
1554890 1202
1554900 1204
1554910 1206
1554920 1206
1554930 1208
1554940 1209
1554950 1211
1554960 1211
1554970 1215
1554980 1219
1554990 1219
1555000 1224
1555010 1229
1555020 1229
1555030 1233
1555040 1237
1555050 1237
1555060 1241
1555070 1244
1555080 1244
1555090 1248
1555100 1252
1555110 1256
1555120 1256
1555130 1261
1555140 1267
1555150 1267
1555160 1270
1555170 1275
1555180 1275
1555190 1278
1555200 1280
1555210 1280
1555220 1283
1555230 1287
1555240 1287
1555250 1289
1555260 1291
1555270 1292
1555280 1292
1555290 1293
1555300 1295
1555310 1295
1555320 1297
1555330 1300
1555340 1300
1555350 1302
1555360 1306
1555370 1306
1555380 1311
1555390 1319
1555400 1319
1555410 1327
1555420 1334
1555430 1334
1555440 1341
1555450 1348
1555460 1353
1555470 1353
1555480 1359
1555490 1362
1555500 1362
1555510 1363
1555520 1365
1555530 1365
1555540 1368
1555550 1370
1555560 1370
1555570 1371
1555580 1374
1555590 1374
1555600 1377
1555610 1379
1555620 1380
1555630 1380
1555640 1381
1555650 1384
1555660 1384
1555670 1386
1555680 1388
1555690 1388
1555700 1390
1555710 1393
1555720 1393
1555730 1396
1555740 1401
1555750 1401
1555760 1405
1555770 1409
1555780 1412
1555790 1412
1555800 1415
1555810 1417
1555820 1417
1555830 1417
1555840 1415
1555850 1415
1555860 1413
1555870 1412
1555880 1412
1555890 1410
1555900 1406
1555910 1406
1555920 1402
1555930 1397
1555940 1392
1555950 1392
1555960 1388
1555970 1384
1555980 1384
1555990 1380
1556000 1376
1556010 1376
1556020 1371
1556030 1367
1556040 1367
1556050 1363
1556060 1360
1556070 1360
1556080 1356
1556090 1352
1556100 1352
1556110 1348
1556120 1343
1556130 1338
1556140 1338
1556150 1334
1556160 1329
1556170 1329
1556180 1323
1556190 1318
1556200 1318
1556210 1313
1556220 1308
1556230 1308
1556240 1304
1556250 1300
1556260 1300
1556270 1298
1556280 1296
1556290 1295
1556300 1295
1556310 1292
1556320 1290
1556330 1290
1556340 1286
1556350 1282
1556360 1282
1556370 1277
1556380 1272
1556390 1272
1556400 1266
1556410 1261
1556420 1261
1556430 1257
1556440 1254
1556450 1250
1556460 1250
1556470 1244
1556480 1240
1556490 1240
1556500 1239
1556510 1238
1556520 1238
1556530 1235
1556540 1233
1556550 1233
1556560 1230
1556570 1227
1556580 1227
1556590 1225
1556600 1223
1556610 1221
1556620 1221
1556630 1220
1556640 1218
1556650 1218
1556660 1218
1556670 1216
1556680 1216
1556690 1214
1556700 1211
1556710 1211
1556720 1209
1556730 1208
1556740 1208
1556750 1207
1556760 1206
1556770 1206
1556780 1204
1556790 1204
1556800 1202
1556810 1202
1556820 1200
1556830 1200
1556840 1200
1556850 1199
1556860 1199
1556870 1199
1556880 1199
1556890 1198
1556900 1198
1556910 1197
1556920 1196
1556930 1196
1556940 1194
1556950 1193
1556960 1191
1556970 1191
1556980 1189
1556990 1184
1557000 1184
1557010 1180
1557020 1176
1557030 1176
1557040 1172
1557050 1168
1557060 1168
1557070 1165
1557080 1163
1557090 1163
1557100 1161
1557110 1158
1557120 1157
1557130 1157
1557140 1154
1557150 1153
1557160 1153
1557170 1151
1557180 1150
1557190 1150
1557200 1149
1557210 1148
1557220 1148
1557230 1148
1557240 1149
1557250 1149
1557260 1150
1557270 1149
1557280 1146
1557290 1146
1557300 1140
1557310 1134
1557320 1134
1557330 1129
1557340 1125
1557350 1125
1557360 1122
1557370 1117
1557380 1117
1557390 1112
1557400 1109
1557410 1109
1557420 1102
1557430 1098
1557440 1098
1557450 1094
1557460 1090
1557470 1086
1557480 1086
1557490 1082
1557500 1078
1557510 1078
1557520 1074
1557530 1071
1557540 1071
1557550 1068
1557560 1064
1557570 1064
1557580 1060
1557590 1057
1557600 1057
1557610 1055
1557620 1053
1557630 1049
1557640 1049
1557650 1045
1557660 1040
1557670 1040
1557680 1035
1557690 1031
1557700 1031
1557710 1026
1557720 1021
1557730 1021
1557740 1016
1557750 1011
1557760 1011
1557770 1006
1557780 1002
1557790 998
1557800 998
1557810 993
1557820 988
1557830 988
1557840 983
1557850 977
1557860 977
1557870 976
1557880 978
1557890 978
1557900 981
1557910 983
1557920 983
1557930 985
1557940 987
1557950 987
1557960 988
1557970 989
1557980 991
1557990 991
1558000 994
1558010 996
1558020 996
1558030 999
1558040 1005
1558050 1005
1558060 1010
1558070 1013
1558080 1013
1558090 1016
1558100 1022
1558110 1022
1558120 1026
1558130 1028
1558140 1033
1558150 1033
1558160 1038
1558170 1043
1558180 1043
1558190 1047
1558200 1052
1558210 1052
1558220 1056
1558230 1061
1558240 1061
1558250 1067
1558260 1072
1558270 1072
1558280 1074
1558290 1078
1558300 1081
1558310 1081
1558320 1084
1558330 1087
1558340 1087
1558350 1089
1558360 1090
1558370 1090
1558380 1091
1558390 1092
1558400 1092
1558410 1093
1558420 1094
1558430 1094
1558440 1094
1558450 1095
1558460 1096
1558470 1096
1558480 1096
1558490 1097
1558500 1097
1558510 1097
1558520 1097
1558530 1097
1558540 1095
1558550 1093
1558560 1093
1558570 1091
1558580 1089
1558590 1089
1558600 1088
1558610 1087
1558620 1087
1558630 1086
1558640 1085
1558650 1085
1558660 1085
1558670 1085
1558680 1085
1558690 1085
1558700 1084
1558710 1084
1558720 1084
1558730 1084
1558740 1084
1558750 1084
1558760 1085
1558770 1085
1558780 1085
1558790 1087
1558800 1087
1558810 1086
1558820 1086
1558830 1084
1558840 1081
1558850 1081
1558860 1080
1558870 1078
1558880 1078
1558890 1078
1558900 1078
1558910 1078
1558920 1078
1558930 1078
1558940 1078
1558950 1078
1558960 1077
1558970 1076
1558980 1076
1558990 1074
1559000 1073
1559010 1073
1559020 1074
1559030 1074
1559040 1074
1559050 1074
1559060 1073
1559070 1073
1559080 1072
1559090 1070
1559100 1070
1559110 1070
1559120 1068
1559130 1065
1559140 1065
1559150 1063
1559160 1062
1559170 1062
1559180 1061
1559190 1061
1559200 1061
1559210 1060
1559220 1059
1559230 1059
1559240 1059
1559250 1058
1559260 1058
1559270 1056
1559280 1054
1559290 1054
1559300 1052
1559310 1049
1559320 1047
1559330 1047
1559340 1044
1559350 1041
1559360 1041
1559370 1038
1559380 1034
1559390 1034
1559400 1031
1559410 1028
1559420 1028
1559430 1025
1559440 1021
1559450 1021
1559460 1018
1559470 1017
1559480 1016
1559490 1016
1559500 1015
1559510 1014
1559520 1014
1559530 1012
1559540 1011
1559550 1011
1559560 1008
1559570 1004
1559580 1004
1559590 1000
1559600 997
1559610 997
1559620 995
1559630 993
1559640 990
1559650 990
1559660 986
1559670 981
1559680 981
1559690 978
1559700 975
1559710 975
1559720 971
1559730 970
1559740 970
1559750 968
1559760 967
1559770 967
1559780 965
1559790 964
1559800 964
1559810 962
1559820 960
1559830 959
1559840 959
1559850 958
1559860 956
1559870 956
1559880 955
1559890 954
1559900 954
1559910 953
1559920 953
1559930 953
1559940 952
1559950 950
1559960 950
1559970 949
1559980 949
1559990 948
