1540000 1451
1540010 1451
1540020 1448
1540030 1445
1540040 1445
1540050 1443
1540060 1442
1540070 1442
1540080 1440
1540090 1438
1540100 1438
1540110 1439
1540120 1442
1540130 1442
1540140 1444
1540150 1447
1540160 1449
1540170 1449
1540180 1452
1540190 1455
1540200 1455
1540210 1459
1540220 1463
1540230 1463
1540240 1466
1540250 1470
1540260 1470
1540270 1473
1540280 1476
1540290 1476
1540300 1478
1540310 1479
1540320 1477
1540330 1476
1540340 1473
1540350 1469
1540360 1469
1540370 1465
1540380 1461
1540390 1461
1540400 1457
1540410 1453
1540420 1453
1540430 1448
1540440 1442
1540450 1442
1540460 1436
1540470 1431
1540480 1431
1540490 1426
1540500 1420
1540510 1415
1540520 1415
1540530 1410
1540540 1405
1540550 1405
1540560 1400
1540570 1395
1540580 1395
1540590 1390
1540600 1385
1540610 1385
1540620 1380
1540630 1375
1540640 1375
1540650 1370
1540660 1365
1540670 1359
1540680 1359
1540690 1353
1540700 1348
1540710 1348
1540720 1343
1540730 1337
1540740 1337
1540750 1332
1540760 1328
1540770 1328
1540780 1323
1540790 1318
1540800 1318
1540810 1313
1540820 1307
1540830 1302
1540840 1302
1540850 1297
1540860 1292
1540870 1292
1540880 1286
1540890 1281
1540900 1281
1540910 1277
1540920 1272
1540930 1272
1540940 1266
1540950 1260
1540960 1260
1540970 1255
1540980 1249
1540990 1249
1541000 1243
1541010 1237
1541020 1231
1541030 1231
1541040 1227
1541050 1223
1541060 1223
1541070 1219
1541080 1215
1541090 1215
1541100 1211
1541110 1208
1541120 1208
1541130 1204
1541140 1201
1541150 1201
1541160 1197
1541170 1193
1541180 1190
1541190 1190
1541200 1187
1541210 1184
1541220 1184
1541230 1181
1541240 1178
1541250 1178
1541260 1175
1541270 1173
1541280 1173
1541290 1170
1541300 1167
1541310 1167
1541320 1165
1541330 1163
1541340 1163
1541350 1161
1541360 1158
1541370 1156
1541380 1156
1541390 1154
1541400 1153
1541410 1153
1541420 1151
1541430 1149
1541440 1149
1541450 1147
1541460 1146
1541470 1146
1541480 1144
1541490 1142
1541500 1142
1541510 1139
1541520 1136
1541530 1134
1541540 1134
1541550 1133
1541560 1131
1541570 1131
1541580 1129
1541590 1130
1541600 1130
1541610 1131
1541620 1131
1541630 1131
1541640 1132
1541650 1132
1541660 1132
1541670 1133
1541680 1132
1541690 1130
1541700 1130
1541710 1126
1541720 1124
1541730 1124
1541740 1129
1541750 1130
1541760 1130
1541770 1129
1541780 1129
1541790 1129
1541800 1129
1541810 1128
1541820 1128
1541830 1128
1541840 1128
1541850 1128
1541860 1127
1541870 1127
1541880 1126
1541890 1126
1541900 1127
1541910 1127
1541920 1127
1541930 1127
1541940 1127
1541950 1127
1541960 1127
1541970 1127
1541980 1127
1541990 1127
1542000 1127
1542010 1127
1542020 1128
1542030 1128
1542040 1128
1542050 1128
1542060 1129
1542070 1129
1542080 1129
1542090 1129
1542100 1130
1542110 1130
1542120 1131
1542130 1132
1542140 1132
1542150 1134
1542160 1135
1542170 1135
1542180 1136
1542190 1138
1542200 1139
1542210 1139
1542220 1141
1542230 1142
1542240 1142
1542250 1144
1542260 1145
1542270 1145
1542280 1146
1542290 1147
1542300 1147
1542310 1148
1542320 1150
1542330 1150
1542340 1152
1542350 1153
1542360 1153
1542370 1155
1542380 1156
1542390 1157
1542400 1157
1542410 1158
1542420 1159
1542430 1159
1542440 1161
1542450 1162
1542460 1162
1542470 1163
1542480 1162
1542490 1162
1542500 1164
1542510 1165
1542520 1165
1542530 1167
1542540 1174
1542550 1185
1542560 1185
1542570 1191
1542580 1193
1542590 1193
1542600 1195
1542610 1198
1542620 1198
1542630 1202
1542640 1205
1542650 1205
1542660 1209
1542670 1213
1542680 1213
1542690 1218
1542700 1223
1542710 1228
1542720 1228
1542730 1232
1542740 1237
1542750 1237
1542760 1243
1542770 1248
1542780 1248
1542790 1255
1542800 1261
1542810 1261
1542820 1269
1542830 1276
1542840 1276
1542850 1283
1542860 1290
1542870 1290
1542880 1295
1542890 1300
1542900 1304
1542910 1304
1542920 1309
1542930 1314
1542940 1314
1542950 1318
1542960 1322
1542970 1322
1542980 1326
1542990 1331
1543000 1331
1543010 1335
1543020 1339
1543030 1339
1543040 1342
1543050 1344
1543060 1346
1543070 1346
1543080 1347
1543090 1349
1543100 1349
1543110 1350
1543120 1352
1543130 1352
1543140 1353
1543150 1355
1543160 1355
1543170 1357
1543180 1358
1543190 1358
1543200 1359
1543210 1358
1543220 1354
1543230 1354
1543240 1349
1543250 1345
1543260 1345
1543270 1341
1543280 1338
1543290 1338
1543300 1335
1543310 1333
1543320 1333
1543330 1333
1543340 1340
1543350 1340
1543360 1346
1543370 1351
1543380 1351
1543390 1356
1543400 1361
1543410 1366
1543420 1366
1543430 1372
1543440 1377
1543450 1377
1543460 1382
1543470 1387
1543480 1387
1543490 1393
1543500 1399
1543510 1399
1543520 1404
1543530 1410
1543540 1410
1543550 1415
1543560 1420
1543570 1425
1543580 1425
1543590 1430
1543600 1436
1543610 1436
1543620 1441
1543630 1446
1543640 1446
1543650 1451
1543660 1456
1543670 1456
1543680 1461
1543690 1465
1543700 1465
1543710 1469
1543720 1474
1543730 1474
1543740 1479
1543750 1483
1543760 1489
1543770 1489
1543780 1494
1543790 1499
1543800 1499
1543810 1505
1543820 1510
1543830 1510
1543840 1516
1543850 1522
1543860 1522
1543870 1527
1543880 1532
1543890 1532
1543900 1537
1543910 1542
1543920 1547
1543930 1547
1543940 1551
1543950 1555
1543960 1555
1543970 1559
1543980 1562
1543990 1562
1544000 1565
1544010 1567
1544020 1567
1544030 1566
1544040 1563
1544050 1563
1544060 1560
1544070 1556
1544080 1552
1544090 1552
1544100 1547
1544110 1541
1544120 1541
1544130 1535
1544140 1530
1544150 1530
1544160 1524
1544170 1518
1544180 1518
1544190 1511
1544200 1506
1544210 1506
1544220 1501
1544230 1497
1544240 1497
1544250 1492
1544260 1488
1544270 1482
1544280 1482
1544290 1477
1544300 1473
1544310 1473
1544320 1468
1544330 1465
1544340 1465
1544350 1462
1544360 1459
1544370 1459
1544380 1456
1544390 1451
1544400 1451
1544410 1445
1544420 1438
1544430 1432
1544440 1432
1544450 1427
1544460 1422
1544470 1422
1544480 1417
1544490 1413
1544500 1413
1544510 1410
1544520 1408
1544530 1408
1544540 1403
1544550 1396
1544560 1396
1544570 1392
1544580 1396
1544590 1407
1544600 1407
1544610 1415
1544620 1420
1544630 1420
1544640 1422
1544650 1426
1544660 1426
1544670 1430
1544680 1439
1544690 1439
1544700 1443
1544710 1444
1544720 1444
1544730 1441
1544740 1436
1544750 1436
1544760 1432
1544770 1427
1544780 1423
1544790 1423
1544800 1418
1544810 1413
1544820 1413
1544830 1408
1544840 1403
1544850 1403
1544860 1407
1544870 1411
1544880 1411
1544890 1414
1544900 1416
1544910 1416
1544920 1421
1544930 1426
1544940 1430
1544950 1430
1544960 1433
1544970 1437
1544980 1437
1544990 1441
1545000 1446
1545010 1446
1545020 1451
1545030 1456
1545040 1456
1545050 1460
1545060 1465
1545070 1465
1545080 1471
1545090 1476
1545100 1482
1545110 1482
1545120 1487
1545130 1493
1545140 1493
1545150 1500
1545160 1507
1545170 1507
1545180 1513
1545190 1519
1545200 1519
1545210 1523
1545220 1528
1545230 1528
1545240 1533
1545250 1538
1545260 1538
1545270 1542
1545280 1547
1545290 1552
1545300 1552
1545310 1556
1545320 1561
1545330 1561
1545340 1566
1545350 1570
1545360 1570
1545370 1575
1545380 1580
1545390 1580
1545400 1585
1545410 1589
1545420 1589
1545430 1594
1545440 1598
1545450 1602
1545460 1602
1545470 1606
1545480 1608
1545490 1608
1545500 1604
1545510 1598
1545520 1598
1545530 1592
1545540 1584
1545550 1584
1545560 1577
1545570 1570
1545580 1570
1545590 1563
1545600 1556
1545610 1549
1545620 1549
1545630 1542
1545640 1536
1545650 1536
1545660 1530
1545670 1524
1545680 1524
1545690 1518
1545700 1512
1545710 1512
1545720 1506
1545730 1500
1545740 1500
1545750 1494
1545760 1488
1545770 1488
1545780 1482
1545790 1474
1545800 1468
1545810 1468
1545820 1463
1545830 1459
1545840 1459
1545850 1454
1545860 1449
1545870 1449
1545880 1443
1545890 1437
1545900 1437
1545910 1433
1545920 1428
1545930 1428
1545940 1424
1545950 1420
1545960 1418
1545970 1418
1545980 1415
1545990 1413
1546000 1413
1546010 1408
1546020 1403
1546030 1403
1546040 1398
1546050 1394
1546060 1394
1546070 1390
1546080 1385
1546090 1385
1546100 1381
1546110 1376
1546120 1376
1546130 1371
1546140 1367
1546150 1362
1546160 1362
1546170 1357
1546180 1352
1546190 1352
1546200 1349
1546210 1345
1546220 1345
1546230 1342
1546240 1338
1546250 1338
1546260 1331
1546270 1323
1546280 1323
1546290 1316
1546300 1309
1546310 1302
1546320 1302
1546330 1295
1546340 1289
1546350 1289
1546360 1284
1546370 1283
1546380 1283
1546390 1286
1546400 1290
1546410 1290
1546420 1294
1546430 1297
1546440 1297
1546450 1302
1546460 1308
1546470 1313
1546480 1313
1546490 1318
1546500 1323
1546510 1323
1546520 1324
1546530 1326
1546540 1326
1546550 1328
1546560 1330
1546570 1330
1546580 1334
1546590 1338
1546600 1338
1546610 1342
1546620 1346
1546630 1346
1546640 1351
1546650 1355
1546660 1360
1546670 1360
1546680 1365
1546690 1369
1546700 1369
1546710 1373
1546720 1376
1546730 1376
1546740 1379
1546750 1386
1546760 1386
1546770 1387
1546780 1386
1546790 1386
1546800 1383
1546810 1380
1546820 1377
1546830 1377
1546840 1376
1546850 1374
1546860 1374
1546870 1372
1546880 1371
1546890 1371
1546900 1369
1546910 1367
1546920 1367
1546930 1365
1546940 1364
1546950 1364
1546960 1362
1546970 1360
1546980 1357
1546990 1357
1547000 1355
1547010 1353
1547020 1353
1547030 1351
1547040 1349
1547050 1349
1547060 1348
1547070 1346
1547080 1346
1547090 1344
1547100 1342
1547110 1342
1547120 1339
1547130 1336
1547140 1336
1547150 1333
1547160 1329
1547170 1325
1547180 1325
1547190 1319
1547200 1314
1547210 1314
1547220 1309
1547230 1305
1547240 1305
1547250 1301
1547260 1297
1547270 1297
1547280 1293
1547290 1290
1547300 1290
1547310 1287
1547320 1284
1547330 1281
1547340 1281
1547350 1278
1547360 1275
1547370 1275
1547380 1272
1547390 1268
1547400 1268
1547410 1264
1547420 1261
1547430 1261
1547440 1255
1547450 1252
1547460 1252
1547470 1249
1547480 1246
1547490 1242
1547500 1242
1547510 1238
1547520 1235
1547530 1235
1547540 1233
1547550 1231
1547560 1231
1547570 1229
1547580 1227
1547590 1227
1547600 1226
1547610 1224
1547620 1224
1547630 1223
1547640 1222
1547650 1222
1547660 1220
1547670 1219
1547680 1218
1547690 1218
1547700 1217
1547710 1217
1547720 1217
1547730 1216
1547740 1216
1547750 1216
1547760 1216
1547770 1215
1547780 1215
1547790 1214
1547800 1211
1547810 1211
1547820 1208
1547830 1204
1547840 1200
1547850 1200
1547860 1198
1547870 1200
1547880 1200
1547890 1201
1547900 1203
1547910 1203
1547920 1205
1547930 1208
1547940 1208
1547950 1211
1547960 1213
1547970 1213
1547980 1214
1547990 1214
1548000 1215
1548010 1215
1548020 1216
1548030 1217
1548040 1217
1548050 1217
1548060 1217
1548070 1217
1548080 1218
1548090 1218
1548100 1218
1548110 1219
1548120 1219
1548130 1219
1548140 1220
1548150 1222
1548160 1222
1548170 1224
1548180 1227
1548190 1230
1548200 1230
1548210 1233
1548220 1237
1548230 1237
1548240 1242
1548250 1246
1548260 1246
1548270 1246
1548280 1246
1548290 1246
1548300 1245
1548310 1244
1548320 1244
1548330 1244
1548340 1243
1548350 1243
1548360 1243
1548370 1243
1548380 1243
1548390 1243
1548400 1243
1548410 1244
1548420 1244
1548430 1244
1548440 1245
1548450 1245
1548460 1245
1548470 1245
1548480 1245
1548490 1246
1548500 1247
1548510 1247
1548520 1248
1548530 1249
1548540 1250
1548550 1250
1548560 1251
1548570 1252
1548580 1252
1548590 1254
1548600 1255
1548610 1255
1548620 1256
1548630 1257
1548640 1257
1548650 1258
1548660 1259
1548670 1259
1548680 1261
1548690 1262
1548700 1263
1548710 1263
1548720 1264
1548730 1266
1548740 1268
1548750 1270
1548760 1272
1548770 1272
1548780 1274
1548790 1276
1548800 1276
1548810 1277
1548820 1279
1548830 1279
1548840 1281
1548850 1282
1548860 1284
1548870 1284
1548880 1285
1548890 1287
1548900 1287
1548910 1289
1548920 1289
1548930 1289
1548940 1287
1548950 1285
1548960 1285
1548970 1287
1548980 1292
1548990 1292
1549000 1298
1549010 1303
1549020 1303
1549030 1307
1549040 1311
1549050 1315
1549060 1315
1549070 1319
1549080 1323
1549090 1323
1549100 1327
1549110 1332
1549120 1332
1549130 1337
1549140 1343
1549150 1343
1549160 1349
1549170 1354
1549180 1354
1549190 1360
1549200 1366
1549210 1371
1549220 1371
1549230 1376
1549240 1382
1549250 1382
1549260 1389
1549270 1393
1549280 1393
1549290 1400
1549300 1406
1549310 1406
1549320 1411
1549330 1417
1549340 1417
1549350 1422
1549360 1427
1549370 1432
1549380 1432
1549390 1435
1549400 1439
1549410 1439
1549420 1443
1549430 1446
1549440 1446
1549450 1450
1549460 1452
1549470 1452
1549480 1454
1549490 1457
1549500 1457
1549510 1460
1549520 1464
1549530 1464
1549540 1467
1549550 1471
1549560 1474
1549570 1474
1549580 1477
1549590 1480
1549600 1480
1549610 1483
1549620 1486
1549630 1486
1549640 1488
1549650 1491
1549660 1491
1549670 1493
1549680 1496
1549690 1496
1549700 1498
1549710 1500
1549720 1501
1549730 1501
1549740 1502
1549750 1502
1549760 1502
1549770 1502
1549780 1500
1549790 1500
1549800 1499
1549810 1497
1549820 1497
1549830 1496
1549840 1494
1549850 1494
1549860 1492
1549870 1490
1549880 1487
1549890 1487
1549900 1485
1549910 1481
1549920 1481
1549930 1478
1549940 1474
1549950 1474
1549960 1470
1549970 1467
1549980 1467
1549990 1463
1550000 1459
1550010 1459
1550020 1455
1550030 1452
1550040 1452
1550050 1450
1550060 1448
1550070 1446
1550080 1446
1550090 1445
1550100 1443
1550110 1443
1550120 1441
1550130 1440
1550140 1440
1550150 1437
1550160 1435
1550170 1435
1550180 1434
1550190 1434
1550200 1434
1550210 1435
1550220 1434
1550230 1434
1550240 1434
1550250 1433
1550260 1431
1550270 1431
1550280 1429
1550290 1426
1550300 1426
1550310 1425
1550320 1424
1550330 1424
1550340 1423
1550350 1420
1550360 1420
1550370 1417
1550380 1414
1550390 1411
1550400 1411
1550410 1408
1550420 1404
1550430 1404
1550440 1400
1550450 1397
1550460 1397
1550470 1394
1550480 1392
1550490 1392
1550500 1390
1550510 1389
1550520 1389
1550530 1388
1550540 1387
1550550 1387
1550560 1386
1550570 1384
1550580 1383
1550590 1383
1550600 1383
1550610 1383
1550620 1383
1550630 1382
1550640 1382
1550650 1382
1550660 1382
1550670 1381
1550680 1384
1550690 1384
1550700 1383
1550710 1383
1550720 1381
1550730 1379
1550740 1378
1550750 1378
1550760 1376
1550770 1374
1550780 1374
1550790 1373
1550800 1372
1550810 1372
1550820 1371
1550830 1370
1550840 1370
1550850 1370
1550860 1370
1550870 1370
1550880 1370
1550890 1370
1550900 1370
1550910 1370
1550920 1371
1550930 1372
1550940 1372
1550950 1373
1550960 1373
1550970 1373
1550980 1373
1550990 1372
1551000 1372
1551010 1371
1551020 1370
1551030 1370
1551040 1369
1551050 1370
1551060 1370
1551070 1369
1551080 1369
1551090 1371
1551100 1371
1551110 1373
1551120 1375
1551130 1375
1551140 1376
1551150 1378
1551160 1378
1551170 1379
1551180 1382
1551190 1382
1551200 1383
1551210 1385
1551220 1385
1551230 1386
1551240 1387
1551250 1388
1551260 1388
1551270 1390
1551280 1392
1551290 1392
1551300 1394
1551310 1396
1551320 1396
1551330 1398
1551340 1400
1551350 1400
1551360 1402
1551370 1404
1551380 1404
1551390 1405
1551400 1406
1551410 1406
1551420 1407
1551430 1408
1551440 1408
1551450 1408
1551460 1408
1551470 1408
1551480 1408
1551490 1408
1551500 1409
1551510 1409
1551520 1408
1551530 1407
1551540 1407
1551550 1404
1551560 1399
1551570 1399
1551580 1396
1551590 1393
1551600 1393
1551610 1393
1551620 1395
1551630 1397
1551640 1397
1551650 1399
1551660 1401
1551670 1401
1551680 1403
1551690 1404
1551700 1404
1551710 1405
1551720 1406
1551730 1406
1551740 1407
1551750 1409
1551760 1414
1551770 1414
1551780 1419
1551790 1422
1551800 1422
1551810 1427
1551820 1433
1551830 1433
1551840 1439
1551850 1445
1551860 1445
1551870 1450
1551880 1456
1551890 1456
1551900 1462
1551910 1467
1551920 1467
1551930 1473
1551940 1478
1551950 1482
1551960 1482
1551970 1487
1551980 1492
1551990 1492
1552000 1497
1552010 1501
1552020 1501
1552030 1505
1552040 1509
1552050 1509
1552060 1512
1552070 1516
1552080 1516
1552090 1519
1552100 1523
1552110 1525
1552120 1525
1552130 1527
1552140 1529
1552150 1529
1552160 1531
1552170 1532
1552180 1532
1552190 1533
1552200 1535
1552210 1535
1552220 1539
1552230 1542
1552240 1542
1552250 1545
1552260 1548
1552270 1551
1552280 1551
1552290 1555
1552300 1559
1552310 1559
1552320 1563
1552330 1566
1552340 1566
1552350 1569
1552360 1572
1552370 1572
1552380 1575
1552390 1577
1552400 1577
1552410 1579
1552420 1580
1552430 1580
1552440 1580
1552450 1579
1552460 1578
1552470 1578
1552480 1575
1552490 1573
1552500 1573
1552510 1570
1552520 1566
1552530 1566
1552540 1562
1552550 1559
1552560 1559
1552570 1556
1552580 1554
1552590 1554
1552600 1552
1552610 1548
1552620 1544
1552630 1544
1552640 1542
1552650 1539
1552660 1539
1552670 1537
1552680 1535
1552690 1535
1552700 1532
1552710 1530
1552720 1530
1552730 1528
1552740 1526
1552750 1526
1552760 1525
1552770 1523
1552780 1522
1552790 1522
1552800 1518
1552810 1516
1552820 1516
1552830 1516
1552840 1517
1552850 1517
1552860 1516
1552870 1516
1552880 1516
1552890 1516
1552900 1514
1552910 1514
1552920 1511
1552930 1509
1552940 1509
1552950 1507
1552960 1503
1552970 1500
1552980 1500
1552990 1498
1553000 1497
1553010 1497
1553020 1498
1553030 1498
1553040 1498
1553050 1497
1553060 1495
1553070 1495
1553080 1495
1553090 1494
1553100 1494
1553110 1494
1553120 1493
1553130 1491
1553140 1491
1553150 1488
1553160 1486
1553170 1486
1553180 1485
1553190 1484
1553200 1484
1553210 1482
1553220 1482
1553230 1482
1553240 1483
1553250 1483
1553260 1483
1553270 1483
1553280 1484
1553290 1484
1553300 1484
1553310 1484
1553320 1484
1553330 1484
1553340 1484
1553350 1484
1553360 1484
1553370 1484
1553380 1485
1553390 1485
1553400 1485
1553410 1485
1553420 1485
1553430 1486
1553440 1486
1553450 1486
1553460 1487
1553470 1488
1553480 1491
1553490 1491
1553500 1493
1553510 1495
1553520 1495
1553530 1497
1553540 1500
1553550 1500
1553560 1502
1553570 1504
1553580 1504
1553590 1505
1553600 1507
1553610 1507
1553620 1508
1553630 1508
1553640 1509
1553650 1509
1553660 1509
1553670 1510
1553680 1510
1553690 1510
1553700 1510
1553710 1510
1553720 1510
1553730 1509
1553740 1509
1553750 1508
1553760 1506
1553770 1506
1553780 1504
1553790 1502
1553800 1502
1553810 1498
1553820 1495
1553830 1492
1553840 1492
1553850 1491
1553860 1489
1553870 1489
1553880 1488
1553890 1486
1553900 1486
1553910 1481
1553920 1479
1553930 1479
1553940 1478
1553950 1478
1553960 1478
1553970 1476
1553980 1474
1553990 1472
1554000 1472
1554010 1470
1554020 1464
1554030 1464
1554040 1459
1554050 1456
1554060 1456
1554070 1451
1554080 1446
1554090 1446
1554100 1442
1554110 1440
1554120 1440
1554130 1439
1554140 1440
1554150 1440
1554160 1440
1554170 1440
1554180 1440
1554190 1440
1554200 1439
1554210 1438
1554220 1438
1554230 1437
1554240 1437
1554250 1437
1554260 1436
1554270 1435
1554280 1435
1554290 1432
1554300 1430
1554310 1430
1554320 1428
1554330 1425
1554340 1422
1554350 1422
1554360 1419
1554370 1417
1554380 1420
1554390 1416
1554400 1412
1554410 1412
1554420 1411
1554430 1412
1554440 1412
1554450 1411
1554460 1410
1554470 1410
1554480 1409
1554490 1409
1554500 1409
1554510 1409
1554520 1408
1554530 1407
1554540 1407
1554550 1405
1554560 1402
1554570 1402
1554580 1399
1554590 1399
1554600 1399
1554610 1400
1554620 1400
1554630 1400
1554640 1400
1554650 1400
1554660 1400
1554670 1400
1554680 1400
1554690 1399
1554700 1399
1554710 1400
1554720 1401
1554730 1401
1554740 1403
1554750 1404
1554760 1404
1554770 1404
1554780 1404
1554790 1404
1554800 1404
1554810 1404
1554820 1404
1554830 1404
1554840 1403
1554850 1403
1554860 1403
1554870 1403
1554880 1402
1554890 1402
1554900 1401
1554910 1400
1554920 1400
1554930 1398
1554940 1397
1554950 1397
1554960 1396
1554970 1394
1554980 1394
1554990 1392
1555000 1391
1555010 1390
1555020 1390
1555030 1390
1555040 1390
1555050 1390
1555060 1389
1555070 1386
1555080 1386
1555090 1384
1555100 1381
1555110 1381
1555120 1377
1555130 1373
1555140 1373
1555150 1370
1555160 1367
1555170 1365
1555180 1365
1555190 1365
1555200 1364
1555210 1364
1555220 1364
1555230 1365
1555240 1365
1555250 1364
1555260 1362
1555270 1362
1555280 1361
1555290 1359
1555300 1359
1555310 1359
1555320 1358
1555330 1358
1555340 1358
1555350 1359
1555360 1359
1555370 1359
1555380 1360
1555390 1360
1555400 1360
1555410 1359
1555420 1356
1555430 1356
1555440 1354
1555450 1353
1555460 1353
1555470 1351
1555480 1349
1555490 1349
1555500 1347
1555510 1346
1555520 1345
1555530 1345
1555540 1344
1555550 1342
1555560 1342
1555570 1342
1555580 1342
1555590 1342
1555600 1342
1555610 1342
1555620 1342
1555630 1340
1555640 1339
1555650 1339
1555660 1339
1555670 1338
1555680 1337
1555690 1337
1555700 1336
1555710 1335
1555720 1335
1555730 1334
1555740 1333
1555750 1333
1555760 1333
1555770 1333
1555780 1333
1555790 1332
1555800 1330
1555810 1330
1555820 1329
1555830 1327
1555840 1327
1555850 1326
1555860 1326
1555870 1324
1555880 1324
1555890 1323
1555900 1324
1555910 1324
1555920 1325
1555930 1326
1555940 1326
1555950 1327
1555960 1327
1555970 1327
1555980 1327
1555990 1326
1556000 1326
1556010 1325
1556020 1323
1556030 1323
1556040 1323
1556050 1323
1556060 1324
1556070 1324
1556080 1324
1556090 1323
1556100 1323
1556110 1320
1556120 1318
1556130 1318
1556140 1317
1556150 1317
1556160 1323
1556170 1325
1556180 1327
1556190 1327
1556200 1330
1556210 1334
1556220 1336
1556230 1336
1556240 1336
1556250 1336
1556260 1336
1556270 1336
1556280 1335
1556290 1335
1556300 1333
1556310 1332
1556320 1332
1556330 1332
1556340 1332
1556350 1332
1556360 1333
1556370 1335
1556380 1337
1556390 1337
1556400 1340
1556410 1342
1556420 1342
1556430 1346
1556440 1348
1556450 1348
1556460 1351
1556470 1354
1556480 1354
1556490 1363
1556500 1369
1556510 1369
1556520 1369
1556530 1369
1556540 1370
1556550 1370
1556560 1374
1556570 1373
1556580 1373
1556590 1368
1556600 1362
1556610 1362
1556620 1357
1556630 1352
1556640 1352
1556650 1348
1556660 1346
1556670 1346
1556680 1343
1556690 1342
1556700 1342
1556710 1344
1556720 1346
1556730 1350
1556740 1350
1556750 1354
1556760 1355
1556770 1355
1556780 1358
1556790 1361
1556800 1361
1556810 1365
1556820 1367
1556830 1367
1556840 1367
1556850 1367
1556860 1367
1556870 1366
1556880 1365
1556890 1364
1556900 1364
1556910 1362
1556920 1359
1556930 1359
1556940 1356
1556950 1355
1556960 1355
1556970 1355
1556980 1357
1556990 1357
1557000 1357
1557010 1356
1557020 1356
1557030 1355
1557040 1353
1557050 1350
1557060 1350
1557070 1351
1557080 1353
1557090 1353
1557100 1354
1557110 1354
1557120 1354
1557130 1354
1557140 1353
1557150 1353
1557160 1354
1557170 1357
1557180 1357
1557190 1360
1557200 1361
1557210 1361
1557220 1363
1557230 1365
1557240 1366
1557250 1366
1557260 1366
1557270 1367
1557280 1367
1557290 1370
1557300 1373
1557310 1373
1557320 1378
1557330 1382
1557340 1382
1557350 1387
1557360 1389
1557370 1389
1557380 1387
1557390 1385
1557400 1383
1557410 1383
1557420 1381
1557430 1379
1557440 1379
1557450 1377
1557460 1374
1557470 1374
1557480 1371
1557490 1368
1557500 1368
1557510 1365
1557520 1362
1557530 1362
1557540 1360
1557550 1356
1557560 1353
1557570 1353
1557580 1350
1557590 1347
1557600 1347
1557610 1345
1557620 1342
1557630 1342
1557640 1339
1557650 1336
1557660 1336
1557670 1334
1557680 1332
1557690 1332
1557700 1328
1557710 1325
1557720 1325
1557730 1321
1557740 1318
1557750 1315
1557760 1315
1557770 1312
1557780 1311
1557790 1311
1557800 1309
1557810 1307
1557820 1307
1557830 1306
1557840 1305
1557850 1305
1557860 1304
1557870 1302
1557880 1302
1557890 1301
1557900 1301
1557910 1300
1557920 1300
1557930 1298
1557940 1295
1557950 1295
1557960 1293
1557970 1291
1557980 1291
1557990 1288
1558000 1283
1558010 1283
1558020 1278
1558030 1274
1558040 1274
1558050 1271
1558060 1268
1558070 1268
1558080 1266
1558090 1262
1558100 1259
1558110 1259
1558120 1256
1558130 1253
1558140 1253
1558150 1250
1558160 1248
1558170 1248
1558180 1246
1558190 1244
1558200 1244
1558210 1241
1558220 1239
1558230 1239
1558240 1236
1558250 1234
1558260 1231
1558270 1231
1558280 1228
1558290 1225
1558300 1225
1558310 1221
1558320 1217
1558330 1217
1558340 1214
1558350 1210
1558360 1210
1558370 1207
1558380 1202
1558390 1202
1558400 1198
1558410 1194
1558420 1191
1558430 1191
1558440 1188
1558450 1184
1558460 1184
1558470 1181
1558480 1175
1558490 1175
1558500 1168
1558510 1163
1558520 1163
1558530 1156
1558540 1149
1558550 1149
1558560 1143
1558570 1136
1558580 1136
1558590 1130
1558600 1124
1558610 1118
1558620 1118
1558630 1112
1558640 1106
1558650 1106
1558660 1100
1558670 1094
1558680 1094
1558690 1088
1558700 1083
1558710 1083
1558720 1078
1558730 1073
1558740 1073
1558750 1067
1558760 1062
1558770 1057
1558780 1057
1558790 1053
1558800 1047
1558810 1047
1558820 1039
1558830 1033
1558840 1033
1558850 1027
1558860 1023
1558870 1023
1558880 1020
1558890 1016
1558900 1016
1558910 1010
1558920 1003
1558930 996
1558940 996
1558950 989
1558960 980
1558970 980
1558980 971
1558990 964
1559000 964
1559010 958
1559020 955
1559030 955
1559040 953
1559050 951
1559060 951
1559070 947
1559080 943
1559090 943
1559100 937
1559110 932
1559120 929
1559130 929
1559140 926
1559150 922
1559160 922
1559170 918
1559180 915
1559190 915
1559200 912
1559210 909
1559220 909
1559230 907
1559240 904
1559250 904
1559260 900
1559270 896
1559280 891
1559290 891
1559300 886
1559310 884
1559320 884
1559330 882
1559340 877
1559350 877
1559360 872
1559370 868
1559380 868
1559390 865
1559400 861
1559410 861
1559420 858
1559430 854
1559440 850
1559450 850
1559460 847
1559470 843
1559480 843
1559490 840
1559500 837
1559510 837
1559520 834
1559530 831
1559540 831
1559550 829
1559560 826
1559570 826
1559580 823
1559590 818
1559600 818
1559610 817
1559620 816
1559630 816
1559640 816
1559650 817
1559660 817
1559670 817
1559680 816
1559690 813
1559700 813
1559710 811
1559720 811
1559730 811
1559740 811
1559750 811
1559760 811
1559770 808
1559780 805
1559790 804
1559800 804
1559810 803
1559820 802
1559830 802
1559840 801
1559850 799
1559860 799
1559870 797
1559880 793
1559890 793
1559900 788
1559910 786
1559920 786
1559930 788
1559940 791
1559950 791
1559960 791
1559970 791
1559980 793
1559990 793
