1540000 1434
1540010 1434
1540020 1433
1540030 1432
1540040 1432
1540050 1431
1540060 1427
1540070 1427
1540080 1424
1540090 1422
1540100 1422
1540110 1421
1540120 1422
1540130 1424
1540140 1424
1540150 1427
1540160 1428
1540170 1428
1540180 1430
1540190 1433
1540200 1435
1540210 1437
1540220 1439
1540230 1439
1540240 1441
1540250 1444
1540260 1444
1540270 1446
1540280 1448
1540290 1450
1540300 1450
1540310 1452
1540320 1453
1540330 1453
1540340 1454
1540350 1455
1540360 1455
1540370 1456
1540380 1456
1540390 1456
1540400 1456
1540410 1455
1540420 1455
1540430 1452
1540440 1447
1540450 1447
1540460 1442
1540470 1436
1540480 1430
1540490 1430
1540500 1424
1540510 1418
1540520 1418
1540530 1412
1540540 1407
1540550 1407
1540560 1403
1540570 1398
1540580 1398
1540590 1392
1540600 1386
1540610 1386
1540620 1381
1540630 1375
1540640 1369
1540650 1369
1540660 1363
1540670 1357
1540680 1357
1540690 1350
1540700 1344
1540710 1344
1540720 1338
1540730 1332
1540740 1332
1540750 1326
1540760 1320
1540770 1320
1540780 1315
1540790 1308
1540800 1301
1540810 1301
1540820 1295
1540830 1287
1540840 1287
1540850 1280
1540860 1273
1540870 1273
1540880 1267
1540890 1262
1540900 1262
1540910 1258
1540920 1253
1540930 1253
1540940 1249
1540950 1245
1540960 1245
1540970 1240
1540980 1234
1540990 1228
1541000 1228
1541010 1224
1541020 1221
1541030 1221
1541040 1218
1541050 1214
1541060 1214
1541070 1211
1541080 1208
1541090 1208
1541100 1206
1541110 1202
1541120 1202
1541130 1198
1541140 1194
1541150 1191
1541160 1191
1541170 1188
1541180 1184
1541190 1184
1541200 1179
1541210 1175
1541220 1175
1541230 1171
1541240 1168
1541250 1168
1541260 1166
1541270 1163
1541280 1163
1541290 1159
1541300 1156
1541310 1152
1541320 1152
1541330 1149
1541340 1146
1541350 1146
1541360 1144
1541370 1142
1541380 1142
1541390 1140
1541400 1139
1541410 1139
1541420 1137
1541430 1135
1541440 1135
1541450 1133
1541460 1130
1541470 1130
1541480 1127
1541490 1124
1541500 1121
1541510 1121
1541520 1119
1541530 1116
1541540 1116
1541550 1115
1541560 1113
1541570 1113
1541580 1113
1541590 1112
1541600 1112
1541610 1111
1541620 1111
1541630 1111
1541640 1112
1541650 1112
1541660 1111
1541670 1111
1541680 1110
1541690 1109
1541700 1109
1541710 1108
1541720 1108
1541730 1108
1541740 1107
1541750 1106
1541760 1106
1541770 1105
1541780 1105
1541790 1105
1541800 1106
1541810 1108
1541820 1108
1541830 1108
1541840 1108
1541850 1109
1541860 1109
1541870 1110
1541880 1111
1541890 1111
1541900 1112
1541910 1112
1541920 1112
1541930 1112
1541940 1113
1541950 1113
1541960 1113
1541970 1113
1541980 1113
1541990 1113
1542000 1113
1542010 1113
1542020 1113
1542030 1114
1542040 1114
1542050 1114
1542060 1114
1542070 1114
1542080 1114
1542090 1116
1542100 1117
1542110 1117
1542120 1117
1542130 1118
1542140 1118
1542150 1119
1542160 1121
1542170 1121
1542180 1121
1542190 1122
1542200 1123
1542210 1123
1542220 1124
1542230 1125
1542240 1125
1542250 1126
1542260 1128
1542270 1128
1542280 1129
1542290 1130
1542300 1130
1542310 1132
1542320 1134
1542330 1135
1542340 1135
1542350 1137
1542360 1138
1542370 1138
1542380 1139
1542390 1141
1542400 1141
1542410 1141
1542420 1142
1542430 1143
1542440 1144
1542450 1145
1542460 1145
1542470 1146
1542480 1148
1542490 1148
1542500 1150
1542510 1154
1542520 1158
1542530 1158
1542540 1162
1542550 1166
1542560 1166
1542570 1170
1542580 1174
1542590 1174
1542600 1178
1542610 1183
1542620 1183
1542630 1187
1542640 1192
1542650 1192
1542660 1196
1542670 1201
1542680 1205
1542690 1205
1542700 1209
1542710 1212
1542720 1212
1542730 1216
1542740 1219
1542750 1219
1542760 1223
1542770 1226
1542780 1226
1542790 1230
1542800 1233
1542810 1233
1542820 1237
1542830 1239
1542840 1241
1542850 1241
1542860 1244
1542870 1246
1542880 1246
1542890 1248
1542900 1251
1542910 1251
1542920 1254
1542930 1256
1542940 1256
1542950 1258
1542960 1259
1542970 1259
1542980 1260
1542990 1263
1543000 1263
1543010 1265
1543020 1268
1543030 1271
1543040 1271
1543050 1273
1543060 1275
1543070 1275
1543080 1276
1543090 1275
1543100 1275
1543110 1276
1543120 1279
1543130 1279
1543140 1280
1543150 1279
1543160 1279
1543170 1277
1543180 1275
1543190 1273
1543200 1273
1543210 1280
1543220 1287
1543230 1287
1543240 1291
1543250 1293
1543260 1293
1543270 1297
1543280 1300
1543290 1300
1543300 1304
1543310 1308
1543320 1308
1543330 1314
1543340 1321
1543350 1321
1543360 1327
1543370 1334
1543380 1339
1543390 1339
1543400 1344
1543410 1348
1543420 1348
1543430 1353
1543440 1357
1543450 1357
1543460 1362
1543470 1367
1543480 1367
1543490 1372
1543500 1376
1543510 1376
1543520 1380
1543530 1386
1543540 1391
1543550 1391
1543560 1397
1543570 1402
1543580 1402
1543590 1406
1543600 1411
1543610 1411
1543620 1415
1543630 1419
1543640 1419
1543650 1424
1543660 1428
1543670 1428
1543680 1432
1543690 1437
1543700 1441
1543710 1441
1543720 1446
1543730 1452
1543740 1452
1543750 1457
1543760 1463
1543770 1463
1543780 1469
1543790 1475
1543800 1475
1543810 1480
1543820 1486
1543830 1486
1543840 1491
1543850 1496
1543860 1496
1543870 1501
1543880 1507
1543890 1513
1543900 1513
1543910 1517
1543920 1523
1543930 1523
1543940 1529
1543950 1533
1543960 1533
1543970 1538
1543980 1541
1543990 1541
1544000 1545
1544010 1546
1544020 1546
1544030 1542
1544040 1538
1544050 1533
1544060 1533
1544070 1528
1544080 1524
1544090 1524
1544100 1519
1544110 1515
1544120 1515
1544130 1511
1544140 1506
1544150 1506
1544160 1501
1544170 1496
1544180 1496
1544190 1491
1544200 1485
1544210 1481
1544220 1481
1544230 1475
1544240 1471
1544250 1471
1544260 1466
1544270 1462
1544280 1462
1544290 1457
1544300 1452
1544310 1452
1544320 1447
1544330 1441
1544340 1441
1544350 1435
1544360 1429
1544370 1429
1544380 1423
1544390 1417
1544400 1411
1544410 1411
1544420 1406
1544430 1401
1544440 1401
1544450 1396
1544460 1392
1544470 1392
1544480 1388
1544490 1384
1544500 1384
1544510 1380
1544520 1377
1544530 1377
1544540 1372
1544550 1370
1544560 1365
1544570 1364
1544580 1355
1544590 1351
1544600 1351
1544610 1357
1544620 1364
1544630 1364
1544640 1372
1544650 1380
1544660 1380
1544670 1384
1544680 1387
1544690 1387
1544700 1390
1544710 1388
1544720 1383
1544730 1383
1544740 1378
1544750 1372
1544760 1372
1544770 1367
1544780 1362
1544790 1362
1544800 1358
1544810 1356
1544820 1356
1544830 1360
1544840 1363
1544850 1363
1544860 1369
1544870 1375
1544880 1375
1544890 1378
1544900 1383
1544910 1388
1544920 1388
1544930 1393
1544940 1398
1544950 1398
1544960 1404
1544970 1409
1544980 1409
1544990 1415
1545000 1420
1545010 1420
1545020 1426
1545030 1431
1545040 1431
1545050 1436
1545060 1442
1545070 1447
1545080 1447
1545090 1452
1545100 1457
1545110 1457
1545120 1460
1545130 1465
1545140 1465
1545150 1470
1545160 1475
1545170 1475
1545180 1480
1545190 1486
1545200 1486
1545210 1492
1545220 1499
1545230 1505
1545240 1505
1545250 1511
1545260 1517
1545270 1517
1545280 1520
1545290 1522
1545300 1522
1545310 1524
1545320 1526
1545330 1526
1545340 1528
1545350 1530
1545360 1530
1545370 1532
1545380 1535
1545390 1535
1545400 1538
1545410 1542
1545420 1549
1545430 1549
1545440 1556
1545450 1562
1545460 1562
1545470 1565
1545480 1570
1545490 1570
1545500 1570
1545510 1569
1545520 1569
1545530 1568
1545540 1566
1545550 1566
1545560 1564
1545570 1559
1545580 1555
1545590 1555
1545600 1551
1545610 1544
1545620 1544
1545630 1536
1545640 1530
1545650 1530
1545660 1524
1545670 1514
1545680 1514
1545690 1506
1545700 1498
1545710 1498
1545720 1490
1545730 1484
1545740 1484
1545750 1478
1545760 1472
1545770 1468
1545780 1468
1545790 1464
1545800 1460
1545810 1460
1545820 1455
1545830 1451
1545840 1451
1545850 1446
1545860 1440
1545870 1440
1545880 1434
1545890 1429
1545900 1429
1545910 1426
1545920 1421
1545930 1418
1545940 1418
1545950 1414
1545960 1410
1545970 1410
1545980 1405
1545990 1401
1546000 1401
1546010 1397
1546020 1392
1546030 1392
1546040 1388
1546050 1382
1546060 1382
1546070 1375
1546080 1368
1546090 1361
1546100 1361
1546110 1355
1546120 1349
1546130 1349
1546140 1344
1546150 1338
1546160 1338
1546170 1333
1546180 1328
1546190 1328
1546200 1324
1546210 1319
1546220 1319
1546230 1315
1546240 1311
1546250 1311
1546260 1307
1546270 1304
1546280 1299
1546290 1299
1546300 1294
1546310 1287
1546320 1287
1546330 1281
1546340 1276
1546350 1276
1546360 1272
1546370 1268
1546380 1268
1546390 1264
1546400 1260
1546410 1260
1546420 1257
1546430 1256
1546440 1258
1546450 1258
1546460 1262
1546470 1268
1546480 1268
1546490 1274
1546500 1277
1546510 1277
1546520 1280
1546530 1282
1546540 1282
1546550 1284
1546560 1286
1546570 1286
1546580 1289
1546590 1291
1546600 1295
1546610 1295
1546620 1300
1546630 1304
1546640 1307
1546650 1309
1546660 1316
1546670 1316
1546680 1321
1546690 1322
1546700 1322
1546710 1323
1546720 1324
1546730 1324
1546740 1325
1546750 1326
1546760 1326
1546770 1328
1546780 1329
1546790 1331
1546800 1331
1546810 1332
1546820 1333
1546830 1333
1546840 1333
1546850 1333
1546860 1333
1546870 1333
1546880 1332
1546890 1332
1546900 1331
1546910 1329
1546920 1329
1546930 1328
1546940 1328
1546950 1327
1546960 1327
1546970 1325
1546980 1323
1546990 1323
1547000 1322
1547010 1320
1547020 1320
1547030 1318
1547040 1316
1547050 1316
1547060 1313
1547070 1310
1547080 1310
1547090 1308
1547100 1305
1547110 1302
1547120 1302
1547130 1299
1547140 1296
1547150 1296
1547160 1293
1547170 1291
1547180 1291
1547190 1288
1547200 1285
1547210 1285
1547220 1281
1547230 1277
1547240 1277
1547250 1274
1547260 1270
1547270 1270
1547280 1267
1547290 1264
1547300 1262
1547310 1262
1547320 1261
1547330 1259
1547340 1259
1547350 1257
1547360 1255
1547370 1255
1547380 1252
1547390 1248
1547400 1248
1547410 1243
1547420 1240
1547430 1240
1547440 1237
1547450 1234
1547460 1231
1547470 1231
1547480 1228
1547490 1226
1547500 1226
1547510 1223
1547520 1220
1547530 1220
1547540 1216
1547550 1213
1547560 1213
1547570 1211
1547580 1209
1547590 1209
1547600 1207
1547610 1206
1547620 1206
1547630 1206
1547640 1206
1547650 1206
1547660 1206
1547670 1206
1547680 1206
1547690 1206
1547700 1205
1547710 1205
1547720 1205
1547730 1204
1547740 1204
1547750 1204
1547760 1205
1547770 1205
1547780 1205
1547790 1204
1547800 1202
1547810 1199
1547820 1199
1547830 1196
1547840 1193
1547850 1193
1547860 1191
1547870 1189
1547880 1189
1547890 1189
1547900 1192
1547910 1192
1547920 1193
1547930 1195
1547940 1195
1547950 1197
1547960 1199
1547970 1200
1547980 1200
1547990 1202
1548000 1203
1548010 1203
1548020 1204
1548030 1205
1548040 1205
1548050 1205
1548060 1206
1548070 1206
1548080 1206
1548090 1206
1548100 1206
1548110 1207
1548120 1208
1548130 1208
1548140 1208
1548150 1209
1548160 1209
1548170 1209
1548180 1209
1548190 1209
1548200 1209
1548210 1209
1548220 1209
1548230 1209
1548240 1209
1548250 1210
1548260 1210
1548270 1211
1548280 1211
1548290 1211
1548300 1212
1548310 1213
1548320 1214
1548330 1214
1548340 1215
1548350 1215
1548360 1215
1548370 1216
1548380 1216
1548390 1216
1548400 1217
1548410 1217
1548420 1217
1548430 1218
1548440 1219
1548450 1219
1548460 1220
1548470 1221
1548480 1222
1548490 1222
1548500 1223
1548510 1224
1548520 1224
1548530 1226
1548540 1227
1548550 1227
1548560 1228
1548570 1229
1548580 1229
1548590 1229
1548600 1230
1548610 1230
1548620 1232
1548630 1235
1548640 1236
1548650 1236
1548660 1237
1548670 1238
1548680 1238
1548690 1240
1548700 1241
1548710 1241
1548720 1242
1548730 1246
1548740 1246
1548750 1250
1548760 1254
1548770 1254
1548780 1257
1548790 1259
1548800 1259
1548810 1262
1548820 1265
1548830 1268
1548840 1268
1548850 1271
1548860 1274
1548870 1274
1548880 1277
1548890 1280
1548900 1280
1548910 1282
1548920 1285
1548930 1285
1548940 1288
1548950 1291
1548960 1291
1548970 1293
1548980 1297
1548990 1300
1549000 1300
1549010 1303
1549020 1306
1549030 1306
1549040 1309
1549050 1313
1549060 1313
1549070 1317
1549080 1322
1549090 1322
1549100 1327
1549110 1333
1549120 1333
1549130 1338
1549140 1345
1549150 1345
1549160 1351
1549170 1358
1549180 1364
1549190 1364
1549200 1370
1549210 1374
1549220 1374
1549230 1380
1549240 1386
1549250 1386
1549260 1392
1549270 1397
1549280 1397
1549290 1403
1549300 1409
1549310 1409
1549320 1414
1549330 1420
1549340 1425
1549350 1425
1549360 1429
1549370 1434
1549380 1434
1549390 1439
1549400 1443
1549410 1443
1549420 1447
1549430 1451
1549440 1451
1549450 1455
1549460 1459
1549470 1459
1549480 1463
1549490 1466
1549500 1469
1549510 1469
1549520 1472
1549530 1474
1549540 1474
1549550 1477
1549560 1480
1549570 1480
1549580 1482
1549590 1485
1549600 1485
1549610 1487
1549620 1488
1549630 1488
1549640 1490
1549650 1491
1549660 1491
1549670 1491
1549680 1491
1549690 1490
1549700 1490
1549710 1489
1549720 1486
1549730 1486
1549740 1483
1549750 1479
1549760 1479
1549770 1476
1549780 1471
1549790 1471
1549800 1466
1549810 1462
1549820 1462
1549830 1459
1549840 1455
1549850 1452
1549860 1452
1549870 1450
1549880 1447
1549890 1447
1549900 1445
1549910 1443
1549920 1443
1549930 1440
1549940 1438
1549950 1438
1549960 1435
1549970 1432
1549980 1432
1549990 1428
1550000 1422
1550010 1420
1550020 1420
1550030 1417
1550040 1416
1550050 1416
1550060 1415
1550070 1414
1550080 1414
1550090 1413
1550100 1412
1550110 1412
1550120 1411
1550130 1410
1550140 1410
1550150 1410
1550160 1409
1550170 1409
1550180 1408
1550190 1408
1550200 1407
1550210 1407
1550220 1405
1550230 1402
1550240 1402
1550250 1400
1550260 1398
1550270 1398
1550280 1398
1550290 1397
1550300 1397
1550310 1395
1550320 1394
1550330 1394
1550340 1392
1550350 1389
1550360 1386
1550370 1386
1550380 1384
1550390 1382
1550400 1382
1550410 1381
1550420 1379
1550430 1379
1550440 1377
1550450 1375
1550460 1375
1550470 1373
1550480 1370
1550490 1370
1550500 1366
1550510 1364
1550520 1362
1550530 1362
1550540 1360
1550550 1356
1550560 1356
1550570 1353
1550580 1348
1550590 1348
1550600 1344
1550610 1342
1550620 1342
1550630 1340
1550640 1339
1550650 1339
1550660 1339
1550670 1339
1550680 1339
1550690 1339
1550700 1341
1550710 1342
1550720 1342
1550730 1342
1550740 1341
1550750 1341
1550760 1339
1550770 1335
1550780 1335
1550790 1332
1550800 1331
1550810 1331
1550820 1329
1550830 1327
1550840 1327
1550850 1326
1550860 1325
1550870 1326
1550880 1326
1550890 1326
1550900 1326
1550910 1326
1550920 1326
1550930 1328
1550940 1328
1550950 1330
1550960 1330
1550970 1330
1550980 1327
1550990 1326
1551000 1326
1551010 1328
1551020 1329
1551030 1332
1551040 1332
1551050 1337
1551060 1341
1551070 1341
1551080 1345
1551090 1348
1551100 1348
1551110 1351
1551120 1354
1551130 1354
1551140 1354
1551150 1353
1551160 1353
1551170 1350
1551180 1347
1551190 1347
1551200 1346
1551210 1346
1551220 1348
1551230 1348
1551240 1351
1551250 1353
1551260 1353
1551270 1355
1551280 1357
1551290 1357
1551300 1360
1551310 1361
1551320 1361
1551330 1363
1551340 1364
1551350 1364
1551360 1365
1551370 1366
1551380 1367
1551390 1367
1551400 1368
1551410 1368
1551420 1368
1551430 1368
1551440 1369
1551450 1369
1551460 1369
1551470 1367
1551480 1367
1551490 1365
1551500 1363
1551510 1363
1551520 1359
1551530 1356
1551540 1355
1551550 1355
1551560 1355
1551570 1354
1551580 1354
1551590 1352
1551600 1352
1551610 1352
1551620 1357
1551630 1360
1551640 1360
1551650 1363
1551660 1365
1551670 1365
1551680 1368
1551690 1370
1551700 1370
1551710 1373
1551720 1377
1551730 1382
1551740 1382
1551750 1387
1551760 1391
1551770 1391
1551780 1395
1551790 1399
1551800 1399
1551810 1402
1551820 1406
1551830 1406
1551840 1409
1551850 1411
1551860 1411
1551870 1414
1551880 1416
1551890 1419
1551900 1419
1551910 1422
1551920 1425
1551930 1425
1551940 1429
1551950 1433
1551960 1433
1551970 1436
1551980 1440
1551990 1440
1552000 1442
1552010 1445
1552020 1445
1552030 1448
1552040 1451
1552050 1451
1552060 1454
1552070 1457
1552080 1459
1552090 1459
1552100 1462
1552110 1464
1552120 1464
1552130 1467
1552140 1472
1552150 1472
1552160 1476
1552170 1480
1552180 1480
1552190 1484
1552200 1489
1552210 1489
1552220 1494
1552230 1499
1552240 1503
1552250 1503
1552260 1508
1552270 1512
1552280 1512
1552290 1516
1552300 1520
1552310 1520
1552320 1525
1552330 1529
1552340 1529
1552350 1533
1552360 1537
1552370 1537
1552380 1540
1552390 1543
1552400 1545
1552410 1545
1552420 1547
1552430 1548
1552440 1548
1552450 1551
1552460 1551
1552470 1551
1552480 1551
1552490 1549
1552500 1549
1552510 1547
1552520 1544
1552530 1544
1552540 1540
1552550 1537
1552560 1537
1552570 1533
1552580 1530
1552590 1527
1552600 1527
1552610 1523
1552620 1520
1552630 1520
1552640 1517
1552650 1513
1552660 1513
1552670 1508
1552680 1505
1552690 1505
1552700 1501
1552710 1499
1552720 1499
1552730 1498
1552740 1498
1552750 1497
1552760 1497
1552770 1497
1552780 1496
1552790 1496
1552800 1494
1552810 1492
1552820 1492
1552830 1489
1552840 1487
1552850 1487
1552860 1486
1552870 1485
1552880 1485
1552890 1484
1552900 1483
1552910 1481
1552920 1481
1552930 1478
1552940 1475
1552950 1475
1552960 1471
1552970 1470
1552980 1470
1552990 1468
1553000 1467
1553010 1467
1553020 1465
1553030 1462
1553040 1462
1553050 1460
1553060 1458
1553070 1458
1553080 1456
1553090 1454
1553100 1453
1553110 1453
1553120 1451
1553130 1450
1553140 1450
1553150 1449
1553160 1449
1553170 1449
1553180 1448
1553190 1446
1553200 1446
1553210 1445
1553220 1445
1553230 1445
1553240 1446
1553250 1448
1553260 1450
1553270 1450
1553280 1451
1553290 1453
1553300 1453
1553310 1454
1553320 1456
1553330 1456
1553340 1458
1553350 1459
1553360 1459
1553370 1459
1553380 1459
1553390 1459
1553400 1458
1553410 1457
1553420 1457
1553430 1457
1553440 1456
1553450 1456
1553460 1456
1553470 1457
1553480 1458
1553490 1458
1553500 1458
1553510 1459
1553520 1459
1553530 1462
1553540 1465
1553550 1465
1553560 1470
1553570 1474
1553580 1474
1553590 1476
1553600 1479
1553610 1483
1553620 1483
1553630 1486
1553640 1489
1553650 1489
1553660 1491
1553670 1491
1553680 1491
1553690 1491
1553700 1488
1553710 1488
1553720 1485
1553730 1481
1553740 1481
1553750 1478
1553760 1477
1553770 1476
1553780 1476
1553790 1473
1553800 1470
1553810 1470
1553820 1467
1553830 1464
1553840 1464
1553850 1462
1553860 1460
1553870 1460
1553880 1457
1553890 1455
1553900 1455
1553910 1451
1553920 1446
1553930 1441
1553940 1441
1553950 1438
1553960 1435
1553970 1435
1553980 1432
1553990 1430
1554000 1430
1554010 1427
1554020 1424
1554030 1424
1554040 1421
1554050 1420
1554060 1420
1554070 1420
1554080 1421
1554090 1421
1554100 1422
1554110 1423
1554120 1422
1554130 1422
1554140 1419
1554150 1415
1554160 1415
1554170 1410
1554180 1406
1554190 1406
1554200 1403
1554210 1400
1554220 1400
1554230 1397
1554240 1394
1554250 1394
1554260 1392
1554270 1390
1554280 1392
1554290 1392
1554300 1392
1554310 1392
1554320 1392
1554330 1392
1554340 1390
1554350 1390
1554360 1389
1554370 1389
1554380 1389
1554390 1389
1554400 1388
1554410 1388
1554420 1385
1554430 1383
1554440 1382
1554450 1382
1554460 1380
1554470 1378
1554480 1378
1554490 1375
1554500 1373
1554510 1373
1554520 1372
1554530 1371
1554540 1371
1554550 1370
1554560 1369
1554570 1369
1554580 1367
1554590 1364
1554600 1364
1554610 1361
1554620 1358
1554630 1355
1554640 1355
1554650 1352
1554660 1350
1554670 1350
1554680 1347
1554690 1346
1554700 1346
1554710 1345
1554720 1344
1554730 1344
1554740 1344
1554750 1344
1554760 1344
1554770 1344
1554780 1344
1554790 1345
1554800 1345
1554810 1346
1554820 1347
1554830 1347
1554840 1348
1554850 1350
1554860 1350
1554870 1351
1554880 1350
1554890 1350
1554900 1349
1554910 1346
1554920 1346
1554930 1343
1554940 1339
1554950 1339
1554960 1333
1554970 1327
1554980 1324
1554990 1324
1555000 1322
1555010 1320
1555020 1320
1555030 1316
1555040 1314
1555050 1314
1555060 1314
1555070 1313
1555080 1313
1555090 1312
1555100 1311
1555110 1311
1555120 1309
1555130 1309
1555140 1308
1555150 1308
1555160 1308
1555170 1307
1555180 1307
1555190 1306
1555200 1305
1555210 1305
1555220 1303
1555230 1302
1555240 1302
1555250 1301
1555260 1301
1555270 1301
1555280 1302
1555290 1303
1555300 1304
1555310 1304
1555320 1306
1555330 1309
1555340 1309
1555350 1311
1555360 1312
1555370 1312
1555380 1314
1555390 1315
1555400 1315
1555410 1313
1555420 1309
1555430 1309
1555440 1305
1555450 1302
1555460 1302
1555470 1298
1555480 1293
1555490 1286
1555500 1286
1555510 1281
1555520 1278
1555530 1278
1555540 1276
1555550 1275
1555560 1275
1555570 1274
1555580 1274
1555590 1274
1555600 1277
1555610 1281
1555620 1281
1555630 1283
1555640 1281
1555650 1279
1555660 1279
1555670 1275
1555680 1271
1555690 1271
1555700 1267
1555710 1265
1555720 1265
1555730 1265
1555740 1265
1555750 1265
1555760 1267
1555770 1269
1555780 1269
1555790 1269
1555800 1268
1555810 1266
1555820 1266
1555830 1265
1555840 1265
1555850 1265
1555860 1267
1555870 1268
1555880 1268
1555890 1269
1555900 1273
1555910 1273
1555920 1273
1555930 1275
1555940 1275
1555950 1276
1555960 1275
1555970 1275
1555980 1273
1555990 1272
1556000 1270
1556010 1270
1556020 1268
1556030 1267
1556040 1267
1556050 1265
1556060 1269
1556070 1269
1556080 1270
1556090 1269
1556100 1269
1556110 1269
1556120 1266
1556130 1266
1556140 1265
1556150 1263
1556160 1262
1556170 1262
1556180 1265
1556190 1265
1556200 1265
1556210 1264
1556220 1261
1556230 1261
1556240 1261
1556250 1262
1556260 1262
1556270 1264
1556280 1266
1556290 1266
1556300 1267
1556310 1265
1556320 1264
1556330 1264
1556340 1263
1556350 1261
1556360 1261
1556370 1261
1556380 1263
1556390 1263
1556400 1265
1556410 1268
1556420 1268
1556430 1271
1556440 1273
1556450 1273
1556460 1275
1556470 1279
1556480 1279
1556490 1284
1556500 1289
1556510 1290
1556520 1290
1556530 1291
1556540 1290
1556550 1290
1556560 1289
1556570 1287
1556580 1287
1556590 1285
1556600 1285
1556610 1285
1556620 1283
1556630 1282
1556640 1282
1556650 1282
1556660 1284
1556670 1285
1556680 1285
1556690 1288
1556700 1290
1556710 1290
1556720 1295
1556730 1300
1556740 1300
1556750 1304
1556760 1307
1556770 1307
1556780 1308
1556790 1310
1556800 1310
1556810 1312
1556820 1312
1556830 1312
1556840 1312
1556850 1311
1556860 1311
1556870 1311
1556880 1309
1556890 1306
1556900 1306
1556910 1306
1556920 1307
1556930 1307
1556940 1309
1556950 1312
1556960 1312
1556970 1313
1556980 1315
1556990 1315
1557000 1317
1557010 1319
1557020 1320
1557030 1320
1557040 1320
1557050 1318
1557060 1318
1557070 1317
1557080 1316
1557090 1316
1557100 1315
1557110 1313
1557120 1313
1557130 1312
1557140 1313
1557150 1313
1557160 1315
1557170 1317
1557180 1319
1557190 1319
1557200 1320
1557210 1322
1557220 1322
1557230 1325
1557240 1326
1557250 1326
1557260 1326
1557270 1325
1557280 1325
1557290 1325
1557300 1327
1557310 1327
1557320 1332
1557330 1337
1557340 1339
1557350 1339
1557360 1339
1557370 1341
1557380 1341
1557390 1342
1557400 1343
1557410 1343
1557420 1345
1557430 1347
1557440 1347
1557450 1351
1557460 1353
1557470 1353
1557480 1352
1557490 1351
1557500 1351
1557510 1352
1557520 1352
1557530 1350
1557540 1350
1557550 1346
1557560 1342
1557570 1342
1557580 1339
1557590 1335
1557600 1335
1557610 1332
1557620 1328
1557630 1328
1557640 1324
1557650 1320
1557660 1320
1557670 1316
1557680 1312
1557690 1308
1557700 1308
1557710 1305
1557720 1301
1557730 1301
1557740 1298
1557750 1295
1557760 1295
1557770 1292
1557780 1289
1557790 1289
1557800 1288
1557810 1284
1557820 1284
1557830 1280
1557840 1276
1557850 1276
1557860 1272
1557870 1269
1557880 1266
1557890 1266
1557900 1264
1557910 1263
1557920 1263
1557930 1261
1557940 1259
1557950 1259
1557960 1258
1557970 1257
1557980 1257
1557990 1255
1558000 1253
1558010 1253
1558020 1251
1558030 1249
1558040 1248
1558050 1248
1558060 1246
1558070 1244
1558080 1244
1558090 1243
1558100 1241
1558110 1241
1558120 1239
1558130 1237
1558140 1237
1558150 1234
1558160 1231
1558170 1231
1558180 1228
1558190 1226
1558200 1224
1558210 1224
1558220 1221
1558230 1218
1558240 1218
1558250 1215
1558260 1212
1558270 1212
1558280 1209
1558290 1205
1558300 1205
1558310 1201
1558320 1199
1558330 1199
1558340 1196
1558350 1193
1558360 1193
1558370 1189
1558380 1186
1558390 1183
1558400 1183
1558410 1180
1558420 1177
1558430 1177
1558440 1174
1558450 1169
1558460 1169
1558470 1165
1558480 1161
1558490 1161
1558500 1155
1558510 1150
1558520 1150
1558530 1145
1558540 1139
1558550 1133
1558560 1133
1558570 1125
1558580 1117
1558590 1117
1558600 1110
1558610 1103
1558620 1103
1558630 1097
1558640 1091
1558650 1091
1558660 1085
1558670 1079
1558680 1079
1558690 1074
1558700 1068
1558710 1062
1558720 1062
1558730 1057
1558740 1051
1558750 1051
1558760 1046
1558770 1042
1558780 1042
1558790 1037
1558800 1032
1558810 1032
1558820 1028
1558830 1025
1558840 1025
1558850 1022
1558860 1021
1558870 1021
1558880 1018
1558890 1015
1558900 1013
1558910 1013
1558920 1009
1558930 999
1558940 999
1558950 989
1558960 979
1558970 979
1558980 972
1558990 965
1559000 965
1559010 959
1559020 954
1559030 954
1559040 951
1559050 947
1559060 940
1559070 940
1559080 933
1559090 928
1559100 928
1559110 924
1559120 920
1559130 920
1559140 916
1559150 914
1559160 914
1559170 912
1559180 910
1559190 910
1559200 907
1559210 903
1559220 900
1559230 900
1559240 896
1559250 891
1559260 891
1559270 888
1559280 885
1559290 885
1559300 882
1559310 879
1559320 879
1559330 873
1559340 867
1559350 867
1559360 859
1559370 851
1559380 851
1559390 846
1559400 841
1559410 838
1559420 838
1559430 835
1559440 829
1559450 829
1559460 823
1559470 818
1559480 818
1559490 812
1559500 804
1559510 807
1559520 802
1559530 798
1559540 798
1559550 794
1559560 791
1559570 789
1559580 789
1559590 787
1559600 784
1559610 784
1559620 781
1559630 776
1559640 776
1559650 771
1559660 765
1559670 765
1559680 760
1559690 757
1559700 757
1559710 756
1559720 755
1559730 756
1559740 756
1559750 756
1559760 755
1559770 755
1559780 753
1559790 750
1559800 750
1559810 748
1559820 748
1559830 748
1559840 749
1559850 749
1559860 749
1559870 748
1559880 746
1559890 746
1559900 746
1559910 747
1559920 747
1559930 747
1559940 747
1559950 746
1559960 746
1559970 745
1559980 745
1559990 745
