1540000 2042
1540010 2042
1540020 2042
1540030 2041
1540040 2041
1540050 2040
1540060 2039
1540070 2039
1540080 2039
1540090 2038
1540100 2037
1540110 2037
1540120 2037
1540130 2036
1540140 2036
1540150 2035
1540160 2034
1540170 2034
1540180 2033
1540190 2033
1540200 2033
1540210 2033
1540220 2033
1540230 2033
1540240 2032
1540250 2032
1540260 2032
1540270 2031
1540280 2030
1540290 2030
1540300 2030
1540310 2029
1540320 2029
1540330 2029
1540340 2028
1540350 2028
1540360 2028
1540370 2027
1540380 2027
1540390 2027
1540400 2026
1540410 2025
1540420 2025
1540430 2024
1540440 2023
1540450 2021
1540460 2021
1540470 2020
1540480 2019
1540490 2019
1540500 2018
1540510 2018
1540520 2018
1540530 2018
1540540 2017
1540550 2017
1540560 2017
1540570 2018
1540580 2018
1540590 2017
1540600 2017
1540610 2017
1540620 2016
1540630 2015
1540640 2013
1540650 2013
1540660 2012
1540670 2010
1540680 2010
1540690 2009
1540700 2007
1540710 2007
1540720 2005
1540730 2003
1540740 2003
1540750 2001
1540760 2000
1540770 2000
1540780 1998
1540790 1996
1540800 1994
1540810 1994
1540820 1993
1540830 1991
1540840 1991
1540850 1990
1540860 1989
1540870 1989
1540880 1989
1540890 1988
1540900 1989
1540910 1989
1540920 1988
1540930 1988
1540940 1987
1540950 1987
1540960 1987
1540970 1986
1540980 1985
1540990 1983
1541000 1983
1541010 1982
1541020 1982
1541030 1982
1541040 1981
1541050 1981
1541060 1981
1541070 1981
1541080 1981
1541090 1981
1541100 1980
1541110 1980
1541120 1980
1541130 1979
1541140 1977
1541150 1975
1541160 1975
1541170 1972
1541180 1968
1541190 1968
1541200 1966
1541210 1964
1541220 1964
1541230 1962
1541240 1959
1541250 1959
1541260 1956
1541270 1952
1541280 1952
1541290 1949
1541300 1947
1541310 1945
1541320 1945
1541330 1943
1541340 1942
1541350 1942
1541360 1941
1541370 1940
1541380 1940
1541390 1940
1541400 1939
1541410 1939
1541420 1938
1541430 1938
1541440 1938
1541450 1938
1541460 1937
1541470 1937
1541480 1936
1541490 1935
1541500 1934
1541510 1934
1541520 1933
1541530 1931
1541540 1931
1541550 1930
1541560 1929
1541570 1929
1541580 1927
1541590 1926
1541600 1926
1541610 1926
1541620 1925
1541630 1925
1541640 1925
1541650 1925
1541660 1924
1541670 1924
1541680 1924
1541690 1924
1541700 1924
1541710 1924
1541720 1923
1541730 1923
1541740 1923
1541750 1923
1541760 1923
1541770 1923
1541780 1923
1541790 1923
1541800 1923
1541810 1923
1541820 1923
1541830 1923
1541840 1924
1541850 1924
1541860 1924
1541870 1924
1541880 1924
1541890 1924
1541900 1924
1541910 1923
1541920 1923
1541930 1923
1541940 1922
1541950 1922
1541960 1921
1541970 1919
1541980 1919
1541990 1917
1542000 1916
1542010 1916
1542020 1916
1542030 1915
1542040 1916
1542050 1916
1542060 1917
1542070 1918
1542080 1918
1542090 1919
1542100 1920
1542110 1920
1542120 1921
1542130 1921
1542140 1921
1542150 1922
1542160 1923
1542170 1923
1542180 1924
1542190 1924
1542200 1925
1542210 1925
1542220 1926
1542230 1927
1542240 1927
1542250 1928
1542260 1929
1542270 1929
1542280 1931
1542290 1934
1542300 1934
1542310 1936
1542320 1938
1542330 1938
1542340 1939
1542350 1940
1542360 1940
1542370 1940
1542380 1940
1542390 1939
1542400 1939
1542410 1938
1542420 1936
1542430 1936
1542440 1934
1542450 1932
1542460 1932
1542470 1929
1542480 1926
1542490 1926
1542500 1922
1542510 1919
1542520 1919
1542530 1916
1542540 1912
1542550 1907
1542560 1907
1542570 1903
1542580 1899
1542590 1899
1542600 1894
1542610 1890
1542620 1890
1542630 1886
1542640 1882
1542650 1882
1542660 1879
1542670 1875
1542680 1875
1542690 1871
1542700 1866
1542710 1861
1542720 1861
1542730 1856
1542740 1854
1542750 1854
1542760 1852
1542770 1850
1542780 1850
1542790 1848
1542800 1845
1542810 1845
1542820 1843
1542830 1841
1542840 1841
1542850 1841
1542860 1840
1542870 1840
1542880 1840
1542890 1839
1542900 1838
1542910 1838
1542920 1838
1542930 1839
1542940 1839
1542950 1840
1542960 1840
1542970 1840
1542980 1841
1542990 1841
1543000 1841
1543010 1841
1543020 1841
1543030 1841
1543040 1841
1543050 1842
1543060 1843
1543070 1843
1543080 1843
1543090 1846
1543100 1846
1543110 1846
1543120 1846
1543130 1846
1543140 1846
1543150 1845
1543160 1845
1543170 1844
1543180 1844
1543190 1844
1543200 1843
1543210 1842
1543220 1841
1543230 1841
1543240 1840
1543250 1839
1543260 1839
1543270 1837
1543280 1835
1543290 1835
1543300 1833
1543310 1831
1543320 1831
1543330 1829
1543340 1826
1543350 1826
1543360 1824
1543370 1822
1543380 1822
1543390 1819
1543400 1816
1543410 1813
1543420 1813
1543430 1810
1543440 1807
1543450 1807
1543460 1804
1543470 1801
1543480 1801
1543490 1797
1543500 1792
1543510 1792
1543520 1789
1543530 1785
1543540 1785
1543550 1781
1543560 1778
1543570 1774
1543580 1774
1543590 1770
1543600 1766
1543610 1766
1543620 1762
1543630 1757
1543640 1757
1543650 1753
1543660 1749
1543670 1749
1543680 1745
1543690 1741
1543700 1741
1543710 1736
1543720 1731
1543730 1731
1543740 1727
1543750 1723
1543760 1718
1543770 1718
1543780 1714
1543790 1709
1543800 1709
1543810 1704
1543820 1700
1543830 1700
1543840 1697
1543850 1694
1543860 1694
1543870 1688
1543880 1680
1543890 1680
1543900 1673
1543910 1668
1543920 1663
1543930 1663
1543940 1659
1543950 1656
1543960 1656
1543970 1653
1543980 1652
1543990 1652
1544000 1649
1544010 1646
1544020 1646
1544030 1643
1544040 1638
1544050 1638
1544060 1634
1544070 1629
1544080 1629
1544090 1625
1544100 1621
1544110 1618
1544120 1618
1544130 1614
1544140 1610
1544150 1610
1544160 1607
1544170 1603
1544180 1603
1544190 1598
1544200 1592
1544210 1592
1544220 1588
1544230 1581
1544240 1581
1544250 1576
1544260 1572
1544270 1571
1544280 1571
1544290 1570
1544300 1570
1544310 1570
1544320 1570
1544330 1570
1544340 1570
1544350 1570
1544360 1568
1544370 1568
1544380 1567
1544390 1566
1544400 1566
1544410 1565
1544420 1564
1544430 1564
1544440 1562
1544450 1557
1544460 1553
1544470 1553
1544480 1548
1544490 1545
1544500 1545
1544510 1544
1544520 1543
1544530 1543
1544540 1542
1544550 1540
1544560 1540
1544570 1539
1544580 1537
1544590 1537
1544600 1536
1544610 1535
1544620 1535
1544630 1535
1544640 1534
1544650 1532
1544660 1532
1544670 1531
1544680 1531
1544690 1531
1544700 1531
1544710 1531
1544720 1531
1544730 1533
1544740 1537
1544750 1537
1544760 1540
1544770 1541
1544780 1541
1544790 1542
1544800 1542
1544810 1541
1544820 1541
1544830 1540
1544840 1539
1544850 1539
1544860 1538
1544870 1538
1544880 1538
1544890 1539
1544900 1540
1544910 1540
1544920 1540
1544930 1540
1544940 1540
1544950 1540
1544960 1541
1544970 1541
1544980 1541
1544990 1540
1545000 1539
1545010 1539
1545020 1538
1545030 1536
1545040 1536
1545050 1533
1545060 1530
1545070 1530
1545080 1526
1545090 1523
1545100 1523
1545110 1517
1545120 1510
1545130 1510
1545140 1503
1545150 1495
1545160 1487
1545170 1487
1545180 1480
1545190 1474
1545200 1474
1545210 1468
1545220 1467
1545230 1467
1545240 1462
1545250 1457
1545260 1457
1545270 1452
1545280 1447
1545290 1447
1545300 1442
1545310 1438
1545320 1435
1545330 1435
1545340 1432
1545350 1429
1545360 1429
1545370 1426
1545380 1423
1545390 1423
1545400 1421
1545410 1418
1545420 1418
1545430 1414
1545440 1408
1545450 1408
1545460 1403
1545470 1397
1545480 1392
1545490 1392
1545500 1386
1545510 1380
1545520 1380
1545530 1374
1545540 1367
1545550 1367
1545560 1361
1545570 1354
1545580 1354
1545590 1348
1545600 1341
1545610 1341
1545620 1335
1545630 1329
1545640 1329
1545650 1323
1545660 1317
1545670 1313
1545680 1313
1545690 1311
1545700 1311
1545710 1311
1545720 1314
1545730 1318
1545740 1318
1545750 1322
1545760 1327
1545770 1327
1545780 1331
1545790 1336
1545800 1336
1545810 1340
1545820 1344
1545830 1348
1545840 1348
1545850 1351
1545860 1353
1545870 1353
1545880 1355
1545890 1357
1545900 1357
1545910 1359
1545920 1362
1545930 1362
1545940 1367
1545950 1372
1545960 1372
1545970 1377
1545980 1383
1545990 1383
1546000 1388
1546010 1393
1546020 1398
1546030 1398
1546040 1402
1546050 1407
1546060 1407
1546070 1411
1546080 1414
1546090 1414
1546100 1418
1546110 1421
1546120 1421
1546130 1423
1546140 1426
1546150 1426
1546160 1427
1546170 1429
1546180 1431
1546190 1431
1546200 1433
1546210 1434
1546220 1434
1546230 1436
1546240 1437
1546250 1437
1546260 1439
1546270 1440
1546280 1440
1546290 1441
1546300 1442
1546310 1442
1546320 1442
1546330 1442
1546340 1442
1546350 1443
1546360 1446
1546370 1449
1546380 1449
1546390 1452
1546400 1455
1546410 1455
1546420 1457
1546430 1460
1546440 1460
1546450 1463
1546460 1465
1546470 1465
1546480 1467
1546490 1470
1546500 1470
1546510 1472
1546520 1474
1546530 1477
1546540 1477
1546550 1479
1546560 1481
1546570 1481
1546580 1482
1546590 1482
1546600 1482
1546610 1484
1546620 1484
1546630 1484
1546640 1485
1546650 1485
1546660 1485
1546670 1486
1546680 1486
1546690 1486
1546700 1486
1546710 1484
1546720 1483
1546730 1483
1546740 1480
1546750 1476
1546760 1476
1546770 1472
1546780 1469
1546790 1469
1546800 1468
1546810 1467
1546820 1467
1546830 1463
1546840 1458
1546850 1458
1546860 1454
1546870 1452
1546880 1451
1546890 1451
1546900 1451
1546910 1450
1546920 1450
1546930 1450
1546940 1450
1546950 1450
1546960 1450
1546970 1449
1546980 1449
1546990 1449
1547000 1448
1547010 1448
1547020 1447
1547030 1445
1547040 1445
1547050 1442
1547060 1441
1547070 1440
1547080 1440
1547090 1439
1547100 1438
1547110 1438
1547120 1436
1547130 1434
1547140 1434
1547150 1432
1547160 1431
1547170 1431
1547180 1429
1547190 1427
1547200 1427
1547210 1425
1547220 1422
1547230 1417
1547240 1417
1547250 1413
1547260 1407
1547270 1405
1547280 1400
1547290 1393
1547300 1393
1547310 1387
1547320 1381
1547330 1381
1547340 1375
1547350 1370
1547360 1370
1547370 1366
1547380 1360
1547390 1354
1547400 1354
1547410 1349
1547420 1343
1547430 1343
1547440 1337
1547450 1332
1547460 1332
1547470 1326
1547480 1318
1547490 1318
1547500 1310
1547510 1303
1547520 1303
1547530 1297
1547540 1291
1547550 1291
1547560 1283
1547570 1277
1547580 1276
1547590 1276
1547600 1276
1547610 1276
1547620 1276
1547630 1278
1547640 1275
1547650 1275
1547660 1270
1547670 1263
1547680 1263
1547690 1263
1547700 1269
1547710 1269
1547720 1276
1547730 1283
1547740 1291
1547750 1291
1547760 1299
1547770 1305
1547780 1305
1547790 1311
1547800 1316
1547810 1316
1547820 1321
1547830 1326
1547840 1326
1547850 1330
1547860 1333
1547870 1333
1547880 1336
1547890 1341
1547900 1341
1547910 1345
1547920 1350
1547930 1354
1547940 1354
1547950 1358
1547960 1362
1547970 1362
1547980 1366
1547990 1371
1548000 1371
1548010 1375
1548020 1379
1548030 1379
1548040 1384
1548050 1389
1548060 1389
1548070 1394
1548080 1398
1548090 1403
1548100 1403
1548110 1407
1548120 1412
1548130 1412
1548140 1416
1548150 1419
1548160 1419
1548170 1423
1548180 1427
1548190 1427
1548200 1430
1548210 1434
1548220 1434
1548230 1437
1548240 1440
1548250 1440
1548260 1442
1548270 1445
1548280 1447
1548290 1447
1548300 1449
1548310 1451
1548320 1451
1548330 1454
1548340 1457
1548350 1457
1548360 1461
1548370 1466
1548380 1466
1548390 1471
1548400 1474
1548410 1474
1548420 1478
1548430 1481
1548440 1484
1548450 1484
1548460 1487
1548470 1491
1548480 1491
1548490 1495
1548500 1498
1548510 1498
1548520 1501
1548530 1503
1548540 1503
1548550 1504
1548560 1506
1548570 1506
1548580 1507
1548590 1507
1548600 1507
1548610 1506
1548620 1502
1548630 1496
1548640 1496
1548650 1493
1548660 1491
1548670 1491
1548680 1489
1548690 1486
1548700 1486
1548710 1483
1548720 1479
1548730 1479
1548740 1473
1548750 1468
1548760 1468
1548770 1464
1548780 1459
1548790 1457
1548800 1457
1548810 1455
1548820 1452
1548830 1452
1548840 1449
1548850 1444
1548860 1444
1548870 1440
1548880 1439
1548890 1439
1548900 1439
1548910 1439
1548920 1439
1548930 1435
1548940 1431
1548950 1431
1548960 1428
1548970 1426
1548980 1424
1548990 1424
1549000 1422
1549010 1418
1549020 1418
1549030 1413
1549040 1409
1549050 1409
1549060 1405
1549070 1401
1549080 1401
1549090 1398
1549100 1396
1549110 1396
1549120 1395
1549130 1393
1549140 1389
1549150 1389
1549160 1385
1549170 1381
1549180 1381
1549190 1377
1549200 1375
1549210 1375
1549220 1375
1549230 1375
1549240 1375
1549250 1372
1549260 1374
1549270 1374
1549280 1374
1549290 1373
1549300 1372
1549310 1372
1549320 1369
1549330 1367
1549340 1367
1549350 1365
1549360 1362
1549370 1362
1549380 1361
1549390 1360
1549400 1360
1549410 1357
1549420 1352
1549430 1352
1549440 1348
1549450 1344
1549460 1344
1549470 1339
1549480 1334
1549490 1328
1549500 1328
1549510 1322
1549520 1317
1549530 1317
1549540 1312
1549550 1308
1549560 1308
1549570 1304
1549580 1301
1549590 1301
1549600 1297
1549610 1293
1549620 1293
1549630 1287
1549640 1282
1549650 1276
1549660 1276
1549670 1270
1549680 1263
1549690 1263
1549700 1257
1549710 1250
1549720 1250
1549730 1243
1549740 1234
1549750 1234
1549760 1228
1549770 1224
1549780 1224
1549790 1220
1549800 1216
1549810 1216
1549820 1211
1549830 1205
1549840 1200
1549850 1200
1549860 1194
1549870 1189
1549880 1189
1549890 1183
1549900 1178
1549910 1178
1549920 1172
1549930 1167
1549940 1167
1549950 1164
1549960 1162
1549970 1162
1549980 1159
1549990 1156
1550000 1154
1550010 1154
1550020 1152
1550030 1150
1550040 1150
1550050 1148
1550060 1147
1550070 1147
1550080 1145
1550090 1142
1550100 1142
1550110 1140
1550120 1138
1550130 1138
1550140 1135
1550150 1133
1550160 1133
1550170 1131
1550180 1129
1550190 1127
1550200 1127
1550210 1124
1550220 1122
1550230 1122
1550240 1120
1550250 1117
1550260 1117
1550270 1115
1550280 1113
1550290 1113
1550300 1111
1550310 1109
1550320 1109
1550330 1106
1550340 1104
1550350 1103
1550360 1103
1550370 1102
1550380 1101
1550390 1101
1550400 1100
1550410 1097
1550420 1097
1550430 1095
1550440 1092
1550450 1092
1550460 1090
1550470 1089
1550480 1089
1550490 1087
1550500 1086
1550510 1086
1550520 1085
1550530 1084
1550540 1082
1550550 1082
1550560 1081
1550570 1081
1550580 1081
1550590 1080
1550600 1080
1550610 1080
1550620 1079
1550630 1078
1550640 1078
1550650 1077
1550660 1076
1550670 1076
1550680 1075
1550690 1074
1550700 1074
1550710 1074
1550720 1073
1550730 1071
1550740 1071
1550750 1070
1550760 1070
1550770 1070
1550780 1071
1550790 1072
1550800 1072
1550810 1075
1550820 1076
1550830 1076
1550840 1077
1550850 1077
1550860 1077
1550870 1076
1550880 1076
1550890 1075
1550900 1075
1550910 1075
1550920 1075
1550930 1075
1550940 1075
1550950 1074
1550960 1074
1550970 1073
1550980 1072
1550990 1072
1551000 1072
1551010 1072
1551020 1072
1551030 1072
1551040 1072
1551050 1072
1551060 1072
1551070 1072
1551080 1071
1551090 1071
1551100 1071
1551110 1071
1551120 1071
1551130 1071
1551140 1071
1551150 1071
1551160 1071
1551170 1070
1551180 1070
1551190 1069
1551200 1067
1551210 1067
1551220 1063
1551230 1060
1551240 1055
1551250 1055
1551260 1051
1551270 1047
1551280 1047
1551290 1044
1551300 1041
1551310 1041
1551320 1038
1551330 1036
1551340 1036
1551350 1034
1551360 1033
1551370 1033
1551380 1032
1551390 1031
1551400 1030
1551410 1030
1551420 1029
1551430 1027
1551440 1027
1551450 1026
1551460 1025
1551470 1025
1551480 1024
1551490 1023
1551500 1023
1551510 1023
1551520 1023
1551530 1023
1551540 1023
1551550 1022
1551560 1021
1551570 1021
1551580 1021
1551590 1020
1551600 1020
1551610 1020
1551620 1020
1551630 1020
1551640 1020
1551650 1022
1551660 1022
1551670 1026
1551680 1030
1551690 1030
1551700 1035
1551710 1040
1551720 1040
1551730 1044
1551740 1049
1551750 1053
1551760 1053
1551770 1057
1551780 1061
1551790 1061
1551800 1065
1551810 1069
1551820 1069
1551830 1074
1551840 1079
1551850 1079
1551860 1084
1551870 1089
1551880 1089
1551890 1093
1551900 1095
1551910 1095
1551920 1095
1551930 1094
1551940 1092
1551950 1092
1551960 1090
1551970 1088
1551980 1088
1551990 1085
1552000 1082
1552010 1082
1552020 1079
1552030 1077
1552040 1077
1552050 1074
1552060 1071
1552070 1071
1552080 1068
1552090 1067
1552100 1065
1552110 1065
1552120 1062
1552130 1060
1552140 1060
1552150 1058
1552160 1056
1552170 1056
1552180 1054
1552190 1052
1552200 1052
1552210 1048
1552220 1043
1552230 1043
1552240 1039
1552250 1034
1552260 1029
1552270 1029
1552280 1025
1552290 1022
1552300 1022
1552310 1019
1552320 1016
1552330 1016
1552340 1014
1552350 1010
1552360 1010
1552370 1008
1552380 1005
1552390 1005
1552400 1003
1552410 1001
1552420 1001
1552430 1000
1552440 999
1552450 997
1552460 997
1552470 996
1552480 994
1552490 994
1552500 992
1552510 989
1552520 989
1552530 985
1552540 980
1552550 980
1552560 977
1552570 975
1552580 975
1552590 974
1552600 973
1552610 972
1552620 972
1552630 972
1552640 972
1552650 972
1552660 972
1552670 972
1552680 972
1552690 972
1552700 971
1552710 971
1552720 970
1552730 970
1552740 970
1552750 970
1552760 971
1552770 971
1552780 972
1552790 973
1552800 973
1552810 973
1552820 973
1552830 974
1552840 974
1552850 974
1552860 974
1552870 974
1552880 974
1552890 974
1552900 974
1552910 974
1552920 973
1552930 973
1552940 972
1552950 971
1552960 970
1552970 970
1552980 969
1552990 968
1553000 968
1553010 967
1553020 966
1553030 965
1553040 965
1553050 965
1553060 965
1553070 964
1553080 964
1553090 964
1553100 964
1553110 964
1553120 964
1553130 963
1553140 963
1553150 963
1553160 963
1553170 963
1553180 963
1553190 963
1553200 963
1553210 963
1553220 963
1553230 963
1553240 963
1553250 963
1553260 963
1553270 962
1553280 962
1553290 962
1553300 962
1553310 961
1553320 961
1553330 961
1553340 961
1553350 961
1553360 961
1553370 961
1553380 961
1553390 961
1553400 962
1553410 962
1553420 963
1553430 963
1553440 963
1553450 963
1553460 962
1553470 962
1553480 962
1553490 962
1553500 962
1553510 962
1553520 963
1553530 963
1553540 963
1553550 963
1553560 963
1553570 963
1553580 963
1553590 963
1553600 963
1553610 963
1553620 963
1553630 963
1553640 963
1553650 963
1553660 963
1553670 963
1553680 963
1553690 963
1553700 963
1553710 963
1553720 963
1553730 963
1553740 963
1553750 963
1553760 963
1553770 963
1553780 963
1553790 963
1553800 962
1553810 962
1553820 961
1553830 961
1553840 960
1553850 960
1553860 960
1553870 959
1553880 959
1553890 959
1553900 959
1553910 958
1553920 958
1553930 958
1553940 958
1553950 958
1553960 959
1553970 959
1553980 959
1553990 959
1554000 959
1554010 959
1554020 959
1554030 958
1554040 958
1554050 958
1554060 958
1554070 959
1554080 959
1554090 961
1554100 964
1554110 964
1554120 964
1554130 964
1554140 964
1554150 964
1554160 964
1554170 964
1554180 964
1554190 964
1554200 964
1554210 964
1554220 964
1554230 964
1554240 964
1554250 964
1554260 964
1554270 964
1554280 964
1554290 964
1554300 964
1554310 964
1554320 964
1554330 964
1554340 964
1554350 964
1554360 964
1554370 964
1554380 964
1554390 964
1554400 964
1554410 964
1554420 964
1554430 964
1554440 964
1554450 963
1554460 963
1554470 962
1554480 961
1554490 961
1554500 960
1554510 959
1554520 958
1554530 958
1554540 957
1554550 955
1554560 955
1554570 954
1554580 955
1554590 955
1554600 954
1554610 955
1554620 955
1554630 955
1554640 955
1554650 955
1554660 955
1554670 955
1554680 955
1554690 956
1554700 956
1554710 956
1554720 956
1554730 955
1554740 955
1554750 955
1554760 955
1554770 955
1554780 955
1554790 955
1554800 955
1554810 955
1554820 954
1554830 954
1554840 954
1554850 954
1554860 954
1554870 954
1554880 954
1554890 954
1554900 954
1554910 954
1554920 954
1554930 954
1554940 954
1554950 954
1554960 954
1554970 954
1554980 954
1554990 953
1555000 953
1555010 953
1555020 953
1555030 953
1555040 954
1555050 954
1555060 954
1555070 954
1555080 954
1555090 954
1555100 954
1555110 954
1555120 954
1555130 954
1555140 954
1555150 954
1555160 954
1555170 954
1555180 953
1555190 953
1555200 953
1555210 953
1555220 953
1555230 953
1555240 953
1555250 953
1555260 953
1555270 953
1555280 953
1555290 953
1555300 953
1555310 953
1555320 953
1555330 953
1555340 953
1555350 953
1555360 952
1555370 952
1555380 952
1555390 952
1555400 952
1555410 952
1555420 952
1555430 952
1555440 952
1555450 952
1555460 952
1555470 952
1555480 952
1555490 952
1555500 952
1555510 952
1555520 952
1555530 952
1555540 952
1555550 952
1555560 952
1555570 953
1555580 953
1555590 954
1555600 956
1555610 956
1555620 959
1555630 962
1555640 962
1555650 965
1555660 971
1555670 971
1555680 974
1555690 975
1555700 975
1555710 979
1555720 983
1555730 987
1555740 987
1555750 990
1555760 991
1555770 991
1555780 990
1555790 987
1555800 987
1555810 985
1555820 984
1555830 984
1555840 983
1555850 982
1555860 982
1555870 981
1555880 981
1555890 981
1555900 982
1555910 982
1555920 983
1555930 983
1555940 983
1555950 984
1555960 984
1555970 984
1555980 982
1555990 982
1556000 980
1556010 977
1556020 977
1556030 974
1556040 974
1556050 974
1556060 974
1556070 974
1556080 974
1556090 974
1556100 974
1556110 974
1556120 974
1556130 972
1556140 971
1556150 971
1556160 969
1556170 967
1556180 967
1556190 966
1556200 965
1556210 965
1556220 964
1556230 964
1556240 964
1556250 964
1556260 965
1556270 965
1556280 965
1556290 966
1556300 966
1556310 966
1556320 967
1556330 967
1556340 967
1556350 968
1556360 968
1556370 968
1556380 968
1556390 969
1556400 969
1556410 969
1556420 969
1556430 969
1556440 969
1556450 970
1556460 970
1556470 970
1556480 970
1556490 971
1556500 971
1556510 972
1556520 974
1556530 974
1556540 976
1556550 978
1556560 978
1556570 981
1556580 985
1556590 985
1556600 989
1556610 992
1556620 993
1556630 993
1556640 994
1556650 996
1556660 996
1556670 997
1556680 999
1556690 999
1556700 1000
1556710 1002
1556720 1002
1556730 1005
1556740 1010
1556750 1010
1556760 1014
1556770 1017
1556780 1019
1556790 1019
1556800 1019
1556810 1019
1556820 1019
1556830 1019
1556840 1019
1556850 1019
1556860 1019
1556870 1019
1556880 1019
1556890 1019
1556900 1018
1556910 1018
1556920 1018
1556930 1018
1556940 1018
1556950 1018
1556960 1018
1556970 1018
1556980 1018
1556990 1017
1557000 1017
1557010 1017
1557020 1017
1557030 1017
1557040 1017
1557050 1017
1557060 1017
1557070 1017
1557080 1017
1557090 1017
1557100 1017
1557110 1017
1557120 1016
1557130 1016
1557140 1016
1557150 1016
1557160 1015
1557170 1015
1557180 1015
1557190 1014
1557200 1014
1557210 1014
1557220 1013
1557230 1013
1557240 1013
1557250 1013
1557260 1013
1557270 1013
1557280 1013
1557290 1013
1557300 1012
1557310 1012
1557320 1012
1557330 1012
1557340 1012
1557350 1012
1557360 1012
1557370 1012
1557380 1013
1557390 1013
1557400 1013
1557410 1013
1557420 1013
1557430 1014
1557440 1014
1557450 1014
1557460 1014
1557470 1015
1557480 1016
1557490 1016
1557500 1016
1557510 1017
1557520 1017
1557530 1018
1557540 1018
1557550 1018
1557560 1018
1557570 1019
1557580 1019
1557590 1019
1557600 1019
1557610 1019
1557620 1019
1557630 1019
1557640 1020
1557650 1020
1557660 1021
1557670 1023
1557680 1023
1557690 1026
1557700 1028
1557710 1028
1557720 1031
1557730 1033
1557740 1033
1557750 1036
1557760 1040
1557770 1040
1557780 1044
1557790 1047
1557800 1047
1557810 1049
1557820 1052
1557830 1054
1557840 1054
1557850 1058
1557860 1061
1557870 1061
1557880 1065
1557890 1069
1557900 1069
1557910 1073
1557920 1078
1557930 1078
1557940 1082
1557950 1087
1557960 1087
1557970 1092
1557980 1097
1557990 1103
1558000 1103
1558010 1110
1558020 1116
1558030 1116
1558040 1122
1558050 1128
1558060 1128
1558070 1134
1558080 1139
1558090 1139
1558100 1145
1558110 1152
1558120 1152
1558130 1158
1558140 1165
1558150 1165
1558160 1169
1558170 1174
1558180 1175
1558190 1175
1558200 1176
1558210 1178
1558220 1178
1558230 1180
1558240 1182
1558250 1182
1558260 1184
1558270 1185
1558280 1185
1558290 1186
1558300 1185
1558310 1185
1558320 1183
1558330 1181
1558340 1178
1558350 1178
1558360 1174
1558370 1169
1558380 1169
1558390 1164
1558400 1160
1558410 1160
1558420 1155
1558430 1150
1558440 1150
1558450 1145
1558460 1140
1558470 1140
1558480 1136
1558490 1132
1558500 1132
1558510 1128
1558520 1123
1558530 1119
1558540 1119
1558550 1114
1558560 1111
1558570 1111
1558580 1108
1558590 1104
1558600 1104
1558610 1100
1558620 1096
1558630 1096
1558640 1093
1558650 1089
1558660 1089
1558670 1085
1558680 1080
1558690 1076
1558700 1076
1558710 1072
1558720 1068
1558730 1068
1558740 1065
1558750 1060
1558760 1060
1558770 1054
1558780 1048
1558790 1048
1558800 1042
1558810 1036
1558820 1036
1558830 1032
1558840 1033
1558850 1033
1558860 1036
1558870 1039
1558880 1040
1558890 1040
1558900 1040
1558910 1039
1558920 1039
1558930 1038
1558940 1038
1558950 1038
1558960 1038
1558970 1037
1558980 1037
1558990 1036
1559000 1035
1559010 1035
1559020 1035
1559030 1036
1559040 1037
1559050 1037
1559060 1038
1559070 1039
1559080 1039
1559090 1039
1559100 1041
1559110 1041
1559120 1042
1559130 1043
1559140 1043
1559150 1042
1559160 1041
1559170 1041
1559180 1040
1559190 1038
1559200 1038
1559210 1036
1559220 1033
1559230 1030
1559240 1030
1559250 1027
1559260 1025
1559270 1025
1559280 1022
1559290 1017
1559300 1017
1559310 1011
1559320 1012
1559330 1012
1559340 1015
1559350 1019
1559360 1019
1559370 1022
1559380 1024
1559390 1024
1559400 1024
1559410 1025
1559420 1027
1559430 1027
1559440 1028
1559450 1030
1559460 1030
1559470 1031
1559480 1033
1559490 1033
1559500 1034
1559510 1035
1559520 1035
1559530 1035
1559540 1036
1559550 1036
1559560 1036
1559570 1037
1559580 1038
1559590 1038
1559600 1038
1559610 1037
1559620 1037
1559630 1033
1559640 1029
1559650 1029
1559660 1027
1559670 1022
1559680 1022
1559690 1019
1559700 1015
1559710 1015
1559720 1017
1559730 1025
1559740 1026
1559750 1026
1559760 1025
1559770 1022
1559780 1022
1559790 1019
1559800 1016
1559810 1016
1559820 1013
1559830 1011
1559840 1011
1559850 1009
1559860 1008
1559870 1008
1559880 1007
1559890 1006
1559900 1004
1559910 1004
1559920 1003
1559930 1002
1559940 1002
1559950 1001
1559960 1000
1559970 1000
1559980 1002
1559990 1004
