1540000 1945
1540010 1946
1540020 1947
1540030 1947
1540040 1949
1540050 1951
1540060 1953
1540070 1953
1540080 1955
1540090 1956
1540100 1956
1540110 1955
1540120 1954
1540130 1954
1540140 1955
1540150 1954
1540160 1954
1540170 1952
1540180 1950
1540190 1950
1540200 1948
1540210 1946
1540220 1944
1540230 1944
1540240 1942
1540250 1941
1540260 1941
1540270 1939
1540280 1937
1540290 1937
1540300 1935
1540310 1932
1540320 1932
1540330 1929
1540340 1926
1540350 1926
1540360 1925
1540370 1925
1540380 1925
1540390 1924
1540400 1923
1540410 1924
1540420 1924
1540430 1926
1540440 1928
1540450 1928
1540460 1930
1540470 1931
1540480 1931
1540490 1932
1540500 1934
1540510 1934
1540520 1936
1540530 1938
1540540 1938
1540550 1939
1540560 1940
1540570 1940
1540580 1940
1540590 1939
1540600 1939
1540610 1939
1540620 1938
1540630 1938
1540640 1938
1540650 1938
1540660 1938
1540670 1938
1540680 1937
1540690 1937
1540700 1937
1540710 1937
1540720 1936
1540730 1936
1540740 1936
1540750 1937
1540760 1936
1540770 1936
1540780 1934
1540790 1933
1540800 1933
1540810 1932
1540820 1930
1540830 1930
1540840 1929
1540850 1928
1540860 1928
1540870 1927
1540880 1925
1540890 1925
1540900 1923
1540910 1921
1540920 1919
1540930 1919
1540940 1917
1540950 1916
1540960 1916
1540970 1915
1540980 1914
1540990 1914
1541000 1912
1541010 1911
1541020 1911
1541030 1910
1541040 1909
1541050 1909
1541060 1907
1541070 1904
1541080 1904
1541090 1901
1541100 1899
1541110 1897
1541120 1897
1541130 1896
1541140 1895
1541150 1895
1541160 1893
1541170 1891
1541180 1891
1541190 1886
1541200 1885
1541210 1885
1541220 1883
1541230 1882
1541240 1882
1541250 1882
1541260 1881
1541270 1880
1541280 1880
1541290 1878
1541300 1877
1541310 1877
1541320 1876
1541330 1875
1541340 1875
1541350 1873
1541360 1871
1541370 1871
1541380 1869
1541390 1866
1541400 1866
1541410 1864
1541420 1861
1541430 1858
1541440 1858
1541450 1855
1541460 1853
1541470 1853
1541480 1851
1541490 1848
1541500 1848
1541510 1845
1541520 1843
1541530 1843
1541540 1844
1541550 1844
1541560 1844
1541570 1842
1541580 1840
1541590 1840
1541600 1838
1541610 1836
1541620 1834
1541630 1834
1541640 1833
1541650 1832
1541660 1832
1541670 1833
1541680 1833
1541690 1833
1541700 1833
1541710 1834
1541720 1834
1541730 1834
1541740 1834
1541750 1834
1541760 1833
1541770 1832
1541780 1832
1541790 1832
1541800 1831
1541810 1830
1541820 1830
1541830 1830
1541840 1830
1541850 1830
1541860 1830
1541870 1830
1541880 1830
1541890 1830
1541900 1831
1541910 1831
1541920 1832
1541930 1834
1541940 1834
1541950 1835
1541960 1836
1541970 1837
1541980 1837
1541990 1838
1542000 1838
1542010 1838
1542020 1837
1542030 1836
1542040 1836
1542050 1834
1542060 1833
1542070 1833
1542080 1832
1542090 1834
1542100 1834
1542110 1836
1542120 1837
1542130 1838
1542140 1838
1542150 1840
1542160 1842
1542170 1842
1542180 1844
1542190 1846
1542200 1846
1542210 1848
1542220 1849
1542230 1849
1542240 1850
1542250 1852
1542260 1852
1542270 1854
1542280 1857
1542290 1857
1542300 1861
1542310 1865
1542320 1868
1542330 1868
1542340 1872
1542350 1875
1542360 1875
1542370 1879
1542380 1883
1542390 1883
1542400 1886
1542410 1889
1542420 1889
1542430 1892
1542440 1896
1542450 1896
1542460 1899
1542470 1903
1542480 1907
1542490 1907
1542500 1910
1542510 1913
1542520 1913
1542530 1916
1542540 1918
1542550 1918
1542560 1921
1542570 1923
1542580 1923
1542590 1926
1542600 1928
1542610 1928
1542620 1930
1542630 1932
1542640 1932
1542650 1933
1542660 1934
1542670 1935
1542680 1935
1542690 1935
1542700 1935
1542710 1935
1542720 1936
1542730 1936
1542740 1936
1542750 1936
1542760 1937
1542770 1937
1542780 1937
1542790 1938
1542800 1938
1542810 1938
1542820 1938
1542830 1939
1542840 1939
1542850 1939
1542860 1939
1542870 1939
1542880 1940
1542890 1941
1542900 1941
1542910 1942
1542920 1943
1542930 1943
1542940 1944
1542950 1944
1542960 1944
1542970 1945
1542980 1946
1542990 1946
1543000 1944
1543010 1941
1543020 1938
1543030 1938
1543040 1934
1543050 1930
1543060 1930
1543070 1926
1543080 1921
1543090 1921
1543100 1917
1543110 1912
1543120 1912
1543130 1907
1543140 1903
1543150 1903
1543160 1899
1543170 1897
1543180 1895
1543190 1895
1543200 1893
1543210 1891
1543220 1891
1543230 1889
1543240 1888
1543250 1888
1543260 1885
1543270 1885
1543280 1885
1543290 1883
1543300 1882
1543310 1882
1543320 1880
1543330 1878
1543340 1878
1543350 1876
1543360 1874
1543370 1872
1543380 1873
1543390 1871
1543400 1870
1543410 1870
1543420 1868
1543430 1866
1543440 1866
1543450 1863
1543460 1861
1543470 1861
1543480 1859
1543490 1856
1543500 1856
1543510 1854
1543520 1853
1543530 1852
1543540 1852
1543550 1850
1543560 1849
1543570 1849
1543580 1849
1543590 1849
1543600 1849
1543610 1848
1543620 1846
1543630 1846
1543640 1844
1543650 1843
1543660 1843
1543670 1840
1543680 1839
1543690 1839
1543700 1836
1543710 1835
1543720 1832
1543730 1832
1543740 1830
1543750 1827
1543760 1827
1543770 1824
1543780 1821
1543790 1821
1543800 1818
1543810 1814
1543820 1814
1543830 1811
1543840 1806
1543850 1806
1543860 1801
1543870 1797
1543880 1793
1543890 1793
1543900 1789
1543910 1786
1543920 1786
1543930 1784
1543940 1781
1543950 1781
1543960 1779
1543970 1776
1543980 1776
1543990 1771
1544000 1766
1544010 1766
1544020 1763
1544030 1761
1544040 1758
1544050 1758
1544060 1757
1544070 1755
1544080 1755
1544090 1751
1544100 1747
1544110 1747
1544120 1742
1544130 1737
1544140 1737
1544150 1734
1544160 1730
1544170 1730
1544180 1727
1544190 1722
1544200 1722
1544210 1718
1544220 1716
1544230 1715
1544240 1715
1544250 1714
1544260 1712
1544270 1712
1544280 1710
1544290 1709
1544300 1709
1544310 1708
1544320 1708
1544330 1708
1544340 1708
1544350 1707
1544360 1707
1544370 1706
1544380 1705
1544390 1703
1544400 1703
1544410 1701
1544420 1698
1544430 1698
1544440 1695
1544450 1693
1544460 1693
1544470 1691
1544480 1692
1544490 1692
1544500 1691
1544510 1689
1544520 1689
1544530 1686
1544540 1684
1544550 1684
1544560 1682
1544570 1680
1544580 1679
1544590 1679
1544600 1678
1544610 1676
1544620 1676
1544630 1672
1544640 1669
1544650 1669
1544660 1665
1544670 1661
1544680 1661
1544690 1657
1544700 1652
1544710 1652
1544720 1648
1544730 1643
1544740 1638
1544750 1638
1544760 1633
1544770 1629
1544780 1629
1544790 1624
1544800 1620
1544810 1620
1544820 1616
1544830 1611
1544840 1611
1544850 1608
1544860 1603
1544870 1603
1544880 1600
1544890 1596
1544900 1596
1544910 1593
1544920 1590
1544930 1586
1544940 1586
1544950 1582
1544960 1579
1544970 1579
1544980 1574
1544990 1570
1545000 1570
1545010 1565
1545020 1561
1545030 1561
1545040 1557
1545050 1551
1545060 1551
1545070 1545
1545080 1538
1545090 1530
1545100 1530
1545110 1523
1545120 1517
1545130 1517
1545140 1511
1545150 1506
1545160 1506
1545170 1501
1545180 1496
1545190 1496
1545200 1490
1545210 1486
1545220 1486
1545230 1480
1545240 1475
1545250 1475
1545260 1469
1545270 1466
1545280 1466
1545290 1466
1545300 1465
1545310 1464
1545320 1464
1545330 1463
1545340 1462
1545350 1462
1545360 1461
1545370 1460
1545380 1460
1545390 1459
1545400 1458
1545410 1458
1545420 1457
1545430 1456
1545440 1454
1545450 1454
1545460 1453
1545470 1452
1545480 1452
1545490 1458
1545500 1459
1545510 1459
1545520 1459
1545530 1458
1545540 1458
1545550 1458
1545560 1458
1545570 1458
1545580 1458
1545590 1457
1545600 1457
1545610 1456
1545620 1453
1545630 1451
1545640 1451
1545650 1448
1545660 1443
1545670 1443
1545680 1438
1545690 1432
1545700 1432
1545710 1426
1545720 1419
1545730 1419
1545740 1411
1545750 1404
1545760 1404
1545770 1396
1545780 1388
1545790 1381
1545800 1381
1545810 1374
1545820 1367
1545830 1367
1545840 1360
1545850 1354
1545860 1354
1545870 1349
1545880 1344
1545890 1344
1545900 1338
1545910 1332
1545920 1332
1545930 1326
1545940 1321
1545950 1321
1545960 1315
1545970 1309
1545980 1305
1545990 1305
1546000 1298
1546010 1292
1546020 1292
1546030 1286
1546040 1281
1546050 1281
1546060 1277
1546070 1277
1546080 1277
1546090 1279
1546100 1284
1546110 1284
1546120 1287
1546130 1289
1546140 1291
1546150 1291
1546160 1292
1546170 1292
1546180 1292
1546190 1293
1546200 1293
1546210 1293
1546220 1290
1546230 1289
1546240 1289
1546250 1291
1546260 1293
1546270 1293
1546280 1293
1546290 1292
1546300 1292
1546310 1292
1546320 1293
1546330 1294
1546340 1294
1546350 1295
1546360 1298
1546370 1298
1546380 1300
1546390 1301
1546400 1301
1546410 1302
1546420 1303
1546430 1303
1546440 1303
1546450 1304
1546460 1304
1546470 1305
1546480 1307
1546490 1308
1546500 1308
1546510 1309
1546520 1313
1546530 1313
1546540 1315
1546550 1318
1546560 1318
1546570 1320
1546580 1322
1546590 1322
1546600 1323
1546610 1324
1546620 1324
1546630 1325
1546640 1324
1546650 1324
1546660 1324
1546670 1325
1546680 1326
1546690 1326
1546700 1327
1546710 1330
1546720 1330
1546730 1331
1546740 1332
1546750 1332
1546760 1332
1546770 1332
1546780 1332
1546790 1330
1546800 1328
1546810 1328
1546820 1326
1546830 1324
1546840 1322
1546850 1322
1546860 1320
1546870 1314
1546880 1314
1546890 1308
1546900 1305
1546910 1305
1546920 1304
1546930 1301
1546940 1301
1546950 1301
1546960 1300
1546970 1300
1546980 1298
1546990 1297
1547000 1297
1547010 1297
1547020 1297
1547030 1296
1547040 1296
1547050 1291
1547060 1288
1547070 1288
1547080 1284
1547090 1278
1547100 1278
1547110 1269
1547120 1265
1547130 1265
1547140 1270
1547150 1274
1547160 1274
1547170 1277
1547180 1279
1547190 1278
1547200 1278
1547210 1278
1547220 1277
1547230 1277
1547240 1276
1547250 1276
1547260 1276
1547270 1274
1547280 1273
1547290 1273
1547300 1271
1547310 1270
1547320 1270
1547330 1269
1547340 1270
1547350 1271
1547360 1271
1547370 1271
1547380 1269
1547390 1269
1547400 1265
1547410 1260
1547420 1260
1547430 1254
1547440 1250
1547450 1250
1547460 1246
1547470 1242
1547480 1242
1547490 1238
1547500 1233
1547510 1233
1547520 1229
1547530 1222
1547540 1219
1547550 1219
1547560 1216
1547570 1213
1547580 1213
1547590 1208
1547600 1205
1547610 1205
1547620 1208
1547630 1214
1547640 1214
1547650 1220
1547660 1225
1547670 1225
1547680 1231
1547690 1237
1547700 1244
1547710 1244
1547720 1252
1547730 1262
1547740 1262
1547750 1270
1547760 1277
1547770 1277
1547780 1284
1547790 1292
1547800 1292
1547810 1299
1547820 1307
1547830 1307
1547840 1314
1547850 1321
1547860 1321
1547870 1327
1547880 1333
1547890 1338
1547900 1338
1547910 1342
1547920 1346
1547930 1346
1547940 1349
1547950 1354
1547960 1354
1547970 1359
1547980 1363
1547990 1363
1548000 1367
1548010 1370
1548020 1370
1548030 1374
1548040 1376
1548050 1378
1548060 1378
1548070 1378
1548080 1379
1548090 1379
1548100 1382
1548110 1385
1548120 1385
1548130 1387
1548140 1391
1548150 1391
1548160 1395
1548170 1399
1548180 1399
1548190 1403
1548200 1407
1548210 1407
1548220 1410
1548230 1414
1548240 1417
1548250 1417
1548260 1422
1548270 1426
1548280 1426
1548290 1430
1548300 1433
1548310 1433
1548320 1436
1548330 1439
1548340 1439
1548350 1442
1548360 1445
1548370 1445
1548380 1448
1548390 1451
1548400 1453
1548410 1453
1548420 1456
1548430 1458
1548440 1458
1548450 1460
1548460 1462
1548470 1462
1548480 1464
1548490 1464
1548500 1464
1548510 1463
1548520 1461
1548530 1461
1548540 1460
1548550 1459
1548560 1459
1548570 1456
1548580 1453
1548590 1445
1548600 1445
1548610 1436
1548620 1430
1548630 1430
1548640 1424
1548650 1421
1548660 1421
1548670 1420
1548680 1417
1548690 1417
1548700 1415
1548710 1411
1548720 1411
1548730 1407
1548740 1403
1548750 1399
1548760 1399
1548770 1397
1548780 1393
1548790 1393
1548800 1387
1548810 1382
1548820 1382
1548830 1378
1548840 1373
1548850 1373
1548860 1369
1548870 1364
1548880 1364
1548890 1357
1548900 1352
1548910 1352
1548920 1348
1548930 1344
1548940 1339
1548950 1339
1548960 1334
1548970 1328
1548980 1328
1548990 1323
1549000 1318
1549010 1318
1549020 1314
1549030 1308
1549040 1308
1549050 1303
1549060 1297
1549070 1297
1549080 1288
1549090 1280
1549100 1273
1549110 1273
1549120 1266
1549130 1260
1549140 1260
1549150 1253
1549160 1245
1549170 1245
1549180 1239
1549190 1233
1549200 1233
1549210 1227
1549220 1221
1549230 1221
1549240 1215
1549250 1209
1549260 1209
1549270 1203
1549280 1198
1549290 1195
1549300 1195
1549310 1192
1549320 1190
1549330 1190
1549340 1187
1549350 1184
1549360 1184
1549370 1182
1549380 1179
1549390 1179
1549400 1177
1549410 1175
1549420 1175
1549430 1172
1549440 1170
1549450 1168
1549460 1168
1549470 1166
1549480 1165
1549490 1165
1549500 1164
1549510 1160
1549520 1160
1549530 1159
1549540 1158
1549550 1158
1549560 1157
1549570 1154
1549580 1154
1549590 1151
1549600 1147
1549610 1143
1549620 1143
1549630 1142
1549640 1142
1549650 1142
1549660 1143
1549670 1143
1549680 1143
1549690 1143
1549700 1144
1549710 1144
1549720 1145
1549730 1146
1549740 1146
1549750 1146
1549760 1146
1549770 1146
1549780 1145
1549790 1143
1549800 1139
1549810 1139
1549820 1135
1549830 1131
1549840 1131
1549850 1129
1549860 1127
1549870 1127
1549880 1124
1549890 1122
1549900 1122
1549910 1120
1549920 1118
1549930 1118
1549940 1117
1549950 1117
1549960 1115
1549970 1115
1549980 1112
1549990 1109
1550000 1109
1550010 1107
1550020 1104
1550030 1104
1550040 1102
1550050 1100
1550060 1100
1550070 1099
1550080 1097
1550090 1097
1550100 1095
1550110 1093
1550120 1093
1550130 1092
1550140 1092
1550150 1091
1550160 1091
1550170 1089
1550180 1087
1550190 1087
1550200 1084
1550210 1080
1550220 1080
1550230 1077
1550240 1076
1550250 1076
1550260 1076
1550270 1077
1550280 1077
1550290 1077
1550300 1077
1550310 1078
1550320 1078
1550330 1078
1550340 1078
1550350 1078
1550360 1077
1550370 1078
1550380 1078
1550390 1078
1550400 1077
1550410 1077
1550420 1077
1550430 1076
1550440 1076
1550450 1076
1550460 1076
1550470 1076
1550480 1075
1550490 1075
1550500 1074
1550510 1074
1550520 1074
1550530 1073
1550540 1073
1550550 1073
1550560 1072
1550570 1072
1550580 1072
1550590 1072
1550600 1072
1550610 1071
1550620 1071
1550630 1071
1550640 1070
1550650 1070
1550660 1069
1550670 1069
1550680 1068
1550690 1067
1550700 1067
1550710 1064
1550720 1059
1550730 1059
1550740 1056
1550750 1054
1550760 1054
1550770 1053
1550780 1051
1550790 1051
1550800 1051
1550810 1049
1550820 1049
1550830 1048
1550840 1046
1550850 1045
1550860 1045
1550870 1044
1550880 1042
1550890 1042
1550900 1040
1550910 1037
1550920 1037
1550930 1035
1550940 1033
1550950 1033
1550960 1031
1550970 1030
1550980 1030
1550990 1030
1551000 1029
1551010 1029
1551020 1029
1551030 1027
1551040 1025
1551050 1025
1551060 1022
1551070 1019
1551080 1019
1551090 1016
1551100 1013
1551110 1013
1551120 1011
1551130 1010
1551140 1010
1551150 1008
1551160 1007
1551170 1007
1551180 1006
1551190 1006
1551200 1005
1551210 1005
1551220 1004
1551230 1003
1551240 1003
1551250 1003
1551260 1002
1551270 1002
1551280 1002
1551290 1001
1551300 1001
1551310 1001
1551320 1000
1551330 1000
1551340 1000
1551350 999
1551360 999
1551370 999
1551380 998
1551390 997
1551400 997
1551410 996
1551420 995
1551430 995
1551440 994
1551450 993
1551460 993
1551470 992
1551480 992
1551490 992
1551500 991
1551510 990
1551520 990
1551530 990
1551540 989
1551550 988
1551560 988
1551570 988
1551580 987
1551590 987
1551600 987
1551610 986
1551620 986
1551630 986
1551640 986
1551650 986
1551660 985
1551670 985
1551680 985
1551690 984
1551700 984
1551710 984
1551720 984
1551730 983
1551740 983
1551750 983
1551760 982
1551770 982
1551780 982
1551790 982
1551800 982
1551810 982
1551820 981
1551830 981
1551840 981
1551850 980
1551860 980
1551870 980
1551880 980
1551890 979
1551900 979
1551910 979
1551920 979
1551930 979
1551940 979
1551950 978
1551960 978
1551970 978
1551980 977
1551990 976
1552000 976
1552010 976
1552020 975
1552030 975
1552040 975
1552050 974
1552060 973
1552070 973
1552080 972
1552090 971
1552100 971
1552110 970
1552120 969
1552130 969
1552140 968
1552150 968
1552160 968
1552170 969
1552180 969
1552190 969
1552200 969
1552210 969
1552220 969
1552230 970
1552240 971
1552250 972
1552260 972
1552270 972
1552280 973
1552290 973
1552300 976
1552310 980
1552320 980
1552330 984
1552340 986
1552350 986
1552360 986
1552370 986
1552380 986
1552390 986
1552400 986
1552410 986
1552420 986
1552430 986
1552440 986
1552450 986
1552460 986
1552470 986
1552480 986
1552490 986
1552500 986
1552510 986
1552520 986
1552530 985
1552540 985
1552550 985
1552560 985
1552570 985
1552580 985
1552590 985
1552600 985
1552610 985
1552620 985
1552630 985
1552640 985
1552650 986
1552660 986
1552670 986
1552680 985
1552690 985
1552700 985
1552710 985
1552720 985
1552730 985
1552740 985
1552750 986
1552760 985
1552770 985
1552780 985
1552790 986
1552800 986
1552810 986
1552820 986
1552830 986
1552840 987
1552850 987
1552860 987
1552870 987
1552880 988
1552890 988
1552900 988
1552910 988
1552920 989
1552930 989
1552940 989
1552950 990
1552960 990
1552970 990
1552980 990
1552990 990
1553000 991
1553010 991
1553020 991
1553030 991
1553040 992
1553050 992
1553060 992
1553070 992
1553080 992
1553090 992
1553100 993
1553110 993
1553120 993
1553130 993
1553140 992
1553150 992
1553160 992
1553170 992
1553180 992
1553190 992
1553200 991
1553210 991
1553220 991
1553230 991
1553240 991
1553250 991
1553260 991
1553270 991
1553280 992
1553290 992
1553300 992
1553310 992
1553320 992
1553330 992
1553340 992
1553350 992
1553360 992
1553370 992
1553380 992
1553390 992
1553400 992
1553410 991
1553420 991
1553430 991
1553440 991
1553450 990
1553460 990
1553470 990
1553480 990
1553490 990
1553500 990
1553510 989
1553520 989
1553530 989
1553540 989
1553550 989
1553560 989
1553570 989
1553580 989
1553590 989
1553600 989
1553610 990
1553620 990
1553630 990
1553640 990
1553650 990
1553660 990
1553670 989
1553680 986
1553690 986
1553700 984
1553710 983
1553720 983
1553730 983
1553740 983
1553750 983
1553760 984
1553770 984
1553780 984
1553790 986
1553800 989
1553810 992
1553820 992
1553830 995
1553840 998
1553850 998
1553860 1002
1553870 1006
1553880 1006
1553890 1010
1553900 1014
1553910 1014
1553920 1019
1553930 1025
1553940 1025
1553950 1029
1553960 1034
1553970 1039
1553980 1039
1553990 1042
1554000 1047
1554010 1047
1554020 1051
1554030 1055
1554040 1055
1554050 1058
1554060 1060
1554070 1060
1554080 1062
1554090 1065
1554100 1065
1554110 1067
1554120 1068
1554130 1068
1554140 1071
1554150 1073
1554160 1074
1554170 1074
1554180 1072
1554190 1071
1554200 1071
1554210 1069
1554220 1068
1554230 1068
1554240 1066
1554250 1065
1554260 1065
1554270 1065
1554280 1064
1554290 1064
1554300 1064
1554310 1065
1554320 1066
1554330 1066
1554340 1066
1554350 1063
1554360 1063
1554370 1059
1554380 1055
1554390 1055
1554400 1050
1554410 1046
1554420 1046
1554430 1041
1554440 1036
1554450 1036
1554460 1032
1554470 1027
1554480 1027
1554490 1024
1554500 1020
1554510 1018
1554520 1018
1554530 1018
1554540 1017
1554550 1017
1554560 1016
1554570 1016
1554580 1016
1554590 1015
1554600 1015
1554610 1015
1554620 1014
1554630 1014
1554640 1014
1554650 1013
1554660 1013
1554670 1013
1554680 1013
1554690 1014
1554700 1015
1554710 1015
1554720 1016
1554730 1017
1554740 1017
1554750 1017
1554760 1018
1554770 1018
1554780 1018
1554790 1019
1554800 1019
1554810 1018
1554820 1018
1554830 1018
1554840 1018
1554850 1018
1554860 1018
1554870 1018
1554880 1017
1554890 1017
1554900 1017
1554910 1017
1554920 1017
1554930 1017
1554940 1018
1554950 1018
1554960 1018
1554970 1019
1554980 1020
1554990 1020
1555000 1022
1555010 1025
1555020 1026
1555030 1026
1555040 1027
1555050 1028
1555060 1028
1555070 1030
1555080 1032
1555090 1035
1555100 1037
1555110 1038
1555120 1038
1555130 1038
1555140 1039
1555150 1039
1555160 1039
1555170 1038
1555180 1038
1555190 1039
1555200 1043
1555210 1047
1555220 1047
1555230 1051
1555240 1054
1555250 1054
1555260 1058
1555270 1061
1555280 1061
1555290 1063
1555300 1066
1555310 1066
1555320 1068
1555330 1070
1555340 1070
1555350 1072
1555360 1075
1555370 1079
1555380 1079
1555390 1083
1555400 1088
1555410 1088
1555420 1092
1555430 1096
1555440 1096
1555450 1101
1555460 1105
1555470 1105
1555480 1109
1555490 1113
1555500 1113
1555510 1118
1555520 1123
1555530 1128
1555540 1128
1555550 1133
1555560 1138
1555570 1138
1555580 1144
1555590 1149
1555600 1149
1555610 1154
1555620 1159
1555630 1159
1555640 1163
1555650 1167
1555660 1167
1555670 1169
1555680 1169
1555690 1169
1555700 1167
1555710 1164
1555720 1160
1555730 1160
1555740 1157
1555750 1154
1555760 1154
1555770 1151
1555780 1148
1555790 1148
1555800 1145
1555810 1142
1555820 1142
1555830 1139
1555840 1137
1555850 1137
1555860 1135
1555870 1132
1555880 1128
1555890 1128
1555900 1124
1555910 1120
1555920 1120
1555930 1115
1555940 1111
1555950 1111
1555960 1106
1555970 1101
1555980 1101
1555990 1098
1556000 1095
1556010 1095
1556020 1091
1556030 1088
1556040 1088
1556050 1085
1556060 1083
1556070 1081
1556080 1081
1556090 1080
1556100 1079
1556110 1079
1556120 1077
1556130 1075
1556140 1075
1556150 1073
1556160 1069
1556170 1069
1556180 1066
1556190 1066
1556200 1066
1556210 1066
1556220 1066
1556230 1065
1556240 1065
1556250 1064
1556260 1063
1556270 1063
1556280 1061
1556290 1059
1556300 1059
1556310 1056
1556320 1052
1556330 1052
1556340 1048
1556350 1045
1556360 1045
1556370 1042
1556380 1040
1556390 1040
1556400 1038
1556410 1037
1556420 1036
1556430 1036
1556440 1035
1556450 1035
1556460 1035
1556470 1033
1556480 1032
1556490 1032
1556500 1030
1556510 1028
1556520 1028
1556530 1025
1556540 1024
1556550 1024
1556560 1023
1556570 1023
1556580 1023
1556590 1023
1556600 1022
1556610 1022
1556620 1022
1556630 1020
1556640 1016
1556650 1016
1556660 1013
1556670 1010
1556680 1010
1556690 1008
1556700 1006
1556710 1006
1556720 1005
1556730 1004
1556740 1004
1556750 1003
1556760 1003
1556770 1003
1556780 1003
1556790 1002
1556800 1004
1556810 1004
1556820 1007
1556830 1008
1556840 1008
1556850 1011
1556860 1013
1556870 1013
1556880 1015
1556890 1017
1556900 1017
1556910 1019
1556920 1021
1556930 1023
1556940 1023
1556950 1025
1556960 1029
1556970 1029
1556980 1034
1556990 1038
1557000 1038
1557010 1041
1557020 1044
1557030 1044
1557040 1047
1557050 1050
1557060 1050
1557070 1053
1557080 1055
1557090 1055
1557100 1058
1557110 1061
1557120 1063
1557130 1063
1557140 1065
1557150 1068
1557160 1068
1557170 1071
1557180 1074
1557190 1074
1557200 1078
1557210 1081
1557220 1081
1557230 1084
1557240 1088
1557250 1088
1557260 1092
1557270 1097
1557280 1102
1557290 1102
1557300 1108
1557310 1114
1557320 1114
1557330 1120
1557340 1128
1557350 1128
1557360 1135
1557370 1141
1557380 1141
1557390 1147
1557400 1152
1557410 1152
1557420 1158
1557430 1163
1557440 1163
1557450 1167
1557460 1172
1557470 1177
1557480 1177
1557490 1182
1557500 1188
1557510 1188
1557520 1194
1557530 1198
1557540 1198
1557550 1201
1557560 1202
1557570 1202
1557580 1203
1557590 1205
1557600 1205
1557610 1207
1557620 1207
1557630 1208
1557640 1208
1557650 1209
1557660 1207
1557670 1207
1557680 1204
1557690 1201
1557700 1201
1557710 1199
1557720 1197
1557730 1197
1557740 1197
1557750 1198
1557760 1198
1557770 1199
1557780 1200
1557790 1200
1557800 1201
1557810 1203
1557820 1207
1557830 1207
1557840 1212
1557850 1216
1557860 1216
1557870 1220
1557880 1225
1557890 1225
1557900 1230
1557910 1235
1557920 1235
1557930 1240
1557940 1245
1557950 1245
1557960 1250
1557970 1256
1557980 1260
1557990 1260
1558000 1266
1558010 1270
1558020 1270
1558030 1275
1558040 1281
1558050 1281
1558060 1282
1558070 1284
1558080 1284
1558090 1284
1558100 1280
1558110 1280
1558120 1275
1558130 1270
1558140 1264
1558150 1264
1558160 1260
1558170 1255
1558180 1255
1558190 1250
1558200 1245
1558210 1245
1558220 1240
1558230 1236
1558240 1236
1558250 1231
1558260 1227
1558270 1227
1558280 1222
1558290 1217
1558300 1217
1558310 1211
1558320 1207
1558330 1203
1558340 1203
1558350 1197
1558360 1194
1558370 1194
1558380 1190
1558390 1186
1558400 1186
1558410 1183
1558420 1179
1558430 1179
1558440 1176
1558450 1170
1558460 1170
1558470 1164
1558480 1157
1558490 1157
1558500 1157
1558510 1163
1558520 1165
1558530 1165
1558540 1165
1558550 1165
1558560 1165
1558570 1165
1558580 1171
1558590 1171
1558600 1171
1558610 1171
1558620 1171
1558630 1171
1558640 1172
1558650 1172
1558660 1173
1558670 1175
1558680 1176
1558690 1176
1558700 1177
1558710 1175
1558720 1175
1558730 1170
1558740 1165
1558750 1165
1558760 1158
1558770 1159
1558780 1159
1558790 1164
1558800 1168
1558810 1168
1558820 1172
1558830 1175
1558840 1178
1558850 1178
1558860 1182
1558870 1187
1558880 1187
1558890 1190
1558900 1192
1558910 1192
1558920 1195
1558930 1198
1558940 1198
1558950 1201
1558960 1204
1558970 1204
1558980 1207
1558990 1209
1559000 1209
1559010 1211
1559020 1212
1559030 1214
1559040 1214
1559050 1215
1559060 1216
1559070 1216
1559080 1216
1559090 1216
1559100 1216
1559110 1216
1559120 1215
1559130 1215
1559140 1213
1559150 1210
1559160 1210
1559170 1205
1559180 1199
1559190 1195
1559200 1195
1559210 1189
1559220 1182
1559230 1182
1559240 1176
1559250 1170
1559260 1170
1559270 1164
1559280 1156
1559290 1156
1559300 1149
1559310 1141
1559320 1141
1559330 1132
1559340 1136
1559350 1136
1559360 1143
1559370 1150
1559380 1148
1559390 1148
1559400 1139
1559410 1131
1559420 1131
1559430 1129
1559440 1136
1559450 1136
1559460 1144
1559470 1150
1559480 1150
1559490 1157
1559500 1164
1559510 1164
1559520 1172
1559530 1177
1559540 1182
1559550 1182
1559560 1188
1559570 1194
1559580 1194
1559590 1200
1559600 1206
1559610 1206
1559620 1213
1559630 1217
1559640 1217
1559650 1220
1559660 1222
1559670 1222
1559680 1223
1559690 1219
1559700 1219
1559710 1215
1559720 1210
1559730 1204
1559740 1204
1559750 1199
1559760 1194
1559770 1194
1559780 1189
1559790 1184
1559800 1184
1559810 1184
1559820 1186
1559830 1186
1559840 1189
1559850 1193
1559860 1193
1559870 1198
1559880 1202
1559890 1206
1559900 1206
1559910 1210
1559920 1214
1559930 1214
1559940 1218
1559950 1221
1559960 1221
1559970 1225
1559980 1229
1559990 1229
