1540000 1851
1540010 1852
1540020 1853
1540030 1853
1540040 1854
1540050 1854
1540060 1854
1540070 1855
1540080 1857
1540090 1857
1540100 1860
1540110 1861
1540120 1862
1540130 1862
1540140 1860
1540150 1858
1540160 1858
1540170 1855
1540180 1852
1540190 1852
1540200 1848
1540210 1846
1540220 1846
1540230 1844
1540240 1842
1540250 1842
1540260 1841
1540270 1840
1540280 1840
1540290 1840
1540300 1840
1540310 1839
1540320 1839
1540330 1837
1540340 1836
1540350 1836
1540360 1835
1540370 1834
1540380 1834
1540390 1834
1540400 1835
1540410 1835
1540420 1835
1540430 1835
1540440 1835
1540450 1834
1540460 1834
1540470 1834
1540480 1834
1540490 1833
1540500 1831
1540510 1831
1540520 1830
1540530 1830
1540540 1830
1540550 1831
1540560 1830
1540570 1830
1540580 1830
1540590 1831
1540600 1831
1540610 1833
1540620 1834
1540630 1834
1540640 1832
1540650 1832
1540660 1832
1540670 1832
1540680 1832
1540690 1832
1540700 1832
1540710 1830
1540720 1829
1540730 1829
1540740 1829
1540750 1829
1540760 1829
1540770 1828
1540780 1827
1540790 1827
1540800 1827
1540810 1827
1540820 1826
1540830 1826
1540840 1825
1540850 1824
1540860 1824
1540870 1823
1540880 1821
1540890 1821
1540900 1819
1540910 1815
1540920 1815
1540930 1809
1540940 1803
1540950 1803
1540960 1797
1540970 1792
1540980 1792
1540990 1787
1541000 1783
1541010 1780
1541020 1780
1541030 1777
1541040 1776
1541050 1776
1541060 1775
1541070 1774
1541080 1774
1541090 1773
1541100 1772
1541110 1772
1541120 1772
1541130 1772
1541140 1772
1541150 1771
1541160 1771
1541170 1770
1541180 1770
1541190 1768
1541200 1766
1541210 1766
1541220 1763
1541230 1760
1541240 1760
1541250 1757
1541260 1753
1541270 1753
1541280 1749
1541290 1745
1541300 1745
1541310 1743
1541320 1743
1541330 1743
1541340 1741
1541350 1739
1541360 1736
1541370 1736
1541380 1734
1541390 1733
1541400 1733
1541410 1731
1541420 1729
1541430 1729
1541440 1727
1541450 1727
1541460 1727
1541470 1729
1541480 1731
1541490 1731
1541500 1734
1541510 1737
1541520 1738
1541530 1738
1541540 1740
1541550 1741
1541560 1741
1541570 1739
1541580 1738
1541590 1738
1541600 1738
1541610 1739
1541620 1739
1541630 1740
1541640 1739
1541650 1739
1541660 1739
1541670 1739
1541680 1739
1541690 1738
1541700 1736
1541710 1733
1541720 1733
1541730 1728
1541740 1724
1541750 1724
1541760 1725
1541770 1727
1541780 1727
1541790 1729
1541800 1730
1541810 1730
1541820 1731
1541830 1733
1541840 1733
1541850 1733
1541860 1735
1541870 1735
1541880 1735
1541890 1740
1541900 1744
1541910 1744
1541920 1746
1541930 1749
1541940 1749
1541950 1753
1541960 1756
1541970 1756
1541980 1760
1541990 1763
1542000 1763
1542010 1766
1542020 1769
1542030 1769
1542040 1772
1542050 1772
1542060 1775
1542070 1775
1542080 1777
1542090 1778
1542100 1778
1542110 1778
1542120 1777
1542130 1777
1542140 1777
1542150 1777
1542160 1777
1542170 1777
1542180 1778
1542190 1778
1542200 1781
1542210 1785
1542220 1788
1542230 1788
1542240 1790
1542250 1792
1542260 1792
1542270 1793
1542280 1794
1542290 1794
1542300 1796
1542310 1797
1542320 1797
1542330 1797
1542340 1798
1542350 1798
1542360 1798
1542370 1798
1542380 1798
1542390 1797
1542400 1798
1542410 1799
1542420 1799
1542430 1802
1542440 1804
1542450 1804
1542460 1806
1542470 1808
1542480 1808
1542490 1809
1542500 1811
1542510 1811
1542520 1812
1542530 1814
1542540 1814
1542550 1816
1542560 1818
1542570 1822
1542580 1822
1542590 1822
1542600 1822
1542610 1822
1542620 1821
1542630 1821
1542640 1821
1542650 1822
1542660 1822
1542670 1822
1542680 1822
1542690 1823
1542700 1823
1542710 1822
1542720 1821
1542730 1821
1542740 1821
1542750 1821
1542760 1821
1542770 1821
1542780 1824
1542790 1826
1542800 1826
1542810 1828
1542820 1830
1542830 1830
1542840 1833
1542850 1835
1542860 1835
1542870 1838
1542880 1841
1542890 1841
1542900 1844
1542910 1847
1542920 1850
1542930 1850
1542940 1853
1542950 1856
1542960 1856
1542970 1860
1542980 1863
1542990 1863
1543000 1866
1543010 1869
1543020 1869
1543030 1872
1543040 1874
1543050 1874
1543060 1877
1543070 1879
1543080 1879
1543090 1882
1543100 1885
1543110 1887
1543120 1887
1543130 1889
1543140 1892
1543150 1892
1543160 1894
1543170 1896
1543180 1896
1543190 1899
1543200 1901
1543210 1901
1543220 1904
1543230 1906
1543240 1906
1543250 1907
1543260 1909
1543270 1911
1543280 1911
1543290 1913
1543300 1914
1543310 1914
1543320 1915
1543330 1916
1543340 1916
1543350 1917
1543360 1918
1543370 1918
1543380 1919
1543390 1919
1543400 1919
1543410 1920
1543420 1920
1543430 1920
1543440 1919
1543450 1918
1543460 1917
1543470 1917
1543480 1916
1543490 1913
1543500 1913
1543510 1911
1543520 1909
1543530 1909
1543540 1907
1543550 1906
1543560 1906
1543570 1903
1543580 1901
1543590 1901
1543600 1899
1543610 1897
1543620 1895
1543630 1895
1543640 1893
1543650 1891
1543660 1891
1543670 1889
1543680 1887
1543690 1887
1543700 1885
1543710 1883
1543720 1883
1543730 1881
1543740 1879
1543750 1879
1543760 1877
1543770 1875
1543780 1872
1543790 1872
1543800 1870
1543810 1868
1543820 1868
1543830 1866
1543840 1864
1543850 1864
1543860 1861
1543870 1858
1543880 1858
1543890 1856
1543900 1853
1543910 1853
1543920 1850
1543930 1847
1543940 1847
1543950 1844
1543960 1842
1543970 1839
1543980 1839
1543990 1836
1544000 1833
1544010 1833
1544020 1830
1544030 1827
1544040 1827
1544050 1822
1544060 1818
1544070 1818
1544080 1814
1544090 1810
1544100 1810
1544110 1806
1544120 1803
1544130 1799
1544140 1799
1544150 1795
1544160 1791
1544170 1791
1544180 1787
1544190 1783
1544200 1783
1544210 1779
1544220 1775
1544230 1775
1544240 1771
1544250 1768
1544260 1768
1544270 1764
1544280 1760
1544290 1760
1544300 1757
1544310 1754
1544320 1751
1544330 1751
1544340 1748
1544350 1746
1544360 1746
1544370 1743
1544380 1740
1544390 1740
1544400 1737
1544410 1733
1544420 1733
1544430 1730
1544440 1726
1544450 1726
1544460 1723
1544470 1719
1544480 1715
1544490 1715
1544500 1711
1544510 1706
1544520 1706
1544530 1702
1544540 1697
1544550 1697
1544560 1692
1544570 1686
1544580 1686
1544590 1680
1544600 1673
1544610 1673
1544620 1667
1544630 1662
1544640 1662
1544650 1656
1544660 1651
1544670 1647
1544680 1647
1544690 1642
1544700 1638
1544710 1638
1544720 1633
1544730 1630
1544740 1630
1544750 1626
1544760 1624
1544770 1624
1544780 1620
1544790 1616
1544800 1616
1544810 1612
1544820 1609
1544830 1605
1544840 1605
1544850 1603
1544860 1601
1544870 1601
1544880 1601
1544890 1601
1544900 1601
1544910 1600
1544920 1599
1544930 1599
1544940 1599
1544950 1599
1544960 1599
1544970 1599
1544980 1599
1544990 1599
1545000 1599
1545010 1599
1545020 1599
1545030 1599
1545040 1599
1545050 1599
1545060 1599
1545070 1599
1545080 1598
1545090 1598
1545100 1598
1545110 1598
1545120 1598
1545130 1597
1545140 1596
1545150 1596
1545160 1595
1545170 1594
1545180 1594
1545190 1594
1545200 1593
1545210 1593
1545220 1593
1545230 1591
1545240 1589
1545250 1589
1545260 1587
1545270 1584
1545280 1584
1545290 1580
1545300 1576
1545310 1576
1545320 1572
1545330 1568
1545340 1568
1545350 1563
1545360 1559
1545370 1554
1545380 1554
1545390 1549
1545400 1543
1545410 1543
1545420 1539
1545430 1534
1545440 1534
1545450 1530
1545460 1525
1545470 1525
1545480 1520
1545490 1516
1545500 1516
1545510 1512
1545520 1507
1545530 1502
1545540 1502
1545550 1496
1545560 1491
1545570 1491
1545580 1485
1545590 1479
1545600 1479
1545610 1473
1545620 1467
1545630 1467
1545640 1460
1545650 1455
1545660 1455
1545670 1449
1545680 1443
1545690 1443
1545700 1438
1545710 1433
1545720 1429
1545730 1429
1545740 1425
1545750 1420
1545760 1420
1545770 1416
1545780 1412
1545790 1412
1545800 1410
1545810 1407
1545820 1407
1545830 1403
1545840 1398
1545850 1398
1545860 1394
1545870 1389
1545880 1388
1545890 1388
1545900 1387
1545910 1385
1545920 1385
1545930 1385
1545940 1385
1545950 1385
1545960 1384
1545970 1383
1545980 1383
1545990 1385
1546000 1386
1546010 1386
1546020 1387
1546030 1389
1546040 1389
1546050 1392
1546060 1394
1546070 1398
1546080 1398
1546090 1401
1546100 1404
1546110 1404
1546120 1406
1546130 1407
1546140 1407
1546150 1407
1546160 1405
1546170 1405
1546180 1402
1546190 1400
1546200 1400
1546210 1397
1546220 1392
1546230 1388
1546240 1388
1546250 1383
1546260 1378
1546270 1378
1546280 1373
1546290 1373
1546300 1373
1546310 1369
1546320 1365
1546330 1365
1546340 1361
1546350 1356
1546360 1356
1546370 1351
1546380 1345
1546390 1345
1546400 1339
1546410 1333
1546420 1327
1546430 1327
1546440 1321
1546450 1316
1546460 1316
1546470 1309
1546480 1303
1546490 1303
1546500 1298
1546510 1296
1546520 1296
1546530 1294
1546540 1291
1546550 1291
1546560 1289
1546570 1287
1546580 1282
1546590 1282
1546600 1276
1546610 1271
1546620 1271
1546630 1267
1546640 1264
1546650 1264
1546660 1262
1546670 1259
1546680 1259
1546690 1257
1546700 1254
1546710 1254
1546720 1250
1546730 1246
1546740 1246
1546750 1243
1546760 1238
1546770 1235
1546780 1235
1546790 1234
1546800 1232
1546810 1232
1546820 1230
1546830 1227
1546840 1227
1546850 1227
1546860 1227
1546870 1227
1546880 1228
1546890 1226
1546900 1226
1546910 1230
1546920 1234
1546930 1237
1546940 1237
1546950 1240
1546960 1241
1546970 1241
1546980 1243
1546990 1243
1547000 1243
1547010 1243
1547020 1243
1547030 1243
1547040 1242
1547050 1241
1547060 1241
1547070 1240
1547080 1238
1547090 1238
1547100 1237
1547110 1235
1547120 1234
1547130 1234
1547140 1233
1547150 1231
1547160 1231
1547170 1229
1547180 1227
1547190 1227
1547200 1225
1547210 1222
1547220 1222
1547230 1220
1547240 1218
1547250 1218
1547260 1216
1547270 1213
1547280 1211
1547290 1211
1547300 1208
1547310 1205
1547320 1205
1547330 1203
1547340 1200
1547350 1200
1547360 1197
1547370 1195
1547380 1195
1547390 1190
1547400 1187
1547410 1187
1547420 1181
1547430 1177
1547440 1177
1547450 1173
1547460 1171
1547470 1171
1547480 1171
1547490 1173
1547500 1179
1547510 1179
1547520 1186
1547530 1192
1547540 1192
1547550 1198
1547560 1203
1547570 1203
1547580 1208
1547590 1214
1547600 1214
1547610 1218
1547620 1223
1547630 1226
1547640 1226
1547650 1228
1547660 1230
1547670 1230
1547680 1232
1547690 1234
1547700 1234
1547710 1236
1547720 1238
1547730 1238
1547740 1239
1547750 1241
1547760 1241
1547770 1243
1547780 1244
1547790 1247
1547800 1247
1547810 1252
1547820 1259
1547830 1259
1547840 1265
1547850 1271
1547860 1271
1547870 1276
1547880 1280
1547890 1280
1547900 1282
1547910 1284
1547920 1284
1547930 1286
1547940 1289
1547950 1289
1547960 1293
1547970 1297
1547980 1301
1547990 1301
1548000 1305
1548010 1308
1548020 1308
1548030 1312
1548040 1316
1548050 1316
1548060 1320
1548070 1322
1548080 1322
1548090 1325
1548100 1328
1548110 1328
1548120 1330
1548130 1333
1548140 1335
1548150 1335
1548160 1337
1548170 1339
1548180 1339
1548190 1340
1548200 1343
1548210 1343
1548220 1347
1548230 1351
1548240 1351
1548250 1354
1548260 1356
1548270 1356
1548280 1359
1548290 1362
1548300 1362
1548310 1359
1548320 1361
1548330 1363
1548340 1363
1548350 1367
1548360 1371
1548370 1371
1548380 1374
1548390 1378
1548400 1378
1548410 1381
1548420 1383
1548430 1383
1548440 1385
1548450 1387
1548460 1387
1548470 1388
1548480 1391
1548490 1394
1548500 1394
1548510 1395
1548520 1396
1548530 1396
1548540 1397
1548550 1397
1548560 1397
1548570 1398
1548580 1398
1548590 1398
1548600 1396
1548610 1394
1548620 1394
1548630 1390
1548640 1384
1548650 1384
1548660 1378
1548670 1373
1548680 1368
1548690 1368
1548700 1366
1548710 1364
1548720 1364
1548730 1362
1548740 1359
1548750 1359
1548760 1357
1548770 1355
1548780 1355
1548790 1352
1548800 1349
1548810 1349
1548820 1344
1548830 1339
1548840 1333
1548850 1333
1548860 1328
1548870 1323
1548880 1323
1548890 1321
1548900 1319
1548910 1319
1548920 1314
1548930 1308
1548940 1308
1548950 1303
1548960 1299
1548970 1299
1548980 1295
1548990 1291
1549000 1291
1549010 1285
1549020 1278
1549030 1272
1549040 1272
1549050 1266
1549060 1261
1549070 1261
1549080 1255
1549090 1250
1549100 1250
1549110 1245
1549120 1239
1549130 1239
1549140 1233
1549150 1226
1549160 1226
1549170 1220
1549180 1214
1549190 1209
1549200 1209
1549210 1201
1549220 1194
1549230 1194
1549240 1187
1549250 1181
1549260 1181
1549270 1175
1549280 1169
1549290 1169
1549300 1164
1549310 1159
1549320 1159
1549330 1155
1549340 1152
1549350 1152
1549360 1148
1549370 1144
1549380 1141
1549390 1141
1549400 1138
1549410 1134
1549420 1134
1549430 1132
1549440 1129
1549450 1129
1549460 1126
1549470 1123
1549480 1123
1549490 1122
1549500 1120
1549510 1120
1549520 1117
1549530 1115
1549540 1114
1549550 1114
1549560 1112
1549570 1111
1549580 1111
1549590 1110
1549600 1108
1549610 1108
1549620 1107
1549630 1106
1549640 1106
1549650 1105
1549660 1104
1549670 1104
1549680 1102
1549690 1101
1549700 1101
1549710 1100
1549720 1099
1549730 1098
1549740 1098
1549750 1097
1549760 1096
1549770 1096
1549780 1095
1549790 1094
1549800 1094
1549810 1093
1549820 1092
1549830 1092
1549840 1091
1549850 1090
1549860 1090
1549870 1089
1549880 1089
1549890 1088
1549900 1088
1549910 1087
1549920 1086
1549930 1086
1549940 1085
1549950 1085
1549960 1085
1549970 1084
1549980 1083
1549990 1083
1550000 1083
1550010 1082
1550020 1082
1550030 1081
1550040 1081
1550050 1081
1550060 1080
1550070 1080
1550080 1079
1550090 1079
1550100 1079
1550110 1078
1550120 1078
1550130 1078
1550140 1078
1550150 1078
1550160 1077
1550170 1075
1550180 1075
1550190 1074
1550200 1073
1550210 1073
1550220 1072
1550230 1072
1550240 1072
1550250 1072
1550260 1071
1550270 1070
1550280 1070
1550290 1070
1550300 1070
1550310 1070
1550320 1069
1550330 1069
1550340 1069
1550350 1068
1550360 1068
1550370 1068
1550380 1068
1550390 1068
1550400 1068
1550410 1067
1550420 1067
1550430 1067
1550440 1067
1550450 1067
1550460 1067
1550470 1067
1550480 1067
1550490 1067
1550500 1067
1550510 1067
1550520 1067
1550530 1067
1550540 1067
1550550 1067
1550560 1067
1550570 1067
1550580 1066
1550590 1066
1550600 1066
1550610 1065
1550620 1064
1550630 1064
1550640 1061
1550650 1057
1550660 1057
1550670 1053
1550680 1048
1550690 1048
1550700 1044
1550710 1040
1550720 1040
1550730 1037
1550740 1033
1550750 1033
1550760 1031
1550770 1031
1550780 1030
1550790 1030
1550800 1028
1550810 1025
1550820 1025
1550830 1023
1550840 1020
1550850 1020
1550860 1019
1550870 1017
1550880 1017
1550890 1015
1550900 1014
1550910 1014
1550920 1012
1550930 1009
1550940 1005
1550950 1005
1550960 1002
1550970 998
1550980 998
1550990 995
1551000 992
1551010 992
1551020 990
1551030 988
1551040 988
1551050 986
1551060 984
1551070 984
1551080 982
1551090 981
1551100 981
1551110 980
1551120 980
1551130 980
1551140 980
1551150 980
1551160 980
1551170 980
1551180 981
1551190 982
1551200 982
1551210 982
1551220 981
1551230 981
1551240 979
1551250 977
1551260 977
1551270 976
1551280 976
1551290 977
1551300 977
1551310 978
1551320 979
1551330 979
1551340 980
1551350 981
1551360 981
1551370 981
1551380 981
1551390 981
1551400 981
1551410 981
1551420 981
1551430 981
1551440 981
1551450 981
1551460 980
1551470 980
1551480 980
1551490 980
1551500 980
1551510 979
1551520 979
1551530 979
1551540 979
1551550 979
1551560 979
1551570 978
1551580 978
1551590 978
1551600 977
1551610 977
1551620 977
1551630 976
1551640 975
1551650 975
1551660 972
1551670 971
1551680 971
1551690 971
1551700 971
1551710 971
1551720 971
1551730 972
1551740 972
1551750 973
1551760 975
1551770 975
1551780 976
1551790 976
1551800 977
1551810 977
1551820 978
1551830 978
1551840 978
1551850 978
1551860 978
1551870 978
1551880 978
1551890 979
1551900 979
1551910 980
1551920 981
1551930 981
1551940 981
1551950 982
1551960 982
1551970 983
1551980 984
1551990 985
1552000 985
1552010 986
1552020 987
1552030 987
1552040 988
1552050 989
1552060 989
1552070 990
1552080 991
1552090 991
1552100 993
1552110 994
1552120 994
1552130 996
1552140 997
1552150 1000
1552160 1000
1552170 1001
1552180 1002
1552190 1002
1552200 1003
1552210 1005
1552220 1005
1552230 1006
1552240 1008
1552250 1008
1552260 1010
1552270 1012
1552280 1012
1552290 1013
1552300 1013
1552310 1013
1552320 1013
1552330 1013
1552340 1013
1552350 1013
1552360 1013
1552370 1013
1552380 1013
1552390 1013
1552400 1013
1552410 1013
1552420 1013
1552430 1012
1552440 1012
1552450 1012
1552460 1012
1552470 1012
1552480 1012
1552490 1012
1552500 1012
1552510 1012
1552520 1012
1552530 1012
1552540 1012
1552550 1011
1552560 1011
1552570 1011
1552580 1011
1552590 1011
1552600 1011
1552610 1011
1552620 1012
1552630 1012
1552640 1012
1552650 1013
1552660 1013
1552670 1013
1552680 1013
1552690 1014
1552700 1014
1552710 1013
1552720 1013
1552730 1013
1552740 1013
1552750 1014
1552760 1014
1552770 1014
1552780 1014
1552790 1014
1552800 1015
1552810 1015
1552820 1015
1552830 1016
1552840 1017
1552850 1018
1552860 1018
1552870 1019
1552880 1021
1552890 1021
1552900 1022
1552910 1024
1552920 1024
1552930 1026
1552940 1027
1552950 1027
1552960 1028
1552970 1028
1552980 1028
1552990 1028
1553000 1028
1553010 1028
1553020 1028
1553030 1029
1553040 1029
1553050 1029
1553060 1029
1553070 1029
1553080 1029
1553090 1028
1553100 1028
1553110 1028
1553120 1028
1553130 1028
1553140 1028
1553150 1029
1553160 1030
1553170 1030
1553180 1031
1553190 1032
1553200 1033
1553210 1033
1553220 1033
1553230 1033
1553240 1033
1553250 1032
1553260 1031
1553270 1031
1553280 1030
1553290 1029
1553300 1029
1553310 1028
1553320 1028
1553330 1028
1553340 1028
1553350 1027
1553360 1027
1553370 1026
1553380 1026
1553390 1026
1553400 1026
1553410 1027
1553420 1029
1553430 1029
1553440 1030
1553450 1032
1553460 1032
1553470 1032
1553480 1032
1553490 1032
1553500 1032
1553510 1031
1553520 1031
1553530 1029
1553540 1028
1553550 1028
1553560 1028
1553570 1028
1553580 1028
1553590 1028
1553600 1027
1553610 1027
1553620 1027
1553630 1026
1553640 1025
1553650 1025
1553660 1023
1553670 1022
1553680 1022
1553690 1020
1553700 1019
1553710 1019
1553720 1018
1553730 1017
1553740 1015
1553750 1015
1553760 1011
1553770 1009
1553780 1009
1553790 1010
1553800 1011
1553810 1011
1553820 1011
1553830 1012
1553840 1012
1553850 1012
1553860 1013
1553870 1013
1553880 1014
1553890 1016
1553900 1018
1553910 1018
1553920 1023
1553930 1029
1553940 1029
1553950 1034
1553960 1039
1553970 1039
1553980 1044
1553990 1049
1554000 1049
1554010 1054
1554020 1060
1554030 1060
1554040 1066
1554050 1072
1554060 1072
1554070 1078
1554080 1085
1554090 1091
1554100 1091
1554110 1098
1554120 1105
1554130 1105
1554140 1112
1554150 1119
1554160 1119
1554170 1126
1554180 1133
1554190 1133
1554200 1138
1554210 1143
1554220 1143
1554230 1148
1554240 1151
1554250 1157
1554260 1157
1554270 1161
1554280 1164
1554290 1164
1554300 1163
1554310 1160
1554320 1160
1554330 1156
1554340 1151
1554350 1151
1554360 1147
1554370 1143
1554380 1143
1554390 1139
1554400 1135
1554410 1135
1554420 1132
1554430 1129
1554440 1126
1554450 1126
1554460 1123
1554470 1119
1554480 1119
1554490 1116
1554500 1112
1554510 1112
1554520 1109
1554530 1107
1554540 1107
1554550 1104
1554560 1101
1554570 1101
1554580 1098
1554590 1096
1554600 1094
1554610 1094
1554620 1092
1554630 1090
1554640 1090
1554650 1088
1554660 1087
1554670 1087
1554680 1087
1554690 1088
1554700 1088
1554710 1089
1554720 1090
1554730 1090
1554740 1090
1554750 1091
1554760 1091
1554770 1091
1554780 1090
1554790 1087
1554800 1087
1554810 1085
1554820 1086
1554830 1086
1554840 1090
1554850 1094
1554860 1094
1554870 1097
1554880 1101
1554890 1101
1554900 1103
1554910 1107
1554920 1107
1554930 1109
1554940 1112
1554950 1115
1554960 1115
1554970 1117
1554980 1121
1554990 1121
1555000 1125
1555010 1129
1555020 1129
1555030 1135
1555040 1141
1555050 1141
1555060 1146
1555070 1151
1555080 1151
1555090 1157
1555100 1161
1555110 1161
1555120 1167
1555130 1172
1555140 1177
1555150 1177
1555160 1179
1555170 1179
1555180 1179
1555190 1178
1555200 1177
1555210 1177
1555220 1176
1555230 1176
1555240 1176
1555250 1176
1555260 1178
1555270 1178
1555280 1179
1555290 1184
1555300 1189
1555310 1189
1555320 1196
1555330 1202
1555340 1202
1555350 1208
1555360 1213
1555370 1213
1555380 1219
1555390 1225
1555400 1225
1555410 1231
1555420 1237
1555430 1237
1555440 1242
1555450 1245
1555460 1245
1555470 1246
1555480 1248
1555490 1248
1555500 1248
1555510 1248
1555520 1249
1555530 1249
1555540 1251
1555550 1252
1555560 1252
1555570 1254
1555580 1257
1555590 1257
1555600 1260
1555610 1263
1555620 1263
1555630 1267
1555640 1271
1555650 1276
1555660 1276
1555670 1280
1555680 1281
1555690 1281
1555700 1282
1555710 1280
1555720 1280
1555730 1276
1555740 1271
1555750 1271
1555760 1266
1555770 1262
1555780 1263
1555790 1259
1555800 1254
1555810 1250
1555820 1250
1555830 1245
1555840 1240
1555850 1240
1555860 1237
1555870 1235
1555880 1235
1555890 1232
1555900 1228
1555910 1228
1555920 1224
1555930 1221
1555940 1221
1555950 1218
1555960 1214
1555970 1214
1555980 1210
1555990 1207
1556000 1204
1556010 1204
1556020 1202
1556030 1199
1556040 1199
1556050 1196
1556060 1192
1556070 1192
1556080 1189
1556090 1187
1556100 1187
1556110 1184
1556120 1181
1556130 1181
1556140 1179
1556150 1177
1556160 1175
1556170 1175
1556180 1172
1556190 1170
1556200 1170
1556210 1167
1556220 1164
1556230 1164
1556240 1161
1556250 1157
1556260 1157
1556270 1152
1556280 1148
1556290 1148
1556300 1143
1556310 1138
1556320 1138
1556330 1134
1556340 1128
1556350 1122
1556360 1122
1556370 1116
1556380 1110
1556390 1110
1556400 1105
1556410 1101
1556420 1101
1556430 1096
1556440 1094
1556450 1094
1556460 1092
1556470 1092
1556480 1092
1556490 1090
1556500 1086
1556510 1079
1556520 1079
1556530 1071
1556540 1069
1556550 1069
1556560 1072
1556570 1077
1556580 1077
1556590 1081
1556600 1080
1556610 1080
1556620 1079
1556630 1076
1556640 1076
1556650 1071
1556660 1068
1556670 1068
1556680 1063
1556690 1057
1556700 1051
1556710 1051
1556720 1047
1556730 1044
1556740 1044
1556750 1043
1556760 1041
1556770 1041
1556780 1037
1556790 1035
1556800 1035
1556810 1036
1556820 1038
1556830 1038
1556840 1041
1556850 1045
1556860 1052
1556870 1052
1556880 1056
1556890 1057
1556900 1057
1556910 1061
1556920 1063
1556930 1063
1556940 1067
1556950 1071
1556960 1071
1556970 1075
1556980 1080
1556990 1080
1557000 1084
1557010 1088
1557020 1088
1557030 1092
1557040 1095
1557050 1100
1557060 1100
1557070 1105
1557080 1110
1557090 1110
1557100 1115
1557110 1120
1557120 1120
1557130 1125
1557140 1130
1557150 1130
1557160 1135
1557170 1141
1557180 1141
1557190 1145
1557200 1149
1557210 1154
1557220 1154
1557230 1160
1557240 1164
1557250 1164
1557260 1168
1557270 1172
1557280 1172
1557290 1176
1557300 1180
1557310 1180
1557320 1184
1557330 1188
1557340 1188
1557350 1191
1557360 1194
1557370 1194
1557380 1198
1557390 1202
1557400 1205
1557410 1205
1557420 1210
1557430 1215
1557440 1215
1557450 1219
1557460 1224
1557470 1224
1557480 1229
1557490 1234
1557500 1234
1557510 1240
1557520 1245
1557530 1249
1557540 1254
1557550 1259
1557560 1264
1557570 1264
1557580 1270
1557590 1274
1557600 1274
1557610 1280
1557620 1286
1557630 1286
1557640 1292
1557650 1299
1557660 1299
1557670 1304
1557680 1309
1557690 1309
1557700 1312
1557710 1314
1557720 1314
1557730 1317
1557740 1321
1557750 1325
1557760 1325
1557770 1330
1557780 1333
1557790 1333
1557800 1336
1557810 1340
1557820 1340
1557830 1343
1557840 1346
1557850 1346
1557860 1347
1557870 1348
1557880 1348
1557890 1348
1557900 1350
1557910 1354
1557920 1354
1557930 1359
1557940 1364
1557950 1364
1557960 1368
1557970 1370
1557980 1370
1557990 1372
1558000 1372
1558010 1372
1558020 1369
1558030 1366
1558040 1366
1558050 1363
1558060 1358
1558070 1358
1558080 1354
1558090 1351
1558100 1348
1558110 1348
1558120 1345
1558130 1341
1558140 1341
1558150 1338
1558160 1336
1558170 1336
1558180 1333
1558190 1330
1558200 1330
1558210 1326
1558220 1323
1558230 1323
1558240 1319
1558250 1315
1558260 1311
1558270 1311
1558280 1306
1558290 1300
1558300 1300
1558310 1293
1558320 1290
1558330 1290
1558340 1289
1558350 1291
1558360 1291
1558370 1294
1558380 1294
1558390 1294
1558400 1294
1558410 1293
1558420 1293
1558430 1292
1558440 1292
1558450 1290
1558460 1290
1558470 1285
1558480 1278
1558490 1278
1558500 1282
1558510 1288
1558520 1288
1558530 1293
1558540 1299
1558550 1299
1558560 1305
1558570 1310
1558580 1310
1558590 1313
1558600 1312
1558610 1310
1558620 1310
1558630 1306
1558640 1301
1558650 1301
1558660 1295
1558670 1290
1558680 1290
1558690 1283
1558700 1278
1558710 1278
1558720 1280
1558730 1283
1558740 1283
1558750 1285
1558760 1286
1558770 1286
1558780 1289
1558790 1292
1558800 1296
1558810 1296
1558820 1299
1558830 1301
1558840 1301
1558850 1304
1558860 1306
1558870 1306
1558880 1308
1558890 1310
1558900 1310
1558910 1312
1558920 1316
1558930 1316
1558940 1318
1558950 1321
1558960 1324
1558970 1324
1558980 1327
1558990 1329
1559000 1329
1559010 1330
1559020 1328
1559030 1328
1559040 1323
1559050 1318
1559060 1318
1559070 1311
1559080 1305
1559090 1305
1559100 1299
1559110 1292
1559120 1292
1559130 1286
1559140 1280
1559150 1273
1559160 1273
1559170 1265
1559180 1258
1559190 1258
1559200 1250
1559210 1251
1559220 1251
1559230 1255
1559240 1265
1559250 1265
1559260 1268
1559270 1272
1559280 1272
1559290 1275
1559300 1278
1559310 1280
1559320 1280
1559330 1283
1559340 1284
1559350 1284
1559360 1286
1559370 1287
1559380 1287
1559390 1287
1559400 1284
1559410 1284
1559420 1279
1559430 1274
1559440 1274
1559450 1268
1559460 1263
1559470 1263
1559480 1258
1559490 1252
1559500 1246
1559510 1246
1559520 1248
1559530 1254
1559540 1254
1559550 1260
1559560 1266
1559570 1266
1559580 1271
1559590 1277
1559600 1277
1559610 1284
1559620 1288
1559630 1288
1559640 1294
1559650 1298
1559660 1302
1559670 1302
1559680 1306
1559690 1310
1559700 1310
1559710 1314
1559720 1317
1559730 1317
1559740 1321
1559750 1324
1559760 1324
1559770 1327
1559780 1329
1559790 1329
1559800 1331
1559810 1333
1559820 1334
1559830 1334
1559840 1334
1559850 1334
1559860 1334
1559870 1334
1559880 1335
1559890 1335
1559900 1337
1559910 1339
1559920 1339
1559930 1341
1559940 1343
1559950 1343
1559960 1345
1559970 1347
1559980 1347
1559990 1347
