1540000 1094
1540010 1095
1540020 1095
1540030 1094
1540040 1094
1540050 1094
1540060 1094
1540070 1094
1540080 1095
1540090 1095
1540100 1095
1540110 1096
1540120 1096
1540130 1097
1540140 1097
1540150 1097
1540160 1097
1540170 1097
1540180 1097
1540190 1097
1540200 1098
1540210 1098
1540220 1099
1540230 1100
1540240 1100
1540250 1100
1540260 1100
1540270 1100
1540280 1100
1540290 1100
1540300 1100
1540310 1100
1540320 1100
1540330 1100
1540340 1100
1540350 1100
1540360 1100
1540370 1100
1540380 1100
1540390 1100
1540400 1100
1540410 1100
1540420 1100
1540430 1100
1540440 1100
1540450 1100
1540460 1099
1540470 1099
1540480 1099
1540490 1099
1540500 1099
1540510 1099
1540520 1099
1540530 1099
1540540 1099
1540550 1099
1540560 1099
1540570 1099
1540580 1099
1540590 1098
1540600 1098
1540610 1098
1540620 1098
1540630 1098
1540640 1098
1540650 1098
1540660 1098
1540670 1098
1540680 1097
1540690 1097
1540700 1097
1540710 1098
1540720 1098
1540730 1097
1540740 1097
1540750 1097
1540760 1097
1540770 1097
1540780 1097
1540790 1097
1540800 1098
1540810 1098
1540820 1098
1540830 1098
1540840 1100
1540850 1100
1540860 1103
1540870 1106
1540880 1106
1540890 1110
1540900 1113
1540910 1113
1540920 1116
1540930 1120
1540940 1125
1540950 1125
1540960 1129
1540970 1131
1540980 1131
1540990 1132
1541000 1135
1541010 1135
1541020 1137
1541030 1139
1541040 1139
1541050 1142
1541060 1149
1541070 1149
1541080 1153
1541090 1153
1541100 1153
1541110 1157
1541120 1156
1541130 1157
1541140 1157
1541150 1158
1541160 1158
1541170 1158
1541180 1161
1541190 1162
1541200 1162
1541210 1162
1541220 1157
1541230 1157
1541240 1142
1541250 1133
1541260 1133
1541270 1127
1541280 1122
1541290 1118
1541300 1118
1541310 1112
1541320 1108
1541330 1108
1541340 1107
1541350 1104
1541360 1104
1541370 1099
1541380 1097
1541390 1097
1541400 1098
1541410 1099
1541420 1099
1541430 1098
1541440 1096
1541450 1096
1541460 1093
1541470 1090
1541480 1091
1541490 1091
1541500 1091
1541510 1090
1541520 1090
1541530 1089
1541540 1088
1541550 1088
1541560 1087
1541570 1087
1541580 1087
1541590 1084
1541600 1083
1541610 1083
1541620 1082
1541630 1082
1541640 1081
1541650 1081
1541660 1081
1541670 1081
1541680 1081
1541690 1081
1541700 1079
1541710 1079
1541720 1077
1541730 1077
1541740 1077
1541750 1075
1541760 1071
1541770 1071
1541780 1064
1541790 1061
1541800 1061
1541810 1060
1541820 1061
1541830 1065
1541840 1065
1541850 1068
1541860 1072
1541870 1072
1541880 1077
1541890 1079
1541900 1079
1541910 1079
1541920 1079
1541930 1079
1541940 1078
1541950 1078
1541960 1078
1541970 1077
1541980 1077
1541990 1077
1542000 1076
1542010 1076
1542020 1076
1542030 1076
1542040 1074
1542050 1073
1542060 1073
1542070 1072
1542080 1072
1542090 1072
1542100 1068
1542110 1067
1542120 1067
1542130 1067
1542140 1066
1542150 1066
1542160 1066
1542170 1065
1542180 1065
1542190 1065
1542200 1065
1542210 1064
1542220 1064
1542230 1064
1542240 1064
1542250 1064
1542260 1064
1542270 1064
1542280 1064
1542290 1064
1542300 1064
1542310 1064
1542320 1063
1542330 1061
1542340 1061
1542350 1060
1542360 1057
1542370 1055
1542380 1055
1542390 1052
1542400 1049
1542410 1049
1542420 1048
1542430 1046
1542440 1046
1542450 1045
1542460 1043
1542470 1043
1542480 1041
1542490 1040
1542500 1040
1542510 1038
1542520 1036
1542530 1035
1542540 1035
1542550 1034
1542560 1033
1542570 1033
1542580 1030
1542590 1028
1542600 1028
1542610 1025
1542620 1023
1542630 1023
1542640 1020
1542650 1020
1542660 1020
1542670 1020
1542680 1020
1542690 1020
1542700 1019
1542710 1019
1542720 1019
1542730 1019
1542740 1019
1542750 1019
1542760 1019
1542770 1019
1542780 1019
1542790 1019
1542800 1018
1542810 1018
1542820 1018
1542830 1018
1542840 1018
1542850 1018
1542860 1018
1542870 1018
1542880 1018
1542890 1017
1542900 1017
1542910 1018
1542920 1018
1542930 1019
1542940 1019
1542950 1019
1542960 1019
1542970 1017
1542980 1017
1542990 1017
1543000 1017
1543010 1017
1543020 1016
1543030 1016
1543040 1016
1543050 1016
1543060 1016
1543070 1016
1543080 1016
1543090 1016
1543100 1015
1543110 1015
1543120 1015
1543130 1015
1543140 1015
1543150 1015
1543160 1016
1543170 1016
1543180 1016
1543190 1016
1543200 1016
1543210 1017
1543220 1016
1543230 1016
1543240 1016
1543250 1016
1543260 1015
1543270 1015
1543280 1015
1543290 1015
1543300 1015
1543310 1015
1543320 1015
1543330 1015
1543340 1015
1543350 1015
1543360 1015
1543370 1015
1543380 1015
1543390 1015
1543400 1015
1543410 1015
1543420 1015
1543430 1015
1543440 1015
1543450 1016
1543460 1016
1543470 1015
1543480 1015
1543490 1015
1543500 1014
1543510 1014
1543520 1014
1543530 1014
1543540 1014
1543550 1014
1543560 1014
1543570 1014
1543580 1014
1543590 1014
1543600 1014
1543610 1014
1543620 1014
1543630 1014
1543640 1014
1543650 1014
1543660 1013
1543670 1013
1543680 1013
1543690 1014
1543700 1014
1543710 1014
1543720 1013
1543730 1013
1543740 1013
1543750 1013
1543760 1013
1543770 1013
1543780 1013
1543790 1013
1543800 1014
1543810 1014
1543820 1014
1543830 1014
1543840 1014
1543850 1014
1543860 1014
1543870 1014
1543880 1014
1543890 1013
1543900 1013
1543910 1013
1543920 1013
1543930 1013
1543940 1014
1543950 1015
1543960 1015
1543970 1015
1543980 1017
1543990 1020
1544000 1020
1544010 1022
1544020 1025
1544030 1025
1544040 1028
1544050 1031
1544060 1031
1544070 1034
1544080 1038
1544090 1038
1544100 1041
1544110 1044
1544120 1044
1544130 1048
1544140 1052
1544150 1057
1544160 1057
1544170 1061
1544180 1061
1544190 1061
1544200 1063
1544210 1064
1544220 1064
1544230 1066
1544240 1068
1544250 1075
1544260 1077
1544270 1080
1544280 1080
1544290 1082
1544300 1083
1544310 1084
1544320 1084
1544330 1084
1544340 1083
1544350 1083
1544360 1081
1544370 1080
1544380 1080
1544390 1078
1544400 1076
1544410 1076
1544420 1076
1544430 1075
1544440 1075
1544450 1073
1544460 1071
1544470 1071
1544480 1070
1544490 1069
1544500 1066
1544510 1066
1544520 1064
1544530 1061
1544540 1061
1544550 1059
1544560 1057
1544570 1057
1544580 1056
1544590 1055
1544600 1055
1544610 1054
1544620 1054
1544630 1054
1544640 1054
1544650 1055
1544660 1055
1544670 1056
1544680 1057
1544690 1059
1544700 1059
1544710 1061
1544720 1061
1544730 1061
1544740 1060
1544750 1059
1544760 1059
1544770 1056
1544780 1053
1544790 1053
1544800 1050
1544810 1047
1544820 1047
1544830 1047
1544840 1047
1544850 1047
1544860 1047
1544870 1047
1544880 1047
1544890 1047
1544900 1048
1544910 1049
1544920 1049
1544930 1049
1544940 1050
1544950 1050
1544960 1050
1544970 1050
1544980 1050
1544990 1050
1545000 1050
1545010 1050
1545020 1052
1545030 1055
1545040 1056
1545050 1056
1545060 1057
1545070 1058
1545080 1058
1545090 1059
1545100 1059
1545110 1059
1545120 1060
1545130 1060
1545140 1060
1545150 1060
1545160 1060
1545170 1060
1545180 1060
1545190 1060
1545200 1061
1545210 1061
1545220 1063
1545230 1066
1545240 1066
1545250 1068
1545260 1071
1545270 1071
1545280 1072
1545290 1076
1545300 1076
1545310 1079
1545320 1080
1545330 1080
1545340 1079
1545350 1078
1545360 1078
1545370 1078
1545380 1079
1545390 1082
1545400 1082
1545410 1086
1545420 1089
1545430 1089
1545440 1091
1545450 1092
1545460 1092
1545470 1093
1545480 1094
1545490 1094
1545500 1095
1545510 1096
1545520 1096
1545530 1096
1545540 1094
1545550 1094
1545560 1092
1545570 1089
1545580 1087
1545590 1087
1545600 1091
1545610 1096
1545620 1096
1545630 1100
1545640 1102
1545650 1102
1545660 1104
1545670 1106
1545680 1106
1545690 1107
1545700 1108
1545710 1108
1545720 1109
1545730 1110
1545740 1110
1545750 1110
1545760 1111
1545770 1111
1545780 1111
1545790 1112
1545800 1112
1545810 1112
1545820 1112
1545830 1113
1545840 1113
1545850 1114
1545860 1116
1545870 1116
1545880 1117
1545890 1116
1545900 1116
1545910 1116
1545920 1117
1545930 1117
1545940 1117
1545950 1116
1545960 1115
1545970 1115
1545980 1114
1545990 1113
1546000 1113
1546010 1113
1546020 1112
1546030 1112
1546040 1111
1546050 1110
1546060 1110
1546070 1111
1546080 1111
1546090 1111
1546100 1111
1546110 1111
1546120 1111
1546130 1111
1546140 1111
1546150 1111
1546160 1111
1546170 1111
1546180 1112
1546190 1112
1546200 1113
1546210 1115
1546220 1115
1546230 1118
1546240 1124
1546250 1124
1546260 1127
1546270 1128
1546280 1127
1546290 1127
1546300 1127
1546310 1127
1546320 1127
1546330 1136
1546340 1138
1546350 1138
1546360 1137
1546370 1137
1546380 1137
1546390 1138
1546400 1141
1546410 1141
1546420 1143
1546430 1147
1546440 1147
1546450 1149
1546460 1151
1546470 1151
1546480 1151
1546490 1151
1546500 1151
1546510 1151
1546520 1151
1546530 1153
1546540 1153
1546550 1155
1546560 1155
1546570 1155
1546580 1156
1546590 1157
1546600 1157
1546610 1159
1546620 1162
1546630 1164
1546640 1164
1546650 1170
1546660 1177
1546670 1177
1546680 1184
1546690 1183
1546700 1183
1546710 1180
1546720 1179
1546730 1179
1546740 1177
1546750 1176
1546760 1176
1546770 1180
1546780 1187
1546790 1187
1546800 1193
1546810 1196
1546820 1197
1546830 1197
1546840 1196
1546850 1192
1546860 1192
1546870 1186
1546880 1181
1546890 1181
1546900 1178
1546910 1178
1546920 1178
1546930 1185
1546940 1195
1546950 1195
1546960 1206
1546970 1216
1546980 1229
1546990 1229
1547000 1238
1547010 1243
1547020 1243
1547030 1247
1547040 1251
1547050 1251
1547060 1254
1547070 1257
1547080 1257
1547090 1258
1547100 1261
1547110 1261
1547120 1264
1547130 1266
1547140 1266
1547150 1269
1547160 1271
1547170 1276
1547180 1276
1547190 1280
1547200 1285
1547210 1285
1547220 1291
1547230 1295
1547240 1295
1547250 1297
1547260 1299
1547270 1299
1547280 1303
1547290 1307
1547300 1307
1547310 1310
1547320 1311
1547330 1311
1547340 1313
1547350 1314
1547360 1315
1547370 1315
1547380 1317
1547390 1320
1547400 1320
1547410 1323
1547420 1329
1547430 1329
1547440 1334
1547450 1339
1547460 1339
1547470 1343
1547480 1346
1547490 1346
1547500 1349
1547510 1353
1547520 1355
1547530 1355
1547540 1356
1547550 1356
1547560 1356
1547570 1356
1547580 1360
1547590 1360
1547600 1365
1547610 1371
1547620 1371
1547630 1376
1547640 1379
1547650 1379
1547660 1379
1547670 1381
1547680 1381
1547690 1384
1547700 1388
1547710 1391
1547720 1391
1547730 1393
1547740 1396
1547750 1396
1547760 1398
1547770 1400
1547780 1400
1547790 1402
1547800 1403
1547810 1403
1547820 1405
1547830 1409
1547840 1409
1547850 1415
1547860 1422
1547870 1428
1547880 1428
1547890 1433
1547900 1436
1547910 1436
1547920 1440
1547930 1442
1547940 1442
1547950 1446
1547960 1449
1547970 1449
1547980 1454
1547990 1460
1548000 1460
1548010 1467
1548020 1473
1548030 1473
1548040 1478
1548050 1482
1548060 1485
1548070 1485
1548080 1489
1548090 1492
1548100 1492
1548110 1496
1548120 1502
1548130 1502
1548140 1506
1548150 1507
1548160 1507
1548170 1507
1548180 1506
1548190 1506
1548200 1507
1548210 1508
1548220 1508
1548230 1510
1548240 1514
1548250 1519
1548260 1519
1548270 1523
1548280 1523
1548290 1523
1548300 1523
1548310 1523
1548320 1523
1548330 1523
1548340 1524
1548350 1524
1548360 1524
1548370 1525
1548380 1525
1548390 1526
1548400 1526
1548410 1526
1548420 1526
1548430 1526
1548440 1526
1548450 1526
1548460 1526
1548470 1526
1548480 1526
1548490 1525
1548500 1525
1548510 1525
1548520 1524
1548530 1525
1548540 1525
1548550 1525
1548560 1525
1548570 1525
1548580 1526
1548590 1526
1548600 1527
1548610 1527
1548620 1528
1548630 1529
1548640 1529
1548650 1530
1548660 1532
1548670 1532
1548680 1533
1548690 1535
1548700 1535
1548710 1537
1548720 1538
1548730 1538
1548740 1540
1548750 1542
1548760 1543
1548770 1543
1548780 1544
1548790 1546
1548800 1546
1548810 1549
1548820 1551
1548830 1551
1548840 1552
1548850 1553
1548860 1553
1548870 1553
1548880 1552
1548890 1552
1548900 1550
1548910 1550
1548920 1550
1548930 1549
1548940 1548
1548950 1546
1548960 1546
1548970 1543
1548980 1542
1548990 1542
1549000 1541
1549010 1541
1549020 1541
1549030 1541
1549040 1540
1549050 1540
1549060 1540
1549070 1539
1549080 1539
1549090 1539
1549100 1539
1549110 1539
1549120 1539
1549130 1538
1549140 1537
1549150 1537
1549160 1537
1549170 1536
1549180 1536
1549190 1535
1549200 1534
1549210 1534
1549220 1532
1549230 1531
1549240 1531
1549250 1529
1549260 1527
1549270 1527
1549280 1525
1549290 1523
1549300 1522
1549310 1522
1549320 1520
1549330 1518
1549340 1518
1549350 1516
1549360 1513
1549370 1513
1549380 1510
1549390 1507
1549400 1507
1549410 1504
1549420 1501
1549430 1501
1549440 1497
1549450 1494
1549460 1494
1549470 1491
1549480 1487
1549490 1485
1549500 1485
1549510 1482
1549520 1479
1549530 1479
1549540 1476
1549550 1473
1549560 1473
1549570 1470
1549580 1468
1549590 1468
1549600 1465
1549610 1463
1549620 1463
1549630 1460
1549640 1457
1549650 1454
1549660 1454
1549670 1451
1549680 1446
1549690 1446
1549700 1442
1549710 1437
1549720 1437
1549730 1434
1549740 1432
1549750 1432
1549760 1429
1549770 1426
1549780 1426
1549790 1423
1549800 1420
1549810 1420
1549820 1418
1549830 1415
1549840 1412
1549850 1412
1549860 1410
1549870 1406
1549880 1406
1549890 1402
1549900 1398
1549910 1398
1549920 1394
1549930 1389
1549940 1389
1549950 1385
1549960 1382
1549970 1382
1549980 1380
1549990 1375
1550000 1375
1550010 1371
1550020 1366
1550030 1361
1550040 1361
1550050 1357
1550060 1352
1550070 1352
1550080 1348
1550090 1344
1550100 1344
1550110 1341
1550120 1337
1550130 1337
1550140 1334
1550150 1329
1550160 1329
1550170 1323
1550180 1316
1550190 1309
1550200 1309
1550210 1304
1550220 1299
1550230 1299
1550240 1293
1550250 1287
1550260 1287
1550270 1281
1550280 1283
1550290 1276
1550300 1276
1550310 1276
1550320 1276
1550330 1274
1550340 1273
1550350 1273
1550360 1274
1550370 1275
1550380 1278
1550390 1278
1550400 1280
1550410 1277
1550420 1277
1550430 1272
1550440 1265
1550450 1265
1550460 1259
1550470 1254
1550480 1254
1550490 1252
1550500 1249
1550510 1249
1550520 1246
1550530 1242
1550540 1238
1550550 1238
1550560 1230
1550570 1224
1550580 1224
1550590 1222
1550600 1225
1550610 1225
1550620 1228
1550630 1230
1550640 1230
1550650 1232
1550660 1236
1550670 1236
1550680 1238
1550690 1239
1550700 1239
1550710 1239
1550720 1239
1550730 1239
1550740 1239
1550750 1239
1550760 1240
1550770 1240
1550780 1240
1550790 1242
1550800 1242
1550810 1243
1550820 1245
1550830 1245
1550840 1247
1550850 1249
1550860 1249
1550870 1251
1550880 1253
1550890 1253
1550900 1252
1550910 1250
1550920 1246
1550930 1246
1550940 1243
1550950 1240
1550960 1240
1550970 1237
1550980 1234
1550990 1234
1551000 1231
1551010 1228
1551020 1228
1551030 1225
1551040 1221
1551050 1221
1551060 1216
1551070 1210
1551080 1204
1551090 1204
1551100 1200
1551110 1194
1551120 1194
1551130 1187
1551140 1182
1551150 1182
1551160 1179
1551170 1185
1551180 1185
1551190 1196
1551200 1203
1551210 1203
1551220 1208
1551230 1214
1551240 1214
1551250 1220
1551260 1225
1551270 1230
1551280 1230
1551290 1235
1551300 1240
1551310 1240
1551320 1246
1551330 1252
1551340 1252
1551350 1259
1551360 1271
1551370 1271
1551380 1277
1551390 1281
1551400 1281
1551410 1285
1551420 1289
1551430 1294
1551440 1294
1551450 1299
1551460 1304
1551470 1304
1551480 1309
1551490 1313
1551500 1313
1551510 1315
1551520 1317
1551530 1317
1551540 1319
1551550 1319
1551560 1319
1551570 1317
1551580 1316
1551590 1316
1551600 1314
1551610 1311
1551620 1308
1551630 1308
1551640 1304
1551650 1300
1551660 1300
1551670 1296
1551680 1291
1551690 1291
1551700 1287
1551710 1283
1551720 1283
1551730 1279
1551740 1276
1551750 1276
1551760 1273
1551770 1270
1551780 1270
1551790 1268
1551800 1266
1551810 1264
1551820 1264
1551830 1260
1551840 1257
1551850 1257
1551860 1253
1551870 1249
1551880 1249
1551890 1246
1551900 1242
1551910 1242
1551920 1239
1551930 1234
1551940 1234
1551950 1229
1551960 1226
1551970 1224
1551980 1224
1551990 1222
1552000 1219
1552010 1219
1552020 1216
1552030 1213
1552040 1213
1552050 1211
1552060 1208
1552070 1208
1552080 1204
1552090 1203
1552100 1203
1552110 1202
1552120 1196
1552130 1196
1552140 1192
1552150 1199
1552160 1206
1552170 1206
1552180 1215
1552190 1222
1552200 1222
1552210 1227
1552220 1230
1552230 1230
1552240 1234
1552250 1239
1552260 1239
1552270 1243
1552280 1248
1552290 1248
1552300 1254
1552310 1259
1552320 1265
1552330 1265
1552340 1270
1552350 1274
1552360 1274
1552370 1278
1552380 1282
1552390 1282
1552400 1285
1552410 1290
1552420 1290
1552430 1295
1552440 1300
1552450 1300
1552460 1306
1552470 1312
1552480 1312
1552490 1318
1552500 1322
1552510 1326
1552520 1326
1552530 1328
1552540 1331
1552550 1331
1552560 1336
1552570 1339
1552580 1339
1552590 1342
1552600 1346
1552610 1346
1552620 1349
1552630 1353
1552640 1353
1552650 1357
1552660 1360
1552670 1360
1552680 1363
1552690 1364
1552700 1366
1552710 1366
1552720 1368
1552730 1370
1552740 1370
1552750 1371
1552760 1373
1552770 1373
1552780 1377
1552790 1381
1552800 1381
1552810 1384
1552820 1389
1552830 1389
1552840 1394
1552850 1400
1552860 1406
1552870 1406
1552880 1411
1552890 1416
1552900 1416
1552910 1419
1552920 1423
1552930 1423
1552940 1425
1552950 1426
1552960 1426
1552970 1425
1552980 1423
1552990 1423
1553000 1423
1553010 1422
1553020 1422
1553030 1420
1553040 1421
1553050 1421
1553060 1421
1553070 1420
1553080 1422
1553090 1422
1553100 1426
1553110 1430
1553120 1430
1553130 1434
1553140 1435
1553150 1435
1553160 1435
1553170 1434
1553180 1434
1553190 1431
1553200 1428
1553210 1424
1553220 1424
1553230 1420
1553240 1416
1553250 1416
1553260 1411
1553270 1406
1553280 1406
1553290 1403
1553300 1401
1553310 1401
1553320 1399
1553330 1400
1553340 1400
1553350 1401
1553360 1400
1553370 1400
1553380 1400
1553390 1401
1553400 1404
1553410 1404
1553420 1405
1553430 1405
1553440 1405
1553450 1406
1553460 1406
1553470 1406
1553480 1406
1553490 1405
1553500 1405
1553510 1403
1553520 1402
1553530 1402
1553540 1401
1553550 1401
1553560 1401
1553570 1401
1553580 1401
1553590 1400
1553600 1400
1553610 1397
1553620 1395
1553630 1395
1553640 1392
1553650 1388
1553660 1388
1553670 1385
1553680 1380
1553690 1380
1553700 1374
1553710 1370
1553720 1370
1553730 1369
1553740 1368
1553750 1367
1553760 1367
1553770 1367
1553780 1368
1553790 1368
1553800 1369
1553810 1371
1553820 1371
1553830 1373
1553840 1375
1553850 1375
1553860 1377
1553870 1380
1553880 1380
1553890 1381
1553900 1383
1553910 1383
1553920 1383
1553930 1382
1553940 1381
1553950 1381
1553960 1379
1553970 1377
1553980 1377
1553990 1374
1554000 1370
1554010 1370
1554020 1366
1554030 1365
1554040 1365
1554050 1362
1554060 1359
1554070 1359
1554080 1355
1554090 1351
1554100 1347
1554110 1347
1554120 1342
1554130 1335
1554140 1335
1554150 1328
1554160 1322
1554170 1322
1554180 1325
1554190 1326
1554200 1326
1554210 1329
1554220 1334
1554230 1334
1554240 1338
1554250 1342
1554260 1342
1554270 1344
1554280 1346
1554290 1346
1554300 1346
1554310 1347
1554320 1347
1554330 1347
1554340 1347
1554350 1345
1554360 1345
1554370 1343
1554380 1340
1554390 1340
1554400 1338
1554410 1337
1554420 1337
1554430 1335
1554440 1335
1554450 1335
1554460 1334
1554470 1333
1554480 1332
1554490 1332
1554500 1330
1554510 1328
1554520 1328
1554530 1326
1554540 1324
1554550 1324
1554560 1321
1554570 1318
1554580 1318
1554590 1315
1554600 1314
1554610 1314
1554620 1312
1554630 1310
1554640 1309
1554650 1309
1554660 1308
1554670 1306
1554680 1306
1554690 1304
1554700 1302
1554710 1302
1554720 1299
1554730 1297
1554740 1297
1554750 1296
1554760 1294
1554770 1294
1554780 1293
1554790 1292
1554800 1292
1554810 1292
1554820 1291
1554830 1290
1554840 1290
1554850 1288
1554860 1285
1554870 1285
1554880 1284
1554890 1283
1554900 1283
1554910 1282
1554920 1282
1554930 1282
1554940 1282
1554950 1283
1554960 1283
1554970 1285
1554980 1288
1554990 1291
1555000 1291
1555010 1294
1555020 1296
1555030 1296
1555040 1298
1555050 1300
1555060 1300
1555070 1302
1555080 1304
1555090 1304
1555100 1306
1555110 1309
1555120 1309
1555130 1311
1555140 1313
1555150 1313
1555160 1315
1555170 1318
1555180 1320
1555190 1320
1555200 1324
1555210 1327
1555220 1327
1555230 1332
1555240 1336
1555250 1336
1555260 1340
1555270 1345
1555280 1345
1555290 1350
1555300 1354
1555310 1354
1555320 1359
1555330 1365
1555340 1365
1555350 1371
1555360 1376
1555370 1380
1555380 1380
1555390 1384
1555400 1389
1555410 1389
1555420 1394
1555430 1398
1555440 1398
1555450 1402
1555460 1405
1555470 1405
1555480 1407
1555490 1408
1555500 1408
1555510 1408
1555520 1409
1555530 1409
1555540 1409
1555550 1410
1555560 1411
1555570 1411
1555580 1411
1555590 1410
1555600 1410
1555610 1409
1555620 1409
1555630 1409
1555640 1408
1555650 1407
1555660 1407
1555670 1405
1555680 1402
1555690 1402
1555700 1399
1555710 1396
1555720 1393
1555730 1393
1555740 1390
1555750 1387
1555760 1387
1555770 1384
1555780 1381
1555790 1381
1555800 1380
1555810 1382
1555820 1381
1555830 1387
1555840 1398
1555850 1398
1555860 1412
1555870 1426
1555880 1432
1555890 1432
1555900 1432
1555910 1433
1555920 1433
1555930 1435
1555940 1439
1555950 1439
1555960 1443
1555970 1447
1555980 1447
1555990 1452
1556000 1457
1556010 1457
1556020 1463
1556030 1468
1556040 1468
1556050 1473
1556060 1477
1556070 1481
1556080 1481
1556090 1487
1556100 1491
1556110 1491
1556120 1493
1556130 1496
1556140 1496
1556150 1499
1556160 1501
1556170 1501
1556180 1504
1556190 1508
1556200 1508
1556210 1511
1556220 1514
1556230 1514
1556240 1517
1556250 1520
1556260 1521
1556270 1521
1556280 1523
1556290 1526
1556300 1526
1556310 1529
1556320 1533
1556330 1533
1556340 1536
1556350 1538
1556360 1538
1556370 1540
1556380 1543
1556390 1543
1556400 1546
1556410 1548
1556420 1550
1556430 1550
1556440 1552
1556450 1555
1556460 1555
1556470 1557
1556480 1560
1556490 1560
1556500 1562
1556510 1564
1556520 1564
1556530 1567
1556540 1569
1556550 1569
1556560 1571
1556570 1573
1556580 1573
1556590 1575
1556600 1577
1556610 1578
1556620 1578
1556630 1580
1556640 1582
1556650 1582
1556660 1583
1556670 1585
1556680 1585
1556690 1587
1556700 1589
1556710 1589
1556720 1591
1556730 1593
1556740 1593
1556750 1595
1556760 1597
1556770 1600
1556780 1600
1556790 1602
1556800 1603
1556810 1603
1556820 1605
1556830 1606
1556840 1606
1556850 1607
1556860 1607
1556870 1607
1556880 1607
1556890 1607
1556900 1607
1556910 1606
1556920 1604
1556930 1604
1556940 1600
1556950 1596
1556960 1591
1556970 1591
1556980 1586
1556990 1583
1557000 1583
1557010 1580
1557020 1576
1557030 1576
1557040 1571
1557050 1567
1557060 1567
1557070 1562
1557080 1557
1557090 1557
1557100 1553
1557110 1548
1557120 1548
1557130 1544
1557140 1541
1557150 1537
1557160 1537
1557170 1534
1557180 1530
1557190 1530
1557200 1526
1557210 1523
1557220 1523
1557230 1520
1557240 1518
1557250 1518
1557260 1515
1557270 1513
1557280 1513
1557290 1510
1557300 1507
1557310 1505
1557320 1505
1557330 1504
1557340 1503
1557350 1503
1557360 1502
1557370 1500
1557380 1500
1557390 1497
1557400 1495
1557410 1495
1557420 1492
1557430 1489
1557440 1489
1557450 1486
1557460 1483
1557470 1483
1557480 1480
1557490 1478
1557500 1476
1557510 1476
1557520 1475
1557530 1475
1557540 1475
1557550 1474
1557560 1474
1557570 1469
1557580 1468
1557590 1466
1557600 1466
1557610 1464
1557620 1462
1557630 1462
1557640 1461
1557650 1458
1557660 1456
1557670 1456
1557680 1454
1557690 1451
1557700 1451
1557710 1448
1557720 1446
1557730 1446
1557740 1443
1557750 1440
1557760 1440
1557770 1437
1557780 1434
1557790 1434
1557800 1431
1557810 1428
1557820 1428
1557830 1426
1557840 1422
1557850 1420
1557860 1420
1557870 1418
1557880 1416
1557890 1416
1557900 1414
1557910 1413
1557920 1413
1557930 1411
1557940 1410
1557950 1410
1557960 1408
1557970 1405
1557980 1405
1557990 1403
1558000 1401
1558010 1401
1558020 1399
1558030 1397
1558040 1394
1558050 1394
1558060 1390
1558070 1387
1558080 1387
1558090 1383
1558100 1380
1558110 1380
1558120 1377
1558130 1375
1558140 1375
1558150 1372
1558160 1369
1558170 1369
1558180 1365
1558190 1362
1558200 1358
1558210 1358
1558220 1355
1558230 1353
1558240 1353
1558250 1350
1558260 1347
1558270 1347
1558280 1344
1558290 1341
1558300 1341
1558310 1338
1558320 1336
1558330 1336
1558340 1333
1558350 1330
1558360 1330
1558370 1327
1558380 1324
1558390 1321
1558400 1321
1558410 1318
1558420 1315
1558430 1315
1558440 1312
1558450 1310
1558460 1310
1558470 1307
1558480 1305
1558490 1305
1558500 1302
1558510 1300
1558520 1300
1558530 1297
1558540 1295
1558550 1292
1558560 1292
1558570 1289
1558580 1286
1558590 1286
1558600 1284
1558610 1281
1558620 1281
1558630 1279
1558640 1277
1558650 1277
1558660 1273
1558670 1270
1558680 1270
1558690 1268
1558700 1265
1558710 1265
1558720 1263
1558730 1260
1558740 1257
1558750 1257
1558760 1254
1558770 1252
1558780 1252
1558790 1249
1558800 1245
1558810 1245
1558820 1242
1558830 1239
1558840 1239
1558850 1235
1558860 1233
1558870 1233
1558880 1231
1558890 1229
1558900 1229
1558910 1226
1558920 1223
1558930 1220
1558940 1220
1558950 1217
1558960 1214
1558970 1214
1558980 1210
1558990 1206
1559000 1206
1559010 1204
1559020 1202
1559030 1202
1559040 1199
1559050 1197
1559060 1197
1559070 1196
1559080 1194
1559090 1194
1559100 1194
1559110 1193
1559120 1193
1559130 1193
1559140 1192
1559150 1191
1559160 1191
1559170 1189
1559180 1187
1559190 1187
1559200 1185
1559210 1184
1559220 1184
1559230 1181
1559240 1178
1559250 1178
1559260 1174
1559270 1170
1559280 1170
1559290 1170
1559300 1167
1559310 1164
1559320 1164
1559330 1158
1559340 1153
1559350 1153
1559360 1149
1559370 1146
1559380 1146
1559390 1143
1559400 1140
1559410 1140
1559420 1136
1559430 1133
1559440 1130
1559450 1130
1559460 1128
1559470 1126
1559480 1126
1559490 1125
1559500 1123
1559510 1123
1559520 1122
1559530 1121
1559540 1121
1559550 1120
1559560 1119
1559570 1119
1559580 1119
1559590 1118
1559600 1118
1559610 1119
1559620 1118
1559630 1117
1559640 1117
1559650 1115
1559660 1113
1559670 1113
1559680 1112
1559690 1110
1559700 1110
1559710 1108
1559720 1107
1559730 1107
1559740 1104
1559750 1102
1559760 1102
1559770 1099
1559780 1096
1559790 1096
1559800 1094
1559810 1091
1559820 1087
1559830 1087
1559840 1082
1559850 1077
1559860 1077
1559870 1071
1559880 1066
1559890 1066
1559900 1063
1559910 1061
1559920 1061
1559930 1061
1559940 1064
1559950 1064
1559960 1067
1559970 1071
1559980 1074
1559990 1074
