1540000 1096
1540010 1096
1540020 1096
1540030 1097
1540040 1098
1540050 1098
1540060 1099
1540070 1100
1540080 1100
1540090 1100
1540100 1101
1540110 1102
1540120 1102
1540130 1103
1540140 1105
1540150 1105
1540160 1106
1540170 1109
1540180 1109
1540190 1109
1540200 1111
1540210 1111
1540220 1113
1540230 1114
1540240 1114
1540250 1115
1540260 1117
1540270 1117
1540280 1117
1540290 1117
1540300 1118
1540310 1118
1540320 1118
1540330 1119
1540340 1119
1540350 1121
1540360 1123
1540370 1123
1540380 1125
1540390 1127
1540400 1127
1540410 1130
1540420 1132
1540430 1132
1540440 1134
1540450 1136
1540460 1139
1540470 1139
1540480 1142
1540490 1146
1540500 1146
1540510 1150
1540520 1152
1540530 1152
1540540 1155
1540550 1158
1540560 1158
1540570 1162
1540580 1166
1540590 1166
1540600 1170
1540610 1175
1540620 1175
1540630 1182
1540640 1185
1540650 1186
1540660 1186
1540670 1187
1540680 1187
1540690 1187
1540700 1187
1540710 1187
1540720 1187
1540730 1188
1540740 1189
1540750 1189
1540760 1193
1540770 1196
1540780 1196
1540790 1196
1540800 1196
1540810 1198
1540820 1198
1540830 1200
1540840 1202
1540850 1202
1540860 1204
1540870 1206
1540880 1206
1540890 1209
1540900 1213
1540910 1213
1540920 1215
1540930 1218
1540940 1218
1540950 1221
1540960 1223
1540970 1223
1540980 1225
1540990 1227
1541000 1229
1541010 1229
1541020 1230
1541030 1230
1541040 1230
1541050 1231
1541060 1231
1541070 1231
1541080 1231
1541090 1230
1541100 1230
1541110 1229
1541120 1227
1541130 1227
1541140 1227
1541150 1225
1541160 1225
1541170 1223
1541180 1220
1541190 1218
1541200 1218
1541210 1215
1541220 1212
1541230 1212
1541240 1209
1541250 1206
1541260 1206
1541270 1202
1541280 1196
1541290 1196
1541300 1187
1541310 1179
1541320 1179
1541330 1172
1541340 1166
1541350 1160
1541360 1160
1541370 1154
1541380 1149
1541390 1149
1541400 1147
1541410 1149
1541420 1149
1541430 1147
1541440 1143
1541450 1143
1541460 1137
1541470 1131
1541480 1131
1541490 1128
1541500 1127
1541510 1127
1541520 1127
1541530 1125
1541540 1123
1541550 1123
1541560 1122
1541570 1119
1541580 1119
1541590 1116
1541600 1115
1541610 1115
1541620 1114
1541630 1114
1541640 1114
1541650 1114
1541660 1114
1541670 1114
1541680 1113
1541690 1113
1541700 1114
1541710 1114
1541720 1114
1541730 1114
1541740 1114
1541750 1115
1541760 1115
1541770 1115
1541780 1114
1541790 1112
1541800 1112
1541810 1110
1541820 1108
1541830 1108
1541840 1106
1541850 1104
1541860 1104
1541870 1100
1541880 1093
1541890 1088
1541900 1088
1541910 1084
1541920 1085
1541930 1085
1541940 1083
1541950 1081
1541960 1081
1541970 1079
1541980 1077
1541990 1077
1542000 1076
1542010 1076
1542020 1076
1542030 1076
1542040 1074
1542050 1074
1542060 1070
1542070 1066
1542080 1062
1542090 1062
1542100 1059
1542110 1057
1542120 1057
1542130 1055
1542140 1054
1542150 1054
1542160 1052
1542170 1050
1542180 1050
1542190 1047
1542200 1044
1542210 1044
1542220 1042
1542230 1040
1542240 1037
1542250 1037
1542260 1035
1542270 1033
1542280 1033
1542290 1031
1542300 1031
1542310 1031
1542320 1030
1542330 1029
1542340 1029
1542350 1029
1542360 1030
1542370 1030
1542380 1029
1542390 1027
1542400 1027
1542410 1026
1542420 1026
1542430 1026
1542440 1026
1542450 1025
1542460 1025
1542470 1025
1542480 1024
1542490 1024
1542500 1024
1542510 1023
1542520 1023
1542530 1023
1542540 1023
1542550 1023
1542560 1023
1542570 1022
1542580 1022
1542590 1022
1542600 1022
1542610 1022
1542620 1022
1542630 1022
1542640 1021
1542650 1021
1542660 1021
1542670 1021
1542680 1020
1542690 1020
1542700 1020
1542710 1020
1542720 1020
1542730 1020
1542740 1020
1542750 1020
1542760 1019
1542770 1019
1542780 1019
1542790 1019
1542800 1018
1542810 1017
1542820 1017
1542830 1017
1542840 1017
1542850 1017
1542860 1018
1542870 1018
1542880 1018
1542890 1018
1542900 1018
1542910 1018
1542920 1017
1542930 1017
1542940 1017
1542950 1017
1542960 1017
1542970 1017
1542980 1017
1542990 1017
1543000 1016
1543010 1016
1543020 1016
1543030 1016
1543040 1016
1543050 1016
1543060 1016
1543070 1016
1543080 1016
1543090 1016
1543100 1016
1543110 1016
1543120 1016
1543130 1016
1543140 1016
1543150 1016
1543160 1016
1543170 1016
1543180 1016
1543190 1016
1543200 1016
1543210 1016
1543220 1016
1543230 1016
1543240 1015
1543250 1015
1543260 1015
1543270 1016
1543280 1015
1543290 1015
1543300 1015
1543310 1016
1543320 1017
1543330 1017
1543340 1017
1543350 1016
1543360 1016
1543370 1015
1543380 1014
1543390 1014
1543400 1014
1543410 1014
1543420 1014
1543430 1014
1543440 1014
1543450 1014
1543460 1015
1543470 1014
1543480 1014
1543490 1014
1543500 1014
1543510 1015
1543520 1015
1543530 1015
1543540 1015
1543550 1015
1543560 1015
1543570 1015
1543580 1015
1543590 1015
1543600 1015
1543610 1015
1543620 1015
1543630 1016
1543640 1016
1543650 1016
1543660 1016
1543670 1016
1543680 1016
1543690 1016
1543700 1016
1543710 1016
1543720 1017
1543730 1018
1543740 1018
1543750 1019
1543760 1021
1543770 1021
1543780 1023
1543790 1027
1543800 1027
1543810 1034
1543820 1041
1543830 1041
1543840 1048
1543850 1055
1543860 1061
1543870 1061
1543880 1068
1543890 1074
1543900 1074
1543910 1079
1543920 1084
1543930 1084
1543940 1090
1543950 1095
1543960 1095
1543970 1101
1543980 1104
1543990 1104
1544000 1107
1544010 1110
1544020 1112
1544030 1112
1544040 1114
1544050 1118
1544060 1118
1544070 1122
1544080 1128
1544090 1128
1544100 1131
1544110 1135
1544120 1135
1544130 1139
1544140 1144
1544150 1144
1544160 1150
1544170 1156
1544180 1156
1544190 1159
1544200 1163
1544210 1170
1544220 1170
1544230 1172
1544240 1172
1544250 1172
1544260 1170
1544270 1169
1544280 1169
1544290 1169
1544300 1169
1544310 1169
1544320 1167
1544330 1167
1544340 1167
1544350 1167
1544360 1167
1544370 1166
1544380 1166
1544390 1165
1544400 1163
1544410 1163
1544420 1161
1544430 1159
1544440 1159
1544450 1157
1544460 1155
1544470 1155
1544480 1153
1544490 1153
1544500 1153
1544510 1154
1544520 1155
1544530 1155
1544540 1156
1544550 1157
1544560 1157
1544570 1157
1544580 1156
1544590 1155
1544600 1155
1544610 1152
1544620 1151
1544630 1151
1544640 1151
1544650 1150
1544660 1150
1544670 1149
1544680 1147
1544690 1147
1544700 1145
1544710 1142
1544720 1142
1544730 1139
1544740 1135
1544750 1131
1544760 1131
1544770 1128
1544780 1126
1544790 1126
1544800 1125
1544810 1125
1544820 1125
1544830 1125
1544840 1125
1544850 1125
1544860 1125
1544870 1124
1544880 1124
1544890 1125
1544900 1126
1544910 1126
1544920 1126
1544930 1127
1544940 1128
1544950 1128
1544960 1128
1544970 1127
1544980 1127
1544990 1126
1545000 1125
1545010 1125
1545020 1122
1545030 1120
1545040 1120
1545050 1120
1545060 1121
1545070 1121
1545080 1121
1545090 1123
1545100 1124
1545110 1124
1545120 1125
1545130 1127
1545140 1127
1545150 1130
1545160 1131
1545170 1131
1545180 1132
1545190 1131
1545200 1131
1545210 1131
1545220 1133
1545230 1133
1545240 1134
1545250 1134
1545260 1135
1545270 1135
1545280 1135
1545290 1135
1545300 1135
1545310 1135
1545320 1136
1545330 1136
1545340 1137
1545350 1140
1545360 1140
1545370 1142
1545380 1144
1545390 1144
1545400 1146
1545410 1148
1545420 1148
1545430 1150
1545440 1151
1545450 1153
1545460 1153
1545470 1155
1545480 1155
1545490 1155
1545500 1155
1545510 1155
1545520 1155
1545530 1155
1545540 1156
1545550 1156
1545560 1155
1545570 1154
1545580 1154
1545590 1154
1545600 1153
1545610 1153
1545620 1154
1545630 1154
1545640 1155
1545650 1155
1545660 1156
1545670 1157
1545680 1157
1545690 1157
1545700 1159
1545710 1159
1545720 1161
1545730 1165
1545740 1165
1545750 1166
1545760 1166
1545770 1166
1545780 1165
1545790 1163
1545800 1162
1545810 1162
1545820 1160
1545830 1160
1545840 1160
1545850 1160
1545860 1160
1545870 1160
1545880 1160
1545890 1161
1545900 1161
1545910 1162
1545920 1163
1545930 1163
1545940 1166
1545950 1168
1545960 1168
1545970 1171
1545980 1174
1545990 1177
1546000 1177
1546010 1181
1546020 1184
1546030 1184
1546040 1187
1546050 1191
1546060 1191
1546070 1195
1546080 1197
1546090 1197
1546100 1198
1546110 1198
1546120 1198
1546130 1199
1546140 1200
1546150 1200
1546160 1207
1546170 1207
1546180 1208
1546190 1208
1546200 1209
1546210 1210
1546220 1210
1546230 1211
1546240 1213
1546250 1213
1546260 1215
1546270 1217
1546280 1217
1546290 1219
1546300 1221
1546310 1221
1546320 1222
1546330 1223
1546340 1225
1546350 1225
1546360 1225
1546370 1223
1546380 1223
1546390 1222
1546400 1224
1546410 1224
1546420 1226
1546430 1228
1546440 1228
1546450 1230
1546460 1231
1546470 1231
1546480 1232
1546490 1234
1546500 1234
1546510 1237
1546520 1240
1546530 1243
1546540 1243
1546550 1246
1546560 1251
1546570 1251
1546580 1256
1546590 1259
1546600 1259
1546610 1259
1546620 1259
1546630 1259
1546640 1261
1546650 1265
1546660 1265
1546670 1269
1546680 1274
1546690 1278
1546700 1278
1546710 1279
1546720 1278
1546730 1278
1546740 1277
1546750 1278
1546760 1278
1546770 1280
1546780 1280
1546790 1280
1546800 1279
1546810 1279
1546820 1279
1546830 1279
1546840 1280
1546850 1280
1546860 1282
1546870 1284
1546880 1285
1546890 1285
1546900 1286
1546910 1286
1546920 1286
1546930 1286
1546940 1285
1546950 1285
1546960 1284
1546970 1283
1546980 1283
1546990 1280
1547000 1278
1547010 1278
1547020 1276
1547030 1273
1547040 1273
1547050 1271
1547060 1271
1547070 1274
1547080 1274
1547090 1278
1547100 1282
1547110 1282
1547120 1286
1547130 1290
1547140 1290
1547150 1295
1547160 1300
1547170 1300
1547180 1305
1547190 1311
1547200 1311
1547210 1318
1547220 1324
1547230 1328
1547240 1328
1547250 1331
1547260 1333
1547270 1333
1547280 1336
1547290 1339
1547300 1339
1547310 1342
1547320 1346
1547330 1346
1547340 1351
1547350 1354
1547360 1354
1547370 1357
1547380 1361
1547390 1361
1547400 1365
1547410 1367
1547420 1371
1547430 1371
1547440 1375
1547450 1379
1547460 1379
1547470 1382
1547480 1384
1547490 1384
1547500 1388
1547510 1392
1547520 1392
1547530 1397
1547540 1401
1547550 1401
1547560 1405
1547570 1409
1547580 1412
1547590 1412
1547600 1416
1547610 1419
1547620 1419
1547630 1423
1547640 1427
1547650 1427
1547660 1430
1547670 1434
1547680 1434
1547690 1437
1547700 1441
1547710 1441
1547720 1444
1547730 1447
1547740 1447
1547750 1449
1547760 1450
1547770 1452
1547780 1452
1547790 1453
1547800 1454
1547810 1454
1547820 1456
1547830 1459
1547840 1459
1547850 1460
1547860 1462
1547870 1462
1547880 1465
1547890 1468
1547900 1468
1547910 1470
1547920 1472
1547930 1472
1547940 1475
1547950 1476
1547960 1478
1547970 1478
1547980 1479
1547990 1480
1548000 1480
1548010 1481
1548020 1482
1548030 1482
1548040 1483
1548050 1484
1548060 1484
1548070 1484
1548080 1484
1548090 1484
1548100 1484
1548110 1485
1548120 1486
1548130 1486
1548140 1488
1548150 1490
1548160 1490
1548170 1493
1548180 1494
1548190 1494
1548200 1495
1548210 1497
1548220 1497
1548230 1498
1548240 1500
1548250 1500
1548260 1501
1548270 1501
1548280 1501
1548290 1502
1548300 1502
1548310 1502
1548320 1502
1548330 1502
1548340 1502
1548350 1502
1548360 1501
1548370 1500
1548380 1500
1548390 1499
1548400 1498
1548410 1498
1548420 1497
1548430 1496
1548440 1496
1548450 1495
1548460 1494
1548470 1492
1548480 1492
1548490 1491
1548500 1490
1548510 1490
1548520 1490
1548530 1490
1548540 1490
1548550 1491
1548560 1491
1548570 1491
1548580 1491
1548590 1491
1548600 1491
1548610 1491
1548620 1491
1548630 1491
1548640 1492
1548650 1493
1548660 1493
1548670 1493
1548680 1495
1548690 1496
1548700 1496
1548710 1498
1548720 1500
1548730 1500
1548740 1502
1548750 1505
1548760 1505
1548770 1507
1548780 1510
1548790 1510
1548800 1513
1548810 1517
1548820 1517
1548830 1520
1548840 1523
1548850 1526
1548860 1526
1548870 1529
1548880 1532
1548890 1532
1548900 1534
1548910 1538
1548920 1538
1548930 1541
1548940 1544
1548950 1544
1548960 1547
1548970 1550
1548980 1550
1548990 1552
1549000 1554
1549010 1556
1549020 1556
1549030 1557
1549040 1557
1549050 1557
1549060 1557
1549070 1556
1549080 1556
1549090 1555
1549100 1555
1549110 1555
1549120 1555
1549130 1553
1549140 1553
1549150 1551
1549160 1549
1549170 1549
1549180 1547
1549190 1545
1549200 1543
1549210 1543
1549220 1540
1549230 1538
1549240 1538
1549250 1535
1549260 1532
1549270 1532
1549280 1529
1549290 1526
1549300 1526
1549310 1523
1549320 1520
1549330 1520
1549340 1517
1549350 1514
1549360 1511
1549370 1511
1549380 1507
1549390 1502
1549400 1502
1549410 1498
1549420 1495
1549430 1495
1549440 1492
1549450 1488
1549460 1488
1549470 1485
1549480 1481
1549490 1481
1549500 1478
1549510 1475
1549520 1475
1549530 1472
1549540 1469
1549550 1466
1549560 1466
1549570 1464
1549580 1460
1549590 1460
1549600 1457
1549610 1453
1549620 1453
1549630 1449
1549640 1444
1549650 1444
1549660 1439
1549670 1433
1549680 1433
1549690 1426
1549700 1420
1549710 1420
1549720 1414
1549730 1408
1549740 1403
1549750 1403
1549760 1398
1549770 1392
1549780 1392
1549790 1387
1549800 1381
1549810 1381
1549820 1376
1549830 1370
1549840 1370
1549850 1365
1549860 1359
1549870 1359
1549880 1353
1549890 1350
1549900 1347
1549910 1347
1549920 1343
1549930 1339
1549940 1339
1549950 1336
1549960 1333
1549970 1333
1549980 1330
1549990 1326
1550000 1326
1550010 1322
1550020 1318
1550030 1318
1550040 1315
1550050 1311
1550060 1311
1550070 1314
1550080 1320
1550090 1325
1550100 1325
1550110 1328
1550120 1331
1550130 1331
1550140 1338
1550150 1339
1550160 1339
1550170 1339
1550180 1339
1550190 1339
1550200 1339
1550210 1338
1550220 1338
1550230 1338
1550240 1336
1550250 1335
1550260 1335
1550270 1333
1550280 1332
1550290 1332
1550300 1331
1550310 1330
1550320 1330
1550330 1328
1550340 1326
1550350 1326
1550360 1324
1550370 1323
1550380 1323
1550390 1324
1550400 1326
1550410 1326
1550420 1327
1550430 1328
1550440 1330
1550450 1330
1550460 1332
1550470 1335
1550480 1335
1550490 1337
1550500 1339
1550510 1339
1550520 1341
1550530 1341
1550540 1341
1550550 1339
1550560 1338
1550570 1338
1550580 1336
1550590 1335
1550600 1335
1550610 1334
1550620 1332
1550630 1331
1550640 1331
1550650 1330
1550660 1329
1550670 1329
1550680 1328
1550690 1326
1550700 1326
1550710 1324
1550720 1322
1550730 1322
1550740 1321
1550750 1319
1550760 1319
1550770 1315
1550780 1310
1550790 1307
1550800 1307
1550810 1305
1550820 1302
1550830 1302
1550840 1299
1550850 1297
1550860 1297
1550870 1294
1550880 1291
1550890 1291
1550900 1287
1550910 1284
1550920 1284
1550930 1281
1550940 1275
1550950 1275
1550960 1270
1550970 1268
1550980 1266
1550990 1266
1551000 1264
1551010 1264
1551020 1264
1551030 1262
1551040 1261
1551050 1261
1551060 1259
1551070 1256
1551080 1256
1551090 1253
1551100 1250
1551110 1250
1551120 1247
1551130 1243
1551140 1243
1551150 1236
1551160 1230
1551170 1224
1551180 1224
1551190 1219
1551200 1220
1551210 1220
1551220 1227
1551230 1233
1551240 1233
1551250 1237
1551260 1244
1551270 1244
1551280 1250
1551290 1256
1551300 1256
1551310 1263
1551320 1268
1551330 1271
1551340 1271
1551350 1275
1551360 1279
1551370 1279
1551380 1283
1551390 1288
1551400 1288
1551410 1294
1551420 1297
1551430 1297
1551440 1301
1551450 1305
1551460 1305
1551470 1308
1551480 1310
1551490 1310
1551500 1311
1551510 1313
1551520 1315
1551530 1315
1551540 1318
1551550 1321
1551560 1321
1551570 1324
1551580 1326
1551590 1326
1551600 1327
1551610 1326
1551620 1326
1551630 1325
1551640 1324
1551650 1324
1551660 1320
1551670 1316
1551680 1312
1551690 1312
1551700 1309
1551710 1306
1551720 1306
1551730 1304
1551740 1302
1551750 1302
1551760 1300
1551770 1297
1551780 1297
1551790 1294
1551800 1292
1551810 1292
1551820 1290
1551830 1288
1551840 1288
1551850 1286
1551860 1283
1551870 1281
1551880 1281
1551890 1279
1551900 1278
1551910 1278
1551920 1276
1551930 1275
1551940 1275
1551950 1274
1551960 1272
1551970 1272
1551980 1270
1551990 1267
1552000 1267
1552010 1264
1552020 1261
1552030 1265
1552040 1262
1552050 1257
1552060 1252
1552070 1252
1552080 1246
1552090 1238
1552100 1238
1552110 1230
1552120 1228
1552130 1228
1552140 1233
1552150 1238
1552160 1238
1552170 1242
1552180 1246
1552190 1246
1552200 1250
1552210 1255
1552220 1260
1552230 1260
1552240 1267
1552250 1273
1552260 1273
1552270 1278
1552280 1282
1552290 1282
1552300 1285
1552310 1286
1552320 1286
1552330 1288
1552340 1290
1552350 1290
1552360 1293
1552370 1295
1552380 1295
1552390 1298
1552400 1301
1552410 1305
1552420 1305
1552430 1309
1552440 1313
1552450 1313
1552460 1316
1552470 1320
1552480 1320
1552490 1323
1552500 1328
1552510 1328
1552520 1333
1552530 1338
1552540 1338
1552550 1342
1552560 1346
1552570 1349
1552580 1349
1552590 1352
1552600 1356
1552610 1356
1552620 1360
1552630 1363
1552640 1363
1552650 1366
1552660 1370
1552670 1370
1552680 1373
1552690 1378
1552700 1378
1552710 1383
1552720 1388
1552730 1388
1552740 1392
1552750 1396
1552760 1400
1552770 1400
1552780 1405
1552790 1410
1552800 1410
1552810 1416
1552820 1424
1552830 1424
1552840 1432
1552850 1440
1552860 1440
1552870 1447
1552880 1453
1552890 1453
1552900 1460
1552910 1466
1552920 1466
1552930 1471
1552940 1477
1552950 1482
1552960 1482
1552970 1487
1552980 1492
1552990 1492
1553000 1497
1553010 1501
1553020 1501
1553030 1506
1553040 1510
1553050 1510
1553060 1513
1553070 1516
1553080 1516
1553090 1518
1553100 1519
1553110 1521
1553120 1521
1553130 1522
1553140 1523
1553150 1523
1553160 1524
1553170 1525
1553180 1525
1553190 1525
1553200 1525
1553210 1525
1553220 1524
1553230 1522
1553240 1522
1553250 1519
1553260 1514
1553270 1514
1553280 1510
1553290 1506
1553300 1502
1553310 1502
1553320 1497
1553330 1493
1553340 1493
1553350 1488
1553360 1485
1553370 1485
1553380 1481
1553390 1477
1553400 1477
1553410 1474
1553420 1471
1553430 1471
1553440 1469
1553450 1465
1553460 1462
1553470 1462
1553480 1458
1553490 1454
1553500 1454
1553510 1450
1553520 1445
1553530 1445
1553540 1439
1553550 1433
1553560 1433
1553570 1429
1553580 1428
1553590 1428
1553600 1428
1553610 1428
1553620 1428
1553630 1429
1553640 1430
1553650 1431
1553660 1431
1553670 1432
1553680 1434
1553690 1434
1553700 1435
1553710 1437
1553720 1437
1553730 1439
1553740 1440
1553750 1440
1553760 1441
1553770 1443
1553780 1443
1553790 1444
1553800 1445
1553810 1445
1553820 1446
1553830 1445
1553840 1444
1553850 1444
1553860 1441
1553870 1438
1553880 1443
1553890 1439
1553900 1436
1553910 1436
1553920 1433
1553930 1431
1553940 1431
1553950 1428
1553960 1426
1553970 1426
1553980 1423
1553990 1420
1554000 1418
1554010 1418
1554020 1415
1554030 1412
1554040 1412
1554050 1408
1554060 1403
1554070 1403
1554080 1399
1554090 1393
1554100 1393
1554110 1388
1554120 1383
1554130 1383
1554140 1384
1554150 1388
1554160 1388
1554170 1390
1554180 1392
1554190 1394
1554200 1394
1554210 1397
1554220 1399
1554230 1399
1554240 1402
1554250 1406
1554260 1406
1554270 1411
1554280 1415
1554290 1415
1554300 1419
1554310 1423
1554320 1423
1554330 1426
1554340 1430
1554350 1434
1554360 1434
1554370 1437
1554380 1438
1554390 1438
1554400 1438
1554410 1438
1554420 1438
1554430 1436
1554440 1432
1554450 1432
1554460 1429
1554470 1425
1554480 1425
1554490 1423
1554500 1421
1554510 1421
1554520 1420
1554530 1418
1554540 1415
1554550 1415
1554560 1412
1554570 1409
1554580 1409
1554590 1407
1554600 1406
1554610 1406
1554620 1408
1554630 1411
1554640 1411
1554650 1413
1554660 1415
1554670 1415
1554680 1419
1554690 1421
1554700 1421
1554710 1418
1554720 1413
1554730 1407
1554740 1407
1554750 1402
1554760 1397
1554770 1397
1554780 1391
1554790 1385
1554800 1385
1554810 1383
1554820 1385
1554830 1385
1554840 1388
1554850 1392
1554860 1392
1554870 1392
1554880 1386
1554890 1382
1554900 1382
1554910 1381
1554920 1383
1554930 1383
1554940 1391
1554950 1397
1554960 1397
1554970 1397
1554980 1395
1554990 1395
1555000 1391
1555010 1387
1555020 1387
1555030 1382
1555040 1380
1555050 1380
1555060 1384
1555070 1392
1555080 1398
1555090 1398
1555100 1405
1555110 1409
1555120 1409
1555130 1407
1555140 1402
1555150 1402
1555160 1396
1555170 1391
1555180 1391
1555190 1386
1555200 1382
1555210 1382
1555220 1379
1555230 1378
1555240 1378
1555250 1375
1555260 1371
1555270 1368
1555280 1368
1555290 1366
1555300 1364
1555310 1364
1555320 1362
1555330 1358
1555340 1358
1555350 1354
1555360 1351
1555370 1351
1555380 1345
1555390 1339
1555400 1339
1555410 1333
1555420 1329
1555430 1329
1555440 1329
1555450 1334
1555460 1341
1555470 1341
1555480 1346
1555490 1352
1555500 1352
1555510 1358
1555520 1363
1555530 1363
1555540 1367
1555550 1370
1555560 1370
1555570 1373
1555580 1376
1555590 1376
1555600 1378
1555610 1382
1555620 1386
1555630 1386
1555640 1391
1555650 1393
1555660 1393
1555670 1395
1555680 1404
1555690 1404
1555700 1409
1555710 1414
1555720 1414
1555730 1419
1555740 1423
1555750 1423
1555760 1427
1555770 1432
1555780 1438
1555790 1438
1555800 1442
1555810 1445
1555820 1445
1555830 1447
1555840 1447
1555850 1447
1555860 1445
1555870 1444
1555880 1444
1555890 1444
1555900 1445
1555910 1445
1555920 1445
1555930 1446
1555940 1446
1555950 1447
1555960 1449
1555970 1451
1555980 1451
1555990 1454
1556000 1457
1556010 1457
1556020 1460
1556030 1463
1556040 1463
1556050 1466
1556060 1469
1556070 1469
1556080 1472
1556090 1473
1556100 1473
1556110 1476
1556120 1479
1556130 1479
1556140 1481
1556150 1484
1556160 1485
1556170 1485
1556180 1487
1556190 1488
1556200 1488
1556210 1490
1556220 1492
1556230 1492
1556240 1494
1556250 1496
1556260 1496
1556270 1499
1556280 1502
1556290 1502
1556300 1504
1556310 1508
1556320 1511
1556330 1511
1556340 1514
1556350 1516
1556360 1516
1556370 1519
1556380 1523
1556390 1523
1556400 1526
1556410 1530
1556420 1530
1556430 1533
1556440 1535
1556450 1535
1556460 1538
1556470 1540
1556480 1540
1556490 1542
1556500 1545
1556510 1547
1556520 1547
1556530 1549
1556540 1551
1556550 1551
1556560 1552
1556570 1554
1556580 1554
1556590 1555
1556600 1557
1556610 1557
1556620 1558
1556630 1560
1556640 1560
1556650 1562
1556660 1563
1556670 1566
1556680 1566
1556690 1568
1556700 1569
1556710 1569
1556720 1571
1556730 1572
1556740 1572
1556750 1574
1556760 1575
1556770 1575
1556780 1577
1556790 1578
1556800 1578
1556810 1578
1556820 1578
1556830 1578
1556840 1578
1556850 1577
1556860 1576
1556870 1576
1556880 1574
1556890 1573
1556900 1573
1556910 1571
1556920 1569
1556930 1569
1556940 1567
1556950 1563
1556960 1563
1556970 1560
1556980 1557
1556990 1557
1557000 1554
1557010 1549
1557020 1549
1557030 1546
1557040 1542
1557050 1538
1557060 1538
1557070 1533
1557080 1529
1557090 1529
1557100 1524
1557110 1519
1557120 1519
1557130 1515
1557140 1512
1557150 1512
1557160 1508
1557170 1504
1557180 1504
1557190 1499
1557200 1494
1557210 1489
1557220 1489
1557230 1485
1557240 1482
1557250 1482
1557260 1480
1557270 1477
1557280 1477
1557290 1474
1557300 1471
1557310 1471
1557320 1467
1557330 1464
1557340 1464
1557350 1460
1557360 1456
1557370 1456
1557380 1453
1557390 1450
1557400 1446
1557410 1446
1557420 1442
1557430 1434
1557440 1434
1557450 1431
1557460 1427
1557470 1427
1557480 1423
1557490 1419
1557500 1419
1557510 1415
1557520 1411
1557530 1411
1557540 1405
1557550 1399
1557560 1394
1557570 1394
1557580 1390
1557590 1388
1557600 1388
1557610 1385
1557620 1383
1557630 1383
1557640 1381
1557650 1380
1557660 1380
1557670 1379
1557680 1377
1557690 1377
1557700 1375
1557710 1373
1557720 1373
1557730 1370
1557740 1368
1557750 1365
1557760 1365
1557770 1362
1557780 1358
1557790 1358
1557800 1355
1557810 1352
1557820 1352
1557830 1348
1557840 1346
1557850 1346
1557860 1344
1557870 1341
1557880 1341
1557890 1339
1557900 1338
1557910 1338
1557920 1335
1557930 1333
1557940 1330
1557950 1330
1557960 1327
1557970 1325
1557980 1325
1557990 1325
1558000 1324
1558010 1324
1558020 1322
1558030 1320
1558040 1320
1558050 1319
1558060 1319
1558070 1319
1558080 1320
1558090 1320
1558100 1320
1558110 1320
1558120 1321
1558130 1321
1558140 1321
1558150 1322
1558160 1321
1558170 1321
1558180 1321
1558190 1321
1558200 1321
1558210 1320
1558220 1319
1558230 1319
1558240 1318
1558250 1316
1558260 1316
1558270 1314
1558280 1313
1558290 1311
1558300 1311
1558310 1310
1558320 1310
1558330 1310
1558340 1310
1558350 1309
1558360 1309
1558370 1309
1558380 1308
1558390 1308
1558400 1307
1558410 1306
1558420 1306
1558430 1304
1558440 1303
1558450 1301
1558460 1301
1558470 1299
1558480 1298
1558490 1298
1558500 1296
1558510 1294
1558520 1294
1558530 1293
1558540 1290
1558550 1290
1558560 1288
1558570 1286
1558580 1286
1558590 1284
1558600 1282
1558610 1282
1558620 1280
1558630 1277
1558640 1275
1558650 1275
1558660 1273
1558670 1271
1558680 1271
1558690 1269
1558700 1267
1558710 1267
1558720 1265
1558730 1263
1558740 1263
1558750 1260
1558760 1257
1558770 1257
1558780 1253
1558790 1251
1558800 1251
1558810 1249
1558820 1247
1558830 1246
1558840 1246
1558850 1244
1558860 1241
1558870 1241
1558880 1239
1558890 1237
1558900 1237
1558910 1235
1558920 1234
1558930 1234
1558940 1233
1558950 1234
1558960 1234
1558970 1233
1558980 1232
1558990 1230
1559000 1230
1559010 1229
1559020 1227
1559030 1227
1559040 1224
1559050 1222
1559060 1222
1559070 1221
1559080 1219
1559090 1219
1559100 1216
1559110 1214
1559120 1214
1559130 1212
1559140 1208
1559150 1208
1559160 1207
1559170 1205
1559180 1203
1559190 1203
1559200 1200
1559210 1198
1559220 1198
1559230 1197
1559240 1196
1559250 1196
1559260 1196
1559270 1195
1559280 1195
1559290 1194
1559300 1194
1559310 1194
1559320 1194
1559330 1196
1559340 1197
1559350 1197
1559360 1198
1559370 1198
1559380 1198
1559390 1198
1559400 1198
1559410 1198
1559420 1198
1559430 1198
1559440 1198
1559450 1198
1559460 1198
1559470 1198
1559480 1198
1559490 1198
1559500 1198
1559510 1198
1559520 1197
1559530 1196
1559540 1196
1559550 1195
1559560 1193
1559570 1193
1559580 1192
1559590 1190
1559600 1190
1559610 1189
1559620 1188
1559630 1188
1559640 1186
1559650 1184
1559660 1184
1559670 1182
1559680 1179
1559690 1179
1559700 1177
1559710 1174
1559720 1171
1559730 1171
1559740 1168
1559750 1166
1559760 1166
1559770 1162
1559780 1156
1559790 1156
1559800 1151
1559810 1145
1559820 1145
1559830 1140
1559840 1134
1559850 1134
1559860 1129
1559870 1125
1559880 1121
1559890 1121
1559900 1118
1559910 1115
1559920 1115
1559930 1109
1559940 1107
1559950 1107
1559960 1105
1559970 1104
1559980 1104
1559990 1101
