1540000 2047
1540010 2045
1540020 2045
1540030 2043
1540040 2040
1540050 2038
1540060 2038
1540070 2035
1540080 2033
1540090 2033
1540100 2030
1540110 2027
1540120 2027
1540130 2024
1540140 2021
1540150 2021
1540160 2018
1540170 2014
1540180 2014
1540190 2010
1540200 2006
1540210 2001
1540220 2001
1540230 1996
1540240 1991
1540250 1991
1540260 1986
1540270 1981
1540280 1981
1540290 1976
1540300 1972
1540310 1972
1540320 1968
1540330 1964
1540340 1964
1540350 1961
1540360 1958
1540370 1958
1540380 1955
1540390 1953
1540400 1951
1540410 1951
1540420 1950
1540430 1948
1540440 1948
1540450 1947
1540460 1945
1540470 1945
1540480 1943
1540490 1941
1540500 1941
1540510 1940
1540520 1940
1540530 1940
1540540 1939
1540550 1939
1540560 1939
1540570 1941
1540580 1942
1540590 1942
1540600 1942
1540610 1943
1540620 1943
1540630 1943
1540640 1945
1540650 1950
1540660 1950
1540670 1954
1540680 1952
1540690 1952
1540700 1951
1540710 1949
1540720 1949
1540730 1945
1540740 1942
1540750 1942
1540760 1937
1540770 1932
1540780 1928
1540790 1928
1540800 1922
1540810 1917
1540820 1917
1540830 1912
1540840 1905
1540850 1905
1540860 1899
1540870 1893
1540880 1893
1540890 1887
1540900 1881
1540910 1881
1540920 1877
1540930 1872
1540940 1868
1540950 1868
1540960 1865
1540970 1863
1540980 1863
1540990 1860
1541000 1857
1541010 1857
1541020 1855
1541030 1852
1541040 1852
1541050 1850
1541060 1849
1541070 1849
1541080 1847
1541090 1845
1541100 1845
1541110 1843
1541120 1841
1541130 1839
1541140 1839
1541150 1838
1541160 1836
1541170 1836
1541180 1835
1541190 1834
1541200 1834
1541210 1834
1541220 1833
1541230 1833
1541240 1834
1541250 1835
1541260 1835
1541270 1838
1541280 1840
1541290 1840
1541300 1840
1541310 1838
1541320 1835
1541330 1835
1541340 1833
1541350 1831
1541360 1831
1541370 1829
1541380 1827
1541390 1827
1541400 1825
1541410 1822
1541420 1822
1541430 1819
1541440 1817
1541450 1817
1541460 1814
1541470 1811
1541480 1807
1541490 1807
1541500 1804
1541510 1802
1541520 1802
1541530 1799
1541540 1797
1541550 1797
1541560 1795
1541570 1793
1541580 1793
1541590 1790
1541600 1787
1541610 1787
1541620 1784
1541630 1781
1541640 1781
1541650 1778
1541660 1774
1541670 1769
1541680 1769
1541690 1765
1541700 1760
1541710 1760
1541720 1753
1541730 1748
1541740 1748
1541750 1742
1541760 1733
1541770 1733
1541780 1727
1541790 1721
1541800 1721
1541810 1715
1541820 1708
1541830 1708
1541840 1701
1541850 1698
1541860 1692
1541870 1692
1541880 1686
1541890 1680
1541900 1680
1541910 1677
1541920 1674
1541930 1674
1541940 1671
1541950 1669
1541960 1669
1541970 1666
1541980 1664
1541990 1664
1542000 1662
1542010 1661
1542020 1661
1542030 1659
1542040 1655
1542050 1653
1542060 1653
1542070 1650
1542080 1647
1542090 1647
1542100 1644
1542110 1641
1542120 1641
1542130 1636
1542140 1629
1542150 1629
1542160 1622
1542170 1615
1542180 1615
1542190 1609
1542200 1602
1542210 1595
1542220 1595
1542230 1584
1542240 1572
1542250 1572
1542260 1565
1542270 1560
1542280 1560
1542290 1555
1542300 1553
1542310 1553
1542320 1551
1542330 1549
1542340 1549
1542350 1547
1542360 1545
1542370 1545
1542380 1544
1542390 1543
1542400 1541
1542410 1541
1542420 1539
1542430 1539
1542440 1539
1542450 1538
1542460 1537
1542470 1537
1542480 1535
1542490 1532
1542500 1532
1542510 1527
1542520 1524
1542530 1524
1542540 1521
1542550 1519
1542560 1519
1542570 1515
1542580 1512
1542590 1512
1542600 1512
1542610 1511
1542620 1509
1542630 1509
1542640 1508
1542650 1506
1542660 1506
1542670 1505
1542680 1503
1542690 1503
1542700 1500
1542710 1497
1542720 1497
1542730 1495
1542740 1494
1542750 1493
1542760 1493
1542770 1489
1542780 1485
1542790 1485
1542800 1482
1542810 1478
1542820 1478
1542830 1475
1542840 1471
1542850 1471
1542860 1468
1542870 1464
1542880 1464
1542890 1460
1542900 1454
1542910 1454
1542920 1451
1542930 1445
1542940 1441
1542950 1441
1542960 1438
1542970 1435
1542980 1435
1542990 1435
1543000 1434
1543010 1434
1543020 1432
1543030 1428
1543040 1428
1543050 1424
1543060 1418
1543070 1418
1543080 1414
1543090 1411
1543100 1411
1543110 1407
1543120 1404
1543130 1401
1543140 1401
1543150 1398
1543160 1396
1543170 1396
1543180 1395
1543190 1392
1543200 1392
1543210 1390
1543220 1387
1543230 1387
1543240 1383
1543250 1380
1543260 1380
1543270 1375
1543280 1372
1543290 1372
1543300 1369
1543310 1366
1543320 1363
1543330 1363
1543340 1361
1543350 1357
1543360 1357
1543370 1353
1543380 1349
1543390 1349
1543400 1345
1543410 1342
1543420 1342
1543430 1339
1543440 1336
1543450 1336
1543460 1334
1543470 1333
1543480 1332
1543490 1332
1543500 1330
1543510 1328
1543520 1328
1543530 1322
1543540 1317
1543550 1317
1543560 1311
1543570 1305
1543580 1305
1543590 1298
1543600 1290
1543610 1290
1543620 1284
1543630 1279
1543640 1279
1543650 1272
1543660 1265
1543670 1259
1543680 1259
1543690 1254
1543700 1249
1543710 1249
1543720 1243
1543730 1237
1543740 1237
1543750 1232
1543760 1227
1543770 1227
1543780 1221
1543790 1215
1543800 1215
1543810 1208
1543820 1199
1543830 1199
1543840 1190
1543850 1182
1543860 1179
1543870 1179
1543880 1180
1543890 1185
1543900 1185
1543910 1190
1543940 1197
1543950 1197
1543960 1197
1543970 1196
1543980 1193
1543990 1193
1544000 1188
1544010 1185
1544020 1180
1544030 1180
1544040 1174
1544050 1169
1544060 1169
1544070 1166
1544080 1163
1544090 1163
1544100 1158
1544110 1154
1544120 1154
1544130 1150
1544140 1145
1544150 1145
1544160 1140
1544170 1135
1544180 1135
1544190 1131
1544200 1128
1544210 1126
1544220 1126
1544230 1122
1544240 1117
1544250 1117
1544260 1113
1544270 1109
1544280 1109
1544290 1104
1544300 1100
1544310 1100
1544320 1096
1544330 1092
1544340 1092
1544350 1087
1544360 1083
1544370 1083
1544380 1080
1544390 1078
1544400 1074
1544410 1074
1544420 1071
1544430 1067
1544440 1067
1544450 1063
1544460 1059
1544470 1059
1544480 1055
1544490 1052
1544500 1052
1544510 1050
1544520 1049
1544530 1049
1544540 1047
1544550 1045
1544560 1045
1544570 1043
1544580 1042
1544590 1041
1544600 1041
1544610 1040
1544620 1039
1544630 1039
1544640 1039
1544650 1040
1544660 1040
1544670 1040
1544680 1039
1544690 1039
1544700 1039
1544710 1040
1544720 1040
1544730 1040
1544740 1040
1544750 1039
1544760 1039
1544770 1038
1544780 1038
1544790 1038
1544800 1038
1544810 1038
1544820 1038
1544830 1038
1544840 1038
1544850 1038
1544860 1038
1544870 1038
1544880 1038
1544890 1038
1544900 1038
1544910 1038
1544920 1039
1544930 1039
1544940 1039
1544950 1039
1544960 1040
1544970 1040
1544980 1040
1544990 1039
1545000 1039
1545010 1039
1545020 1039
1545030 1039
1545040 1039
1545050 1038
1545060 1039
1545070 1039
1545080 1039
1545090 1040
1545100 1040
1545110 1040
1545120 1040
1545130 1040
1545140 1040
1545150 1040
1545160 1040
1545170 1040
1545180 1040
1545190 1040
1545200 1040
1545210 1040
1545220 1040
1545230 1040
1545240 1040
1545250 1040
1545260 1040
1545270 1040
1545280 1040
1545290 1041
1545300 1041
1545310 1045
1545320 1051
1545330 1051
1545340 1055
1545350 1057
1545360 1057
1545370 1059
1545380 1060
1545390 1060
1545400 1062
1545410 1067
1545420 1067
1545430 1069
1545440 1073
1545450 1073
1545460 1077
1545470 1082
1545480 1085
1545490 1085
1545500 1088
1545510 1092
1545520 1092
1545530 1096
1545540 1102
1545550 1102
1545560 1107
1545570 1111
1545580 1111
1545590 1114
1545600 1117
1545610 1117
1545620 1121
1545630 1126
1545640 1126
1545650 1131
1545660 1136
1545670 1140
1545680 1140
1545690 1144
1545700 1148
1545710 1148
1545720 1152
1545730 1156
1545740 1156
1545750 1160
1545760 1165
1545770 1165
1545780 1170
1545790 1175
1545800 1175
1545810 1179
1545820 1183
1545830 1183
1545840 1187
1545850 1190
1545860 1194
1545870 1194
1545880 1201
1545890 1206
1545900 1206
1545910 1211
1545920 1216
1545930 1216
1545940 1221
1545950 1225
1545960 1225
1545970 1230
1545980 1235
1545990 1235
1546000 1238
1546010 1242
1546020 1247
1546030 1247
1546040 1250
1546050 1253
1546060 1253
1546070 1255
1546080 1258
1546090 1258
1546100 1262
1546110 1262
1546120 1262
1546130 1266
1546140 1269
1546150 1269
1546160 1270
1546170 1273
1546180 1273
1546190 1275
1546200 1275
1546210 1274
1546220 1274
1546230 1274
1546240 1275
1546250 1275
1546260 1278
1546270 1283
1546280 1283
1546290 1288
1546300 1292
1546310 1292
1546320 1294
1546330 1296
1546340 1296
1546350 1298
1546360 1300
1546370 1300
1546380 1304
1546390 1307
1546400 1311
1546410 1311
1546420 1315
1546430 1317
1546440 1317
1546450 1320
1546460 1324
1546470 1324
1546480 1327
1546490 1330
1546500 1330
1546510 1333
1546520 1337
1546530 1337
1546540 1339
1546550 1343
1546560 1350
1546570 1350
1546580 1356
1546590 1360
1546600 1360
1546610 1365
1546620 1370
1546630 1370
1546640 1378
1546650 1386
1546660 1386
1546670 1393
1546680 1399
1546690 1399
1546700 1407
1546710 1415
1546720 1415
1546730 1420
1546740 1422
1546750 1425
1546760 1425
1546770 1427
1546780 1428
1546790 1428
1546800 1428
1546810 1428
1546820 1428
1546830 1429
1546840 1429
1546850 1429
1546860 1428
1546870 1426
1546880 1426
1546890 1424
1546900 1423
1546910 1423
1546920 1421
1546930 1419
1546940 1417
1546950 1417
1546960 1415
1546970 1412
1546980 1412
1546990 1410
1547000 1407
1547010 1407
1547020 1405
1547030 1402
1547040 1402
1547050 1398
1547060 1395
1547070 1395
1547080 1390
1547090 1385
1547100 1385
1547110 1380
1547120 1375
1547130 1372
1547140 1372
1547150 1370
1547160 1367
1547170 1367
1547180 1365
1547190 1361
1547200 1361
1547210 1356
1547220 1352
1547230 1352
1547240 1347
1547250 1342
1547260 1342
1547270 1339
1547280 1335
1547290 1333
1547300 1333
1547310 1331
1547320 1331
1547330 1331
1547340 1331
1547350 1330
1547360 1330
1547370 1331
1547380 1336
1547390 1336
1547400 1344
1547410 1349
1547420 1349
1547430 1353
1547440 1356
1547450 1356
1547460 1359
1547470 1364
1547480 1369
1547490 1369
1547500 1373
1547510 1377
1547520 1377
1547530 1381
1547540 1384
1547550 1384
1547560 1388
1547570 1391
1547580 1391
1547590 1395
1547600 1396
1547610 1396
1547620 1397
1547630 1401
1547640 1401
1547650 1404
1547660 1407
1547670 1410
1547680 1410
1547690 1412
1547700 1414
1547710 1414
1547720 1415
1547730 1417
1547740 1417
1547750 1418
1547760 1420
1547770 1420
1547780 1423
1547790 1425
1547800 1425
1547810 1429
1547820 1432
1547830 1435
1547840 1435
1547850 1438
1547860 1440
1547870 1440
1547880 1441
1547890 1442
1547900 1442
1547910 1442
1547920 1441
1547930 1441
1547940 1441
1547950 1440
1547960 1440
1547970 1439
1547980 1437
1547990 1437
1548000 1435
1548010 1434
1548020 1431
1548030 1431
1548040 1429
1548050 1428
1548060 1428
1548070 1426
1548080 1425
1548090 1425
1548100 1424
1548110 1422
1548120 1422
1548130 1419
1548140 1418
1548150 1418
1548160 1416
1548170 1415
1548180 1415
1548190 1413
1548200 1410
1548210 1408
1548220 1408
1548230 1407
1548240 1406
1548250 1406
1548260 1404
1548270 1403
1548280 1403
1548290 1402
1548300 1399
1548310 1399
1548320 1396
1548330 1392
1548340 1392
1548350 1390
1548360 1388
1548370 1388
1548380 1386
1548390 1385
1548400 1384
1548410 1384
1548420 1383
1548430 1382
1548440 1382
1548450 1381
1548460 1380
1548470 1380
1548480 1379
1548490 1379
1548500 1379
1548510 1378
1548520 1378
1548530 1378
1548540 1377
1548550 1376
1548560 1375
1548570 1375
1548580 1374
1548590 1374
1548600 1374
1548610 1373
1548620 1371
1548630 1371
1548640 1370
1548650 1368
1548660 1368
1548670 1365
1548680 1363
1548690 1363
1548700 1361
1548710 1359
1548720 1359
1548730 1357
1548740 1355
1548750 1354
1548760 1354
1548770 1352
1548780 1350
1548790 1350
1548800 1348
1548810 1345
1548820 1345
1548830 1343
1548840 1341
1548850 1341
1548860 1339
1548870 1335
1548880 1335
1548890 1332
1548900 1329
1548910 1329
1548920 1325
1548930 1326
1548940 1328
1548950 1328
1548960 1331
1548970 1333
1548980 1333
1548990 1336
1549000 1339
1549010 1339
1549020 1343
1549030 1350
1549040 1350
1549050 1355
1549060 1360
1549070 1360
1549080 1365
1549090 1369
1549100 1369
1549110 1373
1549120 1377
1549130 1381
1549140 1381
1549150 1385
1549160 1388
1549170 1388
1549180 1394
1549190 1399
1549200 1399
1549210 1404
1549220 1409
1549230 1409
1549240 1414
1549250 1419
1549260 1419
1549270 1425
1549280 1432
1549290 1438
1549300 1438
1549310 1444
1549320 1451
1549330 1451
1549340 1457
1549350 1464
1549360 1464
1549370 1469
1549380 1474
1549390 1474
1549400 1480
1549410 1485
1549420 1485
1549430 1489
1549440 1494
1549450 1494
1549460 1497
1549470 1500
1549480 1503
1549490 1503
1549500 1505
1549510 1508
1549520 1508
1549530 1510
1549540 1512
1549550 1512
1549560 1514
1549570 1516
1549580 1516
1549590 1520
1549600 1522
1549610 1522
1549620 1524
1549630 1527
1549640 1527
1549650 1530
1549660 1533
1549670 1535
1549680 1535
1549690 1538
1549700 1541
1549710 1541
1549720 1545
1549730 1548
1549740 1548
1549750 1551
1549760 1554
1549770 1554
1549780 1557
1549790 1560
1549800 1560
1549810 1563
1549820 1566
1549830 1570
1549840 1570
1549850 1573
1549860 1577
1549870 1577
1549880 1579
1549890 1582
1549900 1582
1549910 1584
1549920 1587
1549930 1587
1549940 1590
1549950 1593
1549960 1593
1549970 1596
1549980 1599
1549990 1599
1550000 1601
1550010 1604
1550020 1606
1550030 1606
1550040 1608
1550050 1609
1550060 1609
1550070 1610
1550080 1609
1550090 1609
1550100 1609
1550110 1608
1550120 1608
1550130 1608
1550140 1607
1550150 1607
1550160 1606
1550170 1605
1550180 1605
1550190 1604
1550200 1603
1550210 1601
1550220 1601
1550230 1600
1550240 1599
1550250 1599
1550260 1597
1550270 1596
1550280 1596
1550290 1595
1550300 1594
1550310 1594
1550320 1593
1550330 1591
1550340 1591
1550350 1589
1550360 1588
1550370 1588
1550380 1586
1550390 1585
1550400 1584
1550410 1584
1550420 1583
1550430 1582
1550440 1582
1550450 1581
1550460 1580
1550470 1580
1550480 1579
1550490 1578
1550500 1578
1550510 1578
1550520 1577
1550530 1577
1550540 1576
1550550 1576
1550560 1575
1550570 1575
1550580 1575
1550590 1575
1550600 1575
1550610 1574
1550620 1574
1550630 1574
1550640 1574
1550650 1574
1550660 1574
1550670 1575
1550680 1575
1550690 1575
1550700 1575
1550710 1576
1550720 1576
1550730 1576
1550740 1577
1550750 1578
1550760 1578
1550770 1579
1550780 1580
1550790 1580
1550800 1582
1550810 1585
1550820 1585
1550830 1587
1550840 1589
1550850 1589
1550860 1591
1550870 1592
1550880 1592
1550890 1593
1550900 1594
1550910 1594
1550920 1595
1550930 1596
1550940 1596
1550950 1596
1550960 1596
1550970 1596
1550980 1596
1550990 1595
1551000 1595
1551010 1595
1551020 1595
1551030 1594
1551040 1594
1551050 1593
1551060 1592
1551070 1592
1551080 1591
1551090 1588
1551100 1586
1551110 1586
1551120 1583
1551130 1579
1551140 1579
1551150 1574
1551160 1569
1551170 1569
1551180 1565
1551190 1559
1551200 1559
1551210 1555
1551220 1550
1551230 1550
1551240 1545
1551250 1541
1551260 1541
1551270 1537
1551280 1535
1551290 1533
1551300 1533
1551310 1531
1551320 1528
1551330 1528
1551340 1525
1551350 1523
1551360 1523
1551370 1521
1551380 1517
1551390 1517
1551400 1515
1551410 1512
1551420 1512
1551430 1509
1551440 1506
1551450 1506
1551460 1503
1551470 1501
1551480 1498
1551490 1498
1551500 1496
1551510 1493
1551520 1493
1551530 1490
1551540 1488
1551550 1488
1551560 1485
1551570 1481
1551580 1481
1551590 1478
1551600 1476
1551610 1476
1551620 1473
1551630 1470
1551640 1470
1551650 1469
1551660 1468
1551670 1467
1551680 1467
1551690 1465
1551700 1462
1551710 1462
1551720 1458
1551730 1454
1551740 1454
1551750 1452
1551760 1451
1551770 1451
1551780 1452
1551790 1456
1551800 1456
1551810 1459
1551820 1462
1551830 1465
1551840 1465
1551850 1468
1551860 1471
1551870 1471
1551880 1475
1551890 1478
1551900 1478
1551910 1482
1551920 1486
1551930 1486
1551940 1490
1551950 1495
1551960 1495
1551970 1500
1551980 1505
1551990 1505
1552000 1509
1552010 1514
1552020 1518
1552030 1518
1552040 1523
1552050 1526
1552060 1526
1552070 1529
1552080 1532
1552090 1532
1552100 1536
1552110 1540
1552120 1540
1552130 1543
1552140 1546
1552150 1546
1552160 1549
1552170 1553
1552180 1553
1552190 1556
1552200 1558
1552210 1560
1552220 1560
1552230 1561
1552240 1561
1552250 1561
1552260 1561
1552270 1560
1552280 1560
1552290 1560
1552300 1558
1552310 1558
1552320 1556
1552330 1554
1552340 1554
1552350 1552
1552360 1551
1552370 1549
1552380 1549
1552390 1547
1552400 1546
1552410 1546
1552420 1544
1552430 1543
1552440 1543
1552450 1541
1552460 1540
1552470 1540
1552480 1539
1552490 1537
1552500 1537
1552510 1535
1552520 1533
1552530 1533
1552540 1532
1552550 1530
1552560 1529
1552570 1529
1552580 1528
1552590 1528
1552600 1528
1552610 1529
1552620 1533
1552630 1533
1552640 1538
1552650 1543
1552660 1543
1552670 1547
1552680 1551
1552690 1551
1552700 1555
1552710 1559
1552720 1559
1552730 1563
1552740 1566
1552750 1570
1552760 1570
1552770 1574
1552780 1579
1552790 1579
1552800 1583
1552810 1587
1552820 1587
1552830 1591
1552840 1594
1552850 1594
1552860 1598
1552870 1602
1552880 1602
1552890 1606
1552900 1609
1552910 1609
1552920 1613
1552930 1617
1552940 1620
1552950 1620
1552960 1624
1552970 1627
1552980 1627
1552990 1630
1553000 1633
1553010 1633
1553020 1636
1553030 1638
1553040 1638
1553050 1640
1553060 1642
1553070 1642
1553080 1644
1553090 1644
1553100 1646
1553110 1646
1553120 1647
1553130 1649
1553140 1649
1553150 1649
1553160 1650
1553170 1650
1553180 1650
1553190 1650
1553200 1650
1553210 1650
1553220 1650
1553230 1650
1553240 1649
1553250 1649
1553260 1649
1553270 1648
1553280 1646
1553290 1644
1553300 1644
1553310 1642
1553320 1637
1553330 1637
1553340 1632
1553350 1626
1553360 1626
1553370 1622
1553380 1617
1553390 1617
1553400 1614
1553410 1611
1553420 1611
1553430 1609
1553440 1609
1553450 1609
1553460 1608
1553470 1608
1553480 1607
1553490 1607
1553500 1606
1553510 1605
1553520 1605
1553530 1605
1553540 1605
1553550 1605
1553560 1605
1553570 1605
1553580 1605
1553590 1605
1553600 1605
1553610 1605
1553620 1605
1553630 1605
1553640 1605
1553650 1605
1553660 1605
1553670 1605
1553680 1605
1553690 1604
1553700 1603
1553710 1603
1553720 1602
1553730 1600
1553740 1600
1553750 1599
1553760 1598
1553770 1598
1553780 1596
1553790 1595
1553800 1595
1553810 1594
1553820 1594
1553830 1588
1553840 1588
1553850 1589
1553860 1590
1553870 1590
1553880 1592
1553890 1594
1553900 1594
1553910 1594
1553920 1595
1553930 1595
1553940 1594
1553950 1594
1553960 1594
1553970 1595
1553980 1595
1553990 1595
1554000 1595
1554010 1595
1554020 1594
1554030 1594
1554040 1593
1554050 1592
1554060 1592
1554070 1591
1554080 1591
1554090 1591
1554100 1590
1554110 1590
1554120 1590
1554130 1589
1554140 1588
1554150 1588
1554160 1587
1554170 1587
1554180 1587
1554190 1585
1554200 1584
1554210 1583
1554220 1583
1554230 1582
1554240 1581
1554250 1581
1554260 1579
1554270 1577
1554280 1577
1554290 1575
1554300 1573
1554310 1573
1554320 1572
1554330 1574
1554340 1574
1554350 1579
1554360 1584
1554370 1589
1554380 1589
1554390 1594
1554400 1598
1554410 1598
1554420 1602
1554430 1606
1554440 1606
1554450 1610
1554460 1614
1554470 1614
1554480 1617
1554490 1621
1554500 1621
1554510 1624
1554520 1627
1554530 1627
1554540 1630
1554550 1632
1554560 1634
1554570 1634
1554580 1635
1554590 1637
1554600 1637
1554610 1640
1554620 1641
1554630 1641
1554640 1642
1554650 1647
1554660 1647
1554670 1649
1554680 1651
1554690 1651
1554700 1654
1554710 1656
1554720 1656
1554730 1659
1554740 1661
1554750 1664
1554760 1664
1554770 1667
1554780 1671
1554790 1671
1554800 1674
1554810 1677
1554820 1677
1554830 1680
1554840 1683
1554850 1683
1554860 1686
1554870 1688
1554880 1688
1554890 1690
1554900 1691
1554910 1691
1554920 1693
1554930 1696
1554940 1699
1554950 1699
1554960 1702
1554970 1705
1554980 1705
1554990 1707
1555000 1709
1555010 1709
1555020 1711
1555030 1713
1555040 1713
1555050 1715
1555060 1717
1555070 1717
1555080 1719
1555090 1721
1555100 1722
1555110 1722
1555120 1724
1555130 1725
1555140 1725
1555150 1726
1555160 1726
1555170 1726
1555180 1727
1555190 1727
1555200 1727
1555210 1728
1555220 1729
1555230 1729
1555240 1729
1555250 1730
1555260 1730
1555270 1730
1555280 1731
1555290 1731
1555300 1731
1555310 1732
1555320 1731
1555330 1731
1555340 1731
1555350 1731
1555360 1731
1555370 1730
1555380 1730
1555390 1730
1555400 1728
1555410 1727
1555420 1727
1555430 1725
1555440 1723
1555450 1723
1555460 1721
1555470 1719
1555480 1716
1555490 1716
1555500 1712
1555510 1707
1555520 1707
1555530 1703
1555540 1697
1555550 1697
1555560 1692
1555570 1687
1555580 1687
1555590 1683
1555600 1679
1555610 1679
1555620 1675
1555630 1668
1555640 1663
1555650 1663
1555660 1658
1555670 1655
1555680 1655
1555690 1652
1555700 1648
1555710 1648
1555720 1645
1555730 1642
1555740 1642
1555750 1639
1555760 1636
1555770 1636
1555780 1633
1555790 1631
1555800 1631
1555810 1628
1555820 1626
1555830 1626
1555840 1626
1555850 1627
1555860 1628
1555870 1628
1555880 1629
1555890 1630
1555900 1630
1555910 1630
1555920 1631
1555930 1631
1555940 1631
1555950 1632
1555960 1632
1555970 1632
1555980 1631
1555990 1631
1556000 1630
1556010 1630
1556020 1631
1556030 1631
1556040 1633
1556050 1633
1556060 1633
1556070 1633
1556080 1633
1556090 1633
1556100 1633
1556110 1632
1556120 1632
1556130 1632
1556140 1631
1556150 1631
1556160 1630
1556170 1629
1556180 1629
1556190 1628
1556200 1627
1556210 1626
1556220 1626
1556230 1625
1556240 1624
1556250 1624
1556260 1624
1556270 1622
1556280 1622
1556290 1621
1556300 1619
1556310 1619
1556320 1617
1556330 1615
1556340 1615
1556350 1612
1556360 1610
1556370 1607
1556380 1607
1556390 1605
1556400 1602
1556410 1602
1556420 1600
1556430 1597
1556440 1597
1556450 1593
1556460 1591
1556470 1591
1556480 1587
1556490 1583
1556500 1583
1556510 1578
1556520 1573
1556530 1573
1556540 1569
1556550 1564
1556560 1559
1556570 1559
1556580 1555
1556590 1550
1556600 1550
1556610 1546
1556620 1544
1556630 1544
1556640 1540
1556650 1536
1556660 1536
1556670 1531
1556680 1526
1556690 1526
1556700 1522
1556710 1519
1556720 1519
1556730 1516
1556740 1512
1556750 1507
1556760 1507
1556770 1503
1556780 1500
1556790 1500
1556800 1496
1556810 1492
1556820 1492
1556830 1488
1556840 1484
1556850 1484
1556860 1481
1556870 1477
1556880 1477
1556890 1473
1556900 1469
1556910 1465
1556920 1465
1556930 1461
1556940 1455
1556950 1455
1556960 1450
1556970 1445
1556980 1445
1556990 1441
1557000 1436
1557010 1436
1557020 1432
1557030 1427
1557040 1427
1557050 1422
1557060 1417
1557070 1417
1557080 1412
1557090 1407
1557100 1403
1557110 1403
1557120 1398
1557130 1394
1557140 1394
1557150 1388
1557160 1382
1557170 1382
1557180 1376
1557190 1373
1557200 1373
1557210 1372
1557220 1375
1557230 1375
1557240 1377
1557250 1376
1557260 1376
1557270 1372
1557280 1371
1557290 1366
1557300 1366
1557310 1360
1557320 1355
1557330 1355
1557340 1351
1557350 1347
1557360 1347
1557370 1345
1557380 1347
1557390 1341
1557400 1343
1557410 1344
1557420 1344
1557430 1344
1557440 1345
1557450 1345
1557460 1347
1557470 1348
1557480 1348
1557490 1348
1557500 1349
1557510 1348
1557520 1348
1557530 1348
1557540 1348
1557550 1348
1557560 1347
1557570 1345
1557580 1345
1557590 1344
1557600 1342
1557610 1342
1557620 1340
1557630 1338
1557640 1336
1557650 1336
1557660 1333
1557670 1331
1557680 1331
1557690 1329
1557700 1327
1557710 1327
1557720 1324
1557730 1322
1557740 1322
1557750 1319
1557760 1316
1557770 1316
1557780 1314
1557790 1312
1557800 1312
1557810 1309
1557820 1307
1557830 1304
1557840 1304
1557850 1302
1557860 1300
1557870 1300
1557880 1298
1557890 1295
1557900 1295
1557910 1293
1557920 1291
1557930 1291
1557940 1288
1557950 1285
1557960 1285
1557970 1281
1557980 1278
1557990 1278
1558000 1275
1558010 1273
1558020 1270
1558030 1270
1558040 1267
1558050 1264
1558060 1264
1558070 1261
1558080 1258
1558090 1258
1558100 1255
1558110 1252
1558120 1252
1558130 1249
1558140 1246
1558150 1246
1558160 1242
1558170 1239
1558180 1236
1558190 1236
1558200 1233
1558210 1230
1558220 1230
1558230 1228
1558240 1225
1558250 1225
1558260 1222
1558270 1219
1558280 1219
1558290 1216
1558300 1212
1558310 1212
1558320 1209
1558330 1206
1558340 1206
1558350 1203
1558360 1200
1558370 1197
1558380 1197
1558390 1194
1558400 1190
1558410 1190
1558420 1187
1558430 1184
1558440 1184
1558450 1180
1558460 1176
1558470 1176
1558480 1172
1558490 1170
1558500 1170
1558510 1166
1558520 1163
1558530 1163
1558540 1160
1558550 1157
1558560 1153
1558570 1153
1558580 1150
1558590 1148
1558600 1148
1558610 1144
1558620 1140
1558630 1140
1558640 1138
1558650 1135
1558660 1135
1558670 1132
1558680 1129
1558690 1129
1558700 1127
1558710 1125
1558720 1125
1558730 1123
1558740 1122
1558750 1121
1558760 1121
1558770 1119
1558780 1117
1558790 1117
1558800 1116
1558810 1114
1558820 1114
1558830 1113
1558840 1111
1558850 1111
1558860 1109
1558870 1106
1558880 1106
1558890 1103
1558900 1102
1558910 1098
1558920 1098
1558930 1092
1558940 1087
1558950 1087
1558960 1082
1558970 1077
1558980 1077
1558990 1073
1559000 1070
1559010 1070
1559020 1066
1559030 1062
1559040 1062
1559050 1060
1559060 1060
1559070 1060
1559080 1059
1559090 1058
1559100 1056
1559110 1056
1559120 1057
1559130 1060
1559140 1060
1559150 1061
1559160 1061
1559170 1061
1559180 1061
1559190 1060
1559200 1060
1559210 1059
1559220 1058
1559230 1058
1559240 1059
1559250 1058
1559260 1058
1559270 1057
1559280 1057
1559290 1058
1559300 1058
1559310 1060
1559320 1061
1559330 1061
1559340 1062
1559350 1063
1559360 1063
1559370 1064
1559380 1065
1559390 1065
1559400 1066
1559410 1066
1559420 1066
1559430 1066
1559440 1066
1559450 1067
1559460 1067
1559470 1067
1559480 1067
1559490 1067
1559500 1066
1559510 1066
1559520 1066
1559530 1066
1559540 1065
1559550 1065
1559560 1063
1559570 1063
1559580 1063
1559590 1063
1559600 1065
1559610 1065
1559620 1066
1559630 1067
1559640 1066
1559650 1066
1559660 1064
1559670 1061
1559680 1061
1559690 1058
1559700 1055
1559710 1055
1559720 1051
1559730 1047
1559740 1047
1559750 1043
1559760 1039
1559770 1039
1559780 1034
1559790 1031
1559800 1031
1559810 1028
1559820 1024
1559830 1021
1559840 1021
1559850 1017
1559860 1014
1559870 1014
1559880 1011
1559890 1009
1559900 1009
1559910 1008
1559920 1006
1559930 1006
1559940 1004
1559950 1002
1559960 1002
1559970 1000
1559980 997
1559990 997
