1540000 1925
1540010 1920
1540020 1914
1540030 1909
1540040 1909
1540050 1905
1540060 1900
1540070 1900
1540080 1896
1540090 1891
1540100 1891
1540110 1887
1540120 1883
1540130 1883
1540140 1882
1540150 1880
1540160 1880
1540170 1879
1540180 1878
1540190 1878
1540200 1876
1540210 1875
1540220 1873
1540230 1873
1540240 1871
1540250 1869
1540260 1869
1540270 1866
1540280 1864
1540290 1864
1540300 1861
1540310 1858
1540320 1858
1540330 1856
1540340 1855
1540350 1855
1540360 1853
1540370 1852
1540380 1852
1540390 1851
1540400 1850
1540410 1849
1540420 1849
1540430 1848
1540440 1846
1540450 1846
1540460 1845
1540470 1843
1540480 1843
1540490 1840
1540500 1837
1540510 1837
1540520 1833
1540530 1830
1540540 1830
1540550 1827
1540560 1826
1540570 1826
1540580 1824
1540590 1822
1540600 1821
1540610 1821
1540620 1821
1540630 1820
1540640 1820
1540650 1818
1540660 1815
1540670 1815
1540680 1811
1540690 1808
1540700 1808
1540710 1804
1540720 1800
1540730 1800
1540740 1795
1540750 1790
1540760 1790
1540770 1781
1540780 1774
1540790 1768
1540800 1768
1540810 1762
1540820 1757
1540830 1757
1540840 1751
1540850 1746
1540860 1746
1540870 1742
1540880 1737
1540890 1737
1540900 1733
1540910 1729
1540920 1735
1540930 1730
1540940 1726
1540950 1726
1540960 1723
1540970 1720
1540980 1716
1540990 1716
1541000 1713
1541010 1711
1541020 1711
1541030 1710
1541040 1710
1541050 1710
1541060 1710
1541070 1709
1541080 1709
1541090 1708
1541100 1704
1541110 1704
1541120 1700
1541130 1695
1541140 1695
1541150 1692
1541160 1691
1541170 1685
1541180 1685
1541190 1674
1541200 1666
1541210 1666
1541220 1658
1541230 1651
1541240 1651
1541250 1644
1541260 1637
1541270 1637
1541280 1632
1541290 1628
1541300 1628
1541310 1625
1541320 1619
1541330 1619
1541340 1609
1541350 1600
1541360 1592
1541370 1592
1541380 1584
1541390 1576
1541400 1576
1541410 1569
1541420 1560
1541430 1560
1541440 1550
1541450 1542
1541460 1542
1541470 1537
1541480 1531
1541490 1531
1541500 1525
1541510 1519
1541520 1519
1541530 1514
1541540 1510
1541550 1508
1541560 1508
1541570 1507
1541580 1504
1541590 1504
1541600 1497
1541610 1491
1541620 1491
1541630 1487
1541640 1485
1541650 1485
1541660 1484
1541670 1491
1541680 1491
1541690 1495
1541700 1494
1541710 1493
1541720 1493
1541730 1490
1541740 1488
1541750 1488
1541760 1485
1541770 1481
1541780 1481
1541790 1474
1541800 1468
1541810 1468
1541820 1463
1541830 1454
1541840 1454
1541850 1444
1541860 1436
1541870 1436
1541880 1430
1541890 1426
1541900 1424
1541910 1424
1541920 1423
1541930 1423
1541940 1423
1541950 1422
1541960 1420
1541970 1420
1541980 1416
1541990 1410
1542000 1410
1542010 1405
1542020 1400
1542030 1400
1542040 1394
1542050 1389
1542060 1389
1542070 1383
1542080 1376
1542090 1368
1542100 1368
1542110 1363
1542120 1358
1542130 1358
1542140 1353
1542150 1346
1542160 1346
1542170 1340
1542180 1334
1542190 1334
1542200 1329
1542210 1322
1542220 1322
1542230 1317
1542240 1313
1542250 1313
1542260 1308
1542270 1303
1542280 1297
1542290 1297
1542300 1292
1542310 1288
1542320 1288
1542330 1288
1542340 1287
1542350 1287
1542360 1285
1542370 1283
1542380 1283
1542390 1281
1542400 1278
1542410 1278
1542420 1274
1542430 1270
1542440 1270
1542450 1267
1542460 1263
1542470 1260
1542480 1260
1542490 1256
1542500 1252
1542510 1252
1542520 1249
1542530 1242
1542540 1242
1542550 1238
1542560 1236
1542570 1236
1542580 1237
1542590 1239
1542600 1239
1542610 1241
1542620 1243
1542630 1243
1542640 1243
1542650 1243
1542660 1245
1542670 1245
1542680 1247
1542690 1249
1542700 1249
1542710 1252
1542720 1255
1542730 1255
1542740 1258
1542750 1261
1542760 1261
1542770 1262
1542780 1266
1542790 1266
1542800 1269
1542810 1270
1542820 1270
1542830 1272
1542840 1274
1542850 1276
1542860 1276
1542870 1279
1542880 1283
1542890 1283
1542900 1286
1542910 1288
1542920 1288
1542930 1292
1542940 1295
1542950 1295
1542960 1300
1542970 1305
1542980 1305
1542990 1308
1543000 1310
1543010 1310
1543020 1313
1543030 1316
1543040 1319
1543050 1319
1543060 1322
1543070 1326
1543080 1326
1543090 1330
1543100 1335
1543110 1335
1543120 1345
1543130 1349
1543140 1349
1543150 1353
1543160 1357
1543170 1357
1543180 1360
1543190 1362
1543200 1363
1543210 1363
1543220 1365
1543230 1366
1543240 1366
1543250 1368
1543260 1369
1543270 1369
1543280 1371
1543290 1372
1543300 1372
1543310 1375
1543320 1377
1543330 1377
1543340 1380
1543350 1383
1543360 1383
1543370 1386
1543380 1388
1543390 1391
1543400 1391
1543410 1394
1543420 1396
1543430 1396
1543440 1398
1543450 1399
1543460 1399
1543470 1401
1543480 1403
1543490 1403
1543500 1405
1543510 1406
1543520 1406
1543530 1408
1543540 1410
1543550 1410
1543560 1412
1543570 1414
1543580 1416
1543590 1416
1543600 1418
1543610 1421
1543620 1421
1543630 1423
1543640 1426
1543650 1426
1543660 1429
1543670 1432
1543680 1432
1543690 1434
1543700 1437
1543710 1437
1543720 1442
1543730 1447
1543740 1447
1543750 1448
1543760 1450
1543770 1451
1543780 1451
1543790 1453
1543800 1454
1543810 1454
1543820 1457
1543830 1460
1543840 1460
1543850 1462
1543860 1462
1543870 1462
1543880 1460
1543890 1457
1543900 1457
1543910 1454
1543920 1451
1543930 1451
1543940 1449
1543950 1448
1543960 1448
1543970 1448
1543980 1448
1543990 1450
1544000 1450
1544010 1453
1544020 1455
1544030 1455
1544040 1457
1544050 1459
1544060 1459
1544070 1461
1544080 1463
1544090 1463
1544100 1466
1544110 1468
1544120 1468
1544130 1470
1544140 1471
1544150 1473
1544160 1473
1544170 1475
1544180 1477
1544190 1477
1544200 1479
1544210 1479
1544220 1479
1544230 1481
1544240 1483
1544250 1483
1544260 1486
1544270 1488
1544280 1488
1544290 1489
1544300 1491
1544310 1491
1544320 1493
1544330 1494
1544340 1494
1544350 1494
1544360 1494
1544370 1494
1544380 1494
1544390 1493
1544400 1492
1544410 1492
1544420 1491
1544430 1489
1544440 1489
1544450 1485
1544460 1482
1544470 1482
1544480 1480
1544490 1479
1544500 1479
1544510 1477
1544520 1476
1544530 1475
1544540 1475
1544550 1475
1544560 1476
1544570 1476
1544580 1476
1544590 1475
1544600 1475
1544610 1475
1544620 1473
1544630 1473
1544640 1473
1544650 1472
1544660 1472
1544670 1471
1544680 1469
1544690 1467
1544700 1467
1544710 1467
1544720 1466
1544730 1466
1544740 1465
1544750 1462
1544760 1462
1544770 1458
1544780 1453
1544790 1453
1544800 1449
1544810 1444
1544820 1444
1544830 1441
1544840 1439
1544850 1439
1544860 1436
1544870 1432
1544880 1427
1544890 1427
1544900 1423
1544910 1418
1544920 1418
1544930 1413
1544940 1408
1544950 1408
1544960 1404
1544970 1400
1544980 1400
1544990 1396
1545000 1392
1545010 1392
1545020 1387
1545030 1382
1545040 1382
1545050 1378
1545060 1374
1545070 1369
1545080 1369
1545090 1365
1545100 1362
1545110 1362
1545120 1357
1545130 1351
1545140 1351
1545150 1346
1545160 1342
1545170 1342
1545180 1338
1545190 1333
1545200 1333
1545210 1330
1545220 1329
1545230 1329
1545240 1328
1545250 1327
1545260 1326
1545270 1326
1545280 1322
1545290 1318
1545300 1318
1545310 1313
1545320 1307
1545330 1307
1545340 1302
1545350 1299
1545360 1299
1545370 1299
1545380 1302
1545390 1302
1545400 1302
1545410 1304
1545420 1304
1545430 1307
1545440 1308
1545450 1308
1545460 1308
1545470 1309
1545480 1309
1545490 1309
1545500 1313
1545510 1318
1545520 1318
1545530 1321
1545540 1319
1545550 1319
1545560 1311
1545570 1295
1545580 1295
1545590 1285
1545600 1278
1545610 1278
1545620 1271
1545630 1264
1545640 1258
1545650 1258
1545660 1252
1545670 1251
1545680 1251
1545690 1245
1545700 1243
1545710 1243
1545720 1244
1545730 1244
1545740 1244
1545750 1244
1545760 1244
1545770 1244
1545780 1246
1545790 1248
1545800 1248
1545810 1250
1545820 1252
1545830 1254
1545840 1254
1545850 1257
1545860 1259
1545870 1259
1545880 1262
1545890 1265
1545900 1265
1545910 1267
1545920 1271
1545930 1271
1545940 1273
1545950 1276
1545960 1276
1545970 1278
1545980 1281
1545990 1281
1546000 1284
1546010 1286
1546020 1288
1546030 1288
1546040 1290
1546050 1293
1546060 1293
1546070 1295
1546080 1298
1546090 1298
1546100 1299
1546110 1299
1546120 1299
1546130 1299
1546140 1299
1546150 1299
1546160 1299
1546170 1298
1546180 1299
1546190 1299
1546200 1299
1546210 1301
1546220 1301
1546230 1303
1546240 1305
1546250 1305
1546260 1307
1546270 1308
1546280 1308
1546290 1310
1546300 1312
1546310 1312
1546320 1313
1546330 1315
1546340 1315
1546350 1317
1546360 1318
1546370 1319
1546380 1319
1546390 1321
1546400 1325
1546410 1325
1546420 1331
1546430 1335
1546440 1335
1546450 1339
1546460 1343
1546470 1343
1546480 1346
1546490 1349
1546500 1349
1546510 1352
1546520 1356
1546530 1356
1546540 1359
1546550 1362
1546560 1366
1546570 1366
1546580 1373
1546590 1378
1546600 1378
1546610 1383
1546620 1386
1546630 1386
1546640 1390
1546650 1393
1546660 1393
1546670 1396
1546680 1399
1546690 1399
1546700 1403
1546710 1407
1546720 1407
1546730 1410
1546740 1413
1546750 1417
1546760 1417
1546770 1421
1546780 1424
1546790 1424
1546800 1426
1546810 1429
1546820 1429
1546830 1431
1546840 1433
1546850 1433
1546860 1436
1546870 1440
1546880 1440
1546890 1443
1546900 1446
1546910 1446
1546920 1453
1546930 1460
1546940 1465
1546950 1465
1546960 1470
1546970 1475
1546980 1475
1546990 1480
1547000 1484
1547010 1484
1547020 1489
1547030 1492
1547040 1492
1547050 1495
1547060 1498
1547070 1498
1547080 1501
1547090 1503
1547100 1503
1547110 1505
1547120 1505
1547130 1506
1547140 1506
1547150 1508
1547160 1510
1547170 1510
1547180 1509
1547190 1507
1547200 1507
1547210 1507
1547220 1508
1547230 1508
1547240 1509
1547250 1509
1547260 1509
1547270 1510
1547280 1511
1547290 1508
1547300 1510
1547310 1511
1547320 1512
1547330 1512
1547340 1513
1547350 1514
1547360 1514
1547370 1515
1547380 1516
1547390 1516
1547400 1518
1547410 1519
1547420 1519
1547430 1521
1547440 1523
1547450 1523
1547460 1525
1547470 1527
1547480 1527
1547490 1529
1547500 1530
1547510 1531
1547520 1531
1547530 1532
1547540 1534
1547550 1534
1547560 1535
1547570 1537
1547580 1537
1547590 1538
1547600 1539
1547610 1539
1547620 1540
1547630 1541
1547640 1541
1547650 1542
1547660 1544
1547670 1545
1547680 1545
1547690 1546
1547700 1547
1547710 1547
1547720 1548
1547730 1549
1547740 1549
1547750 1550
1547760 1551
1547770 1551
1547780 1552
1547790 1555
1547800 1555
1547810 1557
1547820 1559
1547830 1559
1547840 1560
1547850 1562
1547860 1563
1547870 1563
1547880 1565
1547890 1567
1547900 1567
1547910 1568
1547920 1569
1547930 1569
1547940 1571
1547950 1573
1547960 1573
1547970 1574
1547980 1576
1547990 1576
1548000 1580
1548010 1587
1548020 1587
1548030 1593
1548040 1597
1548050 1602
1548060 1602
1548070 1607
1548080 1612
1548090 1612
1548100 1616
1548110 1616
1548120 1616
1548130 1622
1548140 1629
1548150 1629
1548160 1635
1548170 1644
1548180 1644
1548190 1652
1548200 1658
1548210 1658
1548220 1663
1548230 1668
1548240 1676
1548250 1676
1548260 1681
1548270 1684
1548280 1684
1548290 1688
1548300 1690
1548310 1690
1548320 1693
1548330 1696
1548340 1696
1548350 1700
1548360 1704
1548370 1704
1548380 1709
1548390 1714
1548400 1714
1548410 1718
1548420 1722
1548430 1725
1548440 1725
1548450 1728
1548460 1734
1548470 1734
1548480 1740
1548490 1743
1548500 1743
1548510 1747
1548520 1752
1548530 1752
1548540 1755
1548550 1756
1548560 1756
1548570 1755
1548580 1751
1548590 1751
1548600 1746
1548610 1742
1548620 1738
1548630 1738
1548640 1734
1548650 1731
1548660 1731
1548670 1729
1548680 1727
1548690 1727
1548700 1726
1548710 1726
1548720 1726
1548730 1726
1548740 1725
1548750 1725
1548760 1725
1548770 1725
1548780 1725
1548790 1724
1548800 1724
1548810 1723
1548820 1723
1548830 1723
1548840 1722
1548850 1722
1548860 1720
1548870 1718
1548880 1718
1548890 1716
1548900 1714
1548910 1714
1548920 1714
1548930 1714
1548940 1714
1548950 1714
1548960 1715
1548970 1715
1548980 1715
1548990 1716
1549000 1717
1549010 1717
1549020 1718
1549030 1719
1549040 1719
1549050 1719
1549060 1718
1549070 1718
1549080 1718
1549090 1719
1549100 1719
1549110 1721
1549120 1722
1549130 1722
1549140 1723
1549150 1725
1549160 1725
1549170 1727
1549180 1729
1549190 1731
1549200 1731
1549210 1734
1549220 1737
1549230 1737
1549240 1740
1549250 1743
1549260 1743
1549270 1746
1549280 1752
1549290 1752
1549300 1755
1549310 1758
1549320 1758
1549330 1762
1549340 1765
1549350 1768
1549360 1768
1549370 1772
1549380 1774
1549390 1774
1549400 1777
1549410 1780
1549420 1780
1549430 1782
1549440 1785
1549450 1785
1549460 1788
1549470 1790
1549480 1790
1549490 1792
1549500 1794
1549510 1794
1549520 1797
1549530 1799
1549540 1801
1549550 1801
1549560 1803
1549570 1805
1549580 1805
1549590 1806
1549600 1808
1549610 1808
1549620 1809
1549630 1811
1549640 1811
1549650 1813
1549660 1815
1549670 1815
1549680 1816
1549690 1817
1549700 1817
1549710 1818
1549720 1819
1549730 1821
1549740 1821
1549750 1822
1549760 1822
1549770 1822
1549780 1823
1549790 1823
1549800 1823
1549810 1824
1549820 1825
1549830 1825
1549840 1826
1549850 1827
1549860 1827
1549870 1827
1549880 1827
1549890 1827
1549900 1827
1549910 1827
1549920 1827
1549930 1827
1549940 1827
1549950 1828
1549960 1828
1549970 1828
1549980 1828
1549990 1828
1550000 1828
1550010 1827
1550020 1827
1550030 1827
1550040 1827
1550050 1827
1550060 1827
1550070 1827
1550080 1827
1550090 1826
1550100 1827
1550110 1829
1550120 1829
1550130 1831
1550140 1832
1550150 1832
1550160 1834
1550170 1835
1550180 1835
1550190 1836
1550200 1838
1550210 1838
1550220 1840
1550230 1842
1550240 1842
1550250 1844
1550260 1847
1550270 1847
1550280 1849
1550290 1852
1550300 1854
1550310 1854
1550320 1857
1550330 1859
1550340 1859
1550350 1861
1550360 1863
1550370 1863
1550380 1864
1550390 1867
1550400 1867
1550410 1869
1550420 1871
1550430 1871
1550440 1873
1550450 1875
1550460 1875
1550470 1877
1550480 1879
1550490 1881
1550500 1881
1550510 1883
1550520 1885
1550530 1885
1550540 1887
1550550 1889
1550560 1889
1550570 1892
1550580 1894
1550590 1894
1550600 1896
1550610 1899
1550620 1899
1550630 1901
1550640 1903
1550650 1903
1550660 1905
1550670 1907
1550680 1909
1550690 1909
1550700 1910
1550710 1912
1550720 1912
1550730 1913
1550740 1915
1550750 1915
1550760 1916
1550770 1917
1550780 1917
1550790 1918
1550800 1918
1550810 1918
1550820 1919
1550830 1920
1550840 1921
1550850 1921
1550860 1922
1550870 1923
1550880 1923
1550890 1924
1550900 1925
1550910 1925
1550920 1927
1550930 1928
1550940 1928
1550950 1929
1550960 1929
1550970 1929
1550980 1930
1550990 1931
1551000 1931
1551010 1931
1551020 1932
1551030 1934
1551040 1934
1551050 1934
1551060 1935
1551070 1935
1551080 1935
1551090 1937
1551100 1937
1551110 1939
1551120 1942
1551130 1942
1551140 1944
1551150 1946
1551160 1946
1551170 1948
1551180 1949
1551190 1949
1551200 1955
1551210 1956
1551220 1958
1551230 1958
1551240 1959
1551250 1961
1551260 1961
1551270 1963
1551280 1964
1551290 1964
1551300 1965
1551310 1967
1551320 1967
1551330 1967
1551340 1968
1551350 1968
1551360 1969
1551370 1970
1551380 1970
1551390 1971
1551400 1971
1551410 1972
1551420 1972
1551430 1972
1551440 1974
1551450 1974
1551460 1976
1551470 1977
1551480 1977
1551490 1978
1551500 1978
1551510 1978
1551520 1979
1551530 1979
1551540 1979
1551550 1980
1551560 1980
1551570 1980
1551580 1980
1551590 1980
1551600 1980
1551610 1980
1551620 1980
1551630 1979
1551640 1979
1551650 1979
1551660 1978
1551670 1978
1551680 1977
1551690 1976
1551700 1976
1551710 1975
1551720 1974
1551730 1974
1551740 1972
1551750 1970
1551760 1970
1551770 1968
1551780 1965
1551790 1963
1551800 1963
1551810 1960
1551820 1957
1551830 1957
1551840 1954
1551850 1952
1551860 1952
1551870 1949
1551880 1946
1551890 1946
1551900 1942
1551910 1938
1551920 1938
1551930 1935
1551940 1931
1551950 1931
1551960 1927
1551970 1923
1551980 1918
1551990 1918
1552000 1914
1552010 1909
1552020 1909
1552030 1903
1552040 1898
1552050 1898
1552060 1893
1552070 1889
1552080 1889
1552090 1884
1552100 1880
1552110 1880
1552120 1876
1552130 1872
1552140 1872
1552150 1868
1552160 1863
1552170 1859
1552180 1859
1552190 1854
1552200 1850
1552210 1850
1552220 1846
1552230 1842
1552240 1842
1552250 1837
1552260 1833
1552270 1833
1552280 1828
1552290 1822
1552300 1822
1552310 1818
1552320 1818
1552330 1818
1552340 1817
1552350 1816
1552360 1814
1552370 1814
1552380 1812
1552390 1809
1552400 1809
1552410 1806
1552420 1805
1552430 1805
1552440 1803
1552450 1801
1552460 1801
1552470 1799
1552480 1797
1552490 1797
1552500 1795
1552510 1793
1552520 1792
1552530 1792
1552540 1790
1552550 1789
1552560 1789
1552570 1788
1552580 1787
1552590 1787
1552600 1785
1552610 1785
1552620 1785
1552630 1784
1552640 1784
1552650 1784
1552660 1783
1552670 1782
1552680 1782
1552690 1781
1552700 1780
1552710 1780
1552720 1780
1552730 1779
1552740 1779
1552750 1779
1552760 1779
1552770 1779
1552780 1779
1552790 1779
1552800 1778
1552810 1778
1552820 1778
1552830 1777
1552840 1777
1552850 1777
1552860 1776
1552870 1776
1552880 1776
1552890 1776
1552900 1775
1552910 1775
1552920 1775
1552930 1774
1552940 1774
1552950 1773
1552960 1772
1552970 1772
1552980 1771
1552990 1770
1553000 1770
1553010 1768
1553020 1767
1553030 1767
1553040 1766
1553050 1765
1553060 1765
1553070 1766
1553080 1765
1553090 1764
1553100 1764
1553110 1763
1553120 1761
1553130 1761
1553140 1760
1553150 1758
1553160 1758
1553170 1757
1553180 1756
1553190 1756
1553200 1754
1553210 1753
1553220 1753
1553230 1750
1553240 1747
1553250 1747
1553260 1744
1553270 1741
1553280 1738
1553290 1738
1553300 1735
1553310 1731
1553320 1731
1553330 1727
1553340 1723
1553350 1723
1553360 1718
1553370 1713
1553380 1713
1553390 1708
1553400 1703
1553410 1703
1553420 1698
1553430 1693
1553440 1693
1553450 1688
1553460 1683
1553470 1678
1553480 1678
1553490 1673
1553500 1669
1553510 1669
1553520 1664
1553530 1661
1553540 1661
1553550 1657
1553560 1654
1553570 1654
1553580 1650
1553590 1646
1553600 1646
1553610 1642
1553620 1638
1553630 1638
1553640 1633
1553650 1628
1553660 1623
1553670 1623
1553680 1619
1553690 1614
1553700 1614
1553710 1611
1553720 1607
1553730 1607
1553740 1603
1553750 1599
1553760 1599
1553770 1594
1553780 1590
1553790 1590
1553800 1585
1553810 1581
1553820 1581
1553830 1576
1553840 1571
1553850 1567
1553860 1567
1553870 1562
1553880 1558
1553890 1558
1553900 1553
1553910 1548
1553920 1548
1553930 1543
1553940 1537
1553950 1537
1553960 1531
1553970 1526
1553980 1526
1553990 1520
1554000 1515
1554010 1509
1554020 1509
1554030 1504
1554040 1498
1554050 1498
1554060 1494
1554070 1492
1554080 1492
1554090 1494
1554100 1496
1554110 1496
1554120 1500
1554130 1503
1554140 1503
1554150 1506
1554160 1509
1554170 1509
1554180 1513
1554190 1516
1554200 1520
1554210 1520
1554220 1523
1554230 1526
1554240 1526
1554250 1528
1554260 1531
1554270 1531
1554280 1533
1554290 1536
1554300 1536
1554310 1539
1554320 1541
1554330 1541
1554340 1544
1554350 1547
1554360 1547
1554370 1549
1554380 1552
1554390 1554
1554400 1554
1554410 1556
1554420 1558
1554430 1558
1554440 1559
1554450 1561
1554460 1561
1554470 1563
1554480 1564
1554490 1564
1554500 1564
1554510 1564
1554520 1564
1554530 1562
1554540 1559
1554550 1559
1554560 1556
1554570 1554
1554580 1552
1554590 1552
1554600 1549
1554610 1547
1554620 1547
1554630 1545
1554640 1543
1554650 1543
1554660 1540
1554670 1537
1554680 1537
1554690 1534
1554700 1531
1554710 1531
1554720 1527
1554730 1524
1554740 1524
1554750 1521
1554760 1517
1554770 1513
1554780 1513
1554790 1510
1554800 1508
1554810 1508
1554820 1504
1554830 1502
1554840 1502
1554850 1500
1554860 1499
1554870 1499
1554880 1498
1554890 1502
1554900 1502
1554910 1504
1554920 1504
1554930 1504
1554940 1505
1554950 1508
1554960 1510
1554970 1510
1554980 1512
1554990 1515
1555000 1515
1555010 1516
1555020 1518
1555030 1518
1555040 1520
1555050 1522
1555060 1522
1555070 1524
1555080 1526
1555090 1526
1555100 1528
1555110 1530
1555120 1530
1555130 1533
1555140 1536
1555150 1538
1555160 1538
1555170 1540
1555180 1541
1555190 1541
1555200 1543
1555210 1545
1555220 1545
1555230 1547
1555240 1548
1555250 1548
1555260 1549
1555270 1550
1555280 1550
1555290 1551
1555300 1552
1555310 1552
1555320 1553
1555330 1554
1555340 1554
1555350 1554
1555360 1554
1555370 1554
1555380 1554
1555390 1555
1555400 1555
1555410 1555
1555420 1554
1555430 1554
1555440 1554
1555450 1553
1555460 1552
1555470 1552
1555480 1552
1555490 1551
1555500 1549
1555510 1549
1555520 1549
1555530 1548
1555540 1548
1555550 1546
1555560 1545
1555570 1545
1555580 1543
1555590 1542
1555600 1542
1555610 1540
1555620 1539
1555630 1539
1555640 1537
1555650 1535
1555660 1535
1555670 1534
1555680 1532
1555690 1530
1555700 1530
1555710 1527
1555720 1524
1555730 1524
1555740 1521
1555750 1518
1555760 1518
1555770 1515
1555780 1513
1555790 1513
1555800 1510
1555810 1507
1555820 1507
1555830 1504
1555840 1501
1555850 1501
1555860 1497
1555870 1493
1555880 1491
1555890 1491
1555900 1487
1555910 1484
1555920 1484
1555930 1481
1555940 1476
1555950 1476
1555960 1473
1555970 1468
1555980 1468
1555990 1464
1556000 1458
1556010 1458
1556020 1454
1556030 1449
1556040 1449
1556050 1444
1556060 1440
1556070 1435
1556080 1435
1556090 1432
1556100 1429
1556110 1429
1556120 1425
1556130 1421
1556140 1421
1556150 1416
1556160 1412
1556170 1412
1556180 1408
1556190 1405
1556200 1405
1556210 1405
1556220 1405
1556230 1405
1556240 1405
1556250 1405
1556260 1405
1556270 1405
1556280 1405
1556290 1405
1556300 1405
1556310 1405
1556320 1406
1556330 1406
1556340 1408
1556350 1410
1556360 1410
1556370 1413
1556380 1416
1556390 1416
1556400 1419
1556410 1423
1556420 1423
1556430 1427
1556440 1431
1556450 1435
1556460 1435
1556470 1439
1556480 1442
1556490 1442
1556500 1446
1556510 1450
1556520 1450
1556530 1453
1556540 1457
1556550 1457
1556560 1460
1556570 1464
1556580 1464
1556590 1468
1556600 1472
1556610 1472
1556620 1477
1556630 1481
1556640 1484
1556650 1484
1556660 1488
1556670 1493
1556680 1493
1556690 1497
1556700 1500
1556710 1500
1556720 1504
1556730 1507
1556740 1507
1556750 1510
1556760 1512
1556770 1512
1556780 1514
1556790 1517
1556800 1517
1556810 1518
1556820 1520
1556830 1522
1556840 1522
1556850 1523
1556860 1523
1556870 1523
1556880 1524
1556890 1524
1556900 1524
1556910 1522
1556920 1519
1556930 1519
1556940 1516
1556950 1512
1556960 1512
1556970 1507
1556980 1503
1556990 1503
1557000 1499
1557010 1497
1557020 1496
1557030 1496
1557040 1495
1557050 1496
1557060 1496
1557070 1497
1557080 1497
1557090 1497
1557100 1498
1557110 1498
1557120 1498
1557130 1499
1557140 1499
1557150 1499
1557160 1499
1557170 1499
1557180 1500
1557190 1500
1557200 1502
1557210 1503
1557220 1503
1557230 1504
1557240 1507
1557250 1507
1557260 1509
1557270 1511
1557280 1511
1557290 1514
1557300 1518
1557310 1518
1557320 1522
1557330 1525
1557340 1525
1557350 1529
1557360 1532
1557370 1535
1557380 1535
1557390 1538
1557400 1542
1557410 1542
1557420 1545
1557430 1548
1557440 1548
1557450 1551
1557460 1554
1557470 1554
1557480 1557
1557490 1559
1557500 1559
1557510 1562
1557520 1565
1557530 1565
1557540 1568
1557550 1571
1557560 1574
1557570 1574
1557580 1577
1557590 1580
1557600 1580
1557610 1582
1557620 1584
1557630 1584
1557640 1587
1557650 1589
1557660 1589
1557670 1591
1557680 1593
1557690 1593
1557700 1595
1557710 1597
1557720 1597
1557730 1599
1557740 1601
1557750 1602
1557760 1602
1557770 1604
1557780 1605
1557790 1605
1557800 1606
1557810 1607
1557820 1607
1557830 1608
1557840 1609
1557850 1609
1557860 1610
1557870 1610
1557880 1610
1557890 1611
1557900 1611
1557910 1611
1557920 1611
1557930 1612
1557940 1612
1557950 1612
1557960 1612
1557970 1612
1557980 1612
1557990 1613
1558000 1613
1558010 1613
1558020 1613
1558030 1613
1558040 1613
1558050 1613
1558060 1612
1558070 1612
1558080 1612
1558090 1611
1558100 1611
1558110 1610
1558120 1610
1558130 1609
1558140 1609
1558150 1609
1558160 1609
1558170 1609
1558180 1608
1558190 1608
1558200 1608
1558210 1607
1558220 1606
1558230 1606
1558240 1605
1558250 1604
1558260 1604
1558270 1603
1558280 1603
1558290 1603
1558300 1602
1558310 1602
1558320 1601
1558330 1601
1558340 1600
1558350 1599
1558360 1599
1558370 1598
1558380 1598
1558390 1598
1558400 1600
1558410 1600
1558420 1600
1558430 1600
1558440 1600
1558450 1600
1558460 1600
1558470 1600
1558480 1600
1558490 1599
1558500 1599
1558510 1598
1558520 1598
1558530 1598
1558540 1597
1558550 1597
1558560 1596
1558570 1595
1558580 1595
1558590 1595
1558600 1594
1558610 1594
1558620 1593
1558630 1593
1558640 1593
1558650 1591
1558660 1589
1558670 1587
1558680 1587
1558690 1585
1558700 1582
1558710 1582
1558720 1579
1558730 1576
1558740 1576
1558750 1574
1558760 1570
1558770 1570
1558780 1567
1558790 1562
1558800 1562
1558810 1559
1558820 1554
1558830 1554
1558840 1549
1558850 1544
1558860 1539
1558870 1539
1558880 1533
1558890 1527
1558900 1527
1558910 1520
1558920 1515
1558930 1515
1558940 1511
1558950 1506
1558960 1506
1558970 1500
1558980 1496
1558990 1496
1559000 1492
1559010 1487
1559020 1487
1559030 1483
1559040 1479
1559050 1477
1559060 1477
1559070 1474
1559080 1471
1559090 1471
1559100 1468
1559110 1466
1559120 1466
1559130 1463
1559140 1460
1559150 1460
1559160 1458
1559170 1456
1559180 1456
1559190 1453
1559200 1450
1559210 1450
1559220 1448
1559230 1446
1559240 1444
1559250 1444
1559260 1441
1559270 1437
1559280 1437
1559290 1433
1559300 1429
1559310 1429
1559320 1424
1559330 1419
1559340 1419
1559350 1414
1559360 1410
1559370 1410
1559380 1406
1559390 1403
1559400 1403
1559410 1400
1559420 1397
1559430 1394
1559440 1394
1559450 1390
1559460 1385
1559470 1385
1559480 1380
1559490 1377
1559500 1377
1559510 1374
1559520 1371
1559530 1371
1559540 1369
1559550 1367
1559560 1367
1559570 1364
1559580 1362
1559590 1362
1559600 1359
1559610 1356
1559620 1353
1559630 1353
1559640 1350
1559650 1347
1559660 1347
1559670 1344
1559680 1340
1559690 1340
1559700 1337
1559710 1334
1559720 1334
1559730 1331
1559740 1328
1559750 1328
1559760 1325
1559770 1323
1559780 1323
1559790 1320
1559800 1317
1559810 1314
1559820 1314
1559830 1312
1559840 1309
1559850 1309
1559860 1306
1559870 1303
1559880 1303
1559890 1299
1559900 1296
1559910 1296
1559920 1293
1559930 1290
1559940 1290
1559950 1287
1559960 1283
1559970 1283
1559980 1280
1559990 1277
