1540000 1685
1540010 1682
1540020 1682
1540030 1679
1540040 1678
1540050 1674
1540060 1674
1540070 1670
1540080 1668
1540090 1668
1540100 1668
1540110 1668
1540120 1668
1540130 1668
1540140 1665
1540150 1665
1540160 1659
1540170 1654
1540180 1654
1540190 1652
1540200 1648
1540210 1648
1540220 1644
1540230 1640
1540240 1638
1540250 1638
1540260 1634
1540270 1628
1540280 1628
1540290 1624
1540300 1624
1540310 1624
1540320 1626
1540330 1626
1540340 1626
1540350 1626
1540360 1629
1540370 1629
1540380 1633
1540390 1638
1540400 1638
1540410 1642
1540420 1645
1540430 1647
1540440 1647
1540450 1646
1540460 1649
1540470 1649
1540480 1653
1540490 1660
1540500 1660
1540510 1662
1540520 1663
1540530 1663
1540540 1666
1540550 1671
1540560 1671
1540570 1678
1540580 1683
1540590 1683
1540600 1691
1540610 1701
1540620 1710
1540630 1710
1540640 1716
1540650 1722
1540660 1722
1540670 1727
1540680 1732
1540690 1732
1540700 1736
1540710 1738
1540720 1738
1540730 1741
1540740 1745
1540750 1745
1540760 1750
1540770 1756
1540780 1756
1540790 1762
1540800 1770
1540810 1776
1540820 1776
1540830 1782
1540840 1789
1540850 1789
1540860 1795
1540870 1800
1540880 1800
1540890 1806
1540900 1811
1540910 1811
1540920 1814
1540930 1818
1540940 1818
1540950 1821
1540960 1821
1540970 1821
1540980 1819
1540990 1816
1541000 1812
1541010 1812
1541020 1808
1541030 1805
1541040 1805
1541050 1803
1541060 1801
1541070 1801
1541080 1800
1541090 1800
1541100 1800
1541110 1800
1541120 1798
1541130 1798
1541140 1798
1541150 1798
1541160 1798
1541170 1797
1541180 1797
1541190 1796
1541200 1796
1541210 1796
1541220 1797
1541230 1797
1541240 1800
1541250 1804
1541260 1804
1541270 1807
1541280 1811
1541290 1811
1541300 1814
1541310 1813
1541320 1813
1541330 1809
1541340 1805
1541350 1805
1541360 1799
1541370 1793
1541380 1791
1541390 1791
1541400 1795
1541410 1800
1541420 1800
1541430 1805
1541440 1809
1541450 1809
1541460 1813
1541470 1818
1541480 1818
1541490 1821
1541500 1826
1541510 1826
1541520 1830
1541530 1832
1541540 1832
1541550 1835
1541560 1839
1541570 1842
1541580 1842
1541590 1843
1541600 1844
1541610 1844
1541620 1843
1541630 1844
1541640 1844
1541650 1847
1541660 1852
1541670 1852
1541680 1858
1541690 1864
1541700 1864
1541710 1870
1541720 1876
1541730 1876
1541740 1881
1541750 1886
1541760 1891
1541770 1891
1541780 1895
1541790 1899
1541800 1899
1541810 1903
1541820 1907
1541830 1907
1541840 1911
1541850 1914
1541860 1914
1541870 1917
1541880 1921
1541890 1921
1541900 1923
1541910 1926
1541920 1926
1541930 1929
1541940 1931
1541950 1934
1541960 1934
1541970 1937
1541980 1939
1541990 1939
1542000 1942
1542010 1945
1542020 1945
1542030 1948
1542040 1950
1542050 1950
1542060 1953
1542070 1955
1542080 1955
1542090 1958
1542100 1961
1542110 1961
1542120 1964
1542130 1966
1542140 1968
1542150 1968
1542160 1970
1542170 1972
1542180 1972
1542190 1974
1542200 1977
1542210 1977
1542220 1979
1542230 1981
1542240 1981
1542250 1983
1542260 1986
1542270 1986
1542280 1988
1542290 1990
1542300 1990
1542310 1992
1542320 1994
1542330 1996
1542340 1996
1542350 1998
1542360 2000
1542370 2000
1542380 2002
1542390 2003
1542400 2003
1542410 2004
1542420 2005
1542430 2005
1542440 2005
1542450 2005
1542460 2005
1542470 2005
1542480 2004
1542490 2004
1542500 2006
1542510 2007
1542520 2007
1542530 2007
1542540 2008
1542550 2009
1542560 2009
1542570 2010
1542580 2011
1542590 2011
1542600 2012
1542610 2012
1542620 2012
1542630 2014
1542640 2015
1542650 2015
1542660 2016
1542670 2017
1542680 2017
1542690 2019
1542700 2020
1542710 2026
1542720 2026
1542730 2027
1542740 2029
1542750 2029
1542760 2030
1542770 2032
1542780 2032
1542790 2033
1542800 2030
1542810 2030
1542820 2026
1542830 2027
1542840 2027
1542850 2030
1542860 2033
1542870 2033
1542880 2035
1542890 2035
1542900 2037
1542910 2037
1542920 2039
1542930 2039
1542940 2039
1542950 2038
1542960 2034
1542970 2034
1542980 2028
1542990 2020
1543000 2020
1543010 2013
1543020 2006
1543030 2006
1543040 1999
1543050 1990
1543060 1990
1543070 1981
1543080 1973
1543090 1964
1543100 1964
1543110 1956
1543120 1948
1543130 1948
1543140 1940
1543150 1932
1543160 1932
1543170 1922
1543180 1911
1543190 1911
1543200 1902
1543210 1895
1543220 1895
1543230 1889
1543240 1884
1543250 1884
1543260 1879
1543270 1872
1543280 1865
1543290 1865
1543300 1863
1543310 1863
1543320 1863
1543330 1862
1543340 1861
1543350 1861
1543360 1859
1543370 1856
1543380 1856
1543390 1850
1543400 1846
1543410 1846
1543420 1844
1543430 1842
1543440 1842
1543450 1839
1543460 1836
1543470 1832
1543480 1832
1543490 1828
1543500 1823
1543510 1823
1543520 1819
1543530 1815
1543540 1815
1543550 1811
1543560 1806
1543570 1806
1543580 1801
1543590 1795
1543600 1795
1543610 1789
1543620 1784
1543630 1784
1543640 1777
1543650 1772
1543660 1766
1543670 1766
1543680 1762
1543690 1756
1543700 1756
1543710 1750
1543720 1743
1543730 1743
1543740 1736
1543750 1729
1543760 1729
1543770 1722
1543780 1714
1543790 1714
1543800 1708
1543810 1703
1543820 1703
1543830 1699
1543840 1695
1543850 1691
1543860 1691
1543870 1686
1543880 1682
1543890 1682
1543900 1676
1543910 1669
1543920 1669
1543930 1665
1543940 1663
1543950 1663
1543960 1661
1543970 1658
1543980 1658
1543990 1654
1544000 1651
1544010 1651
1544020 1647
1544030 1644
1544040 1641
1544050 1641
1544060 1638
1544070 1634
1544080 1634
1544090 1630
1544100 1626
1544110 1626
1544120 1622
1544130 1618
1544140 1618
1544150 1615
1544160 1612
1544170 1612
1544180 1608
1544190 1604
1544200 1604
1544210 1599
1544220 1593
1544230 1587
1544240 1587
1544250 1581
1544260 1575
1544270 1575
1544280 1569
1544290 1563
1544300 1563
1544310 1557
1544320 1551
1544330 1551
1544340 1546
1544350 1542
1544360 1542
1544370 1540
1544380 1540
1544390 1540
1544400 1540
1544410 1540
1544420 1538
1544430 1538
1544440 1536
1544450 1534
1544460 1534
1544470 1533
1544480 1532
1544490 1532
1544500 1530
1544510 1527
1544520 1527
1544530 1524
1544540 1520
1544550 1520
1544560 1515
1544570 1511
1544580 1507
1544590 1507
1544600 1502
1544610 1500
1544620 1500
1544630 1500
1544640 1500
1544650 1500
1544660 1500
1544670 1500
1544680 1500
1544690 1502
1544700 1504
1544710 1504
1544720 1506
1544730 1509
1544740 1509
1544750 1512
1544760 1512
1544770 1513
1544780 1513
1544790 1515
1544800 1518
1544810 1518
1544820 1520
1544830 1521
1544840 1523
1544850 1524
1544860 1527
1544870 1527
1544880 1530
1544890 1534
1544900 1534
1544910 1538
1544920 1537
1544930 1537
1544940 1533
1544950 1534
1544960 1535
1544970 1535
1544980 1536
1544990 1537
1545000 1537
1545010 1539
1545020 1544
1545030 1544
1545040 1547
1545050 1549
1545060 1549
1545070 1551
1545080 1552
1545090 1552
1545100 1552
1545110 1552
1545120 1552
1545130 1552
1545140 1554
1545150 1557
1545160 1557
1545170 1560
1545180 1560
1545190 1560
1545200 1562
1545210 1567
1545220 1567
1545230 1569
1545240 1571
1545250 1571
1545260 1573
1545270 1576
1545280 1576
1545290 1581
1545300 1587
1545310 1587
1545320 1593
1545330 1599
1545340 1606
1545350 1606
1545360 1610
1545370 1614
1545380 1614
1545390 1619
1545400 1622
1545410 1622
1545420 1627
1545430 1632
1545440 1632
1545450 1638
1545460 1644
1545470 1644
1545480 1651
1545490 1657
1545500 1657
1545510 1662
1545520 1668
1545530 1673
1545540 1673
1545550 1678
1545560 1683
1545570 1683
1545580 1687
1545590 1691
1545600 1691
1545610 1694
1545620 1696
1545630 1696
1545640 1699
1545650 1701
1545660 1701
1545670 1700
1545680 1697
1545690 1697
1545700 1694
1545710 1693
1545720 1692
1545730 1692
1545740 1690
1545750 1688
1545760 1688
1545770 1685
1545780 1683
1545790 1683
1545800 1682
1545810 1681
1545820 1681
1545830 1680
1545840 1677
1545850 1677
1545860 1674
1545870 1671
1545880 1671
1545890 1669
1545900 1668
1545910 1665
1545920 1665
1545930 1663
1545940 1662
1545950 1662
1545960 1661
1545970 1661
1545980 1661
1545990 1661
1546000 1662
1546010 1662
1546020 1663
1546030 1664
1546040 1664
1546050 1667
1546060 1671
1546070 1671
1546080 1676
1546090 1681
1546100 1686
1546110 1686
1546120 1688
1546130 1688
1546140 1688
1546150 1689
1546160 1690
1546170 1690
1546180 1690
1546190 1690
1546200 1690
1546210 1689
1546220 1688
1546230 1688
1546240 1691
1546250 1697
1546260 1697
1546270 1702
1546280 1706
1546290 1709
1546300 1709
1546310 1713
1546320 1717
1546330 1717
1546340 1722
1546350 1726
1546360 1726
1546370 1731
1546380 1736
1546390 1736
1546400 1742
1546410 1749
1546420 1749
1546430 1756
1546440 1764
1546450 1764
1546460 1770
1546470 1774
1546480 1776
1546490 1776
1546500 1779
1546510 1785
1546520 1785
1546530 1792
1546540 1798
1546550 1798
1546560 1802
1546570 1806
1546580 1806
1546590 1810
1546600 1814
1546610 1814
1546620 1817
1546630 1821
1546640 1821
1546650 1825
1546660 1828
1546670 1833
1546680 1833
1546690 1837
1546700 1841
1546710 1841
1546720 1845
1546730 1849
1546740 1849
1546750 1853
1546760 1857
1546770 1857
1546780 1860
1546790 1863
1546800 1863
1546810 1865
1546820 1868
1546830 1868
1546840 1871
1546850 1875
1546860 1878
1546870 1878
1546880 1881
1546890 1884
1546900 1884
1546910 1888
1546920 1891
1546930 1891
1546940 1895
1546950 1898
1546960 1898
1546970 1901
1546980 1905
1546990 1905
1547000 1908
1547010 1912
1547020 1912
1547030 1916
1547040 1922
1547050 1927
1547060 1927
1547070 1932
1547080 1936
1547090 1936
1547100 1939
1547110 1942
1547120 1942
1547130 1945
1547140 1949
1547150 1949
1547160 1953
1547170 1958
1547180 1958
1547190 1963
1547200 1970
1547210 1970
1547220 1978
1547230 1986
1547240 1991
1547250 1991
1547260 1997
1547270 2003
1547280 2003
1547290 2009
1547300 2014
1547310 2014
1547320 2020
1547330 2026
1547340 2026
1547350 2031
1547360 2036
1547370 2036
1547380 2041
1547390 2046
1547400 2046
1547410 2051
1547420 2056
1547430 2062
1547440 2062
1547450 2067
1547460 2071
1547470 2071
1547480 2076
1547490 2081
1547500 2081
1547510 2086
1547520 2091
1547530 2091
1547540 2095
1547550 2098
1547560 2098
1547570 2102
1547580 2105
1547590 2105
1547600 2109
1547610 2112
1547620 2114
1547630 2114
1547640 2114
1547650 2115
1547660 2115
1547670 2114
1547680 2113
1547690 2113
1547700 2111
1547710 2108
1547720 2108
1547730 2105
1547740 2100
1547750 2100
1547760 2096
1547770 2092
1547780 2092
1547790 2088
1547800 2085
1547810 2082
1547820 2082
1547830 2078
1547840 2074
1547850 2074
1547860 2070
1547870 2065
1547880 2065
1547890 2060
1547900 2054
1547910 2054
1547920 2047
1547930 2041
1547940 2041
1547950 2034
1547960 2027
1547970 2027
1547980 2020
1547990 2014
1548000 2008
1548010 2008
1548020 2001
1548030 1995
1548040 1995
1548050 1988
1548060 1981
1548070 1981
1548080 1972
1548090 1963
1548100 1963
1548110 1953
1548120 1940
1548130 1940
1548140 1928
1548150 1911
1548160 1911
1548170 1901
1548180 1892
1548190 1884
1548200 1884
1548210 1878
1548220 1871
1548230 1871
1548240 1865
1548250 1859
1548260 1859
1548270 1854
1548280 1851
1548290 1851
1548300 1848
1548310 1846
1548320 1846
1548330 1844
1548340 1841
1548350 1841
1548360 1839
1548370 1838
1548380 1838
1548390 1838
1548400 1837
1548410 1836
1548420 1836
1548430 1835
1548440 1834
1548450 1834
1548460 1833
1548470 1832
1548480 1832
1548490 1831
1548500 1830
1548510 1830
1548520 1828
1548530 1824
1548540 1824
1548550 1820
1548560 1815
1548570 1810
1548580 1810
1548590 1811
1548600 1815
1548610 1815
1548620 1819
1548630 1823
1548640 1823
1548650 1826
1548660 1829
1548670 1829
1548680 1833
1548690 1837
1548700 1837
1548710 1843
1548720 1849
1548730 1849
1548740 1854
1548750 1858
1548760 1861
1548770 1861
1548780 1863
1548790 1867
1548800 1867
1548810 1871
1548820 1876
1548830 1876
1548840 1881
1548850 1887
1548860 1887
1548870 1894
1548880 1901
1548890 1901
1548900 1912
1548910 1920
1548920 1920
1548930 1928
1548940 1936
1548950 1943
1548960 1943
1548970 1950
1548980 1954
1548990 1954
1549000 1955
1549010 1952
1549020 1952
1549030 1947
1549040 1943
1549050 1943
1549060 1938
1549070 1934
1549080 1934
1549090 1929
1549100 1925
1549110 1925
1549120 1920
1549130 1916
1549140 1912
1549150 1912
1549160 1911
1549170 1909
1549180 1909
1549190 1908
1549200 1908
1549210 1908
1549220 1909
1549230 1911
1549240 1911
1549250 1912
1549260 1914
1549270 1914
1549280 1916
1549290 1917
1549300 1917
1549310 1918
1549320 1918
1549330 1919
1549340 1919
1549350 1919
1549360 1920
1549370 1920
1549380 1920
1549390 1920
1549400 1920
1549410 1920
1549420 1920
1549430 1920
1549440 1921
1549450 1923
1549460 1923
1549470 1927
1549480 1932
1549490 1932
1549500 1935
1549510 1937
1549520 1939
1549530 1939
1549540 1942
1549550 1939
1549560 1939
1549570 1928
1549580 1918
1549590 1918
1549600 1916
1549610 1910
1549620 1910
1549630 1901
1549640 1891
1549650 1891
1549660 1882
1549670 1871
1549680 1871
1549690 1859
1549700 1852
1549710 1845
1549720 1845
1549730 1836
1549740 1831
1549750 1831
1549760 1826
1549770 1824
1549780 1824
1549790 1825
1549800 1821
1549810 1821
1549820 1815
1549830 1812
1549840 1812
1549850 1811
1549860 1811
1549870 1811
1549880 1811
1549890 1812
1549900 1812
1549910 1812
1549920 1813
1549930 1813
1549940 1813
1549950 1814
1549960 1815
1549970 1815
1549980 1816
1549990 1816
1550000 1816
1550010 1816
1550020 1817
1550030 1817
1550040 1820
1550050 1823
1550060 1827
1550070 1827
1550080 1830
1550090 1834
1550100 1834
1550110 1839
1550120 1843
1550130 1843
1550140 1848
1550150 1850
1550160 1850
1550170 1851
1550180 1852
1550190 1852
1550200 1854
1550210 1858
1550220 1858
1550230 1864
1550240 1871
1550250 1876
1550260 1876
1550270 1879
1550280 1882
1550290 1882
1550300 1886
1550310 1889
1550320 1889
1550330 1894
1550340 1899
1550350 1899
1550360 1903
1550370 1907
1550380 1907
1550390 1911
1550400 1916
1550410 1916
1550420 1921
1550430 1926
1550440 1930
1550450 1930
1550460 1935
1550470 1941
1550480 1941
1550490 1948
1550500 1955
1550510 1955
1550520 1963
1550530 1975
1550540 1975
1550550 1982
1550560 1986
1550570 1986
1550580 1992
1550590 1999
1550600 1999
1550610 2004
1550620 2009
1550630 2013
1550640 2013
1550650 2018
1550660 2022
1550670 2022
1550680 2025
1550690 2027
1550700 2027
1550710 2030
1550720 2032
1550730 2032
1550740 2034
1550750 2033
1550760 2033
1550770 2032
1550780 2030
1550790 2030
1550800 2029
1550810 2029
1550820 2029
1550830 2026
1550840 2032
1550850 2036
1550860 2036
1550870 2042
1550880 2047
1550890 2047
1550900 2052
1550910 2056
1550920 2056
1550930 2060
1550940 2064
1550950 2064
1550960 2066
1550970 2068
1550980 2068
1550990 2071
1551000 2074
1551010 2076
1551020 2076
1551030 2079
1551040 2083
1551050 2083
1551060 2088
1551070 2092
1551080 2092
1551090 2095
1551100 2099
1551110 2099
1551120 2102
1551130 2105
1551140 2105
1551150 2109
1551160 2113
1551170 2113
1551180 2116
1551190 2120
1551200 2122
1551210 2122
1551220 2125
1551230 2129
1551240 2129
1551250 2132
1551260 2136
1551270 2136
1551280 2139
1551290 2142
1551300 2142
1551310 2145
1551320 2149
1551330 2149
1551340 2153
1551350 2156
1551360 2156
1551370 2159
1551380 2163
1551390 2167
1551400 2167
1551410 2170
1551420 2173
1551430 2173
1551440 2176
1551450 2180
1551460 2180
1551470 2183
1551480 2185
1551490 2185
1551500 2188
1551510 2191
1551520 2191
1551530 2194
1551540 2197
1551550 2197
1551560 2199
1551570 2201
1551580 2204
1551590 2204
1551600 2207
1551610 2209
1551620 2209
1551630 2211
1551640 2213
1551650 2213
1551660 2214
1551670 2216
1551680 2216
1551690 2217
1551700 2218
1551710 2218
1551720 2220
1551730 2221
1551740 2221
1551750 2222
1551760 2224
1551770 2224
1551780 2224
1551790 2224
1551800 2224
1551810 2224
1551820 2225
1551830 2225
1551840 2225
1551850 2225
1551860 2220
1551870 2220
1551880 2207
1551890 2201
1551900 2201
1551910 2193
1551920 2186
1551930 2186
1551940 2180
1551950 2175
1551960 2170
1551970 2170
1551980 2164
1551990 2157
1552000 2157
1552010 2151
1552020 2146
1552030 2146
1552040 2140
1552050 2135
1552060 2135
1552070 2131
1552080 2126
1552090 2126
1552100 2120
1552110 2115
1552120 2115
1552130 2109
1552140 2104
1552150 2099
1552160 2099
1552170 2094
1552180 2088
1552190 2088
1552200 2083
1552210 2078
1552220 2078
1552230 2073
1552240 2069
1552250 2069
1552260 2066
1552270 2065
1552280 2065
1552290 2065
1552300 2062
1552310 2062
1552320 2056
1552330 2050
1552340 2044
1552350 2044
1552360 2037
1552370 2031
1552380 2031
1552390 2017
1552400 2009
1552410 2009
1552420 2004
1552430 1995
1552440 1995
1552450 1987
1552460 1980
1552470 1980
1552480 1974
1552490 1969
1552500 1969
1552510 1964
1552520 1960
1552530 1956
1552540 1956
1552550 1951
1552560 1946
1552570 1946
1552580 1940
1552590 1934
1552600 1934
1552610 1930
1552620 1925
1552630 1925
1552640 1921
1552650 1918
1552660 1918
1552670 1915
1552680 1913
1552690 1913
1552700 1912
1552710 1913
1552720 1911
1552730 1911
1552740 1910
1552750 1909
1552760 1909
1552770 1908
1552780 1906
1552790 1906
1552800 1905
1552810 1906
1552820 1906
1552830 1907
1552840 1906
1552850 1906
1552860 1904
1552870 1903
1552880 1903
1552890 1904
1552900 1903
1552910 1903
1552920 1903
1552930 1903
1552940 1902
1552950 1902
1552960 1901
1552970 1900
1552980 1900
1552990 1898
1553000 1897
1553010 1897
1553020 1896
1553030 1894
1553040 1894
1553050 1892
1553060 1890
1553070 1890
1553080 1889
1553090 1887
1553100 1886
1553110 1886
1553120 1885
1553130 1884
1553140 1884
1553150 1882
1553160 1880
1553170 1880
1553180 1878
1553190 1875
1553200 1875
1553210 1870
1553220 1866
1553230 1866
1553240 1863
1553250 1862
1553260 1862
1553270 1861
1553280 1860
1553290 1858
1553300 1858
1553310 1856
1553320 1854
1553330 1854
1553340 1852
1553350 1852
1553360 1852
1553370 1850
1553380 1848
1553390 1848
1553400 1846
1553410 1844
1553420 1844
1553430 1843
1553440 1841
1553450 1841
1553460 1839
1553470 1838
1553480 1836
1553490 1836
1553500 1835
1553510 1834
1553520 1834
1553530 1833
1553540 1832
1553550 1832
1553560 1830
1553570 1828
1553580 1828
1553590 1825
1553600 1823
1553610 1823
1553620 1821
1553630 1818
1553640 1818
1553650 1815
1553660 1812
1553670 1810
1553680 1810
1553690 1807
1553700 1804
1553710 1804
1553720 1801
1553730 1799
1553740 1799
1553750 1797
1553760 1796
1553770 1796
1553780 1794
1553790 1792
1553800 1792
1553810 1790
1553820 1789
1553830 1789
1553840 1787
1553850 1785
1553860 1784
1553870 1784
1553880 1783
1553890 1781
1553900 1781
1553910 1779
1553920 1778
1553930 1778
1553940 1776
1553950 1773
1553960 1773
1553970 1770
1553980 1767
1553990 1767
1554000 1763
1554010 1759
1554020 1759
1554030 1758
1554040 1756
1554050 1755
1554060 1755
1554070 1753
1554080 1752
1554090 1752
1554100 1750
1554110 1747
1554120 1747
1554130 1745
1554140 1742
1554150 1742
1554160 1739
1554170 1736
1554180 1736
1554190 1734
1554200 1731
1554210 1731
1554220 1728
1554230 1726
1554240 1724
1554250 1724
1554260 1723
1554270 1720
1554280 1720
1554290 1717
1554300 1715
1554310 1715
1554320 1712
1554330 1710
1554340 1710
1554350 1707
1554360 1704
1554370 1704
1554380 1701
1554390 1698
1554400 1698
1554410 1695
1554420 1690
1554430 1686
1554440 1686
1554450 1683
1554460 1681
1554470 1681
1554480 1678
1554490 1675
1554500 1675
1554510 1672
1554520 1669
1554530 1669
1554540 1666
1554550 1663
1554560 1663
1554570 1660
1554580 1657
1554590 1657
1554600 1654
1554610 1650
1554620 1647
1554630 1647
1554640 1645
1554650 1644
1554660 1644
1554670 1642
1554680 1639
1554690 1639
1554700 1637
1554710 1635
1554720 1635
1554730 1633
1554740 1631
1554750 1631
1554760 1628
1554770 1624
1554780 1624
1554790 1620
1554800 1617
1554810 1614
1554820 1614
1554830 1612
1554840 1609
1554850 1609
1554860 1607
1554870 1606
1554880 1606
1554890 1603
1554900 1602
1554910 1602
1554920 1599
1554930 1597
1554940 1597
1554950 1595
1554960 1593
1554970 1593
1554980 1590
1554990 1588
1555000 1586
1555010 1586
1555020 1583
1555030 1580
1555040 1580
1555050 1577
1555060 1575
1555070 1575
1555080 1573
1555090 1572
1555100 1572
1555110 1572
1555120 1573
1555130 1573
1555140 1573
1555150 1574
1555160 1574
1555170 1575
1555180 1575
1555190 1576
1555200 1576
1555210 1576
1555220 1576
1555230 1576
1555240 1576
1555250 1576
1555260 1576
1555270 1575
1555280 1574
1555290 1574
1555300 1573
1555310 1570
1555320 1570
1555330 1568
1555340 1566
1555350 1566
1555360 1563
1555370 1557
1555380 1554
1555390 1554
1555400 1557
1555410 1562
1555420 1562
1555430 1568
1555440 1572
1555450 1572
1555460 1575
1555470 1577
1555480 1577
1555490 1579
1555500 1582
1555510 1582
1555520 1585
1555530 1588
1555540 1591
1555550 1591
1555560 1593
1555570 1595
1555580 1595
1555590 1597
1555600 1599
1555610 1599
1555620 1602
1555630 1604
1555640 1604
1555650 1605
1555660 1606
1555670 1606
1555680 1607
1555690 1609
1555700 1609
1555710 1611
1555720 1613
1555730 1616
1555740 1616
1555750 1620
1555760 1622
1555770 1622
1555780 1625
1555790 1627
1555800 1627
1555810 1630
1555820 1633
1555830 1633
1555840 1636
1555850 1641
1555860 1641
1555870 1644
1555880 1648
1555890 1648
1555900 1652
1555910 1654
1555920 1658
1555930 1658
1555940 1661
1555950 1665
1555960 1665
1555970 1668
1555980 1670
1555990 1670
1556000 1672
1556010 1675
1556020 1675
1556030 1677
1556040 1679
1556050 1679
1556060 1681
1556070 1684
1556080 1684
1556090 1685
1556100 1687
1556110 1689
1556120 1689
1556130 1691
1556140 1694
1556150 1694
1556160 1696
1556170 1698
1556180 1698
1556190 1701
1556200 1703
1556210 1703
1556220 1706
1556230 1710
1556240 1710
1556250 1715
1556260 1720
1556270 1720
1556280 1724
1556290 1728
1556300 1732
1556310 1732
1556320 1736
1556330 1739
1556340 1739
1556350 1743
1556360 1747
1556370 1747
1556380 1752
1556390 1755
1556400 1755
1556410 1759
1556420 1763
1556430 1763
1556440 1767
1556450 1770
1556460 1770
1556470 1773
1556480 1775
1556490 1776
1556500 1776
1556510 1778
1556520 1780
1556530 1780
1556540 1782
1556550 1782
1556560 1782
1556570 1780
1556580 1777
1556590 1777
1556600 1775
1556610 1771
1556620 1771
1556630 1768
1556640 1763
1556650 1763
1556660 1757
1556670 1751
1556680 1746
1556690 1746
1556700 1742
1556710 1738
1556720 1738
1556730 1733
1556740 1729
1556750 1729
1556760 1724
1556770 1719
1556780 1719
1556790 1716
1556800 1712
1556810 1712
1556820 1709
1556830 1705
1556840 1705
1556850 1701
1556860 1696
1556870 1692
1556880 1692
1556890 1687
1556900 1684
1556910 1684
1556920 1680
1556930 1677
1556940 1677
1556950 1673
1556960 1670
1556970 1670
1556980 1667
1556990 1663
1557000 1663
1557010 1660
1557020 1657
1557030 1657
1557040 1653
1557050 1650
1557060 1647
1557070 1647
1557080 1645
1557090 1642
1557100 1642
1557110 1639
1557120 1636
1557130 1636
1557140 1633
1557150 1630
1557160 1630
1557170 1627
1557180 1626
1557190 1626
1557200 1625
1557210 1626
1557220 1626
1557230 1630
1557240 1633
1557250 1635
1557260 1635
1557270 1639
1557280 1642
1557290 1642
1557300 1646
1557310 1649
1557320 1649
1557330 1651
1557340 1655
1557350 1655
1557360 1658
1557370 1662
1557380 1662
1557390 1665
1557400 1668
1557410 1668
1557420 1672
1557430 1675
1557440 1677
1557450 1677
1557460 1679
1557470 1683
1557480 1683
1557490 1686
1557500 1689
1557510 1689
1557520 1692
1557530 1696
1557540 1696
1557550 1699
1557560 1702
1557570 1702
1557580 1705
1557590 1707
1557600 1707
1557610 1710
1557620 1712
1557630 1714
1557640 1714
1557650 1716
1557660 1718
1557670 1718
1557680 1719
1557690 1721
1557700 1721
1557710 1723
1557720 1725
1557730 1725
1557740 1727
1557750 1728
1557760 1728
1557770 1730
1557780 1731
1557790 1731
1557800 1732
1557810 1733
1557820 1734
1557830 1734
1557840 1735
1557850 1736
1557860 1736
1557870 1736
1557880 1737
1557890 1737
1557900 1738
1557910 1738
1557920 1738
1557930 1739
1557940 1740
1557950 1740
1557960 1740
1557970 1741
1557980 1741
1557990 1741
1558000 1742
1558010 1742
1558020 1742
1558030 1743
1558040 1744
1558050 1744
1558060 1745
1558070 1747
1558080 1747
1558090 1747
1558100 1747
1558110 1747
1558120 1748
1558130 1748
1558140 1748
1558150 1748
1558160 1748
1558170 1748
1558180 1748
1558190 1748
1558200 1747
1558210 1747
1558220 1746
1558230 1744
1558240 1744
1558250 1742
1558260 1740
1558270 1740
1558280 1738
1558290 1735
1558300 1735
1558310 1731
1558320 1727
1558330 1727
1558340 1722
1558350 1716
1558360 1716
1558370 1709
1558380 1702
1558390 1694
1558400 1694
1558410 1688
1558420 1683
1558430 1683
1558440 1677
1558450 1672
1558460 1672
1558470 1666
1558480 1660
1558490 1660
1558500 1654
1558510 1648
1558520 1648
1558530 1643
1558540 1638
1558550 1638
1558560 1633
1558570 1627
1558580 1622
1558590 1622
1558600 1619
1558610 1614
1558620 1614
1558630 1610
1558640 1605
1558650 1605
1558660 1601
1558670 1597
1558680 1597
1558690 1593
1558700 1589
1558710 1589
1558720 1585
1558730 1581
1558740 1581
1558750 1577
1558760 1573
1558770 1569
1558780 1569
1558790 1564
1558800 1560
1558810 1560
1558820 1556
1558830 1551
1558840 1551
1558850 1548
1558860 1544
1558870 1544
1558880 1540
1558890 1537
1558900 1537
1558910 1533
1558920 1527
1558930 1527
1558940 1523
1558950 1518
1558960 1513
1558970 1513
1558980 1509
1558990 1505
1559000 1505
1559010 1502
1559020 1498
1559030 1498
1559040 1494
1559050 1490
1559060 1490
1559070 1487
1559080 1484
1559090 1484
1559100 1481
1559110 1478
1559120 1478
1559130 1475
1559140 1472
1559150 1465
1559160 1465
1559170 1460
1559180 1455
1559190 1455
1559200 1451
1559210 1447
1559220 1447
1559230 1444
1559240 1441
1559250 1441
1559260 1437
1559270 1435
1559280 1435
1559290 1434
1559300 1426
1559310 1426
1559320 1419
1559330 1414
1559340 1410
1559350 1410
1559360 1406
1559370 1402
1559380 1402
1559390 1398
1559400 1394
1559410 1394
1559420 1390
1559430 1385
1559440 1385
1559450 1381
1559460 1377
1559470 1377
1559480 1374
1559490 1371
1559500 1371
1559510 1367
1559520 1362
1559530 1357
1559540 1357
1559550 1352
1559560 1348
1559570 1348
1559580 1345
1559590 1342
1559600 1342
1559610 1339
1559620 1334
1559630 1334
1559640 1330
1559650 1325
1559660 1325
1559670 1320
1559680 1315
1559690 1315
1559700 1311
1559710 1307
1559720 1299
1559730 1299
1559740 1291
1559750 1288
1559760 1288
1559770 1293
1559780 1283
1559790 1283
1559800 1275
1559810 1270
1559820 1270
1559830 1265
1559840 1260
1559850 1260
1559860 1256
1559870 1252
1559880 1252
1559890 1249
1559900 1246
1559910 1244
1559920 1244
1559930 1240
1559940 1236
1559950 1236
1559960 1232
1559970 1226
1559980 1226
1559990 1223
