1540000 1972
1540010 1967
1540020 1967
1540030 1963
1540040 1958
1540050 1958
1540060 1954
1540070 1952
1540080 1952
1540090 1951
1540100 1951
1540110 1949
1540120 1949
1540130 1947
1540140 1947
1540150 1947
1540160 1949
1540170 1955
1540180 1955
1540190 1962
1540200 1967
1540210 1967
1540220 1971
1540230 1973
1540240 1973
1540250 1974
1540260 1977
1540270 1977
1540280 1982
1540290 1987
1540300 1993
1540310 1993
1540320 2000
1540330 2004
1540340 2004
1540350 2004
1540360 2003
1540370 2003
1540380 2002
1540390 2001
1540400 2001
1540410 2001
1540420 2001
1540430 2001
1540440 2002
1540450 2005
1540460 2005
1540470 2008
1540480 2010
1540490 2011
1540500 2011
1540510 2011
1540520 2010
1540530 2010
1540540 2010
1540550 2011
1540560 2011
1540570 2013
1540580 2015
1540590 2015
1540600 2013
1540610 2008
1540620 2008
1540630 2002
1540640 2001
1540650 2001
1540660 2003
1540670 2004
1540680 2005
1540690 2005
1540700 2007
1540710 2009
1540720 2009
1540730 2010
1540740 2013
1540750 2013
1540760 2015
1540770 2018
1540780 2018
1540790 2020
1540800 2023
1540810 2023
1540820 2028
1540830 2034
1540840 2034
1540850 2041
1540860 2047
1540870 2055
1540880 2055
1540890 2066
1540900 2074
1540910 2074
1540920 2080
1540930 2089
1540940 2089
1540950 2096
1540960 2101
1540970 2101
1540980 2103
1540990 2104
1541000 2104
1541010 2101
1541020 2091
1541030 2091
1541040 2085
1541050 2079
1541060 2067
1541070 2067
1541080 2062
1541090 2053
1541100 2053
1541110 2046
1541120 2039
1541130 2039
1541140 2035
1541150 2033
1541160 2033
1541170 2032
1541180 2032
1541190 2032
1541200 2033
1541210 2032
1541220 2032
1541230 2029
1541240 2026
1541250 2021
1541260 2021
1541270 2014
1541280 2010
1541290 2010
1541300 2014
1541310 2020
1541320 2020
1541330 2023
1541340 2018
1541350 2018
1541360 2021
1541370 2026
1541380 2026
1541390 2029
1541400 2020
1541410 2020
1541420 2004
1541430 1992
1541440 1985
1541450 1985
1541460 1991
1541470 2006
1541480 2006
1541490 2015
1541500 2019
1541510 2019
1541520 2022
1541530 2025
1541540 2025
1541550 2030
1541560 2036
1541570 2036
1541580 2043
1541590 2050
1541600 2050
1541610 2058
1541620 2063
1541630 2065
1541640 2065
1541650 2070
1541660 2069
1541670 2069
1541680 2069
1541690 2068
1541700 2068
1541710 2068
1541720 2066
1541730 2066
1541740 2061
1541750 2059
1541760 2059
1541770 2054
1541780 2067
1541790 2067
1541800 2080
1541810 2086
1541820 2092
1541830 2092
1541840 2097
1541850 2101
1541860 2101
1541870 2112
1541880 2120
1541890 2120
1541900 2119
1541910 2112
1541920 2112
1541930 2116
1541940 2122
1541950 2122
1541960 2126
1541970 2130
1541980 2130
1541990 2136
1542000 2143
1542010 2151
1542020 2151
1542030 2161
1542040 2170
1542050 2170
1542060 2174
1542070 2176
1542080 2176
1542090 2182
1542100 2187
1542110 2187
1542120 2192
1542130 2197
1542140 2197
1542150 2202
1542160 2209
1542170 2209
1542180 2212
1542190 2208
1542200 2202
1542210 2202
1542220 2197
1542230 2191
1542240 2191
1542250 2184
1542260 2177
1542270 2177
1542280 2169
1542290 2161
1542300 2161
1542310 2152
1542320 2143
1542330 2143
1542340 2134
1542350 2129
1542360 2129
1542370 2126
1542380 2124
1542390 2120
1542400 2120
1542410 2115
1542420 2109
1542430 2109
1542440 2103
1542450 2098
1542460 2098
1542470 2095
1542480 2093
1542490 2093
1542500 2091
1542510 2086
1542520 2086
1542530 2081
1542540 2076
1542550 2076
1542560 2074
1542570 2074
1542580 2074
1542590 2074
1542600 2073
1542610 2072
1542620 2072
1542630 2071
1542640 2069
1542650 2069
1542660 2069
1542670 2071
1542680 2071
1542690 2074
1542700 2076
1542710 2076
1542720 2078
1542730 2078
1542740 2078
1542750 2078
1542760 2078
1542770 2078
1542780 2078
1542790 2078
1542800 2079
1542810 2079
1542820 2079
1542830 2079
1542840 2079
1542850 2079
1542860 2078
1542870 2078
1542880 2079
1542890 2080
1542900 2080
1542910 2081
1542920 2081
1542930 2081
1542940 2082
1542950 2083
1542960 2083
1542970 2083
1542980 2084
1542990 2085
1543000 2085
1543010 2085
1543020 2085
1543030 2085
1543040 2086
1543050 2087
1543060 2087
1543070 2088
1543080 2089
1543090 2089
1543100 2090
1543110 2090
1543120 2090
1543130 2090
1543140 2090
1543150 2090
1543160 2090
1543170 2090
1543180 2090
1543190 2090
1543200 2090
1543210 2090
1543220 2090
1543230 2089
1543240 2089
1543250 2089
1543260 2091
1543270 2090
1543280 2090
1543290 2089
1543300 2088
1543310 2088
1543320 2087
1543330 2086
1543340 2084
1543350 2084
1543360 2080
1543370 2075
1543380 2075
1543390 2067
1543400 2058
1543410 2058
1543420 2052
1543430 2045
1543440 2045
1543450 2036
1543460 2024
1543470 2024
1543480 2014
1543490 2006
1543500 2006
1543510 1999
1543520 1991
1543530 1982
1543540 1982
1543550 1974
1543560 1965
1543570 1965
1543580 1958
1543590 1949
1543600 1949
1543610 1942
1543620 1931
1543630 1931
1543640 1922
1543650 1912
1543660 1912
1543670 1904
1543680 1898
1543690 1898
1543700 1891
1543710 1884
1543720 1878
1543730 1878
1543740 1872
1543750 1866
1543760 1866
1543770 1859
1543780 1853
1543790 1853
1543800 1848
1543810 1842
1543820 1842
1543830 1837
1543840 1832
1543850 1832
1543860 1827
1543870 1822
1543880 1822
1543890 1818
1543900 1813
1543910 1808
1543920 1808
1543930 1804
1543940 1799
1543950 1799
1543960 1796
1543970 1793
1543980 1793
1543990 1790
1544000 1788
1544010 1788
1544020 1788
1544030 1787
1544040 1787
1544050 1788
1544060 1790
1544070 1790
1544080 1792
1544090 1795
1544100 1797
1544110 1797
1544120 1798
1544130 1800
1544140 1800
1544150 1802
1544160 1805
1544170 1805
1544180 1806
1544190 1807
1544200 1807
1544210 1805
1544220 1799
1544230 1799
1544240 1793
1544250 1788
1544260 1788
1544270 1786
1544280 1786
1544290 1787
1544300 1787
1544310 1788
1544320 1790
1544330 1790
1544340 1794
1544350 1798
1544360 1798
1544370 1800
1544380 1802
1544390 1802
1544400 1802
1544410 1795
1544420 1795
1544430 1788
1544440 1784
1544450 1784
1544460 1782
1544470 1784
1544480 1790
1544490 1790
1544500 1794
1544510 1800
1544520 1800
1544530 1804
1544540 1806
1544550 1806
1544560 1807
1544570 1806
1544580 1806
1544590 1806
1544600 1807
1544610 1807
1544620 1808
1544630 1807
1544640 1807
1544650 1804
1544660 1801
1544670 1800
1544680 1800
1544690 1798
1544700 1794
1544710 1794
1544720 1794
1544730 1795
1544740 1795
1544750 1798
1544760 1798
1544770 1798
1544780 1801
1544790 1804
1544800 1804
1544810 1806
1544820 1810
1544830 1810
1544840 1815
1544850 1820
1544860 1822
1544870 1822
1544880 1825
1544890 1829
1544900 1829
1544910 1832
1544920 1833
1544930 1833
1544940 1833
1544950 1831
1544960 1831
1544970 1827
1544980 1824
1544990 1824
1545000 1822
1545010 1819
1545020 1819
1545030 1819
1545040 1819
1545050 1819
1545060 1819
1545070 1819
1545080 1817
1545090 1817
1545100 1818
1545110 1823
1545120 1823
1545130 1827
1545140 1830
1545150 1830
1545160 1832
1545170 1833
1545180 1833
1545190 1834
1545200 1834
1545210 1834
1545220 1834
1545230 1834
1545240 1832
1545250 1832
1545260 1831
1545270 1829
1545280 1829
1545290 1828
1545300 1826
1545310 1826
1545320 1826
1545330 1827
1545340 1827
1545350 1826
1545360 1825
1545370 1825
1545380 1825
1545390 1827
1545400 1827
1545410 1829
1545420 1831
1545430 1833
1545440 1833
1545450 1836
1545460 1839
1545470 1839
1545480 1842
1545490 1844
1545500 1844
1545510 1845
1545520 1847
1545530 1847
1545540 1849
1545550 1852
1545560 1852
1545570 1857
1545580 1864
1545590 1864
1545600 1869
1545610 1873
1545620 1876
1545630 1876
1545640 1878
1545650 1883
1545660 1883
1545670 1889
1545680 1895
1545690 1895
1545700 1902
1545710 1908
1545720 1908
1545730 1914
1545740 1920
1545750 1920
1545760 1927
1545770 1935
1545780 1935
1545790 1944
1545800 1951
1545810 1959
1545820 1959
1545830 1966
1545840 1973
1545850 1973
1545860 1980
1545870 1989
1545880 1989
1545890 1997
1545900 2006
1545910 2006
1545920 2016
1545930 2025
1545940 2025
1545950 2032
1545960 2039
1545970 2039
1545980 2045
1545990 2051
1546000 2057
1546010 2057
1546020 2064
1546030 2072
1546040 2072
1546050 2080
1546060 2089
1546070 2089
1546080 2099
1546090 2104
1546100 2104
1546110 2107
1546120 2111
1546130 2111
1546140 2116
1546150 2122
1546160 2122
1546170 2122
1546180 2120
1546190 2120
1546200 2116
1546210 2112
1546220 2109
1546230 2109
1546240 2107
1546250 2104
1546260 2104
1546270 2100
1546280 2095
1546290 2095
1546300 2089
1546310 2084
1546320 2084
1546330 2079
1546340 2073
1546350 2073
1546360 2069
1546370 2065
1546380 2065
1546390 2061
1546400 2056
1546410 2051
1546420 2051
1546430 2047
1546440 2042
1546450 2042
1546460 2038
1546470 2035
1546480 2035
1546490 2032
1546500 2029
1546510 2029
1546520 2025
1546530 2021
1546540 2021
1546550 2019
1546560 2014
1546570 2014
1546580 2009
1546590 2005
1546600 2002
1546610 2002
1546620 1999
1546630 1995
1546640 1995
1546650 1993
1546660 1988
1546670 1988
1546680 1983
1546690 1980
1546700 1980
1546710 1977
1546720 1974
1546730 1974
1546740 1973
1546750 1972
1546760 1972
1546770 1971
1546780 1971
1546790 1972
1546800 1972
1546810 1971
1546820 1971
1546830 1971
1546840 1971
1546850 1973
1546860 1973
1546870 1977
1546880 1982
1546890 1982
1546900 1987
1546910 1989
1546920 1989
1546930 1989
1546940 1988
1546950 1988
1546960 1986
1546970 1983
1546980 1980
1546990 1980
1547000 1978
1547010 1976
1547020 1976
1547030 1973
1547040 1968
1547050 1968
1547060 1962
1547070 1954
1547080 1954
1547090 1943
1547100 1933
1547110 1933
1547120 1924
1547130 1917
1547140 1917
1547150 1910
1547160 1903
1547170 1897
1547180 1897
1547190 1892
1547200 1886
1547210 1886
1547220 1880
1547230 1875
1547240 1875
1547250 1871
1547260 1867
1547270 1867
1547280 1863
1547290 1862
1547300 1862
1547310 1861
1547320 1860
1547330 1860
1547340 1859
1547350 1858
1547360 1858
1547370 1858
1547380 1857
1547390 1854
1547400 1854
1547410 1853
1547420 1850
1547430 1850
1547440 1850
1547450 1849
1547460 1849
1547470 1848
1547480 1847
1547490 1847
1547500 1845
1547510 1844
1547520 1844
1547530 1842
1547540 1839
1547550 1837
1547560 1837
1547570 1838
1547580 1841
1547590 1841
1547600 1843
1547610 1846
1547620 1846
1547630 1850
1547640 1854
1547650 1854
1547660 1859
1547670 1863
1547680 1863
1547690 1868
1547700 1873
1547710 1873
1547720 1878
1547730 1885
1547740 1894
1547750 1894
1547760 1900
1547770 1906
1547780 1906
1547790 1912
1547800 1919
1547810 1919
1547820 1925
1547830 1931
1547840 1931
1547850 1940
1547860 1947
1547870 1947
1547880 1954
1547890 1961
1547900 1961
1547910 1966
1547920 1970
1547930 1974
1547940 1974
1547950 1977
1547960 1979
1547970 1979
1547980 1980
1547990 1983
1548000 1983
1548010 1991
1548020 1996
1548030 1996
1548040 1999
1548050 2005
1548060 2005
1548070 2011
1548080 2018
1548090 2018
1548100 2025
1548110 2032
1548120 2039
1548130 2039
1548140 2046
1548150 2053
1548160 2053
1548170 2059
1548180 2065
1548190 2065
1548200 2072
1548210 2078
1548220 2078
1548230 2085
1548240 2091
1548250 2091
1548260 2097
1548270 2103
1548280 2103
1548290 2108
1548300 2113
1548310 2117
1548320 2117
1548330 2120
1548340 2123
1548350 2123
1548360 2126
1548370 2129
1548380 2129
1548390 2130
1548400 2132
1548410 2132
1548420 2134
1548430 2136
1548440 2136
1548450 2139
1548460 2143
1548470 2143
1548480 2147
1548490 2152
1548500 2155
1548510 2155
1548520 2158
1548530 2162
1548540 2162
1548550 2165
1548560 2168
1548570 2168
1548580 2172
1548590 2175
1548600 2175
1548610 2181
1548620 2186
1548630 2186
1548640 2191
1548650 2196
1548660 2196
1548670 2199
1548680 2204
1548690 2208
1548700 2208
1548710 2211
1548720 2215
1548730 2215
1548740 2218
1548750 2221
1548760 2221
1548770 2223
1548780 2225
1548790 2225
1548800 2226
1548810 2228
1548820 2228
1548830 2230
1548840 2231
1548850 2231
1548860 2234
1548870 2235
1548880 2237
1548890 2237
1548900 2239
1548910 2241
1548920 2241
1548930 2242
1548940 2243
1548950 2243
1548960 2245
1548970 2247
1548980 2247
1548990 2248
1549000 2249
1549010 2249
1549020 2250
1549030 2251
1549040 2251
1549050 2252
1549060 2253
1549070 2255
1549080 2255
1549090 2257
1549100 2258
1549110 2258
1549120 2260
1549130 2261
1549140 2261
1549150 2261
1549160 2260
1549170 2260
1549180 2258
1549190 2254
1549200 2254
1549210 2249
1549220 2243
1549230 2243
1549240 2239
1549250 2235
1549260 2230
1549270 2230
1549280 2226
1549290 2223
1549300 2223
1549310 2220
1549320 2217
1549330 2217
1549340 2215
1549350 2212
1549360 2212
1549370 2210
1549380 2207
1549390 2207
1549400 2198
1549410 2195
1549420 2195
1549430 2191
1549440 2187
1549450 2181
1549460 2181
1549470 2177
1549480 2174
1549490 2174
1549500 2171
1549510 2169
1549520 2169
1549530 2164
1549540 2155
1549550 2155
1549560 2147
1549570 2141
1549580 2141
1549590 2134
1549600 2124
1549610 2124
1549620 2119
1549630 2116
1549640 2114
1549650 2114
1549660 2112
1549670 2111
1549680 2111
1549690 2109
1549700 2106
1549710 2106
1549720 2104
1549730 2102
1549740 2102
1549750 2102
1549760 2101
1549770 2101
1549780 2100
1549790 2098
1549800 2098
1549810 2097
1549820 2095
1549830 2091
1549840 2091
1549850 2087
1549860 2081
1549870 2081
1549880 2081
1549890 2084
1549900 2084
1549910 2087
1549920 2090
1549930 2090
1549940 2094
1549950 2097
1549960 2097
1549970 2098
1549980 2100
1549990 2100
1550000 2104
1550010 2110
1550020 2113
1550030 2113
1550040 2114
1550050 2112
1550060 2112
1550070 2110
1550080 2105
1550090 2105
1550100 2100
1550110 2095
1550120 2095
1550130 2090
1550140 2092
1550150 2092
1550160 2097
1550170 2102
1550180 2102
1550190 2106
1550200 2112
1550210 2120
1550220 2120
1550230 2125
1550240 2128
1550250 2128
1550260 2132
1550270 2137
1550280 2137
1550290 2140
1550300 2142
1550310 2142
1550320 2144
1550330 2148
1550340 2148
1550350 2152
1550360 2155
1550370 2155
1550380 2155
1550390 2155
1550400 2154
1550410 2154
1550420 2153
1550430 2153
1550440 2153
1550450 2152
1550460 2154
1550470 2154
1550480 2152
1550490 2154
1550500 2154
1550510 2155
1550520 2149
1550530 2149
1550540 2143
1550550 2140
1550560 2140
1550570 2132
1550580 2126
1550590 2119
1550600 2119
1550610 2112
1550620 2104
1550630 2104
1550640 2097
1550650 2091
1550660 2091
1550670 2088
1550680 2085
1550690 2085
1550700 2083
1550710 2083
1550720 2083
1550730 2085
1550740 2086
1550750 2086
1550760 2086
1550770 2087
1550780 2089
1550790 2089
1550800 2094
1550810 2093
1550820 2093
1550830 2093
1550840 2096
1550850 2096
1550860 2101
1550870 2103
1550880 2103
1550890 2107
1550900 2109
1550910 2109
1550920 2112
1550930 2121
1550940 2121
1550950 2132
1550960 2143
1550970 2154
1550980 2154
1550990 2156
1551000 2167
1551010 2167
1551020 2184
1551030 2179
1551040 2179
1551050 2167
1551060 2152
1551070 2152
1551080 2144
1551090 2144
1551100 2144
1551110 2151
1551120 2147
1551130 2147
1551140 2149
1551150 2157
1551160 2156
1551170 2156
1551180 2156
1551190 2162
1551200 2162
1551210 2175
1551220 2192
1551230 2192
1551240 2209
1551250 2212
1551260 2212
1551270 2211
1551280 2220
1551290 2220
1551300 2219
1551310 2216
1551320 2205
1551330 2204
1551340 2207
1551350 2207
1551360 2213
1551370 2214
1551380 2209
1551390 2209
1551400 2214
1551410 2226
1551420 2226
1551430 2229
1551440 2223
1551450 2223
1551460 2214
1551470 2204
1551480 2204
1551490 2194
1551500 2189
1551510 2189
1551520 2201
1551530 2214
1551540 2214
1551550 2225
1551560 2235
1551570 2240
1551580 2240
1551590 2243
1551600 2237
1551610 2237
1551620 2233
1551630 2232
1551640 2232
1551650 2232
1551660 2229
1551670 2229
1551680 2225
1551690 2226
1551700 2226
1551710 2230
1551720 2230
1551730 2230
1551740 2224
1551750 2213
1551760 2204
1551770 2204
1551780 2197
1551790 2191
1551800 2191
1551810 2185
1551820 2179
1551830 2179
1551840 2174
1551850 2168
1551860 2168
1551870 2162
1551880 2157
1551890 2157
1551900 2152
1551910 2147
1551920 2147
1551930 2143
1551940 2139
1551950 2134
1551960 2134
1551970 2129
1551980 2124
1551990 2124
1552000 2118
1552010 2112
1552020 2112
1552030 2105
1552040 2099
1552050 2099
1552060 2094
1552070 2089
1552080 2089
1552090 2085
1552100 2080
1552110 2080
1552120 2074
1552130 2072
1552140 2070
1552150 2070
1552160 2062
1552170 2051
1552180 2051
1552190 2037
1552200 2031
1552210 2031
1552220 2027
1552230 2024
1552240 2024
1552250 2025
1552260 2026
1552270 2026
1552280 2027
1552290 2026
1552300 2026
1552310 2024
1552320 2021
1552330 2019
1552340 2019
1552350 2019
1552360 2021
1552370 2021
1552380 2023
1552390 2022
1552400 2022
1552410 2022
1552420 2025
1552430 2025
1552440 2027
1552450 2030
1552460 2030
1552470 2032
1552480 2033
1552490 2033
1552500 2035
1552510 2037
1552520 2039
1552530 2039
1552540 2042
1552550 2044
1552560 2044
1552570 2046
1552580 2047
1552590 2047
1552600 2046
1552610 2045
1552620 2045
1552630 2046
1552640 2048
1552650 2048
1552660 2052
1552670 2056
1552680 2056
1552690 2061
1552700 2066
1552710 2073
1552720 2073
1552730 2084
1552740 2089
1552750 2089
1552760 2091
1552770 2097
1552780 2097
1552790 2100
1552800 2093
1552810 2093
1552820 2087
1552830 2082
1552840 2082
1552850 2076
1552860 2068
1552870 2068
1552880 2060
1552890 2052
1552900 2045
1552910 2045
1552920 2038
1552930 2029
1552940 2029
1552950 2020
1552960 2013
1552970 2013
1552980 2007
1552990 2003
1553000 2003
1553010 1999
1553020 1994
1553030 1994
1553040 1992
1553050 1990
1553060 1990
1553070 1987
1553080 1984
1553090 1983
1553100 1983
1553110 1983
1553120 1984
1553130 1984
1553140 1984
1553150 1985
1553160 1985
1553170 1985
1553180 1986
1553190 1990
1553200 1990
1553210 1990
1553220 1990
1553230 1989
1553240 1988
1553250 1988
1553260 1986
1553270 1984
1553280 1982
1553290 1982
1553300 1978
1553310 1973
1553320 1973
1553330 1969
1553340 1969
1553350 1969
1553360 1969
1553370 1969
1553380 1969
1553390 1970
1553400 1970
1553410 1970
1553420 1970
1553430 1970
1553440 1970
1553450 1971
1553460 1971
1553470 1971
1553480 1971
1553490 1971
1553500 1971
1553510 1971
1553520 1971
1553530 1970
1553540 1970
1553550 1970
1553560 1969
1553570 1969
1553580 1969
1553590 1968
1553600 1968
1553610 1967
1553620 1967
1553630 1967
1553640 1967
1553650 1967
1553660 1967
1553670 1967
1553680 1967
1553690 1967
1553700 1967
1553710 1967
1553720 1966
1553730 1966
1553740 1966
1553750 1966
1553760 1966
1553770 1966
1553780 1965
1553790 1965
1553800 1965
1553810 1964
1553820 1964
1553830 1962
1553840 1961
1553850 1960
1553860 1960
1553870 1959
1553880 1959
1553890 1959
1553900 1961
1553910 1962
1553920 1962
1553930 1964
1553940 1965
1553950 1965
1553960 1966
1553970 1967
1553980 1967
1553990 1968
1554000 1970
1554010 1970
1554020 1971
1554030 1972
1554040 1974
1554050 1974
1554060 1975
1554070 1977
1554080 1977
1554090 1979
1554100 1980
1554110 1980
1554120 1982
1554130 1984
1554140 1984
1554150 1985
1554160 1987
1554170 1987
1554180 1988
1554190 1989
1554200 1989
1554210 1990
1554220 1991
1554230 1991
1554240 1991
1554250 1992
1554260 1992
1554270 1992
1554280 1992
1554290 1992
1554300 1992
1554310 1993
1554320 1992
1554330 1992
1554340 1992
1554350 1992
1554360 1992
1554370 1992
1554380 1990
1554390 1990
1554400 1988
1554410 1986
1554420 1984
1554430 1984
1554440 1983
1554450 1983
1554460 1983
1554470 1981
1554480 1981
1554490 1981
1554500 1981
1554510 1981
1554520 1981
1554530 1980
1554540 1979
1554550 1979
1554560 1978
1554570 1978
1554580 1978
1554590 1977
1554600 1976
1554610 1976
1554620 1976
1554630 1974
1554640 1973
1554650 1973
1554660 1972
1554670 1971
1554680 1971
1554690 1970
1554700 1968
1554710 1968
1554720 1967
1554730 1966
1554740 1966
1554750 1965
1554760 1964
1554770 1964
1554780 1963
1554790 1962
1554800 1961
1554810 1961
1554820 1960
1554830 1959
1554840 1959
1554850 1958
1554860 1958
1554870 1958
1554880 1957
1554890 1956
1554900 1956
1554910 1956
1554920 1956
1554930 1956
1554940 1958
1554950 1959
1554960 1959
1554970 1960
1554980 1962
1554990 1962
1555000 1962
1555010 1967
1555020 1968
1555030 1968
1555040 1969
1555050 1970
1555060 1970
1555070 1971
1555080 1972
1555090 1972
1555100 1973
1555110 1974
1555120 1974
1555130 1975
1555140 1976
1555150 1976
1555160 1977
1555170 1978
1555180 1979
1555190 1979
1555200 1980
1555210 1981
1555220 1981
1555230 1982
1555240 1982
1555250 1982
1555260 1983
1555270 1984
1555280 1984
1555290 1985
1555300 1985
1555310 1985
1555320 1986
1555330 1987
1555340 1987
1555350 1987
1555360 1988
1555370 1988
1555380 1988
1555390 1988
1555400 1988
1555410 1988
1555420 1989
1555430 1989
1555440 1989
1555450 1989
1555460 1989
1555470 1989
1555480 1989
1555490 1989
1555500 1989
1555510 1989
1555520 1990
1555530 1990
1555540 1990
1555550 1990
1555560 1991
1555570 1991
1555580 1991
1555590 1991
1555600 1991
1555610 1991
1555620 1991
1555630 1991
1555640 1991
1555650 1992
1555660 1992
1555670 1992
1555680 1992
1555690 1992
1555700 1992
1555710 1993
1555720 1993
1555730 1993
1555740 1993
1555750 1994
1555760 1994
1555770 1994
1555780 1994
1555790 1994
1555800 1994
1555810 1994
1555820 1994
1555830 1994
1555840 1994
1555850 1994
1555860 1994
1555870 1994
1555880 1994
1555890 1994
1555900 1994
1555910 1994
1555920 1994
1555930 1993
1555940 1993
1555950 1993
1555960 1993
1555970 1992
1555980 1992
1555990 1992
1556000 1991
1556010 1991
1556020 1991
1556030 1990
1556040 1990
1556050 1989
1556060 1989
1556070 1989
1556080 1988
1556090 1987
1556100 1987
1556110 1987
1556120 1987
1556130 1988
1556140 1988
1556150 1988
1556160 1988
1556170 1988
1556180 1989
1556190 1991
1556200 1991
1556210 1992
1556220 1993
1556230 1993
1556240 1994
1556250 1995
1556260 1995
1556270 1996
1556280 1998
1556290 1998
1556300 2000
1556310 2003
1556320 2005
1556330 2005
1556340 2007
1556350 2009
1556360 2009
1556370 2012
1556380 2014
1556390 2014
1556400 2016
1556410 2018
1556420 2018
1556430 2019
1556440 2021
1556450 2021
1556460 2023
1556470 2025
1556480 2025
1556490 2026
1556500 2027
1556510 2027
1556520 2029
1556530 2030
1556540 2030
1556550 2030
1556560 2031
1556570 2032
1556580 2032
1556590 2033
1556600 2034
1556610 2034
1556620 2034
1556630 2034
1556640 2034
1556650 2034
1556660 2034
1556670 2034
1556680 2033
1556690 2031
1556700 2031
1556710 2028
1556720 2023
1556730 2017
1556740 2017
1556750 2011
1556760 2006
1556770 2006
1556780 2003
1556790 2000
1556800 2000
1556810 1997
1556820 1994
1556830 1994
1556840 1991
1556850 1987
1556860 1987
1556870 1985
1556880 1983
1556890 1983
1556900 1981
1556910 1979
1556920 1978
1556930 1978
1556940 1976
1556950 1976
1556960 1976
1556970 1975
1556980 1975
1556990 1975
1557000 1975
1557010 1975
1557020 1975
1557030 1975
1557040 1976
1557050 1976
1557060 1976
1557070 1976
1557080 1976
1557090 1977
1557100 1977
1557110 1977
1557120 1977
1557130 1977
1557140 1977
1557150 1977
1557160 1977
1557170 1977
1557180 1977
1557190 1978
1557200 1978
1557210 1978
1557220 1978
1557230 1978
1557240 1978
1557250 1978
1557260 1978
1557270 1978
1557280 1978
1557290 1978
1557300 1978
1557310 1978
1557320 1978
1557330 1979
1557340 1979
1557350 1980
1557360 1981
1557370 1981
1557380 1983
1557390 1983
1557400 1983
1557410 1984
1557420 1984
1557430 1984
1557440 1985
1557450 1986
1557460 1986
1557470 1986
1557480 1987
1557490 1987
1557500 1987
1557510 1988
1557520 1989
1557530 1989
1557540 1989
1557550 1989
1557560 1989
1557570 1990
1557580 1990
1557590 1990
1557600 1991
1557610 1992
1557620 1992
1557630 1993
1557640 1994
1557650 1994
1557660 1994
1557670 1995
1557680 1997
1557690 1997
1557700 1999
1557710 2001
1557720 2001
1557730 2002
1557740 2004
1557750 2004
1557760 2006
1557770 2007
1557780 2007
1557790 2008
1557800 2010
1557810 2010
1557820 2011
1557830 2011
1557840 2011
1557850 2011
1557860 2012
1557870 2013
1557880 2013
1557890 2014
1557900 2015
1557910 2015
1557920 2015
1557930 2016
1557940 2016
1557950 2015
1557960 2015
1557970 2015
1557980 2014
1557990 2013
1558000 2013
1558010 2013
1558020 2013
1558030 2013
1558040 2012
1558050 2010
1558060 2009
1558070 2009
1558080 2008
1558090 2007
1558100 2007
1558110 2006
1558120 2004
1558130 2004
1558140 2002
1558150 2000
1558160 2000
1558170 1998
1558180 1996
1558190 1996
1558200 1994
1558210 1992
1558220 1992
1558230 1989
1558240 1987
1558250 1984
1558260 1984
1558270 1981
1558280 1979
1558290 1979
1558300 1976
1558310 1973
1558320 1973
1558330 1970
1558340 1966
1558350 1966
1558360 1962
1558370 1958
1558380 1958
1558390 1955
1558400 1952
1558410 1952
1558420 1947
1558430 1943
1558440 1939
1558450 1939
1558460 1935
1558470 1931
1558480 1931
1558490 1927
1558500 1924
1558510 1927
1558520 1925
1558530 1923
1558540 1923
1558550 1921
1558560 1920
1558570 1920
1558580 1918
1558590 1915
1558600 1915
1558610 1914
1558620 1912
1558630 1910
1558640 1910
1558650 1908
1558660 1906
1558670 1906
1558680 1903
1558690 1901
1558700 1901
1558710 1899
1558720 1897
1558730 1897
1558740 1895
1558750 1893
1558760 1893
1558770 1890
1558780 1888
1558790 1888
1558800 1887
1558810 1884
1558820 1882
1558830 1882
1558840 1881
1558850 1879
1558860 1879
1558870 1878
1558880 1876
1558890 1876
1558900 1874
1558910 1873
1558920 1873
1558930 1871
1558940 1869
1558950 1869
1558960 1867
1558970 1865
1558980 1865
1558990 1863
1559000 1861
1559010 1859
1559020 1859
1559030 1857
1559040 1855
1559050 1855
1559060 1853
1559070 1851
1559080 1851
1559090 1849
1559100 1848
1559110 1848
1559120 1846
1559130 1844
1559140 1844
1559150 1842
1559160 1842
1559170 1842
1559180 1841
1559190 1839
1559200 1838
1559210 1838
1559220 1836
1559230 1836
1559240 1836
1559250 1835
1559260 1833
1559270 1833
1559280 1832
1559290 1831
1559300 1831
1559310 1830
1559320 1828
1559330 1828
1559340 1827
1559350 1826
1559360 1826
1559370 1824
1559380 1823
1559390 1822
1559400 1822
1559410 1820
1559420 1819
1559430 1819
1559440 1817
1559450 1815
1559460 1815
1559470 1814
1559480 1813
1559490 1813
1559500 1811
1559510 1810
1559520 1810
1559530 1807
1559540 1805
1559550 1805
1559560 1803
1559570 1802
1559580 1799
1559590 1799
1559600 1797
1559610 1794
1559620 1794
1559630 1791
1559640 1789
1559650 1789
1559660 1786
1559670 1784
1559680 1784
1559690 1781
1559700 1777
1559710 1777
1559720 1775
1559730 1773
1559740 1773
1559750 1771
1559760 1768
1559770 1766
1559780 1766
1559790 1763
1559800 1759
1559810 1759
1559820 1756
1559830 1752
1559840 1752
1559850 1748
1559860 1743
1559870 1743
1559880 1738
1559890 1731
1559900 1731
1559910 1724
1559920 1717
1559930 1717
1559940 1710
1559950 1702
1559960 1692
1559970 1692
1559980 1684
1559990 1677
