1540000 1735
1540010 1734
1540020 1732
1540030 1730
1540040 1730
1540050 1727
1540060 1725
1540070 1725
1540080 1723
1540090 1723
1540100 1723
1540110 1723
1540120 1724
1540130 1724
1540140 1726
1540150 1729
1540160 1732
1540170 1732
1540180 1734
1540190 1737
1540200 1737
1540210 1739
1540220 1742
1540230 1742
1540240 1744
1540250 1747
1540260 1747
1540270 1750
1540280 1753
1540290 1753
1540300 1756
1540310 1759
1540320 1759
1540330 1762
1540340 1766
1540350 1769
1540360 1769
1540370 1772
1540380 1775
1540390 1775
1540400 1777
1540410 1780
1540420 1780
1540430 1782
1540440 1784
1540450 1784
1540460 1786
1540470 1787
1540480 1787
1540490 1789
1540500 1789
1540510 1789
1540520 1790
1540530 1789
1540540 1789
1540550 1789
1540560 1790
1540570 1790
1540580 1790
1540590 1791
1540600 1793
1540610 1793
1540620 1794
1540630 1795
1540640 1795
1540650 1797
1540660 1799
1540670 1799
1540680 1800
1540690 1802
1540700 1802
1540710 1805
1540720 1807
1540730 1808
1540740 1808
1540750 1808
1540760 1807
1540770 1807
1540780 1806
1540790 1804
1540800 1804
1540810 1801
1540820 1800
1540830 1800
1540840 1798
1540850 1797
1540860 1797
1540870 1794
1540880 1792
1540890 1792
1540900 1792
1540910 1796
1540920 1799
1540930 1799
1540940 1801
1540950 1802
1540960 1802
1540970 1804
1540980 1804
1540990 1804
1541000 1805
1541010 1806
1541020 1806
1541030 1807
1541040 1809
1541050 1809
1541060 1810
1541070 1811
1541080 1811
1541090 1811
1541100 1812
1541110 1813
1541120 1813
1541130 1814
1541140 1815
1541150 1815
1541160 1816
1541170 1817
1541180 1817
1541190 1818
1541200 1819
1541210 1819
1541220 1821
1541230 1823
1541240 1823
1541250 1826
1541260 1828
1541270 1828
1541280 1831
1541290 1834
1541300 1837
1541310 1837
1541320 1841
1541330 1845
1541340 1845
1541350 1850
1541360 1855
1541370 1855
1541380 1861
1541390 1866
1541400 1866
1541410 1871
1541420 1874
1541430 1874
1541440 1876
1541450 1878
1541460 1878
1541470 1880
1541480 1882
1541490 1885
1541500 1885
1541510 1887
1541520 1890
1541530 1890
1541540 1893
1541550 1897
1541560 1897
1541570 1901
1541580 1904
1541590 1904
1541600 1908
1541610 1911
1541620 1911
1541630 1914
1541640 1917
1541650 1917
1541660 1919
1541670 1921
1541680 1923
1541690 1923
1541700 1926
1541710 1930
1541720 1930
1541730 1934
1541740 1939
1541750 1939
1541760 1943
1541770 1948
1541780 1948
1541790 1952
1541800 1957
1541810 1957
1541820 1961
1541830 1965
1541840 1965
1541850 1970
1541860 1974
1541870 1979
1541880 1979
1541890 1983
1541900 1988
1541910 1988
1541920 1992
1541930 1997
1541940 1997
1541950 2003
1541960 2008
1541970 2008
1541980 2013
1541990 2019
1542000 2019
1542010 2025
1542020 2030
1542030 2030
1542040 2035
1542050 2040
1542060 2045
1542070 2045
1542080 2050
1542090 2055
1542100 2055
1542110 2060
1542120 2065
1542130 2065
1542140 2070
1542150 2075
1542160 2075
1542170 2079
1542180 2084
1542190 2084
1542200 2089
1542210 2093
1542220 2093
1542230 2098
1542240 2103
1542250 2105
1542260 2105
1542270 2107
1542280 2107
1542290 2107
1542300 2106
1542310 2103
1542320 2103
1542330 2099
1542340 2094
1542350 2094
1542360 2088
1542370 2082
1542380 2082
1542390 2076
1542400 2070
1542410 2070
1542420 2063
1542430 2058
1542440 2054
1542450 2054
1542460 2050
1542470 2045
1542480 2045
1542490 2040
1542500 2037
1542510 2037
1542520 2036
1542530 2035
1542540 2035
1542550 2034
1542560 2034
1542570 2034
1542580 2033
1542590 2033
1542600 2033
1542610 2032
1542620 2030
1542630 2025
1542640 2025
1542650 2021
1542660 2016
1542670 2016
1542680 2011
1542690 2006
1542700 2006
1542710 2000
1542720 1996
1542730 1996
1542740 1992
1542750 1988
1542760 1988
1542770 1985
1542780 1984
1542790 1984
1542800 1983
1542810 1982
1542820 1982
1542830 1982
1542840 1982
1542850 1981
1542860 1981
1542870 1982
1542880 1983
1542890 1983
1542900 1984
1542910 1985
1542920 1985
1542930 1987
1542940 1989
1542950 1989
1542960 1990
1542970 1990
1542980 1990
1542990 1990
1543000 1990
1543010 1989
1543020 1989
1543030 1986
1543040 1983
1543050 1983
1543060 1980
1543070 1977
1543080 1977
1543090 1973
1543100 1968
1543110 1968
1543120 1964
1543130 1961
1543140 1961
1543150 1958
1543160 1955
1543170 1955
1543180 1952
1543190 1950
1543200 1950
1543210 1947
1543220 1943
1543230 1939
1543240 1939
1543250 1935
1543260 1930
1543270 1930
1543280 1925
1543290 1921
1543300 1921
1543310 1918
1543320 1916
1543330 1916
1543340 1914
1543350 1912
1543360 1912
1543370 1909
1543380 1905
1543390 1905
1543400 1903
1543410 1901
1543420 1898
1543430 1898
1543440 1896
1543450 1894
1543460 1894
1543470 1892
1543480 1891
1543490 1891
1543500 1889
1543510 1888
1543520 1888
1543530 1888
1543540 1888
1543550 1888
1543560 1887
1543570 1886
1543580 1886
1543590 1884
1543600 1881
1543610 1879
1543620 1879
1543630 1878
1543640 1878
1543650 1878
1543660 1878
1543670 1879
1543680 1879
1543690 1879
1543700 1878
1543710 1878
1543720 1876
1543730 1873
1543740 1873
1543750 1868
1543760 1863
1543770 1863
1543780 1860
1543790 1859
1543800 1858
1543810 1858
1543820 1858
1543830 1858
1543840 1858
1543850 1857
1543860 1858
1543870 1858
1543880 1859
1543890 1857
1543900 1857
1543910 1853
1543920 1850
1543930 1850
1543940 1849
1543950 1849
1543960 1849
1543970 1849
1543980 1849
1543990 1849
1544000 1849
1544010 1846
1544020 1842
1544030 1842
1544040 1836
1544050 1832
1544060 1832
1544070 1829
1544080 1827
1544090 1827
1544100 1824
1544110 1823
1544120 1823
1544130 1823
1544140 1821
1544150 1821
1544160 1819
1544170 1816
1544180 1814
1544190 1814
1544200 1813
1544210 1812
1544220 1812
1544230 1811
1544240 1809
1544250 1809
1544260 1810
1544270 1811
1544280 1811
1544290 1809
1544300 1804
1544310 1804
1544320 1800
1544330 1795
1544340 1795
1544350 1794
1544360 1794
1544370 1790
1544380 1790
1544390 1784
1544400 1778
1544410 1778
1544420 1777
1544430 1775
1544440 1775
1544450 1775
1544460 1775
1544470 1775
1544480 1775
1544490 1775
1544500 1775
1544510 1775
1544520 1775
1544530 1775
1544540 1775
1544550 1775
1544560 1775
1544570 1775
1544580 1775
1544590 1775
1544600 1775
1544610 1775
1544620 1775
1544630 1775
1544640 1775
1544650 1775
1544660 1775
1544670 1775
1544680 1775
1544690 1775
1544700 1775
1544710 1775
1544720 1775
1544730 1775
1544740 1775
1544750 1775
1544760 1775
1544770 1775
1544780 1775
1544790 1775
1544800 1775
1544810 1775
1544820 1775
1544830 1775
1544840 1775
1544850 1775
1544860 1775
1544870 1775
1544880 1775
1544890 1775
1544900 1776
1544910 1776
1544920 1778
1544930 1781
1544940 1783
1544950 1783
1544960 1784
1544970 1786
1544980 1786
1544990 1787
1545000 1789
1545010 1789
1545020 1792
1545030 1800
1545040 1800
1545050 1813
1545060 1820
1545070 1820
1545080 1823
1545090 1830
1545100 1830
1545110 1837
1545120 1839
1545130 1844
1545140 1844
1545150 1852
1545160 1853
1545170 1853
1545180 1848
1545190 1847
1545200 1847
1545210 1848
1545220 1848
1545230 1848
1545240 1848
1545250 1848
1545260 1848
1545270 1849
1545280 1851
1545290 1851
1545300 1854
1545310 1855
1545320 1856
1545330 1856
1545340 1855
1545350 1852
1545360 1852
1545370 1849
1545380 1846
1545390 1846
1545400 1844
1545410 1843
1545420 1843
1545430 1843
1545440 1842
1545450 1842
1545460 1843
1545470 1843
1545480 1843
1545490 1844
1545500 1845
1545510 1845
1545520 1845
1545530 1848
1545540 1853
1545550 1853
1545560 1858
1545570 1862
1545580 1862
1545590 1866
1545600 1871
1545610 1871
1545620 1876
1545630 1881
1545640 1881
1545650 1887
1545660 1894
1545670 1894
1545680 1899
1545690 1903
1545700 1906
1545710 1906
1545720 1907
1545730 1905
1545740 1905
1545750 1905
1545760 1907
1545770 1907
1545780 1910
1545790 1911
1545800 1911
1545810 1914
1545820 1917
1545830 1917
1545840 1920
1545850 1921
1545860 1921
1545870 1923
1545880 1924
1545890 1924
1545900 1924
1545910 1923
1545920 1923
1545930 1923
1545940 1923
1545950 1923
1545960 1923
1545970 1922
1545980 1920
1545990 1920
1546000 1918
1546010 1916
1546020 1916
1546030 1913
1546040 1910
1546050 1910
1546060 1907
1546070 1904
1546080 1900
1546090 1900
1546100 1898
1546110 1897
1546120 1897
1546130 1897
1546140 1897
1546150 1897
1546160 1896
1546170 1896
1546180 1896
1546190 1896
1546200 1897
1546210 1897
1546220 1897
1546230 1897
1546240 1897
1546250 1895
1546260 1895
1546270 1894
1546280 1894
1546290 1893
1546300 1892
1546310 1892
1546320 1890
1546330 1888
1546340 1888
1546350 1885
1546360 1883
1546370 1883
1546380 1880
1546390 1878
1546400 1878
1546410 1875
1546420 1873
1546430 1873
1546440 1871
1546450 1869
1546460 1867
1546470 1867
1546480 1869
1546490 1867
1546500 1867
1546510 1864
1546520 1861
1546530 1861
1546540 1858
1546550 1855
1546560 1855
1546570 1852
1546580 1848
1546590 1848
1546600 1845
1546610 1842
1546620 1842
1546630 1838
1546640 1834
1546650 1834
1546660 1831
1546670 1829
1546680 1827
1546690 1827
1546700 1826
1546710 1824
1546720 1824
1546730 1823
1546740 1822
1546750 1822
1546760 1819
1546770 1815
1546780 1815
1546790 1813
1546800 1811
1546810 1811
1546820 1807
1546830 1802
1546840 1802
1546850 1797
1546860 1792
1546870 1788
1546880 1788
1546890 1783
1546900 1779
1546910 1779
1546920 1775
1546930 1769
1546940 1769
1546950 1764
1546960 1760
1546970 1760
1546980 1755
1546990 1751
1547000 1751
1547010 1746
1547020 1741
1547030 1741
1547040 1735
1547050 1729
1547060 1725
1547070 1725
1547080 1722
1547090 1719
1547100 1719
1547110 1716
1547120 1712
1547130 1712
1547140 1708
1547150 1705
1547160 1705
1547170 1701
1547180 1697
1547190 1697
1547200 1693
1547210 1691
1547220 1691
1547230 1688
1547240 1685
1547250 1682
1547260 1682
1547270 1680
1547280 1682
1547290 1682
1547300 1683
1547310 1685
1547320 1685
1547330 1688
1547340 1692
1547350 1692
1547360 1696
1547370 1702
1547380 1702
1547390 1706
1547400 1710
1547410 1710
1547420 1714
1547430 1718
1547440 1722
1547450 1722
1547460 1726
1547470 1729
1547480 1729
1547490 1732
1547500 1736
1547510 1736
1547520 1741
1547530 1745
1547540 1745
1547550 1751
1547560 1756
1547570 1756
1547580 1762
1547590 1768
1547600 1768
1547610 1774
1547620 1781
1547630 1787
1547640 1787
1547650 1794
1547660 1802
1547670 1802
1547680 1810
1547690 1814
1547700 1814
1547710 1821
1547720 1827
1547730 1827
1547740 1834
1547750 1840
1547760 1840
1547770 1846
1547780 1852
1547790 1852
1547800 1859
1547810 1865
1547820 1872
1547830 1872
1547840 1879
1547850 1885
1547860 1885
1547870 1891
1547880 1896
1547890 1896
1547900 1902
1547910 1908
1547920 1908
1547930 1913
1547940 1919
1547950 1919
1547960 1924
1547970 1929
1547980 1929
1547990 1934
1548000 1940
1548010 1946
1548020 1946
1548030 1954
1548040 1959
1548050 1959
1548060 1964
1548070 1969
1548080 1969
1548090 1974
1548100 1979
1548110 1979
1548120 1984
1548130 1990
1548140 1990
1548150 1996
1548160 2001
1548170 2001
1548180 2006
1548190 2011
1548200 2016
1548210 2016
1548220 2020
1548230 2026
1548240 2026
1548250 2031
1548260 2037
1548270 2037
1548280 2043
1548290 2048
1548300 2048
1548310 2053
1548320 2057
1548330 2057
1548340 2062
1548350 2065
1548360 2065
1548370 2069
1548380 2073
1548390 2076
1548400 2076
1548410 2078
1548420 2080
1548430 2080
1548440 2079
1548450 2073
1548460 2073
1548470 2065
1548480 2051
1548490 2051
1548500 2042
1548510 2033
1548520 2033
1548530 2023
1548540 2012
1548550 2012
1548560 2001
1548570 1995
1548580 1990
1548590 1990
1548600 1986
1548610 1982
1548620 1982
1548630 1980
1548640 1976
1548650 1976
1548660 1973
1548670 1971
1548680 1971
1548690 1971
1548700 1972
1548710 1972
1548720 1972
1548730 1970
1548740 1970
1548750 1970
1548760 1968
1548770 1968
1548780 1968
1548790 1971
1548800 1976
1548810 1976
1548820 1978
1548830 1981
1548840 1981
1548850 1983
1548860 1984
1548870 1984
1548880 1986
1548890 1989
1548900 1989
1548910 1991
1548920 1991
1548930 1991
1548940 1990
1548950 1990
1548960 1983
1548970 1983
1548980 1976
1548990 1969
1549000 1969
1549010 1966
1549020 1961
1549030 1961
1549040 1954
1549050 1950
1549060 1950
1549070 1948
1549080 1945
1549090 1945
1549100 1942
1549110 1942
1549120 1942
1549130 1943
1549140 1944
1549150 1946
1549160 1946
1549170 1948
1549180 1955
1549190 1955
1549200 1958
1549210 1958
1549220 1958
1549230 1955
1549240 1947
1549250 1947
1549260 1929
1549270 1915
1549280 1915
1549290 1906
1549300 1901
1549310 1901
1549320 1896
1549330 1894
1549340 1894
1549350 1894
1549360 1894
1549370 1891
1549380 1891
1549390 1886
1549400 1882
1549410 1882
1549420 1882
1549430 1879
1549440 1879
1549450 1875
1549460 1872
1549470 1872
1549480 1869
1549490 1864
1549500 1864
1549510 1859
1549520 1857
1549530 1857
1549540 1854
1549550 1852
1549560 1851
1549570 1851
1549580 1851
1549590 1852
1549600 1852
1549610 1853
1549620 1854
1549630 1854
1549640 1855
1549650 1855
1549660 1855
1549670 1857
1549680 1858
1549690 1858
1549700 1859
1549710 1862
1549720 1862
1549730 1866
1549740 1870
1549750 1876
1549760 1876
1549770 1883
1549780 1889
1549790 1889
1549800 1896
1549810 1903
1549820 1903
1549830 1910
1549840 1917
1549850 1917
1549860 1924
1549870 1930
1549880 1930
1549890 1936
1549900 1943
1549910 1943
1549920 1949
1549930 1955
1549940 1961
1549950 1961
1549960 1964
1549970 1964
1549980 1964
1549990 1960
1550000 1949
1550010 1949
1550020 1937
1550030 1932
1550040 1932
1550050 1922
1550060 1913
1550070 1913
1550080 1906
1550090 1899
1550100 1899
1550110 1893
1550120 1887
1550130 1881
1550140 1881
1550150 1876
1550160 1872
1550170 1872
1550180 1868
1550190 1864
1550200 1864
1550210 1861
1550220 1857
1550230 1857
1550240 1853
1550250 1849
1550260 1849
1550270 1844
1550280 1839
1550290 1839
1550300 1836
1550310 1832
1550320 1830
1550330 1830
1550340 1829
1550350 1827
1550360 1827
1550370 1826
1550380 1824
1550390 1824
1550400 1822
1550410 1821
1550420 1821
1550430 1818
1550440 1818
1550450 1818
1550460 1817
1550470 1816
1550480 1816
1550490 1816
1550500 1815
1550510 1813
1550520 1813
1550530 1810
1550540 1807
1550550 1807
1550560 1805
1550570 1803
1550580 1803
1550590 1802
1550600 1803
1550610 1803
1550620 1807
1550630 1811
1550640 1811
1550650 1814
1550660 1815
1550670 1815
1550680 1816
1550690 1816
1550700 1814
1550710 1814
1550720 1813
1550730 1813
1550740 1813
1550750 1812
1550760 1809
1550770 1809
1550780 1809
1550790 1811
1550800 1811
1550810 1813
1550820 1814
1550830 1814
1550840 1815
1550850 1816
1550860 1816
1550870 1816
1550880 1814
1550890 1813
1550900 1813
1550910 1812
1550920 1811
1550930 1811
1550940 1809
1550950 1808
1550960 1808
1550970 1806
1550980 1805
1550990 1805
1551000 1807
1551010 1808
1551020 1808
1551030 1809
1551040 1810
1551050 1810
1551060 1811
1551070 1812
1551080 1814
1551090 1814
1551100 1817
1551110 1820
1551120 1820
1551130 1825
1551140 1829
1551150 1829
1551160 1834
1551170 1840
1551180 1840
1551190 1845
1551200 1849
1551210 1849
1551220 1855
1551230 1860
1551240 1860
1551250 1866
1551260 1872
1551270 1877
1551280 1877
1551290 1883
1551300 1888
1551310 1888
1551320 1892
1551330 1896
1551340 1896
1551350 1899
1551360 1903
1551370 1903
1551380 1907
1551390 1911
1551400 1911
1551410 1914
1551420 1917
1551430 1917
1551440 1922
1551450 1926
1551460 1931
1551470 1931
1551480 1936
1551490 1944
1551500 1944
1551510 1951
1551520 1958
1551530 1958
1551540 1964
1551550 1969
1551560 1969
1551570 1975
1551580 1981
1551590 1981
1551600 1988
1551610 1993
1551620 1993
1551630 1997
1551640 2000
1551650 2004
1551660 2004
1551670 2009
1551680 2014
1551690 2014
1551700 2019
1551710 2023
1551720 2023
1551730 2026
1551740 2028
1551750 2028
1551760 2030
1551770 2032
1551780 2032
1551790 2033
1551800 2036
1551810 2036
1551820 2040
1551830 2046
1551840 2051
1551850 2051
1551860 2056
1551870 2061
1551880 2061
1551890 2065
1551900 2068
1551910 2068
1551920 2071
1551930 2077
1551940 2077
1551950 2084
1551960 2090
1551970 2090
1551980 2097
1551990 2104
1552000 2104
1552010 2111
1552020 2117
1552030 2122
1552040 2122
1552050 2127
1552060 2130
1552070 2130
1552080 2135
1552090 2140
1552100 2140
1552110 2145
1552120 2150
1552130 2150
1552140 2155
1552150 2160
1552160 2160
1552170 2165
1552180 2170
1552190 2170
1552200 2174
1552210 2177
1552220 2181
1552230 2181
1552240 2183
1552250 2185
1552260 2185
1552270 2188
1552280 2190
1552290 2190
1552300 2191
1552310 2192
1552320 2188
1552330 2189
1552340 2191
1552350 2191
1552360 2193
1552370 2194
1552380 2194
1552390 2195
1552400 2196
1552410 2198
1552420 2198
1552430 2200
1552440 2202
1552450 2202
1552460 2204
1552470 2205
1552480 2205
1552490 2207
1552500 2211
1552510 2211
1552520 2213
1552530 2216
1552540 2216
1552550 2219
1552560 2223
1552570 2223
1552580 2227
1552590 2230
1552600 2230
1552610 2232
1552620 2234
1552630 2235
1552640 2235
1552650 2236
1552660 2231
1552670 2231
1552680 2224
1552690 2216
1552700 2216
1552710 2207
1552720 2193
1552730 2193
1552740 2184
1552750 2176
1552760 2176
1552770 2169
1552780 2167
1552790 2167
1552800 2157
1552810 2148
1552820 2140
1552830 2140
1552840 2134
1552850 2128
1552860 2128
1552870 2124
1552880 2124
1552890 2124
1552900 2122
1552910 2123
1552920 2123
1552930 2123
1552940 2118
1552950 2118
1552960 2119
1552970 2119
1552980 2119
1552990 2114
1553000 2112
1553010 2108
1553020 2108
1553030 2104
1553040 2104
1553050 2104
1553060 2106
1553070 2104
1553080 2104
1553090 2098
1553100 2090
1553110 2090
1553120 2082
1553130 2080
1553140 2080
1553150 2080
1553160 2080
1553170 2080
1553180 2080
1553190 2080
1553200 2081
1553210 2081
1553220 2082
1553230 2083
1553240 2083
1553250 2083
1553260 2080
1553270 2080
1553280 2074
1553290 2061
1553300 2061
1553310 2050
1553320 2043
1553330 2043
1553340 2038
1553350 2030
1553360 2030
1553370 2025
1553380 2019
1553390 2013
1553400 2013
1553410 2006
1553420 2000
1553430 2000
1553440 1994
1553450 1989
1553460 1989
1553470 1984
1553480 1983
1553490 1983
1553500 1982
1553510 1979
1553520 1979
1553530 1976
1553540 1972
1553550 1972
1553560 1970
1553570 1970
1553580 1970
1553590 1970
1553600 1970
1553610 1968
1553620 1968
1553630 1967
1553640 1969
1553650 1969
1553660 1971
1553670 1972
1553680 1972
1553690 1976
1553700 1978
1553710 1978
1553720 1978
1553730 1979
1553740 1979
1553750 1980
1553760 1980
1553770 1980
1553780 1980
1553790 1980
1553800 1982
1553810 1982
1553820 1982
1553830 1983
1553840 1983
1553850 1983
1553860 1983
1553870 1983
1553880 1982
1553890 1981
1553900 1981
1553910 1980
1553920 1980
1553930 1980
1553940 1979
1553950 1977
1553960 1977
1553970 1977
1553980 1976
1553990 1976
1554000 1976
1554010 1973
1554020 1973
1554030 1973
1554040 1973
1554050 1975
1554060 1975
1554070 1977
1554080 1981
1554090 1981
1554100 1983
1554110 1985
1554120 1985
1554130 1987
1554140 1988
1554150 1989
1554160 1989
1554170 1984
1554180 1987
1554190 1987
1554200 1990
1554210 1995
1554220 1995
1554230 2001
1554240 2006
1554250 2006
1554260 2011
1554270 2015
1554280 2015
1554290 2017
1554300 2018
1554310 2018
1554320 2018
1554330 2018
1554340 2018
1554350 2018
1554360 2017
1554370 2015
1554380 2015
1554390 2014
1554400 2019
1554410 2019
1554420 2023
1554430 2023
1554440 2023
1554450 2019
1554460 2018
1554470 2018
1554480 2020
1554490 2021
1554500 2021
1554510 2020
1554520 2016
1554530 2011
1554540 2011
1554550 2007
1554560 2003
1554570 2003
1554580 1997
1554590 1990
1554600 1990
1554610 1978
1554620 1968
1554630 1968
1554640 1961
1554650 1956
1554660 1956
1554670 1955
1554680 1955
1554690 1955
1554700 1953
1554710 1954
1554720 1959
1554730 1959
1554740 1960
1554750 1960
1554760 1960
1554770 1965
1554780 1972
1554790 1972
1554800 1976
1554810 1977
1554820 1977
1554830 1977
1554840 1976
1554850 1976
1554860 1974
1554870 1976
1554880 1976
1554890 1978
1554900 1980
1554910 1982
1554920 1982
1554930 1981
1554940 1978
1554950 1978
1554960 1979
1554970 1983
1554980 1983
1554990 1983
1555000 1982
1555010 1982
1555020 1983
1555030 1984
1555040 1984
1555050 1986
1555060 1990
1555070 1990
1555080 1994
1555090 1996
1555100 1999
1555110 1999
1555120 2000
1555130 2000
1555140 2000
1555150 2001
1555160 2004
1555170 2004
1555180 2005
1555190 2006
1555200 2006
1555210 2008
1555220 2011
1555230 2011
1555240 2014
1555250 2016
1555260 2016
1555270 2018
1555280 2020
1555290 2021
1555300 2021
1555310 2021
1555320 2022
1555330 2022
1555340 2023
1555350 2024
1555360 2024
1555370 2024
1555380 2025
1555390 2025
1555400 2026
1555410 2026
1555420 2026
1555430 2026
1555440 2026
1555450 2026
1555460 2026
1555470 2026
1555480 2026
1555490 2026
1555500 2026
1555510 2026
1555520 2026
1555530 2026
1555540 2027
1555550 2027
1555560 2027
1555570 2027
1555580 2027
1555590 2027
1555600 2028
1555610 2028
1555620 2029
1555630 2030
1555640 2030
1555650 2031
1555660 2032
1555670 2032
1555680 2033
1555690 2034
1555700 2035
1555710 2035
1555720 2036
1555730 2036
1555740 2036
1555750 2037
1555760 2038
1555770 2038
1555780 2039
1555790 2040
1555800 2040
1555810 2041
1555820 2043
1555830 2043
1555840 2044
1555850 2044
1555860 2044
1555870 2045
1555880 2046
1555890 2047
1555900 2047
1555910 2048
1555920 2048
1555930 2048
1555940 2049
1555950 2049
1555960 2045
1555970 2046
1555980 2047
1555990 2047
1556000 2047
1556010 2047
1556020 2047
1556030 2047
1556040 2049
1556050 2049
1556060 2050
1556070 2051
1556080 2051
1556090 2051
1556100 2052
1556110 2054
1556120 2054
1556130 2056
1556140 2058
1556150 2058
1556160 2059
1556170 2061
1556180 2061
1556190 2062
1556200 2064
1556210 2064
1556220 2067
1556230 2070
1556240 2070
1556250 2073
1556260 2075
1556270 2077
1556280 2077
1556290 2078
1556300 2081
1556310 2081
1556320 2085
1556330 2088
1556340 2088
1556350 2091
1556360 2094
1556370 2094
1556380 2097
1556390 2099
1556400 2099
1556410 2101
1556420 2106
1556430 2106
1556440 2109
1556450 2112
1556460 2114
1556470 2114
1556480 2115
1556490 2115
1556500 2115
1556510 2116
1556520 2116
1556530 2116
1556540 2112
1556550 2106
1556560 2106
1556570 2096
1556580 2087
1556590 2087
1556600 2079
1556610 2070
1556620 2070
1556630 2061
1556640 2053
1556650 2045
1556660 2045
1556670 2034
1556680 2027
1556690 2027
1556700 2019
1556710 2011
1556720 2011
1556730 2004
1556740 1997
1556750 1997
1556760 1988
1556770 1979
1556780 1979
1556790 1972
1556800 1967
1556810 1967
1556820 1962
1556830 1957
1556840 1954
1556850 1954
1556860 1951
1556870 1949
1556880 1949
1556890 1947
1556900 1946
1556910 1946
1556920 1944
1556930 1943
1556940 1943
1556950 1941
1556960 1938
1556970 1938
1556980 1937
1556990 1936
1557000 1936
1557010 1936
1557020 1935
1557030 1933
1557040 1933
1557050 1930
1557060 1929
1557070 1929
1557080 1929
1557090 1927
1557100 1927
1557110 1925
1557120 1920
1557130 1920
1557140 1917
1557150 1915
1557160 1915
1557170 1914
1557180 1911
1557190 1911
1557200 1910
1557210 1908
1557220 1906
1557230 1906
1557240 1906
1557250 1906
1557260 1906
1557270 1908
1557280 1912
1557290 1912
1557300 1913
1557310 1914
1557320 1914
1557330 1914
1557340 1912
1557350 1912
1557360 1911
1557370 1911
1557380 1911
1557390 1910
1557400 1908
1557410 1907
1557420 1907
1557430 1907
1557440 1909
1557450 1909
1557460 1911
1557470 1911
1557480 1911
1557490 1911
1557500 1912
1557510 1912
1557520 1914
1557530 1916
1557540 1916
1557550 1921
1557560 1925
1557570 1925
1557580 1927
1557590 1929
1557600 1935
1557610 1935
1557620 1940
1557630 1944
1557640 1944
1557650 1948
1557660 1947
1557670 1947
1557680 1944
1557690 1945
1557700 1945
1557710 1938
1557720 1942
1557730 1942
1557740 1944
1557750 1945
1557760 1945
1557770 1946
1557780 1950
1557790 1953
1557800 1953
1557810 1956
1557820 1957
1557830 1957
1557840 1959
1557850 1960
1557860 1960
1557870 1960
1557880 1960
1557890 1960
1557900 1961
1557910 1962
1557920 1962
1557930 1962
1557940 1963
1557950 1963
1557960 1965
1557970 1965
1557980 1963
1557990 1963
1558000 1961
1558010 1959
1558020 1959
1558030 1956
1558040 1955
1558050 1955
1558060 1954
1558070 1952
1558080 1952
1558090 1951
1558100 1949
1558110 1949
1558120 1948
1558130 1947
1558140 1947
1558150 1946
1558160 1945
1558170 1945
1558180 1945
1558190 1944
1558200 1944
1558210 1944
1558220 1944
1558230 1944
1558240 1944
1558250 1944
1558260 1944
1558270 1944
1558280 1945
1558290 1946
1558300 1946
1558310 1947
1558320 1947
1558330 1947
1558340 1948
1558350 1949
1558360 1950
1558370 1950
1558380 1950
1558390 1951
1558400 1951
1558410 1952
1558420 1952
1558430 1952
1558440 1952
1558450 1953
1558460 1953
1558470 1954
1558480 1954
1558490 1954
1558500 1955
1558510 1956
1558520 1956
1558530 1957
1558540 1957
1558550 1957
1558560 1958
1558570 1959
1558580 1960
1558590 1960
1558600 1960
1558610 1960
1558620 1960
1558630 1961
1558640 1962
1558650 1962
1558660 1963
1558670 1963
1558680 1963
1558690 1964
1558700 1964
1558710 1964
1558720 1965
1558730 1966
1558740 1966
1558750 1967
1558760 1968
1558770 1968
1558780 1968
1558790 1969
1558800 1970
1558810 1970
1558820 1971
1558830 1972
1558840 1972
1558850 1973
1558860 1975
1558870 1975
1558880 1975
1558890 1976
1558900 1976
1558910 1977
1558920 1978
1558930 1978
1558940 1979
1558950 1980
1558960 1981
1558970 1981
1558980 1982
1558990 1983
1559000 1983
1559010 1984
1559020 1985
1559030 1985
1559040 1986
1559050 1988
1559060 1988
1559070 1989
1559080 1990
1559090 1990
1559100 1990
1559110 1991
1559120 1991
1559130 1992
1559140 1993
1559150 1994
1559160 1994
1559170 1994
1559180 1994
1559190 1994
1559200 1994
1559210 1994
1559220 1994
1559230 1994
1559240 1993
1559250 1993
1559260 1993
1559270 1992
1559280 1992
1559290 1992
1559300 1991
1559310 1991
1559320 1990
1559330 1989
1559340 1988
1559350 1988
1559360 1987
1559370 1986
1559380 1986
1559390 1984
1559400 1983
1559410 1983
1559420 1982
1559430 1981
1559440 1981
1559450 1980
1559460 1979
1559470 1979
1559480 1978
1559490 1977
1559500 1977
1559510 1976
1559520 1975
1559530 1974
1559540 1974
1559550 1973
1559560 1972
1559570 1972
1559580 1970
1559590 1968
1559600 1968
1559610 1966
1559620 1965
1559630 1965
1559640 1964
1559650 1962
1559660 1962
1559670 1961
1559680 1960
1559690 1960
1559700 1959
1559710 1958
1559720 1957
1559730 1957
1559740 1955
1559750 1951
1559760 1951
1559770 1947
1559780 1942
1559790 1942
1559800 1937
1559810 1933
1559820 1933
1559830 1928
1559840 1924
1559850 1924
1559860 1921
1559870 1919
1559880 1919
1559890 1918
1559900 1917
1559910 1916
1559920 1916
1559930 1916
1559940 1914
1559950 1914
1559960 1911
1559970 1908
1559980 1908
1559990 1905
