1540000 1860
1540010 1861
1540020 1861
1540030 1862
1540040 1865
1540050 1865
1540060 1866
1540070 1869
1540080 1869
1540090 1872
1540100 1874
1540110 1874
1540120 1876
1540130 1879
1540140 1879
1540150 1881
1540160 1882
1540170 1882
1540180 1884
1540190 1887
1540200 1889
1540210 1889
1540220 1889
1540230 1885
1540240 1885
1540250 1885
1540260 1885
1540270 1885
1540280 1884
1540290 1883
1540300 1883
1540310 1882
1540320 1881
1540330 1881
1540340 1880
1540350 1881
1540360 1881
1540370 1882
1540380 1885
1540390 1888
1540400 1888
1540410 1888
1540420 1888
1540430 1888
1540440 1890
1540450 1891
1540460 1891
1540470 1892
1540480 1893
1540490 1893
1540500 1895
1540510 1898
1540520 1898
1540530 1903
1540540 1907
1540550 1907
1540560 1910
1540570 1913
1540580 1916
1540590 1916
1540600 1919
1540610 1922
1540620 1922
1540630 1925
1540640 1927
1540650 1927
1540660 1928
1540670 1930
1540680 1930
1540690 1932
1540700 1934
1540710 1934
1540720 1935
1540730 1936
1540740 1936
1540750 1936
1540760 1937
1540770 1937
1540780 1938
1540790 1938
1540800 1935
1540810 1935
1540820 1932
1540830 1929
1540840 1929
1540850 1925
1540860 1920
1540870 1920
1540880 1913
1540890 1907
1540900 1907
1540910 1902
1540920 1897
1540930 1897
1540940 1894
1540950 1891
1540960 1891
1540970 1888
1540980 1886
1540990 1884
1541000 1884
1541010 1882
1541020 1879
1541030 1879
1541040 1876
1541050 1870
1541060 1870
1541070 1865
1541080 1862
1541090 1862
1541100 1861
1541110 1861
1541120 1861
1541130 1860
1541140 1858
1541150 1858
1541160 1856
1541170 1853
1541180 1850
1541190 1850
1541200 1848
1541210 1845
1541220 1845
1541230 1842
1541240 1840
1541250 1840
1541260 1839
1541270 1838
1541280 1838
1541290 1838
1541300 1838
1541310 1838
1541320 1838
1541330 1839
1541340 1839
1541350 1840
1541360 1841
1541370 1843
1541380 1843
1541390 1845
1541400 1845
1541410 1845
1541420 1846
1541430 1848
1541440 1848
1541450 1850
1541460 1852
1541470 1852
1541480 1853
1541490 1855
1541500 1855
1541510 1858
1541520 1861
1541530 1861
1541540 1864
1541550 1869
1541560 1872
1541570 1872
1541580 1876
1541590 1880
1541600 1880
1541610 1884
1541620 1887
1541630 1887
1541640 1890
1541650 1894
1541660 1894
1541670 1897
1541680 1901
1541690 1901
1541700 1905
1541710 1908
1541720 1908
1541730 1911
1541740 1913
1541750 1916
1541760 1916
1541770 1919
1541780 1922
1541790 1922
1541800 1925
1541810 1929
1541820 1929
1541830 1932
1541840 1936
1541850 1936
1541860 1941
1541870 1946
1541880 1946
1541890 1950
1541900 1955
1541910 1955
1541920 1960
1541930 1965
1541940 1970
1541950 1970
1541960 1974
1541970 1980
1541980 1980
1541990 1987
1542000 1994
1542010 1994
1542020 2002
1542030 2009
1542040 2009
1542050 2017
1542060 2025
1542070 2025
1542080 2033
1542090 2041
1542100 2041
1542110 2050
1542120 2059
1542130 2066
1542140 2066
1542150 2073
1542160 2080
1542170 2080
1542180 2087
1542190 2093
1542200 2093
1542210 2099
1542220 2106
1542230 2106
1542240 2113
1542250 2119
1542260 2119
1542270 2125
1542280 2131
1542290 2131
1542300 2136
1542310 2141
1542320 2147
1542330 2147
1542340 2152
1542350 2157
1542360 2157
1542370 2162
1542380 2167
1542390 2167
1542400 2172
1542410 2176
1542420 2176
1542430 2178
1542440 2178
1542450 2178
1542460 2175
1542470 2175
1542480 2175
1542490 2174
1542500 2173
1542510 2171
1542520 2171
1542530 2169
1542540 2167
1542550 2167
1542560 2163
1542570 2159
1542580 2159
1542590 2156
1542600 2153
1542610 2153
1542620 2146
1542630 2141
1542640 2141
1542650 2137
1542660 2132
1542670 2132
1542680 2126
1542690 2120
1542700 2115
1542710 2115
1542720 2109
1542730 2103
1542740 2103
1542750 2098
1542760 2098
1542770 2098
1542780 2100
1542790 2102
1542800 2102
1542810 2101
1542820 2099
1542830 2099
1542840 2097
1542850 2093
1542860 2093
1542870 2087
1542880 2082
1542890 2079
1542900 2079
1542910 2075
1542920 2072
1542930 2072
1542940 2069
1542950 2065
1542960 2065
1542970 2062
1542980 2061
1542990 2061
1543000 2060
1543010 2061
1543020 2061
1543030 2059
1543040 2054
1543050 2054
1543060 2050
1543070 2052
1543080 2052
1543090 2052
1543100 2053
1543110 2051
1543120 2051
1543130 2049
1543140 2047
1543150 2047
1543160 2045
1543170 2042
1543180 2042
1543190 2039
1543200 2034
1543210 2034
1543220 2031
1543230 2028
1543240 2028
1543250 2024
1543260 2020
1543270 2015
1543280 2015
1543290 2010
1543300 2005
1543310 2005
1543320 2000
1543330 1996
1543340 1996
1543350 1990
1543360 1986
1543370 1986
1543380 1983
1543390 1981
1543400 1981
1543410 1980
1543420 1980
1543430 1980
1543440 1980
1543450 1980
1543460 1979
1543470 1979
1543480 1978
1543490 1975
1543500 1975
1543510 1972
1543520 1968
1543530 1968
1543540 1965
1543550 1963
1543560 1963
1543570 1962
1543580 1961
1543590 1961
1543600 1961
1543610 1960
1543620 1960
1543630 1959
1543640 1958
1543650 1956
1543660 1956
1543670 1955
1543680 1955
1543690 1955
1543700 1955
1543710 1955
1543720 1955
1543730 1954
1543740 1952
1543750 1952
1543760 1948
1543770 1945
1543780 1945
1543790 1943
1543800 1941
1543810 1941
1543820 1936
1543830 1934
1543840 1932
1543850 1932
1543860 1926
1543870 1911
1543880 1911
1543890 1899
1543900 1890
1543910 1890
1543920 1882
1543930 1874
1543940 1874
1543950 1867
1543960 1859
1543970 1859
1543980 1853
1543990 1850
1544000 1850
1544010 1849
1544020 1848
1544030 1847
1544040 1847
1544050 1845
1544060 1843
1544070 1843
1544080 1842
1544090 1843
1544100 1843
1544110 1842
1544120 1835
1544130 1835
1544140 1828
1544150 1822
1544160 1822
1544170 1817
1544180 1815
1544190 1815
1544200 1816
1544210 1821
1544220 1827
1544230 1827
1544240 1831
1544250 1828
1544260 1828
1544270 1822
1544280 1816
1544290 1816
1544300 1810
1544310 1806
1544320 1806
1544330 1800
1544340 1793
1544350 1793
1544360 1787
1544370 1782
1544380 1782
1544390 1778
1544400 1777
1544410 1775
1544420 1775
1544430 1775
1544440 1775
1544450 1775
1544460 1775
1544470 1775
1544480 1775
1544490 1777
1544500 1778
1544510 1778
1544520 1777
1544530 1775
1544540 1775
1544550 1775
1544560 1775
1544570 1775
1544580 1775
1544590 1775
1544600 1775
1544610 1775
1544620 1777
1544630 1779
1544640 1779
1544650 1776
1544660 1775
1544670 1775
1544680 1775
1544690 1775
1544700 1775
1544710 1775
1544720 1775
1544730 1775
1544740 1775
1544750 1775
1544760 1775
1544770 1775
1544780 1775
1544790 1779
1544800 1779
1544810 1783
1544820 1784
1544830 1784
1544840 1786
1544850 1787
1544860 1787
1544870 1786
1544880 1786
1544890 1786
1544900 1789
1544910 1790
1544920 1790
1544930 1791
1544940 1792
1544950 1792
1544960 1793
1544970 1794
1544980 1794
1544990 1796
1545000 1799
1545010 1800
1545020 1800
1545030 1801
1545040 1802
1545050 1802
1545060 1803
1545070 1804
1545080 1804
1545090 1805
1545100 1806
1545110 1806
1545120 1806
1545130 1807
1545140 1807
1545150 1808
1545160 1809
1545170 1809
1545180 1810
1545190 1812
1545200 1815
1545210 1815
1545220 1817
1545230 1817
1545240 1817
1545250 1818
1545260 1821
1545270 1821
1545280 1823
1545290 1827
1545300 1827
1545310 1830
1545320 1833
1545330 1833
1545340 1834
1545350 1834
1545360 1834
1545370 1835
1545380 1836
1545390 1836
1545400 1836
1545410 1835
1545420 1835
1545430 1835
1545440 1837
1545450 1841
1545460 1841
1545470 1846
1545480 1853
1545490 1853
1545500 1858
1545510 1861
1545520 1861
1545530 1868
1545540 1873
1545550 1873
1545560 1878
1545570 1883
1545580 1889
1545590 1889
1545600 1896
1545610 1903
1545620 1903
1545630 1909
1545640 1913
1545650 1913
1545660 1918
1545670 1923
1545680 1923
1545690 1928
1545700 1933
1545710 1933
1545720 1938
1545730 1942
1545740 1942
1545750 1949
1545760 1957
1545770 1965
1545780 1965
1545790 1971
1545800 1975
1545810 1975
1545820 1980
1545830 1986
1545840 1986
1545850 1993
1545860 1999
1545870 1999
1545880 2004
1545890 2009
1545900 2009
1545910 2015
1545920 2017
1545930 2017
1545940 2017
1545950 2017
1545960 2016
1545970 2016
1545980 2018
1545990 2021
1546000 2021
1546010 2020
1546020 2017
1546030 2017
1546040 2012
1546050 2009
1546060 2009
1546070 2008
1546080 2005
1546090 2005
1546100 2001
1546110 1998
1546120 1998
1546130 1994
1546140 1990
1546150 1983
1546160 1983
1546170 1974
1546180 1966
1546190 1966
1546200 1959
1546210 1952
1546220 1952
1546230 1946
1546240 1941
1546250 1941
1546260 1936
1546270 1932
1546280 1932
1546290 1927
1546300 1920
1546310 1920
1546320 1915
1546330 1909
1546340 1904
1546350 1904
1546360 1900
1546370 1896
1546380 1896
1546390 1894
1546400 1894
1546410 1894
1546420 1894
1546430 1892
1546440 1892
1546450 1890
1546460 1888
1546470 1888
1546480 1887
1546490 1884
1546500 1884
1546510 1879
1546520 1871
1546530 1863
1546540 1863
1546550 1857
1546560 1850
1546570 1850
1546580 1844
1546590 1839
1546600 1839
1546610 1834
1546620 1832
1546630 1832
1546640 1830
1546650 1830
1546660 1830
1546670 1829
1546680 1829
1546690 1829
1546700 1829
1546710 1829
1546720 1830
1546730 1830
1546740 1830
1546750 1831
1546760 1831
1546770 1831
1546780 1831
1546790 1831
1546800 1831
1546810 1830
1546820 1830
1546830 1830
1546840 1829
1546850 1829
1546860 1829
1546870 1828
1546880 1828
1546890 1827
1546900 1826
1546910 1826
1546920 1826
1546930 1825
1546940 1825
1546950 1825
1546960 1824
1546970 1824
1546980 1824
1546990 1823
1547000 1821
1547010 1821
1547020 1821
1547030 1820
1547040 1820
1547050 1819
1547060 1819
1547070 1819
1547080 1818
1547090 1817
1547100 1814
1547110 1814
1547120 1812
1547130 1809
1547140 1809
1547150 1807
1547160 1806
1547170 1806
1547180 1804
1547190 1802
1547200 1802
1547210 1800
1547220 1796
1547230 1796
1547240 1793
1547250 1792
1547260 1792
1547270 1792
1547280 1792
1547290 1792
1547300 1792
1547310 1795
1547320 1795
1547330 1795
1547340 1792
1547350 1790
1547360 1790
1547370 1788
1547380 1786
1547390 1786
1547400 1784
1547410 1781
1547420 1781
1547430 1778
1547440 1775
1547450 1775
1547460 1772
1547470 1769
1547480 1766
1547490 1766
1547500 1765
1547510 1764
1547520 1764
1547530 1766
1547540 1770
1547550 1770
1547560 1774
1547570 1777
1547580 1777
1547590 1780
1547600 1783
1547610 1783
1547620 1785
1547630 1788
1547640 1788
1547650 1791
1547660 1794
1547670 1796
1547680 1796
1547690 1799
1547700 1803
1547710 1803
1547720 1807
1547730 1810
1547740 1810
1547750 1814
1547760 1817
1547770 1817
1547780 1821
1547790 1826
1547800 1826
1547810 1830
1547820 1835
1547830 1835
1547840 1839
1547850 1843
1547860 1849
1547870 1849
1547880 1854
1547890 1860
1547900 1860
1547910 1866
1547920 1871
1547930 1871
1547940 1877
1547950 1882
1547960 1882
1547970 1891
1547980 1899
1547990 1899
1548000 1902
1548010 1902
1548020 1902
1548030 1903
1548040 1904
1548050 1906
1548060 1906
1548070 1911
1548080 1918
1548090 1918
1548100 1924
1548110 1930
1548120 1930
1548130 1935
1548140 1941
1548150 1941
1548160 1947
1548170 1953
1548180 1953
1548190 1960
1548200 1966
1548210 1966
1548220 1972
1548230 1978
1548240 1984
1548250 1984
1548260 1990
1548270 1996
1548280 1996
1548290 2002
1548300 2008
1548310 2008
1548320 2014
1548330 2018
1548340 2018
1548350 2024
1548360 2030
1548370 2030
1548380 2036
1548390 2043
1548400 2043
1548410 2050
1548420 2056
1548430 2061
1548440 2061
1548450 2067
1548460 2073
1548470 2073
1548480 2076
1548490 2080
1548500 2080
1548510 2087
1548520 2094
1548530 2094
1548540 2101
1548550 2108
1548560 2108
1548570 2113
1548580 2118
1548590 2118
1548600 2120
1548610 2121
1548620 2123
1548630 2123
1548640 2126
1548650 2128
1548660 2128
1548670 2129
1548680 2130
1548690 2130
1548700 2130
1548710 2130
1548720 2130
1548730 2129
1548740 2125
1548750 2125
1548760 2121
1548770 2117
1548780 2117
1548790 2113
1548800 2110
1548810 2108
1548820 2108
1548830 2106
1548840 2105
1548850 2105
1548860 2104
1548870 2103
1548880 2103
1548890 2103
1548900 2102
1548910 2102
1548920 2102
1548930 2101
1548940 2101
1548950 2101
1548960 2101
1548970 2101
1548980 2102
1548990 2102
1549000 2102
1549010 2104
1549020 2107
1549030 2109
1549040 2109
1549050 2112
1549060 2113
1549070 2113
1549080 2114
1549090 2115
1549100 2115
1549110 2117
1549120 2118
1549130 2118
1549140 2120
1549150 2122
1549160 2122
1549170 2125
1549180 2128
1549190 2128
1549200 2130
1549210 2132
1549220 2135
1549230 2135
1549240 2137
1549250 2139
1549260 2139
1549270 2141
1549280 2143
1549290 2143
1549300 2143
1549310 2141
1549320 2141
1549330 2137
1549340 2131
1549350 2131
1549360 2125
1549370 2118
1549380 2118
1549390 2111
1549400 2104
1549410 2097
1549420 2097
1549430 2088
1549440 2069
1549450 2069
1549460 2056
1549470 2049
1549480 2049
1549490 2046
1549500 2043
1549510 2043
1549520 2039
1549530 2042
1549540 2042
1549550 2044
1549560 2044
1549570 2044
1549580 2042
1549590 2039
1549600 2035
1549610 2035
1549620 2034
1549630 2034
1549640 2034
1549650 2033
1549660 2030
1549670 2030
1549680 2029
1549690 2026
1549700 2026
1549710 2021
1549720 2015
1549730 2015
1549740 2010
1549750 2005
1549760 2005
1549770 2000
1549780 1997
1549790 1994
1549800 1994
1549810 1992
1549820 1993
1549830 1993
1549840 1997
1549850 2000
1549860 2000
1549870 2004
1549880 2005
1549890 2005
1549900 2002
1549910 1995
1549920 1995
1549930 1982
1549940 1968
1549950 1968
1549960 1953
1549970 1942
1549980 1938
1549990 1938
1550000 1934
1550010 1931
1550020 1931
1550030 1930
1550040 1934
1550050 1934
1550060 1938
1550070 1941
1550080 1941
1550090 1943
1550100 1944
1550110 1944
1550120 1943
1550130 1941
1550140 1941
1550150 1938
1550160 1934
1550170 1928
1550180 1928
1550190 1924
1550200 1926
1550210 1926
1550220 1922
1550230 1917
1550240 1917
1550250 1917
1550260 1923
1550270 1923
1550280 1930
1550290 1931
1550300 1931
1550310 1927
1550320 1928
1550330 1928
1550340 1931
1550350 1936
1550360 1943
1550370 1943
1550380 1947
1550390 1948
1550400 1948
1550410 1951
1550420 1951
1550430 1951
1550440 1943
1550450 1932
1550460 1932
1550470 1932
1550480 1938
1550490 1938
1550500 1935
1550510 1927
1550520 1927
1550530 1924
1550540 1919
1550550 1922
1550560 1922
1550570 1923
1550580 1921
1550590 1921
1550600 1919
1550610 1919
1550620 1910
1550630 1910
1550640 1910
1550650 1910
1550660 1910
1550670 1910
1550680 1910
1550690 1909
1550700 1908
1550710 1908
1550720 1906
1550730 1903
1550740 1900
1550750 1900
1550760 1900
1550770 1901
1550780 1901
1550790 1904
1550800 1905
1550810 1905
1550820 1907
1550830 1909
1550840 1909
1550850 1910
1550860 1911
1550870 1911
1550880 1912
1550890 1912
1550900 1912
1550910 1912
1550920 1912
1550930 1910
1550940 1910
1550950 1908
1550960 1906
1550970 1906
1550980 1903
1550990 1901
1551000 1901
1551010 1903
1551020 1907
1551030 1907
1551040 1910
1551050 1912
1551060 1912
1551070 1913
1551080 1914
1551090 1914
1551100 1915
1551110 1916
1551120 1917
1551130 1917
1551140 1919
1551150 1921
1551160 1921
1551170 1923
1551180 1924
1551190 1924
1551200 1926
1551210 1927
1551220 1927
1551230 1928
1551240 1929
1551250 1929
1551260 1930
1551270 1932
1551280 1932
1551290 1935
1551300 1940
1551310 1947
1551320 1947
1551330 1953
1551340 1959
1551350 1959
1551360 1962
1551370 1964
1551380 1964
1551390 1966
1551400 1969
1551410 1969
1551420 1973
1551430 1978
1551440 1978
1551450 1984
1551460 1992
1551470 1992
1551480 1999
1551490 2005
1551500 2011
1551510 2011
1551520 2016
1551530 2024
1551540 2024
1551550 2031
1551560 2038
1551570 2038
1551580 2045
1551590 2053
1551600 2053
1551610 2060
1551620 2068
1551630 2068
1551640 2077
1551650 2085
1551660 2085
1551670 2093
1551680 2102
1551690 2109
1551700 2109
1551710 2116
1551720 2122
1551730 2122
1551740 2129
1551750 2136
1551760 2136
1551770 2142
1551780 2148
1551790 2148
1551800 2152
1551810 2156
1551820 2156
1551830 2161
1551840 2167
1551850 2167
1551860 2173
1551870 2180
1551880 2186
1551890 2186
1551900 2192
1551910 2198
1551920 2198
1551930 2203
1551940 2208
1551950 2208
1551960 2214
1551970 2218
1551980 2218
1551990 2222
1552000 2226
1552010 2226
1552020 2229
1552030 2233
1552040 2233
1552050 2236
1552060 2239
1552070 2242
1552080 2242
1552090 2244
1552100 2246
1552110 2246
1552120 2247
1552130 2248
1552140 2248
1552150 2249
1552160 2243
1552170 2243
1552180 2239
1552190 2228
1552200 2228
1552210 2221
1552220 2213
1552230 2213
1552240 2205
1552250 2198
1552260 2189
1552270 2189
1552280 2184
1552290 2179
1552300 2179
1552310 2174
1552320 2172
1552330 2172
1552340 2170
1552350 2170
1552360 2170
1552370 2172
1552380 2174
1552390 2174
1552400 2178
1552410 2183
1552420 2183
1552430 2189
1552440 2192
1552450 2190
1552460 2190
1552470 2186
1552480 2176
1552490 2176
1552500 2167
1552510 2162
1552520 2162
1552530 2159
1552540 2154
1552550 2154
1552560 2144
1552570 2132
1552580 2132
1552590 2118
1552600 2109
1552610 2109
1552620 2104
1552630 2099
1552640 2096
1552650 2096
1552660 2090
1552670 2082
1552680 2082
1552690 2078
1552700 2075
1552710 2075
1552720 2070
1552730 2062
1552740 2062
1552750 2058
1552760 2056
1552770 2056
1552780 2053
1552790 2050
1552800 2050
1552810 2047
1552820 2044
1552830 2044
1552840 2043
1552850 2041
1552860 2040
1552870 2040
1552880 2040
1552890 2039
1552900 2039
1552910 2040
1552920 2041
1552930 2041
1552940 2043
1552950 2045
1552960 2045
1552970 2047
1552980 2047
1552990 2047
1553000 2049
1553010 2051
1553020 2051
1553030 2053
1553040 2055
1553050 2058
1553060 2058
1553070 2060
1553080 2062
1553090 2062
1553100 2064
1553110 2066
1553120 2066
1553130 2069
1553140 2071
1553150 2071
1553160 2073
1553170 2075
1553180 2075
1553190 2077
1553200 2079
1553210 2079
1553220 2080
1553230 2081
1553240 2082
1553250 2082
1553260 2082
1553270 2083
1553280 2083
1553290 2084
1553300 2084
1553310 2084
1553320 2085
1553330 2085
1553340 2085
1553350 2086
1553360 2087
1553370 2087
1553380 2087
1553390 2088
1553400 2088
1553410 2088
1553420 2089
1553430 2090
1553440 2090
1553450 2090
1553460 2091
1553470 2091
1553480 2091
1553490 2091
1553500 2091
1553510 2091
1553520 2091
1553530 2091
1553540 2091
1553550 2091
1553560 2091
1553570 2091
1553580 2091
1553590 2091
1553600 2091
1553610 2091
1553620 2091
1553630 2091
1553640 2091
1553650 2091
1553660 2091
1553670 2090
1553680 2089
1553690 2089
1553700 2088
1553710 2085
1553720 2085
1553730 2083
1553740 2080
1553750 2080
1553760 2078
1553770 2075
1553780 2075
1553790 2074
1553800 2073
1553810 2071
1553820 2071
1553830 2070
1553840 2070
1553850 2070
1553860 2069
1553870 2067
1553880 2067
1553890 2068
1553900 2068
1553910 2068
1553920 2069
1553930 2070
1553940 2070
1553950 2071
1553960 2073
1553970 2073
1553980 2074
1553990 2076
1554000 2079
1554010 2079
1554020 2081
1554030 2083
1554040 2083
1554050 2086
1554060 2088
1554070 2088
1554080 2090
1554090 2092
1554100 2092
1554110 2094
1554120 2096
1554130 2096
1554140 2097
1554150 2099
1554160 2099
1554170 2101
1554180 2103
1554190 2104
1554200 2104
1554210 2105
1554220 2106
1554230 2106
1554240 2106
1554250 2107
1554260 2107
1554270 2107
1554280 2107
1554290 2107
1554300 2107
1554310 2107
1554320 2107
1554330 2107
1554340 2111
1554350 2111
1554360 2110
1554370 2110
1554380 2109
1554390 2109
1554400 2108
1554410 2108
1554420 2108
1554430 2108
1554440 2107
1554450 2107
1554460 2106
1554470 2106
1554480 2106
1554490 2105
1554500 2104
1554510 2104
1554520 2103
1554530 2102
1554540 2102
1554550 2101
1554560 2100
1554570 2098
1554580 2098
1554590 2097
1554600 2096
1554610 2096
1554620 2094
1554630 2093
1554640 2093
1554650 2091
1554660 2090
1554670 2090
1554680 2089
1554690 2087
1554700 2087
1554710 2085
1554720 2084
1554730 2084
1554740 2082
1554750 2081
1554760 2080
1554770 2080
1554780 2079
1554790 2078
1554800 2078
1554810 2078
1554820 2077
1554830 2077
1554840 2076
1554850 2075
1554860 2075
1554870 2075
1554880 2074
1554890 2074
1554900 2073
1554910 2073
1554920 2073
1554930 2073
1554940 2073
1554950 2072
1554960 2072
1554970 2071
1554980 2070
1554990 2070
1555000 2070
1555010 2070
1555020 2070
1555030 2069
1555040 2070
1555050 2070
1555060 2070
1555070 2071
1555080 2071
1555090 2071
1555100 2072
1555110 2072
1555120 2072
1555130 2073
1555140 2074
1555150 2074
1555160 2075
1555170 2076
1555180 2076
1555190 2076
1555200 2077
1555210 2077
1555220 2077
1555230 2077
1555240 2077
1555250 2078
1555260 2079
1555270 2079
1555280 2080
1555290 2080
1555300 2080
1555310 2081
1555320 2082
1555330 2083
1555340 2083
1555350 2083
1555360 2083
1555370 2083
1555380 2083
1555390 2083
1555400 2083
1555410 2083
1555420 2082
1555430 2082
1555440 2082
1555450 2081
1555460 2081
1555470 2081
1555480 2081
1555490 2081
1555500 2081
1555510 2081
1555520 2081
1555530 2081
1555540 2081
1555550 2081
1555560 2081
1555570 2081
1555580 2081
1555590 2081
1555600 2081
1555610 2081
1555620 2081
1555630 2081
1555640 2082
1555650 2082
1555660 2082
1555670 2083
1555680 2083
1555690 2083
1555700 2083
1555710 2084
1555720 2084
1555730 2085
1555740 2087
1555750 2087
1555760 2087
1555770 2088
1555780 2088
1555790 2088
1555800 2089
1555810 2089
1555820 2089
1555830 2089
1555840 2089
1555850 2090
1555860 2090
1555870 2090
1555880 2090
1555890 2091
1555900 2091
1555910 2091
1555920 2090
1555930 2090
1555940 2090
1555950 2090
1555960 2091
1555970 2091
1555980 2092
1555990 2092
1556000 2092
1556010 2092
1556020 2092
1556030 2092
1556040 2093
1556050 2094
1556060 2094
1556070 2094
1556080 2094
1556090 2095
1556100 2095
1556110 2095
1556120 2096
1556130 2098
1556140 2099
1556150 2100
1556160 2100
1556170 2100
1556180 2101
1556190 2101
1556200 2102
1556210 2102
1556220 2102
1556230 2103
1556240 2104
1556250 2104
1556260 2104
1556270 2104
1556280 2105
1556290 2105
1556300 2106
1556310 2106
1556320 2106
1556330 2107
1556340 2107
1556350 2107
1556360 2108
1556370 2109
1556380 2109
1556390 2109
1556400 2109
1556410 2109
1556420 2110
1556430 2110
1556440 2110
1556450 2110
1556460 2111
1556470 2112
1556480 2112
1556490 2113
1556500 2113
1556510 2113
1556520 2114
1556530 2114
1556540 2114
1556550 2115
1556560 2115
1556570 2115
1556580 2115
1556590 2116
1556600 2116
1556610 2115
1556620 2116
1556630 2116
1556640 2116
1556650 2115
1556660 2115
1556670 2115
1556680 2115
1556690 2114
1556700 2114
1556710 2113
1556720 2112
1556730 2112
1556740 2111
1556750 2110
1556760 2110
1556770 2109
1556780 2107
1556790 2107
1556800 2105
1556810 2104
1556820 2104
1556830 2102
1556840 2099
1556850 2099
1556860 2097
1556870 2095
1556880 2093
1556890 2093
1556900 2092
1556910 2090
1556920 2090
1556930 2089
1556940 2089
1556950 2089
1556960 2088
1556970 2088
1556980 2088
1556990 2088
1557000 2088
1557010 2088
1557020 2087
1557030 2086
1557040 2086
1557050 2086
1557060 2087
1557070 2087
1557080 2087
1557090 2087
1557100 2087
1557110 2087
1557120 2088
1557130 2088
1557140 2088
1557150 2088
1557160 2088
1557170 2088
1557180 2088
1557190 2089
1557200 2089
1557210 2090
1557220 2090
1557230 2090
1557240 2091
1557250 2091
1557260 2092
1557270 2092
1557280 2092
1557290 2093
1557300 2093
1557310 2093
1557320 2093
1557330 2093
1557340 2093
1557350 2093
1557360 2093
1557370 2093
1557380 2094
1557390 2094
1557400 2094
1557410 2095
1557420 2095
1557430 2097
1557440 2098
1557450 2099
1557460 2099
1557470 2100
1557480 2101
1557490 2101
1557500 2103
1557510 2104
1557520 2104
1557530 2105
1557540 2106
1557550 2106
1557560 2107
1557570 2107
1557580 2107
1557590 2108
1557600 2107
1557610 2107
1557620 2107
1557630 2106
1557640 2106
1557650 2106
1557660 2106
1557670 2106
1557680 2106
1557690 2106
1557700 2106
1557710 2106
1557720 2106
1557730 2106
1557740 2106
1557750 2106
1557760 2106
1557770 2106
1557780 2106
1557790 2106
1557800 2106
1557810 2106
1557820 2106
1557830 2106
1557840 2106
1557850 2106
1557860 2107
1557870 2107
1557880 2107
1557890 2107
1557900 2107
1557910 2106
1557920 2106
1557930 2106
1557940 2105
1557950 2104
1557960 2104
1557970 2103
1557980 2103
1557990 2103
1558000 2103
1558010 2103
1558020 2102
1558030 2102
1558040 2101
1558050 2099
1558060 2099
1558070 2097
1558080 2094
1558090 2094
1558100 2092
1558110 2089
1558120 2089
1558130 2087
1558140 2084
1558150 2084
1558160 2082
1558170 2079
1558180 2079
1558190 2077
1558200 2075
1558210 2074
1558220 2074
1558230 2072
1558240 2071
1558250 2071
1558260 2071
1558270 2070
1558280 2070
1558290 2068
1558300 2067
1558310 2067
1558320 2065
1558330 2063
1558340 2063
1558350 2061
1558360 2059
1558370 2059
1558380 2057
1558390 2056
1558400 2054
1558410 2054
1558420 2052
1558430 2050
1558440 2050
1558450 2048
1558460 2046
1558470 2046
1558480 2044
1558490 2042
1558500 2042
1558510 2040
1558520 2037
1558530 2037
1558540 2035
1558550 2032
1558560 2032
1558570 2029
1558580 2027
1558590 2024
1558600 2024
1558610 2022
1558620 2019
1558630 2019
1558640 2017
1558650 2014
1558660 2014
1558670 2011
1558680 2009
1558690 2009
1558700 2006
1558710 2004
1558720 2004
1558730 2001
1558740 1999
1558750 1999
1558760 1997
1558770 1995
1558780 1994
1558790 1994
1558800 1991
1558810 1988
1558820 1988
1558830 1985
1558840 1983
1558850 1983
1558860 1981
1558870 1979
1558880 1979
1558890 1977
1558900 1975
1558910 1975
1558920 1973
1558930 1970
1558940 1970
1558950 1968
1558960 1965
1558970 1963
1558980 1963
1558990 1961
1559000 1959
1559010 1959
1559020 1957
1559030 1953
1559040 1953
1559050 1950
1559060 1947
1559070 1947
1559080 1943
1559090 1940
1559100 1940
1559110 1937
1559120 1935
1559130 1935
1559140 1932
1559150 1930
1559160 1928
1559170 1928
1559180 1926
1559190 1924
1559200 1924
1559210 1922
1559220 1920
1559230 1920
1559240 1918
1559250 1916
1559260 1916
1559270 1915
1559280 1912
1559290 1912
1559300 1911
1559310 1908
1559320 1908
1559330 1907
1559340 1905
1559350 1904
1559360 1904
1559370 1903
1559380 1902
1559390 1902
1559400 1901
1559410 1900
1559420 1900
1559430 1898
1559440 1897
1559450 1897
1559460 1896
1559470 1894
1559480 1894
1559490 1893
1559500 1893
1559510 1893
1559520 1893
1559530 1892
1559540 1891
1559550 1891
1559560 1890
1559570 1889
1559580 1891
1559590 1890
1559600 1889
1559610 1889
1559620 1888
1559630 1886
1559640 1886
1559650 1885
1559660 1884
1559670 1884
1559680 1883
1559690 1881
1559700 1881
1559710 1879
1559720 1878
1559730 1876
1559740 1876
1559750 1874
1559760 1872
1559770 1872
1559780 1869
1559790 1867
1559800 1867
1559810 1864
1559820 1862
1559830 1862
1559840 1858
1559850 1854
1559860 1854
1559870 1848
1559880 1842
1559890 1842
1559900 1836
1559910 1831
1559920 1824
1559930 1824
1559940 1818
1559950 1813
1559960 1813
1559970 1810
1559980 1807
1559990 1807
