1540000 1624
1540010 1619
1540020 1619
1540030 1620
1540040 1624
1540050 1624
1540060 1629
1540070 1632
1540080 1632
1540090 1636
1540100 1640
1540110 1640
1540120 1643
1540130 1646
1540140 1650
1540150 1650
1540160 1653
1540170 1656
1540180 1656
1540190 1660
1540200 1664
1540210 1664
1540220 1671
1540230 1677
1540240 1677
1540250 1683
1540260 1689
1540270 1689
1540280 1694
1540290 1700
1540300 1700
1540310 1706
1540320 1711
1540330 1717
1540340 1717
1540350 1723
1540360 1728
1540370 1728
1540380 1735
1540390 1741
1540400 1741
1540410 1748
1540420 1757
1540430 1757
1540440 1764
1540450 1771
1540460 1771
1540470 1777
1540480 1782
1540490 1782
1540500 1788
1540510 1795
1540520 1800
1540530 1800
1540540 1804
1540550 1807
1540560 1807
1540570 1810
1540580 1813
1540590 1813
1540600 1817
1540610 1820
1540620 1820
1540630 1824
1540640 1827
1540650 1827
1540660 1831
1540670 1834
1540680 1834
1540690 1837
1540700 1840
1540710 1842
1540720 1842
1540730 1843
1540740 1845
1540750 1845
1540760 1846
1540770 1848
1540780 1848
1540790 1850
1540800 1852
1540810 1852
1540820 1854
1540830 1855
1540840 1855
1540850 1856
1540860 1859
1540870 1859
1540880 1863
1540890 1867
1540900 1869
1540910 1869
1540920 1870
1540930 1869
1540940 1869
1540950 1869
1540960 1869
1540970 1869
1540980 1871
1540990 1873
1541000 1873
1541010 1874
1541020 1877
1541030 1877
1541040 1883
1541050 1887
1541060 1887
1541070 1891
1541080 1894
1541090 1896
1541100 1896
1541110 1899
1541120 1902
1541130 1902
1541140 1905
1541150 1908
1541160 1908
1541170 1911
1541180 1913
1541190 1913
1541200 1915
1541210 1917
1541220 1917
1541230 1919
1541240 1922
1541250 1922
1541260 1925
1541270 1928
1541280 1930
1541290 1930
1541300 1933
1541310 1936
1541320 1936
1541330 1939
1541340 1940
1541350 1940
1541360 1940
1541370 1938
1541380 1938
1541390 1934
1541400 1929
1541410 1929
1541420 1924
1541430 1917
1541440 1917
1541450 1911
1541460 1905
1541470 1905
1541480 1900
1541490 1894
1541500 1888
1541510 1888
1541520 1882
1541530 1875
1541540 1875
1541550 1868
1541560 1862
1541570 1862
1541580 1858
1541590 1856
1541600 1856
1541610 1855
1541620 1853
1541630 1853
1541640 1852
1541650 1851
1541660 1851
1541670 1850
1541680 1849
1541690 1848
1541700 1848
1541710 1847
1541720 1846
1541730 1846
1541740 1845
1541750 1844
1541760 1844
1541770 1842
1541780 1839
1541790 1839
1541800 1838
1541810 1836
1541820 1836
1541830 1835
1541840 1834
1541850 1834
1541860 1833
1541870 1832
1541880 1831
1541890 1831
1541900 1831
1541910 1831
1541920 1831
1541930 1829
1541940 1828
1541950 1828
1541960 1831
1541970 1835
1541980 1835
1541990 1839
1542000 1843
1542010 1843
1542020 1847
1542030 1851
1542040 1851
1542050 1855
1542060 1861
1542070 1866
1542080 1866
1542090 1871
1542100 1875
1542110 1875
1542120 1879
1542130 1883
1542140 1883
1542150 1887
1542160 1892
1542170 1892
1542180 1897
1542190 1901
1542200 1901
1542210 1904
1542220 1907
1542230 1907
1542240 1911
1542250 1914
1542260 1916
1542270 1916
1542280 1919
1542290 1921
1542300 1921
1542310 1923
1542320 1925
1542330 1925
1542340 1927
1542350 1928
1542360 1928
1542370 1929
1542380 1929
1542390 1929
1542400 1929
1542410 1930
1542420 1930
1542430 1929
1542440 1929
1542450 1930
1542460 1930
1542470 1932
1542480 1935
1542490 1935
1542500 1938
1542510 1940
1542520 1940
1542530 1943
1542540 1946
1542550 1946
1542560 1950
1542570 1952
1542580 1952
1542590 1953
1542600 1955
1542610 1955
1542620 1956
1542630 1956
1542640 1957
1542650 1957
1542660 1958
1542670 1957
1542680 1957
1542690 1956
1542700 1955
1542710 1955
1542720 1952
1542730 1948
1542740 1948
1542750 1945
1542760 1947
1542770 1947
1542780 1949
1542790 1949
1542800 1949
1542810 1946
1542820 1944
1542830 1942
1542840 1942
1542850 1940
1542860 1935
1542870 1935
1542880 1929
1542890 1921
1542900 1921
1542910 1914
1542920 1909
1542930 1909
1542940 1903
1542950 1898
1542960 1898
1542970 1893
1542980 1889
1542990 1889
1543000 1887
1543010 1885
1543020 1881
1543030 1881
1543040 1878
1543050 1876
1543060 1876
1543070 1874
1543080 1873
1543090 1873
1543100 1870
1543110 1865
1543120 1865
1543130 1862
1543140 1860
1543150 1860
1543160 1859
1543170 1859
1543180 1859
1543190 1858
1543200 1857
1543210 1855
1543220 1855
1543230 1852
1543240 1849
1543250 1849
1543260 1846
1543270 1842
1543280 1842
1543290 1838
1543300 1834
1543310 1834
1543320 1830
1543330 1828
1543340 1828
1543350 1824
1543360 1822
1543370 1822
1543380 1820
1543390 1818
1543400 1818
1543410 1815
1543420 1815
1543430 1814
1543440 1814
1543450 1811
1543460 1809
1543470 1809
1543480 1807
1543490 1805
1543500 1805
1543510 1804
1543520 1803
1543530 1803
1543540 1803
1543550 1802
1543560 1802
1543570 1800
1543580 1799
1543590 1799
1543600 1798
1543610 1796
1543620 1793
1543630 1793
1543640 1790
1543650 1785
1543660 1785
1543670 1781
1543680 1775
1543690 1775
1543700 1773
1543710 1770
1543720 1770
1543730 1767
1543740 1765
1543750 1765
1543760 1763
1543770 1762
1543780 1762
1543790 1760
1543800 1760
1543810 1762
1543820 1762
1543830 1760
1543840 1755
1543850 1755
1543860 1751
1543870 1748
1543880 1748
1543890 1745
1543900 1742
1543910 1742
1543920 1740
1543930 1737
1543940 1737
1543950 1736
1543960 1735
1543970 1735
1543980 1734
1543990 1734
1544000 1733
1544010 1733
1544020 1732
1544030 1730
1544040 1730
1544050 1727
1544060 1725
1544070 1725
1544080 1723
1544090 1717
1544100 1717
1544110 1715
1544120 1713
1544130 1713
1544140 1711
1544150 1708
1544160 1708
1544170 1704
1544180 1702
1544190 1700
1544200 1700
1544210 1697
1544220 1694
1544230 1694
1544240 1692
1544250 1691
1544260 1691
1544270 1691
1544280 1686
1544290 1686
1544300 1684
1544310 1687
1544320 1687
1544330 1688
1544340 1687
1544350 1687
1544360 1686
1544370 1686
1544380 1685
1544390 1685
1544400 1686
1544410 1690
1544420 1690
1544430 1696
1544440 1699
1544450 1699
1544460 1705
1544470 1711
1544480 1711
1544490 1721
1544500 1730
1544510 1730
1544520 1737
1544530 1744
1544540 1744
1544550 1751
1544560 1756
1544570 1759
1544580 1756
1544590 1760
1544600 1762
1544610 1762
1544620 1765
1544630 1765
1544640 1765
1544650 1765
1544660 1765
1544670 1765
1544680 1767
1544690 1767
1544700 1767
1544710 1765
1544720 1762
1544730 1762
1544740 1755
1544750 1748
1544760 1741
1544770 1741
1544780 1736
1544790 1734
1544800 1734
1544810 1733
1544820 1734
1544830 1734
1544840 1732
1544850 1728
1544860 1728
1544870 1723
1544880 1722
1544890 1722
1544900 1724
1544910 1725
1544920 1725
1544930 1724
1544940 1727
1544950 1729
1544960 1729
1544970 1733
1544980 1736
1544990 1736
1545000 1739
1545010 1740
1545020 1740
1545030 1744
1545040 1750
1545050 1750
1545060 1757
1545070 1761
1545080 1761
1545090 1764
1545100 1767
1545110 1767
1545120 1770
1545130 1775
1545140 1781
1545150 1781
1545160 1788
1545170 1791
1545180 1791
1545190 1790
1545200 1790
1545210 1790
1545220 1791
1545230 1792
1545240 1792
1545250 1794
1545260 1798
1545270 1798
1545280 1800
1545290 1802
1545300 1802
1545310 1802
1545320 1803
1545330 1803
1545340 1802
1545350 1802
1545360 1802
1545370 1802
1545380 1802
1545390 1804
1545400 1804
1545410 1805
1545420 1807
1545430 1807
1545440 1807
1545450 1808
1545460 1808
1545470 1808
1545480 1810
1545490 1810
1545500 1811
1545510 1812
1545520 1812
1545530 1813
1545540 1815
1545550 1816
1545560 1816
1545570 1817
1545580 1817
1545590 1817
1545600 1818
1545610 1818
1545620 1818
1545630 1820
1545640 1819
1545650 1819
1545660 1819
1545670 1822
1545680 1822
1545690 1824
1545700 1826
1545710 1826
1545720 1828
1545730 1831
1545740 1835
1545750 1835
1545760 1839
1545770 1843
1545780 1843
1545790 1845
1545800 1847
1545810 1847
1545820 1850
1545830 1852
1545840 1852
1545850 1855
1545860 1856
1545870 1856
1545880 1856
1545890 1857
1545900 1857
1545910 1857
1545920 1856
1545930 1854
1545940 1854
1545950 1852
1545960 1852
1545970 1852
1545980 1853
1545990 1853
1546000 1853
1546010 1850
1546020 1847
1546030 1847
1546040 1843
1546050 1841
1546060 1841
1546070 1838
1546080 1834
1546090 1834
1546100 1831
1546110 1828
1546120 1825
1546130 1825
1546140 1823
1546150 1820
1546160 1820
1546170 1818
1546180 1815
1546190 1815
1546200 1812
1546210 1810
1546220 1810
1546230 1807
1546240 1804
1546250 1804
1546260 1801
1546270 1797
1546280 1797
1546290 1792
1546300 1787
1546310 1782
1546320 1782
1546330 1778
1546340 1773
1546350 1773
1546360 1771
1546370 1768
1546380 1768
1546390 1764
1546400 1760
1546410 1760
1546420 1756
1546430 1752
1546440 1752
1546450 1749
1546460 1745
1546470 1745
1546480 1742
1546490 1739
1546500 1735
1546510 1735
1546520 1732
1546530 1728
1546540 1728
1546550 1723
1546560 1717
1546570 1717
1546580 1712
1546590 1706
1546600 1706
1546610 1700
1546620 1695
1546630 1695
1546640 1689
1546650 1682
1546660 1682
1546670 1676
1546680 1670
1546690 1665
1546700 1665
1546710 1659
1546720 1653
1546730 1653
1546740 1648
1546750 1641
1546760 1641
1546770 1634
1546780 1628
1546790 1628
1546800 1625
1546810 1620
1546820 1620
1546830 1614
1546840 1607
1546850 1607
1546860 1600
1546870 1593
1546880 1587
1546890 1587
1546900 1581
1546910 1574
1546920 1574
1546930 1567
1546940 1558
1546950 1558
1546960 1552
1546970 1547
1546980 1547
1546990 1543
1547000 1537
1547010 1537
1547020 1535
1547030 1531
1547040 1531
1547050 1530
1547060 1535
1547070 1535
1547080 1541
1547090 1545
1547100 1548
1547110 1548
1547120 1551
1547130 1553
1547140 1553
1547150 1555
1547160 1558
1547170 1558
1547180 1562
1547190 1566
1547200 1566
1547210 1570
1547220 1574
1547230 1574
1547240 1577
1547250 1581
1547260 1581
1547270 1584
1547280 1587
1547290 1591
1547300 1591
1547310 1595
1547320 1599
1547330 1599
1547340 1605
1547350 1611
1547360 1611
1547370 1617
1547380 1623
1547390 1623
1547400 1629
1547410 1635
1547420 1635
1547430 1642
1547440 1648
1547450 1648
1547460 1653
1547470 1659
1547480 1665
1547490 1665
1547500 1672
1547510 1678
1547520 1678
1547530 1685
1547540 1691
1547550 1691
1547560 1696
1547570 1702
1547580 1702
1547590 1705
1547600 1706
1547610 1706
1547620 1709
1547630 1713
1547640 1713
1547650 1719
1547660 1724
1547670 1725
1547680 1725
1547690 1725
1547700 1725
1547710 1725
1547720 1724
1547730 1723
1547740 1723
1547750 1720
1547760 1717
1547770 1717
1547780 1713
1547790 1710
1547800 1710
1547810 1707
1547820 1706
1547830 1706
1547840 1705
1547850 1706
1547860 1706
1547870 1706
1547880 1706
1547890 1708
1547900 1708
1547910 1709
1547920 1709
1547930 1709
1547940 1709
1547950 1709
1547960 1709
1547970 1710
1547980 1711
1547990 1711
1548000 1713
1548010 1717
1548020 1717
1548030 1722
1548040 1729
1548050 1736
1548060 1736
1548070 1742
1548080 1749
1548090 1749
1548100 1756
1548110 1762
1548120 1762
1548130 1768
1548140 1773
1548150 1773
1548160 1779
1548170 1785
1548180 1785
1548190 1789
1548200 1792
1548210 1792
1548220 1795
1548230 1797
1548240 1797
1548250 1797
1548260 1798
1548270 1799
1548280 1799
1548290 1799
1548300 1799
1548310 1799
1548320 1800
1548330 1800
1548340 1800
1548350 1800
1548360 1799
1548370 1799
1548380 1798
1548390 1796
1548400 1796
1548410 1795
1548420 1794
1548430 1791
1548440 1791
1548450 1788
1548460 1786
1548470 1786
1548480 1783
1548490 1780
1548500 1780
1548510 1777
1548520 1775
1548530 1775
1548540 1772
1548550 1769
1548560 1769
1548570 1767
1548580 1764
1548590 1764
1548600 1764
1548610 1762
1548620 1759
1548630 1759
1548640 1755
1548650 1753
1548660 1748
1548670 1748
1548680 1748
1548690 1748
1548700 1750
1548710 1753
1548720 1753
1548730 1754
1548740 1756
1548750 1756
1548760 1757
1548770 1759
1548780 1759
1548790 1759
1548800 1759
1548810 1757
1548820 1757
1548830 1756
1548840 1757
1548850 1757
1548860 1758
1548870 1758
1548880 1758
1548890 1758
1548900 1756
1548910 1756
1548920 1754
1548930 1753
1548940 1753
1548950 1752
1548960 1753
1548970 1753
1548980 1754
1548990 1754
1549000 1754
1549010 1754
1549020 1754
1549030 1755
1549040 1755
1549050 1754
1549060 1754
1549070 1754
1549080 1753
1549090 1751
1549100 1751
1549110 1749
1549120 1746
1549130 1746
1549140 1743
1549150 1740
1549160 1740
1549170 1737
1549180 1733
1549190 1733
1549200 1730
1549210 1727
1549220 1725
1549230 1725
1549240 1722
1549250 1719
1549260 1719
1549270 1716
1549280 1712
1549290 1712
1549300 1707
1549310 1703
1549320 1703
1549330 1700
1549340 1697
1549350 1697
1549360 1693
1549370 1689
1549380 1689
1549390 1685
1549400 1682
1549410 1679
1549420 1679
1549430 1675
1549440 1670
1549450 1670
1549460 1667
1549470 1663
1549480 1663
1549490 1660
1549500 1657
1549510 1657
1549520 1653
1549530 1650
1549540 1650
1549550 1648
1549560 1646
1549570 1646
1549580 1644
1549590 1642
1549600 1639
1549610 1639
1549620 1637
1549630 1634
1549640 1634
1549650 1630
1549660 1627
1549670 1627
1549680 1625
1549690 1624
1549700 1624
1549710 1622
1549720 1622
1549730 1622
1549740 1623
1549750 1624
1549760 1624
1549770 1625
1549780 1627
1549790 1630
1549800 1630
1549810 1632
1549820 1631
1549830 1631
1549840 1629
1549850 1627
1549860 1627
1549870 1627
1549880 1627
1549890 1627
1549900 1627
1549910 1627
1549920 1627
1549930 1627
1549940 1627
1549950 1627
1549960 1630
1549970 1633
1549980 1635
1549990 1635
1550000 1637
1550010 1640
1550020 1640
1550030 1643
1550040 1645
1550050 1645
1550060 1647
1550070 1648
1550080 1648
1550090 1650
1550100 1652
1550110 1652
1550120 1653
1550130 1655
1550140 1655
1550150 1656
1550160 1657
1550170 1659
1550180 1659
1550190 1661
1550200 1662
1550210 1662
1550220 1664
1550230 1665
1550240 1665
1550250 1666
1550260 1669
1550270 1669
1550280 1671
1550290 1673
1550300 1673
1550310 1675
1550320 1677
1550330 1677
1550340 1679
1550350 1681
1550360 1684
1550370 1684
1550380 1686
1550390 1689
1550400 1689
1550410 1691
1550420 1694
1550430 1694
1550440 1696
1550450 1698
1550460 1698
1550470 1700
1550480 1703
1550490 1703
1550500 1705
1550510 1708
1550520 1708
1550530 1710
1550540 1714
1550550 1718
1550560 1718
1550570 1721
1550580 1724
1550590 1724
1550600 1730
1550610 1732
1550620 1732
1550630 1735
1550640 1739
1550650 1739
1550660 1743
1550670 1748
1550680 1748
1550690 1750
1550700 1756
1550710 1756
1550720 1763
1550730 1771
1550740 1771
1550750 1776
1550760 1780
1550770 1784
1550780 1784
1550790 1787
1550800 1791
1550810 1791
1550820 1795
1550830 1798
1550840 1798
1550850 1803
1550860 1808
1550870 1808
1550880 1813
1550890 1816
1550900 1816
1550910 1819
1550920 1820
1550930 1820
1550940 1822
1550950 1824
1550960 1824
1550970 1824
1550980 1824
1550990 1823
1551000 1823
1551010 1825
1551020 1831
1551030 1831
1551040 1837
1551050 1844
1551060 1844
1551070 1849
1551080 1855
1551090 1855
1551100 1861
1551110 1862
1551120 1862
1551130 1866
1551140 1870
1551150 1874
1551160 1874
1551170 1878
1551180 1882
1551190 1882
1551200 1885
1551210 1888
1551220 1888
1551230 1892
1551240 1896
1551250 1896
1551260 1901
1551270 1905
1551280 1905
1551290 1909
1551300 1912
1551310 1912
1551320 1915
1551330 1918
1551340 1920
1551350 1920
1551360 1922
1551370 1926
1551380 1926
1551390 1931
1551400 1936
1551410 1936
1551420 1939
1551430 1942
1551440 1942
1551450 1947
1551460 1951
1551470 1951
1551480 1955
1551490 1959
1551500 1959
1551510 1962
1551520 1965
1551530 1967
1551540 1967
1551550 1970
1551560 1973
1551570 1973
1551580 1977
1551590 1980
1551600 1980
1551610 1983
1551620 1986
1551630 1986
1551640 1988
1551650 1991
1551660 1991
1551670 1993
1551680 1996
1551690 1996
1551700 1999
1551710 2001
1551720 2004
1551730 2004
1551740 2008
1551750 2011
1551760 2011
1551770 2014
1551780 2017
1551790 2017
1551800 2020
1551810 2023
1551820 2023
1551830 2027
1551840 2031
1551850 2031
1551860 2034
1551870 2038
1551880 2038
1551890 2041
1551900 2045
1551910 2048
1551920 2048
1551930 2051
1551940 2055
1551950 2055
1551960 2058
1551970 2061
1551980 2061
1551990 2065
1552000 2068
1552010 2068
1552020 2071
1552030 2074
1552040 2074
1552050 2077
1552060 2080
1552070 2080
1552080 2083
1552090 2086
1552100 2088
1552110 2088
1552120 2091
1552130 2094
1552140 2094
1552150 2096
1552160 2098
1552170 2098
1552180 2100
1552190 2101
1552200 2101
1552210 2103
1552220 2104
1552230 2104
1552240 2104
1552250 2104
1552260 2104
1552270 2106
1552280 2108
1552290 2110
1552300 2110
1552310 2111
1552320 2113
1552330 2113
1552340 2115
1552350 2116
1552360 2116
1552370 2116
1552380 2116
1552390 2116
1552400 2111
1552410 2098
1552420 2098
1552430 2085
1552440 2075
1552450 2075
1552460 2068
1552470 2062
1552480 2062
1552490 2056
1552500 2049
1552510 2044
1552520 2044
1552530 2040
1552540 2033
1552550 2033
1552560 2024
1552570 2002
1552580 2002
1552590 1984
1552600 1976
1552610 1976
1552620 1968
1552630 1960
1552640 1960
1552650 1954
1552660 1948
1552670 1948
1552680 1943
1552690 1937
1552700 1933
1552710 1933
1552720 1929
1552730 1925
1552740 1925
1552750 1922
1552760 1919
1552770 1919
1552780 1916
1552790 1913
1552800 1913
1552810 1911
1552820 1911
1552830 1911
1552840 1911
1552850 1911
1552860 1911
1552870 1911
1552880 1911
1552890 1913
1552900 1913
1552910 1916
1552920 1919
1552930 1919
1552940 1921
1552950 1923
1552960 1923
1552970 1926
1552980 1930
1552990 1930
1553000 1933
1553010 1935
1553020 1935
1553030 1938
1553040 1941
1553050 1941
1553060 1942
1553070 1944
1553080 1945
1553090 1945
1553100 1947
1553110 1951
1553120 1951
1553130 1955
1553140 1957
1553150 1957
1553160 1952
1553170 1941
1553180 1941
1553190 1925
1553200 1911
1553210 1911
1553220 1898
1553230 1892
1553240 1892
1553250 1882
1553260 1875
1553270 1869
1553280 1869
1553290 1865
1553300 1860
1553310 1860
1553320 1855
1553330 1850
1553340 1850
1553350 1847
1553360 1845
1553370 1845
1553380 1843
1553390 1841
1553400 1841
1553410 1839
1553420 1836
1553430 1836
1553440 1833
1553450 1832
1553460 1830
1553470 1830
1553480 1828
1553490 1825
1553500 1825
1553510 1823
1553520 1821
1553530 1821
1553540 1821
1553550 1819
1553560 1819
1553570 1817
1553580 1817
1553590 1817
1553600 1818
1553610 1818
1553620 1818
1553630 1818
1553640 1818
1553650 1818
1553660 1818
1553670 1818
1553680 1818
1553690 1818
1553700 1817
1553710 1816
1553720 1816
1553730 1815
1553740 1814
1553750 1814
1553760 1814
1553770 1814
1553780 1814
1553790 1813
1553800 1810
1553810 1810
1553820 1808
1553830 1807
1553840 1805
1553850 1805
1553860 1803
1553870 1802
1553880 1802
1553890 1800
1553900 1797
1553910 1797
1553920 1796
1553930 1794
1553940 1794
1553950 1791
1553960 1789
1553970 1789
1553980 1787
1553990 1785
1554000 1785
1554010 1784
1554020 1781
1554030 1778
1554040 1778
1554050 1775
1554060 1773
1554070 1773
1554080 1771
1554090 1769
1554100 1769
1554110 1765
1554120 1761
1554130 1761
1554140 1757
1554150 1753
1554160 1753
1554170 1750
1554180 1747
1554190 1747
1554200 1745
1554210 1742
1554220 1742
1554230 1738
1554240 1735
1554250 1732
1554260 1732
1554270 1729
1554280 1727
1554290 1727
1554300 1724
1554310 1722
1554320 1722
1554330 1716
1554340 1713
1554350 1713
1554360 1711
1554370 1708
1554380 1708
1554390 1707
1554400 1705
1554410 1705
1554420 1701
1554430 1698
1554440 1694
1554450 1694
1554460 1691
1554470 1687
1554480 1687
1554490 1682
1554500 1678
1554510 1678
1554520 1674
1554530 1670
1554540 1670
1554550 1666
1554560 1663
1554570 1663
1554580 1660
1554590 1657
1554600 1657
1554610 1655
1554620 1654
1554630 1653
1554640 1653
1554650 1652
1554660 1650
1554670 1650
1554680 1648
1554690 1645
1554700 1645
1554710 1642
1554720 1640
1554730 1640
1554740 1637
1554750 1636
1554760 1636
1554770 1634
1554780 1632
1554790 1632
1554800 1629
1554810 1627
1554820 1625
1554830 1625
1554840 1623
1554850 1622
1554860 1622
1554870 1621
1554880 1619
1554890 1619
1554900 1617
1554910 1615
1554920 1615
1554930 1612
1554940 1610
1554950 1610
1554960 1608
1554970 1607
1554980 1607
1554990 1605
1555000 1603
1555010 1601
1555020 1601
1555030 1600
1555040 1598
1555050 1598
1555060 1596
1555070 1594
1555080 1594
1555090 1592
1555100 1591
1555110 1591
1555120 1589
1555130 1588
1555140 1588
1555150 1586
1555160 1584
1555170 1584
1555180 1582
1555190 1581
1555200 1579
1555210 1579
1555220 1578
1555230 1577
1555240 1577
1555250 1575
1555260 1573
1555270 1573
1555280 1571
1555290 1570
1555300 1570
1555310 1569
1555320 1567
1555330 1567
1555340 1565
1555350 1564
1555360 1564
1555370 1563
1555380 1562
1555390 1561
1555400 1561
1555410 1561
1555420 1563
1555430 1563
1555440 1563
1555450 1563
1555460 1563
1555470 1562
1555480 1561
1555490 1561
1555500 1561
1555510 1563
1555520 1563
1555530 1564
1555540 1566
1555550 1566
1555560 1566
1555570 1567
1555580 1570
1555590 1570
1555600 1573
1555610 1577
1555620 1577
1555630 1588
1555640 1596
1555650 1596
1555660 1597
1555670 1599
1555680 1599
1555690 1604
1555700 1611
1555710 1611
1555720 1618
1555730 1621
1555740 1621
1555750 1625
1555760 1634
1555770 1642
1555780 1642
1555790 1650
1555800 1654
1555810 1654
1555820 1656
1555830 1659
1555840 1659
1555850 1656
1555860 1652
1555870 1652
1555880 1656
1555890 1665
1555900 1665
1555910 1675
1555920 1681
1555930 1681
1555940 1687
1555950 1693
1555960 1698
1555970 1698
1555980 1701
1555990 1704
1556000 1704
1556010 1708
1556020 1711
1556030 1711
1556040 1713
1556050 1711
1556060 1711
1556070 1711
1556080 1709
1556090 1709
1556100 1705
1556110 1702
1556120 1695
1556130 1695
1556140 1695
1556150 1695
1556160 1697
1556170 1700
1556180 1702
1556190 1702
1556200 1705
1556210 1708
1556220 1708
1556230 1711
1556240 1713
1556250 1713
1556260 1716
1556270 1718
1556280 1718
1556290 1720
1556300 1722
1556310 1722
1556320 1722
1556330 1723
1556340 1723
1556350 1724
1556360 1724
1556370 1725
1556380 1725
1556390 1725
1556400 1725
1556410 1725
1556420 1725
1556430 1724
1556440 1724
1556450 1723
1556460 1722
1556470 1722
1556480 1720
1556490 1720
1556500 1720
1556510 1720
1556520 1720
1556530 1720
1556540 1720
1556550 1719
1556560 1718
1556570 1718
1556580 1717
1556590 1717
1556600 1717
1556610 1718
1556620 1718
1556630 1718
1556640 1719
1556650 1720
1556660 1720
1556670 1722
1556680 1725
1556690 1725
1556700 1728
1556710 1731
1556720 1731
1556730 1734
1556740 1737
1556750 1741
1556760 1741
1556770 1745
1556780 1749
1556790 1749
1556800 1752
1556810 1756
1556820 1756
1556830 1759
1556840 1761
1556850 1761
1556860 1764
1556870 1767
1556880 1767
1556890 1769
1556900 1772
1556910 1772
1556920 1774
1556930 1776
1556940 1778
1556950 1778
1556960 1779
1556970 1780
1556980 1780
1556990 1781
1557000 1783
1557010 1783
1557020 1786
1557030 1788
1557040 1788
1557050 1791
1557060 1793
1557070 1793
1557080 1793
1557090 1794
1557100 1794
1557110 1795
1557120 1795
1557130 1796
1557140 1796
1557150 1797
1557160 1795
1557170 1795
1557180 1793
1557190 1791
1557200 1791
1557210 1790
1557220 1788
1557230 1788
1557240 1786
1557250 1785
1557260 1785
1557270 1783
1557280 1781
1557290 1781
1557300 1780
1557310 1778
1557320 1776
1557330 1776
1557340 1775
1557350 1773
1557360 1773
1557370 1771
1557380 1770
1557390 1770
1557400 1769
1557410 1767
1557420 1767
1557430 1766
1557440 1764
1557450 1764
1557460 1763
1557470 1762
1557480 1762
1557490 1762
1557500 1763
1557510 1763
1557520 1763
1557530 1763
1557540 1764
1557550 1764
1557560 1764
1557570 1765
1557580 1765
1557590 1766
1557600 1767
1557610 1767
1557620 1769
1557630 1770
1557640 1770
1557650 1771
1557660 1773
1557670 1773
1557680 1774
1557690 1775
1557700 1776
1557710 1776
1557720 1777
1557730 1778
1557740 1778
1557750 1779
1557760 1779
1557770 1779
1557780 1778
1557790 1778
1557800 1778
1557810 1777
1557820 1775
1557830 1775
1557840 1773
1557850 1771
1557860 1771
1557870 1764
1557880 1761
1557890 1761
1557900 1758
1557910 1755
1557920 1752
1557930 1752
1557940 1749
1557950 1745
1557960 1745
1557970 1743
1557980 1740
1557990 1740
1558000 1737
1558010 1735
1558020 1735
1558030 1733
1558040 1731
1558050 1731
1558060 1729
1558070 1727
1558080 1727
1558090 1724
1558100 1721
1558110 1719
1558120 1719
1558130 1716
1558140 1714
1558150 1714
1558160 1710
1558170 1707
1558180 1707
1558190 1702
1558200 1698
1558210 1698
1558220 1693
1558230 1689
1558240 1689
1558250 1684
1558260 1679
1558270 1679
1558280 1674
1558290 1670
1558300 1667
1558310 1667
1558320 1663
1558330 1661
1558340 1661
1558350 1659
1558360 1658
1558370 1658
1558380 1657
1558390 1657
1558400 1657
1558410 1657
1558420 1658
1558430 1658
1558440 1658
1558450 1658
1558460 1658
1558470 1658
1558480 1659
1558490 1659
1558500 1659
1558510 1659
1558520 1659
1558530 1659
1558540 1660
1558550 1659
1558560 1659
1558570 1659
1558580 1658
1558590 1658
1558600 1657
1558610 1655
1558620 1655
1558630 1652
1558640 1652
1558650 1652
1558660 1653
1558670 1654
1558680 1657
1558690 1657
1558700 1661
1558710 1663
1558720 1663
1558730 1664
1558740 1664
1558750 1664
1558760 1665
1558770 1667
1558780 1667
1558790 1668
1558800 1669
1558810 1669
1558820 1670
1558830 1671
1558840 1671
1558850 1672
1558860 1672
1558870 1673
1558880 1673
1558890 1674
1558900 1675
1558910 1675
1558920 1677
1558930 1680
1558940 1680
1558950 1683
1558960 1686
1558970 1686
1558980 1689
1558990 1691
1559000 1691
1559010 1694
1559020 1697
1559030 1697
1559040 1700
1559050 1703
1559060 1707
1559070 1707
1559080 1711
1559090 1715
1559100 1715
1559110 1719
1559120 1723
1559130 1723
1559140 1726
1559150 1730
1559160 1730
1559170 1733
1559180 1736
1559190 1736
1559200 1740
1559210 1742
1559220 1742
1559230 1746
1559240 1750
1559250 1753
1559260 1753
1559270 1757
1559280 1762
1559290 1762
1559300 1766
1559310 1769
1559320 1769
1559330 1773
1559340 1777
1559350 1777
1559360 1781
1559370 1784
1559380 1784
1559390 1788
1559400 1792
1559410 1792
1559420 1795
1559430 1799
1559440 1802
1559450 1802
1559460 1805
1559470 1808
1559480 1808
1559490 1810
1559500 1811
1559510 1811
1559520 1808
1559530 1805
1559540 1805
1559550 1801
1559560 1798
1559570 1805
1559580 1803
1559590 1803
1559600 1803
1559610 1803
1559620 1803
1559630 1803
1559640 1801
1559650 1797
1559660 1792
1559670 1792
1559680 1786
1559690 1782
1559700 1782
1559710 1778
1559720 1771
1559730 1771
1559740 1766
1559750 1760
1559760 1760
1559770 1755
1559780 1750
1559790 1750
1559800 1744
1559810 1737
1559820 1737
1559830 1729
1559840 1719
1559850 1711
1559860 1711
1559870 1705
1559880 1701
1559890 1701
1559900 1696
1559910 1692
1559920 1692
1559930 1690
1559940 1688
1559950 1688
1559960 1685
1559970 1682
1559980 1682
1559990 1678
