1540000 1626
1540010 1622
1540020 1622
1540030 1621
1540040 1623
1540050 1623
1540060 1628
1540070 1631
1540080 1631
1540090 1636
1540100 1640
1540110 1644
1540120 1644
1540130 1648
1540140 1651
1540150 1651
1540160 1654
1540170 1658
1540180 1658
1540190 1661
1540200 1665
1540210 1665
1540220 1670
1540230 1675
1540240 1675
1540250 1680
1540260 1686
1540270 1686
1540280 1692
1540290 1698
1540300 1698
1540310 1703
1540320 1708
1540330 1713
1540340 1713
1540350 1719
1540360 1725
1540370 1725
1540380 1731
1540390 1739
1540400 1739
1540410 1746
1540420 1752
1540430 1752
1540440 1760
1540450 1767
1540460 1767
1540470 1773
1540480 1778
1540490 1778
1540500 1783
1540510 1788
1540520 1793
1540530 1793
1540540 1798
1540550 1802
1540560 1802
1540570 1806
1540580 1811
1540590 1811
1540600 1815
1540610 1819
1540620 1819
1540630 1823
1540640 1826
1540650 1826
1540660 1829
1540670 1831
1540680 1831
1540690 1833
1540700 1835
1540710 1836
1540720 1836
1540730 1839
1540740 1840
1540750 1840
1540760 1841
1540770 1843
1540780 1843
1540790 1847
1540800 1849
1540810 1849
1540820 1852
1540830 1853
1540840 1853
1540850 1856
1540860 1861
1540870 1861
1540880 1866
1540890 1868
1540900 1869
1540910 1869
1540920 1868
1540930 1868
1540940 1868
1540950 1867
1540960 1866
1540970 1866
1540980 1867
1540990 1872
1541000 1872
1541010 1875
1541020 1878
1541030 1878
1541040 1880
1541050 1882
1541060 1882
1541070 1886
1541080 1889
1541090 1892
1541100 1892
1541110 1893
1541120 1894
1541130 1894
1541140 1898
1541150 1903
1541160 1903
1541170 1908
1541180 1913
1541190 1913
1541200 1917
1541210 1919
1541220 1919
1541230 1922
1541240 1925
1541250 1925
1541260 1928
1541270 1931
1541280 1933
1541290 1933
1541300 1936
1541310 1937
1541320 1937
1541330 1940
1541340 1942
1541350 1942
1541360 1943
1541370 1942
1541380 1942
1541390 1940
1541400 1938
1541410 1938
1541420 1932
1541430 1926
1541440 1926
1541450 1919
1541460 1913
1541470 1908
1541480 1908
1541490 1902
1541500 1898
1541510 1898
1541520 1893
1541530 1887
1541540 1887
1541550 1881
1541560 1874
1541570 1874
1541580 1867
1541590 1863
1541600 1863
1541610 1861
1541620 1860
1541630 1860
1541640 1859
1541650 1857
1541660 1855
1541670 1855
1541680 1854
1541690 1853
1541700 1853
1541710 1851
1541720 1850
1541730 1850
1541740 1849
1541750 1848
1541760 1848
1541770 1846
1541780 1844
1541790 1844
1541800 1843
1541810 1841
1541820 1841
1541830 1838
1541840 1837
1541850 1836
1541860 1836
1541870 1836
1541880 1836
1541890 1836
1541900 1835
1541910 1835
1541920 1835
1541930 1834
1541940 1833
1541950 1833
1541960 1832
1541970 1834
1541980 1834
1541990 1838
1542000 1843
1542010 1843
1542020 1847
1542030 1852
1542040 1852
1542050 1856
1542060 1861
1542070 1866
1542080 1866
1542090 1870
1542100 1874
1542110 1874
1542120 1878
1542130 1883
1542140 1883
1542150 1888
1542160 1893
1542170 1893
1542180 1896
1542190 1901
1542200 1901
1542210 1906
1542220 1909
1542230 1909
1542240 1912
1542250 1914
1542260 1917
1542270 1917
1542280 1920
1542290 1922
1542300 1922
1542310 1924
1542320 1926
1542330 1926
1542340 1927
1542350 1928
1542360 1928
1542370 1929
1542380 1930
1542390 1930
1542400 1930
1542410 1930
1542420 1930
1542430 1931
1542440 1931
1542450 1931
1542460 1931
1542470 1934
1542480 1938
1542490 1938
1542500 1941
1542510 1944
1542520 1944
1542530 1946
1542540 1949
1542550 1949
1542560 1952
1542570 1955
1542580 1955
1542590 1958
1542600 1960
1542610 1960
1542620 1960
1542630 1959
1542640 1958
1542650 1958
1542660 1958
1542670 1958
1542680 1958
1542690 1958
1542700 1957
1542710 1957
1542720 1954
1542730 1951
1542740 1951
1542750 1946
1542760 1944
1542770 1944
1542780 1945
1542790 1945
1542800 1945
1542810 1943
1542820 1940
1542830 1937
1542840 1937
1542850 1934
1542860 1931
1542870 1931
1542880 1928
1542890 1922
1542900 1922
1542910 1917
1542920 1912
1542930 1912
1542940 1908
1542950 1903
1542960 1903
1542970 1898
1542980 1893
1542990 1893
1543000 1889
1543010 1886
1543020 1884
1543030 1884
1543040 1883
1543050 1883
1543060 1883
1543070 1883
1543080 1880
1543090 1880
1543100 1876
1543110 1870
1543120 1870
1543130 1865
1543140 1861
1543150 1861
1543160 1859
1543170 1859
1543180 1859
1543190 1858
1543200 1857
1543210 1855
1543220 1855
1543230 1852
1543240 1849
1543250 1849
1543260 1846
1543270 1844
1543280 1844
1543290 1838
1543300 1834
1543310 1834
1543320 1830
1543330 1826
1543340 1826
1543350 1825
1543360 1823
1543370 1823
1543380 1822
1543390 1821
1543400 1819
1543410 1819
1543420 1817
1543430 1817
1543440 1817
1543450 1816
1543460 1815
1543470 1815
1543480 1814
1543490 1812
1543500 1812
1543510 1812
1543520 1810
1543530 1810
1543540 1809
1543550 1807
1543560 1807
1543570 1805
1543580 1803
1543590 1801
1543600 1801
1543610 1798
1543620 1795
1543630 1795
1543640 1792
1543650 1790
1543660 1790
1543670 1788
1543680 1785
1543690 1785
1543700 1782
1543710 1778
1543720 1778
1543730 1774
1543740 1770
1543750 1770
1543760 1768
1543770 1766
1543780 1765
1543790 1765
1543800 1764
1543810 1763
1543820 1763
1543830 1764
1543840 1763
1543850 1763
1543860 1758
1543870 1753
1543880 1753
1543890 1751
1543900 1749
1543910 1749
1543920 1746
1543930 1744
1543940 1744
1543950 1742
1543960 1741
1543970 1741
1543980 1741
1543990 1740
1544000 1737
1544010 1737
1544020 1735
1544030 1733
1544040 1733
1544050 1730
1544060 1726
1544070 1726
1544080 1723
1544090 1719
1544100 1719
1544110 1716
1544120 1714
1544130 1714
1544140 1712
1544150 1708
1544160 1708
1544170 1704
1544180 1702
1544190 1699
1544200 1699
1544210 1697
1544220 1696
1544230 1696
1544240 1694
1544250 1693
1544260 1693
1544270 1690
1544280 1688
1544290 1688
1544300 1689
1544310 1690
1544320 1690
1544330 1690
1544340 1690
1544350 1690
1544360 1689
1544370 1689
1544380 1690
1544390 1690
1544400 1693
1544410 1696
1544420 1696
1544430 1700
1544440 1705
1544450 1705
1544460 1711
1544470 1719
1544480 1719
1544490 1728
1544500 1737
1544510 1737
1544520 1744
1544530 1751
1544540 1751
1544550 1757
1544560 1761
1544570 1763
1544580 1763
1544590 1766
1544600 1769
1544610 1769
1544620 1772
1544630 1774
1544640 1774
1544650 1774
1544660 1774
1544670 1774
1544680 1774
1544690 1772
1544700 1772
1544710 1771
1544720 1768
1544730 1768
1544740 1763
1544750 1756
1544760 1752
1544770 1752
1544780 1749
1544790 1745
1544800 1745
1544810 1742
1544820 1741
1544830 1741
1544840 1740
1544850 1739
1544860 1739
1544870 1737
1544880 1736
1544890 1736
1544900 1735
1544910 1736
1544920 1736
1544930 1736
1544940 1735
1544950 1736
1544960 1736
1544970 1739
1544980 1742
1544990 1742
1545000 1746
1545010 1748
1545020 1748
1545030 1749
1545040 1753
1545050 1753
1545060 1759
1545070 1764
1545080 1764
1545090 1768
1545100 1771
1545110 1771
1545120 1775
1545130 1779
1545140 1784
1545150 1784
1545160 1791
1545170 1794
1545180 1794
1545190 1796
1545200 1797
1545210 1797
1545220 1799
1545230 1802
1545240 1802
1545250 1805
1545260 1809
1545270 1809
1545280 1810
1545290 1811
1545300 1811
1545310 1811
1545320 1808
1545330 1807
1545340 1807
1545350 1806
1545360 1806
1545370 1806
1545380 1807
1545390 1810
1545400 1810
1545410 1811
1545420 1813
1545430 1813
1545440 1815
1545450 1816
1545460 1816
1545470 1818
1545480 1820
1545490 1820
1545500 1823
1545510 1826
1545520 1827
1545530 1827
1545540 1829
1545550 1830
1545560 1830
1545570 1831
1545580 1832
1545590 1832
1545600 1832
1545610 1832
1545620 1832
1545630 1832
1545640 1833
1545650 1833
1545660 1834
1545670 1836
1545680 1836
1545690 1838
1545700 1839
1545710 1840
1545720 1840
1545730 1842
1545740 1845
1545750 1845
1545760 1849
1545770 1852
1545780 1852
1545790 1854
1545800 1856
1545810 1856
1545820 1858
1545830 1860
1545840 1860
1545850 1862
1545860 1863
1545870 1863
1545880 1861
1545890 1860
1545900 1860
1545910 1858
1545920 1856
1545930 1853
1545940 1853
1545950 1852
1545960 1852
1545970 1852
1545980 1850
1545990 1848
1546000 1848
1546010 1845
1546020 1842
1546030 1842
1546040 1838
1546050 1835
1546060 1835
1546070 1831
1546080 1828
1546090 1830
1546100 1826
1546110 1824
1546120 1821
1546130 1821
1546140 1819
1546150 1816
1546160 1816
1546170 1813
1546180 1810
1546190 1810
1546200 1808
1546210 1806
1546220 1806
1546230 1804
1546240 1802
1546250 1802
1546260 1799
1546270 1794
1546280 1794
1546290 1788
1546300 1782
1546310 1776
1546320 1776
1546330 1772
1546340 1769
1546350 1769
1546360 1767
1546370 1765
1546380 1765
1546390 1762
1546400 1758
1546410 1758
1546420 1753
1546430 1748
1546440 1748
1546450 1745
1546460 1741
1546470 1741
1546480 1739
1546490 1735
1546500 1733
1546510 1733
1546520 1729
1546530 1726
1546540 1726
1546550 1721
1546560 1716
1546570 1716
1546580 1711
1546590 1706
1546600 1706
1546610 1701
1546620 1696
1546630 1696
1546640 1691
1546650 1684
1546660 1684
1546670 1678
1546680 1672
1546690 1667
1546700 1667
1546710 1662
1546720 1656
1546730 1656
1546740 1651
1546750 1645
1546760 1645
1546770 1638
1546780 1633
1546790 1633
1546800 1628
1546810 1623
1546820 1623
1546830 1617
1546840 1611
1546850 1611
1546860 1604
1546870 1597
1546880 1591
1546890 1591
1546900 1583
1546910 1576
1546920 1576
1546930 1568
1546940 1562
1546950 1562
1546960 1555
1546970 1549
1546980 1549
1546990 1545
1547000 1540
1547010 1540
1547020 1537
1547030 1534
1547040 1534
1547050 1536
1547060 1540
1547070 1545
1547080 1545
1547090 1549
1547100 1552
1547110 1552
1547120 1554
1547130 1557
1547140 1557
1547150 1560
1547160 1563
1547170 1563
1547180 1566
1547190 1570
1547200 1570
1547210 1575
1547220 1579
1547230 1579
1547240 1583
1547250 1586
1547260 1590
1547270 1590
1547280 1593
1547290 1597
1547300 1597
1547310 1601
1547320 1605
1547330 1605
1547340 1610
1547350 1616
1547360 1616
1547370 1621
1547380 1628
1547390 1628
1547400 1635
1547410 1641
1547420 1641
1547430 1648
1547440 1655
1547450 1661
1547460 1661
1547470 1668
1547480 1674
1547490 1674
1547500 1680
1547510 1686
1547520 1686
1547530 1692
1547540 1698
1547550 1698
1547560 1703
1547570 1707
1547580 1707
1547590 1711
1547600 1716
1547610 1716
1547620 1721
1547630 1725
1547640 1730
1547650 1730
1547660 1735
1547670 1737
1547680 1737
1547690 1738
1547700 1740
1547710 1740
1547720 1741
1547730 1741
1547740 1741
1547750 1739
1547760 1736
1547770 1736
1547780 1732
1547790 1729
1547800 1729
1547810 1727
1547820 1725
1547830 1725
1547840 1725
1547850 1725
1547860 1725
1547870 1725
1547880 1726
1547890 1728
1547900 1728
1547910 1730
1547920 1731
1547930 1731
1547940 1731
1547950 1731
1547960 1731
1547970 1731
1547980 1732
1547990 1732
1548000 1732
1548010 1733
1548020 1733
1548030 1734
1548040 1736
1548050 1740
1548060 1740
1548070 1747
1548080 1754
1548090 1754
1548100 1761
1548110 1768
1548120 1766
1548130 1772
1548140 1778
1548150 1778
1548160 1784
1548170 1790
1548180 1790
1548190 1796
1548200 1801
1548210 1801
1548220 1803
1548230 1804
1548240 1806
1548250 1806
1548260 1808
1548270 1810
1548280 1810
1548290 1812
1548300 1813
1548310 1813
1548320 1813
1548330 1813
1548340 1813
1548350 1812
1548360 1812
1548370 1812
1548380 1810
1548390 1808
1548400 1808
1548410 1806
1548420 1804
1548430 1801
1548440 1801
1548450 1798
1548460 1795
1548470 1795
1548480 1792
1548490 1790
1548500 1790
1548510 1787
1548520 1785
1548530 1785
1548540 1782
1548550 1780
1548560 1780
1548570 1777
1548580 1774
1548590 1774
1548600 1772
1548610 1770
1548620 1767
1548630 1767
1548640 1765
1548650 1764
1548660 1764
1548670 1765
1548680 1767
1548690 1767
1548700 1768
1548710 1769
1548720 1769
1548730 1771
1548740 1773
1548750 1773
1548760 1775
1548770 1777
1548780 1777
1548790 1778
1548800 1778
1548810 1776
1548820 1776
1548830 1774
1548840 1774
1548850 1774
1548860 1774
1548870 1774
1548880 1774
1548890 1775
1548900 1775
1548910 1775
1548920 1775
1548930 1774
1548940 1774
1548950 1775
1548960 1776
1548970 1776
1548980 1777
1548990 1777
1549000 1776
1549010 1776
1549020 1776
1549030 1775
1549040 1775
1549050 1775
1549060 1774
1549070 1774
1549080 1772
1549090 1768
1549100 1768
1549110 1765
1549120 1761
1549130 1761
1549140 1758
1549150 1755
1549160 1755
1549170 1752
1549180 1750
1549190 1747
1549200 1747
1549210 1745
1549220 1742
1549230 1742
1549240 1740
1549250 1736
1549260 1736
1549270 1734
1549280 1730
1549290 1730
1549300 1726
1549310 1722
1549320 1722
1549330 1717
1549340 1711
1549350 1711
1549360 1708
1549370 1704
1549380 1701
1549390 1701
1549400 1698
1549410 1696
1549420 1696
1549430 1692
1549440 1689
1549450 1689
1549460 1684
1549470 1678
1549480 1678
1549490 1674
1549500 1669
1549510 1669
1549520 1665
1549530 1661
1549540 1661
1549550 1659
1549560 1657
1549570 1657
1549580 1656
1549590 1653
1549600 1652
1549610 1652
1549620 1649
1549630 1647
1549640 1647
1549650 1643
1549660 1638
1549670 1638
1549680 1635
1549690 1633
1549700 1633
1549710 1632
1549720 1631
1549730 1631
1549740 1629
1549750 1629
1549760 1629
1549770 1631
1549780 1632
1549790 1633
1549800 1633
1549810 1636
1549820 1638
1549830 1638
1549840 1638
1549850 1636
1549860 1636
1549870 1635
1549880 1634
1549890 1634
1549900 1636
1549910 1637
1549920 1637
1549930 1637
1549940 1636
1549950 1636
1549960 1637
1549970 1637
1549980 1637
1549990 1637
1550000 1637
1550010 1638
1550020 1638
1550030 1638
1550040 1640
1550050 1640
1550060 1642
1550070 1647
1550080 1647
1550090 1648
1550100 1650
1550110 1650
1550120 1652
1550130 1653
1550140 1653
1550150 1654
1550160 1655
1550170 1657
1550180 1657
1550190 1658
1550200 1659
1550210 1659
1550220 1661
1550230 1662
1550240 1662
1550250 1664
1550260 1666
1550270 1666
1550280 1668
1550290 1670
1550300 1670
1550310 1672
1550320 1674
1550330 1674
1550340 1676
1550350 1678
1550360 1680
1550370 1680
1550380 1683
1550390 1685
1550400 1685
1550410 1687
1550420 1689
1550430 1689
1550440 1691
1550450 1693
1550460 1693
1550470 1694
1550480 1696
1550490 1696
1550500 1699
1550510 1701
1550520 1701
1550530 1703
1550540 1706
1550550 1709
1550560 1709
1550570 1712
1550580 1715
1550590 1715
1550600 1718
1550610 1721
1550620 1721
1550630 1724
1550640 1727
1550650 1727
1550660 1730
1550670 1733
1550680 1733
1550690 1738
1550700 1743
1550710 1743
1550720 1749
1550730 1757
1550740 1762
1550750 1762
1550760 1766
1550770 1770
1550780 1770
1550790 1773
1550800 1777
1550810 1777
1550820 1781
1550830 1785
1550840 1785
1550850 1789
1550860 1793
1550870 1793
1550880 1797
1550890 1801
1550900 1801
1550910 1802
1550920 1802
1550930 1804
1550940 1804
1550950 1805
1550960 1809
1550970 1809
1550980 1814
1550990 1819
1551000 1819
1551010 1823
1551020 1828
1551030 1828
1551040 1834
1551050 1841
1551060 1841
1551070 1847
1551080 1852
1551090 1852
1551100 1856
1551110 1861
1551120 1864
1551130 1864
1551140 1866
1551150 1872
1551160 1872
1551170 1877
1551180 1881
1551190 1881
1551200 1886
1551210 1890
1551220 1890
1551230 1893
1551240 1896
1551250 1896
1551260 1897
1551270 1899
1551280 1899
1551290 1902
1551300 1905
1551310 1910
1551320 1910
1551330 1912
1551340 1916
1551350 1916
1551360 1920
1551370 1925
1551380 1925
1551390 1929
1551400 1932
1551410 1932
1551420 1934
1551430 1937
1551440 1937
1551450 1939
1551460 1942
1551470 1942
1551480 1945
1551490 1949
1551500 1949
1551510 1953
1551520 1958
1551530 1962
1551540 1962
1551550 1967
1551560 1972
1551570 1972
1551580 1976
1551590 1979
1551600 1979
1551610 1983
1551620 1986
1551630 1986
1551640 1989
1551650 1991
1551660 1991
1551670 1994
1551680 1996
1551690 1996
1551700 1998
1551710 2000
1551720 2003
1551730 2003
1551740 2007
1551750 2010
1551760 2010
1551770 2013
1551780 2016
1551790 2016
1551800 2019
1551810 2022
1551820 2022
1551830 2025
1551840 2029
1551850 2029
1551860 2032
1551870 2036
1551880 2036
1551890 2039
1551900 2042
1551910 2046
1551920 2046
1551930 2050
1551940 2052
1551950 2052
1551960 2055
1551970 2059
1551980 2060
1551990 2063
1552000 2066
1552010 2066
1552020 2069
1552030 2072
1552040 2072
1552050 2074
1552060 2077
1552070 2077
1552080 2080
1552090 2083
1552100 2085
1552110 2085
1552120 2088
1552130 2090
1552140 2090
1552150 2093
1552160 2095
1552170 2095
1552180 2096
1552190 2097
1552200 2097
1552210 2098
1552220 2099
1552230 2099
1552240 2099
1552250 2098
1552260 2098
1552270 2100
1552280 2104
1552290 2107
1552300 2107
1552310 2109
1552320 2111
1552330 2111
1552340 2114
1552350 2117
1552360 2117
1552370 2117
1552380 2114
1552390 2114
1552400 2113
1552410 2106
1552420 2106
1552430 2094
1552440 2083
1552450 2083
1552460 2069
1552470 2060
1552480 2054
1552490 2054
1552500 2051
1552510 2049
1552520 2049
1552530 2048
1552540 2039
1552550 2039
1552560 2027
1552570 2011
1552580 2011
1552590 1991
1552600 1976
1552610 1976
1552620 1966
1552630 1959
1552640 1959
1552650 1952
1552660 1946
1552670 1940
1552680 1940
1552690 1935
1552700 1930
1552710 1930
1552720 1926
1552730 1921
1552740 1921
1552750 1918
1552760 1915
1552770 1915
1552780 1912
1552790 1911
1552800 1911
1552810 1911
1552820 1911
1552830 1911
1552840 1913
1552850 1917
1552860 1920
1552870 1920
1552880 1922
1552890 1924
1552900 1924
1552910 1926
1552920 1927
1552930 1927
1552940 1927
1552950 1928
1552960 1928
1552970 1929
1552980 1931
1552990 1931
1553000 1935
1553010 1939
1553020 1939
1553030 1942
1553040 1947
1553050 1950
1553060 1950
1553070 1952
1553080 1955
1553090 1955
1553100 1957
1553110 1957
1553120 1957
1553130 1959
1553140 1958
1553150 1958
1553160 1959
1553170 1952
1553180 1952
1553190 1938
1553200 1926
1553210 1926
1553220 1927
1553230 1926
1553240 1926
1553250 1906
1553260 1896
1553270 1890
1553280 1890
1553290 1884
1553300 1878
1553310 1878
1553320 1871
1553330 1866
1553340 1866
1553350 1863
1553360 1862
1553370 1862
1553380 1860
1553390 1857
1553400 1857
1553410 1853
1553420 1850
1553430 1850
1553440 1848
1553450 1848
1553460 1846
1553470 1846
1553480 1843
1553490 1839
1553500 1839
1553510 1837
1553520 1834
1553530 1834
1553540 1832
1553550 1831
1553560 1831
1553570 1831
1553580 1830
1553590 1830
1553600 1831
1553610 1832
1553620 1832
1553630 1833
1553640 1833
1553650 1833
1553660 1833
1553670 1833
1553680 1832
1553690 1832
1553700 1831
1553710 1830
1553720 1830
1553730 1829
1553740 1828
1553750 1828
1553760 1827
1553770 1826
1553780 1826
1553790 1825
1553800 1824
1553810 1824
1553820 1827
1553830 1820
1553840 1820
1553850 1820
1553860 1820
1553870 1818
1553880 1818
1553890 1816
1553900 1814
1553910 1814
1553920 1811
1553930 1807
1553940 1807
1553950 1803
1553960 1799
1553970 1799
1553980 1797
1553990 1795
1554000 1795
1554010 1794
1554020 1792
1554030 1789
1554040 1789
1554050 1786
1554060 1783
1554070 1783
1554080 1781
1554090 1779
1554100 1779
1554110 1776
1554120 1772
1554130 1772
1554140 1768
1554150 1764
1554160 1764
1554170 1761
1554180 1758
1554190 1758
1554200 1755
1554210 1752
1554220 1748
1554230 1748
1554240 1744
1554250 1740
1554260 1740
1554270 1737
1554280 1734
1554290 1734
1554300 1732
1554310 1731
1554320 1731
1554330 1729
1554340 1726
1554350 1726
1554360 1724
1554370 1722
1554380 1722
1554390 1719
1554400 1716
1554410 1712
1554420 1712
1554430 1708
1554440 1704
1554450 1704
1554460 1699
1554470 1695
1554480 1695
1554490 1691
1554500 1687
1554510 1687
1554520 1682
1554530 1678
1554540 1678
1554550 1674
1554560 1671
1554570 1671
1554580 1667
1554590 1663
1554600 1659
1554610 1659
1554620 1656
1554630 1651
1554640 1651
1554650 1648
1554660 1646
1554670 1646
1554680 1644
1554690 1642
1554700 1642
1554710 1641
1554720 1640
1554730 1640
1554740 1639
1554750 1638
1554760 1638
1554770 1637
1554780 1635
1554790 1632
1554800 1632
1554810 1629
1554820 1627
1554830 1627
1554840 1625
1554850 1623
1554860 1623
1554870 1621
1554880 1618
1554890 1618
1554900 1615
1554910 1613
1554920 1613
1554930 1611
1554940 1610
1554950 1610
1554960 1607
1554970 1605
1554980 1605
1554990 1603
1555000 1602
1555010 1600
1555020 1600
1555030 1599
1555040 1597
1555050 1597
1555060 1597
1555070 1596
1555080 1596
1555090 1594
1555100 1591
1555110 1591
1555120 1589
1555130 1588
1555140 1588
1555150 1586
1555160 1584
1555170 1584
1555180 1582
1555190 1581
1555200 1579
1555210 1579
1555220 1577
1555230 1575
1555240 1575
1555250 1574
1555260 1573
1555270 1573
1555280 1572
1555290 1571
1555300 1571
1555310 1570
1555320 1569
1555330 1569
1555340 1568
1555350 1567
1555360 1567
1555370 1566
1555380 1564
1555390 1563
1555400 1563
1555410 1562
1555420 1564
1555430 1564
1555440 1566
1555450 1568
1555460 1568
1555470 1570
1555480 1570
1555490 1570
1555500 1571
1555510 1572
1555520 1572
1555530 1574
1555540 1577
1555550 1577
1555560 1580
1555570 1584
1555580 1589
1555590 1589
1555600 1596
1555610 1606
1555620 1606
1555630 1614
1555640 1617
1555650 1617
1555660 1622
1555670 1629
1555680 1629
1555690 1632
1555700 1635
1555710 1635
1555720 1635
1555730 1638
1555740 1638
1555750 1639
1555760 1641
1555770 1647
1555780 1647
1555790 1653
1555800 1657
1555810 1657
1555820 1660
1555830 1663
1555840 1663
1555850 1666
1555860 1668
1555870 1668
1555880 1671
1555890 1675
1555900 1675
1555910 1680
1555920 1686
1555930 1686
1555940 1693
1555950 1700
1555960 1705
1555970 1705
1555980 1711
1555990 1718
1556000 1718
1556010 1722
1556020 1725
1556030 1725
1556040 1729
1556050 1734
1556060 1734
1556070 1738
1556080 1738
1556090 1738
1556100 1730
1556110 1725
1556120 1725
1556130 1720
1556140 1717
1556150 1717
1556160 1717
1556170 1718
1556180 1719
1556190 1719
1556200 1720
1556210 1722
1556220 1722
1556230 1724
1556240 1725
1556250 1725
1556260 1726
1556270 1728
1556280 1728
1556290 1729
1556300 1730
1556310 1730
1556320 1731
1556330 1731
1556340 1732
1556350 1732
1556360 1732
1556370 1733
1556380 1733
1556390 1733
1556400 1733
1556410 1733
1556420 1733
1556430 1732
1556440 1732
1556450 1732
1556460 1730
1556470 1730
1556480 1729
1556490 1727
1556500 1727
1556510 1727
1556520 1727
1556530 1728
1556540 1728
1556550 1728
1556560 1727
1556570 1727
1556580 1725
1556590 1726
1556600 1726
1556610 1726
1556620 1727
1556630 1727
1556640 1728
1556650 1729
1556660 1729
1556670 1730
1556680 1733
1556690 1733
1556700 1736
1556710 1739
1556720 1742
1556730 1742
1556740 1746
1556750 1749
1556760 1749
1556770 1753
1556780 1757
1556790 1757
1556800 1760
1556810 1763
1556820 1763
1556830 1767
1556840 1770
1556850 1770
1556860 1772
1556870 1775
1556880 1775
1556890 1778
1556900 1781
1556910 1781
1556920 1784
1556930 1787
1556940 1790
1556950 1790
1556960 1791
1556970 1793
1556980 1793
1556990 1794
1557000 1795
1557010 1795
1557020 1797
1557030 1798
1557040 1798
1557050 1800
1557060 1802
1557070 1802
1557080 1804
1557090 1805
1557100 1805
1557110 1805
1557120 1805
1557130 1806
1557140 1806
1557150 1806
1557160 1806
1557170 1806
1557180 1805
1557190 1804
1557200 1804
1557210 1802
1557220 1801
1557230 1801
1557240 1800
1557250 1799
1557260 1799
1557270 1797
1557280 1796
1557290 1796
1557300 1795
1557310 1793
1557320 1790
1557330 1790
1557340 1789
1557350 1786
1557360 1786
1557370 1785
1557380 1783
1557390 1779
1557400 1777
1557410 1775
1557420 1775
1557430 1773
1557440 1772
1557450 1772
1557460 1771
1557470 1771
1557480 1771
1557490 1771
1557500 1771
1557510 1772
1557520 1772
1557530 1772
1557540 1772
1557550 1772
1557560 1772
1557570 1774
1557580 1774
1557590 1775
1557600 1776
1557610 1776
1557620 1777
1557630 1779
1557640 1779
1557650 1780
1557660 1782
1557670 1782
1557680 1783
1557690 1785
1557700 1786
1557710 1786
1557720 1787
1557730 1787
1557740 1787
1557750 1788
1557760 1788
1557770 1788
1557780 1787
1557790 1787
1557800 1787
1557810 1786
1557820 1785
1557830 1785
1557840 1783
1557850 1781
1557860 1781
1557870 1778
1557880 1775
1557890 1772
1557900 1772
1557910 1769
1557920 1766
1557930 1766
1557940 1763
1557950 1760
1557960 1760
1557970 1756
1557980 1753
1557990 1753
1558000 1750
1558010 1747
1558020 1747
1558030 1745
1558040 1742
1558050 1742
1558060 1740
1558070 1737
1558080 1734
1558090 1734
1558100 1731
1558110 1728
1558120 1728
1558130 1725
1558140 1722
1558150 1722
1558160 1719
1558170 1716
1558180 1716
1558190 1711
1558200 1706
1558210 1706
1558220 1702
1558230 1697
1558240 1697
1558250 1693
1558260 1688
1558270 1683
1558280 1683
1558290 1677
1558300 1673
1558310 1673
1558320 1670
1558330 1668
1558340 1668
1558350 1666
1558360 1664
1558370 1664
1558380 1663
1558390 1662
1558400 1662
1558410 1662
1558420 1662
1558430 1662
1558440 1663
1558450 1663
1558460 1663
1558470 1663
1558480 1663
1558490 1664
1558500 1664
1558510 1664
1558520 1664
1558530 1664
1558540 1665
1558550 1664
1558560 1664
1558570 1664
1558580 1663
1558590 1663
1558600 1662
1558610 1659
1558620 1659
1558630 1657
1558640 1658
1558650 1658
1558660 1659
1558670 1661
1558680 1661
1558690 1661
1558700 1664
1558710 1667
1558720 1667
1558730 1668
1558740 1668
1558750 1668
1558760 1669
1558770 1670
1558780 1670
1558790 1672
1558800 1673
1558810 1673
1558820 1674
1558830 1674
1558840 1674
1558850 1675
1558860 1676
1558870 1677
1558880 1677
1558890 1679
1558900 1681
1558910 1681
1558920 1682
1558930 1683
1558940 1683
1558950 1685
1558960 1688
1558970 1688
1558980 1691
1558990 1694
1559000 1694
1559010 1697
1559020 1700
1559030 1700
1559040 1703
1559050 1705
1559060 1709
1559070 1709
1559080 1713
1559090 1717
1559100 1717
1559110 1720
1559120 1723
1559130 1723
1559140 1727
1559150 1730
1559160 1730
1559170 1733
1559180 1737
1559190 1737
1559200 1740
1559210 1743
1559220 1743
1559230 1748
1559240 1752
1559250 1756
1559260 1756
1559270 1760
1559280 1763
1559290 1763
1559300 1767
1559310 1771
1559320 1771
1559330 1774
1559340 1778
1559350 1778
1559360 1782
1559370 1786
1559380 1786
1559390 1789
1559400 1793
1559410 1793
1559420 1797
1559430 1800
1559440 1804
1559450 1804
1559460 1806
1559470 1809
1559480 1809
1559490 1812
1559500 1812
1559510 1812
1559520 1806
1559530 1797
1559540 1797
1559550 1791
1559560 1787
1559570 1787
1559580 1785
1559590 1785
1559600 1785
1559610 1784
1559620 1784
1559630 1782
1559640 1782
1559650 1779
1559660 1775
1559670 1775
1559680 1770
1559690 1765
1559700 1765
1559710 1761
1559720 1756
1559730 1756
1559740 1752
1559750 1748
1559760 1748
1559770 1744
1559780 1741
1559790 1741
1559800 1738
1559810 1734
1559820 1730
1559830 1730
1559840 1727
1559850 1725
1559860 1725
1559870 1719
1559880 1714
1559890 1714
1559900 1709
1559910 1708
1559920 1708
1559930 1706
1559940 1703
1559950 1703
1559960 1699
1559970 1697
1559980 1697
1559990 1695
