1540000 1633
1540010 1629
1540020 1629
1540030 1628
1540040 1628
1540050 1628
1540060 1629
1540070 1632
1540080 1635
1540090 1635
1540100 1638
1540110 1642
1540120 1642
1540130 1646
1540140 1651
1540150 1651
1540160 1656
1540170 1659
1540180 1659
1540190 1663
1540200 1667
1540210 1667
1540220 1670
1540230 1673
1540240 1673
1540250 1677
1540260 1683
1540270 1683
1540280 1688
1540290 1693
1540300 1698
1540310 1698
1540320 1704
1540330 1709
1540340 1709
1540350 1715
1540360 1722
1540370 1722
1540380 1728
1540390 1734
1540400 1734
1540410 1740
1540420 1747
1540430 1747
1540440 1754
1540450 1760
1540460 1760
1540470 1766
1540480 1772
1540490 1778
1540500 1778
1540510 1783
1540520 1787
1540530 1787
1540540 1793
1540550 1800
1540560 1800
1540570 1804
1540580 1804
1540590 1804
1540600 1803
1540610 1802
1540620 1802
1540630 1802
1540640 1802
1540650 1802
1540660 1802
1540670 1803
1540680 1804
1540690 1804
1540700 1806
1540710 1808
1540720 1808
1540730 1810
1540740 1814
1540750 1814
1540760 1819
1540770 1821
1540780 1821
1540790 1820
1540800 1822
1540810 1822
1540820 1828
1540830 1834
1540840 1834
1540850 1839
1540860 1843
1540870 1847
1540880 1847
1540890 1851
1540900 1858
1540910 1858
1540920 1863
1540930 1866
1540940 1866
1540950 1867
1540960 1868
1540970 1868
1540980 1869
1540990 1870
1541000 1870
1541010 1871
1541020 1872
1541030 1872
1541040 1873
1541050 1874
1541060 1874
1541070 1874
1541080 1878
1541090 1882
1541100 1882
1541110 1885
1541120 1888
1541130 1888
1541140 1894
1541150 1902
1541160 1902
1541170 1908
1541180 1914
1541190 1914
1541200 1916
1541210 1918
1541220 1918
1541230 1920
1541240 1921
1541250 1922
1541260 1922
1541270 1921
1541280 1922
1541290 1922
1541300 1925
1541310 1929
1541320 1929
1541330 1933
1541340 1937
1541350 1937
1541360 1941
1541370 1943
1541380 1943
1541390 1944
1541400 1944
1541410 1944
1541420 1942
1541430 1939
1541440 1936
1541450 1936
1541460 1931
1541470 1927
1541480 1927
1541490 1924
1541500 1920
1541510 1920
1541520 1916
1541530 1912
1541540 1912
1541550 1909
1541560 1905
1541570 1905
1541580 1901
1541590 1896
1541600 1896
1541610 1891
1541620 1888
1541630 1885
1541640 1885
1541650 1882
1541660 1878
1541670 1878
1541680 1875
1541690 1874
1541700 1874
1541710 1873
1541720 1870
1541730 1870
1541740 1867
1541750 1867
1541760 1867
1541770 1865
1541780 1864
1541790 1864
1541800 1863
1541810 1862
1541820 1860
1541830 1860
1541840 1859
1541850 1858
1541860 1858
1541870 1857
1541880 1856
1541890 1856
1541900 1856
1541910 1855
1541920 1855
1541930 1855
1541940 1854
1541950 1854
1541960 1854
1541970 1854
1541980 1854
1541990 1854
1542000 1855
1542010 1855
1542020 1855
1542030 1856
1542040 1855
1542050 1855
1542060 1853
1542070 1855
1542080 1855
1542090 1859
1542100 1864
1542110 1864
1542120 1870
1542130 1876
1542140 1876
1542150 1881
1542160 1886
1542170 1886
1542180 1890
1542190 1895
1542200 1895
1542210 1900
1542220 1905
1542230 1911
1542240 1911
1542250 1915
1542260 1918
1542270 1918
1542280 1919
1542290 1920
1542300 1920
1542310 1921
1542320 1922
1542330 1922
1542340 1924
1542350 1925
1542360 1925
1542370 1926
1542380 1926
1542390 1926
1542400 1927
1542410 1928
1542420 1930
1542430 1930
1542440 1932
1542450 1936
1542460 1936
1542470 1939
1542480 1941
1542490 1941
1542500 1941
1542510 1942
1542520 1942
1542530 1943
1542540 1944
1542550 1944
1542560 1945
1542570 1947
1542580 1947
1542590 1952
1542600 1959
1542610 1964
1542620 1964
1542630 1967
1542640 1970
1542650 1970
1542660 1972
1542670 1974
1542680 1974
1542690 1976
1542700 1977
1542710 1977
1542720 1976
1542730 1972
1542740 1972
1542750 1969
1542760 1966
1542770 1966
1542780 1960
1542790 1954
1542800 1952
1542810 1952
1542820 1954
1542830 1956
1542840 1956
1542850 1956
1542860 1955
1542870 1955
1542880 1952
1542890 1950
1542900 1950
1542910 1948
1542920 1942
1542930 1942
1542940 1934
1542950 1927
1542960 1927
1542970 1921
1542980 1915
1542990 1910
1543000 1910
1543010 1905
1543020 1900
1543030 1900
1543040 1896
1543050 1892
1543060 1892
1543070 1890
1543080 1888
1543090 1888
1543100 1886
1543110 1883
1543120 1883
1543130 1879
1543140 1874
1543150 1874
1543160 1869
1543170 1865
1543180 1864
1543190 1864
1543200 1861
1543210 1859
1543220 1859
1543230 1855
1543240 1850
1543250 1850
1543260 1847
1543270 1845
1543280 1845
1543290 1842
1543300 1839
1543310 1839
1543320 1834
1543330 1828
1543340 1828
1543350 1824
1543360 1821
1543370 1820
1543380 1820
1543390 1820
1543400 1820
1543410 1820
1543420 1820
1543430 1820
1543440 1820
1543450 1821
1543460 1821
1543470 1821
1543480 1822
1543490 1822
1543500 1822
1543510 1821
1543520 1819
1543530 1819
1543540 1818
1543550 1816
1543560 1814
1543570 1814
1543580 1812
1543590 1809
1543600 1809
1543610 1806
1543620 1804
1543630 1804
1543640 1802
1543650 1801
1543660 1801
1543670 1799
1543680 1797
1543690 1797
1543700 1794
1543710 1790
1543720 1790
1543730 1787
1543740 1784
1543750 1782
1543760 1782
1543770 1780
1543780 1779
1543790 1779
1543800 1778
1543810 1775
1543820 1775
1543830 1774
1543840 1772
1543850 1772
1543860 1769
1543870 1770
1543880 1770
1543890 1769
1543900 1765
1543910 1765
1543920 1760
1543930 1757
1543940 1756
1543950 1756
1543960 1756
1543970 1756
1543980 1756
1543990 1753
1544000 1750
1544010 1750
1544020 1747
1544030 1743
1544040 1743
1544050 1739
1544060 1735
1544070 1735
1544080 1732
1544090 1729
1544100 1729
1544110 1726
1544120 1724
1544130 1724
1544140 1721
1544150 1717
1544160 1712
1544170 1712
1544180 1709
1544190 1707
1544200 1707
1544210 1704
1544220 1702
1544230 1702
1544240 1703
1544250 1705
1544260 1705
1544270 1705
1544280 1704
1544290 1704
1544300 1704
1544310 1703
1544320 1703
1544330 1706
1544340 1712
1544350 1714
1544360 1714
1544370 1716
1544380 1717
1544390 1714
1544400 1716
1544410 1719
1544420 1719
1544430 1722
1544440 1728
1544450 1728
1544460 1735
1544470 1740
1544480 1740
1544490 1746
1544500 1752
1544510 1752
1544520 1760
1544530 1764
1544540 1770
1544550 1770
1544560 1776
1544570 1783
1544580 1783
1544590 1786
1544600 1785
1544610 1785
1544620 1783
1544630 1781
1544640 1781
1544650 1779
1544660 1778
1544670 1778
1544680 1778
1544690 1779
1544700 1779
1544710 1782
1544720 1785
1544730 1788
1544740 1788
1544750 1789
1544760 1789
1544770 1789
1544780 1786
1544790 1783
1544800 1783
1544810 1780
1544820 1778
1544830 1778
1544840 1778
1544850 1777
1544860 1777
1544870 1778
1544880 1779
1544890 1779
1544900 1777
1544910 1775
1544920 1773
1544930 1773
1544940 1772
1544950 1771
1544960 1771
1544970 1770
1544980 1771
1544990 1771
1545000 1772
1545010 1773
1545020 1773
1545030 1777
1545040 1781
1545050 1781
1545060 1786
1545070 1790
1545080 1790
1545090 1793
1545100 1797
1545110 1800
1545120 1800
1545130 1803
1545140 1806
1545150 1806
1545160 1808
1545170 1812
1545180 1812
1545190 1816
1545200 1821
1545210 1821
1545220 1823
1545230 1824
1545240 1824
1545250 1826
1545260 1827
1545270 1827
1545280 1826
1545290 1825
1545300 1824
1545310 1824
1545320 1824
1545330 1825
1545340 1825
1545350 1827
1545360 1828
1545370 1828
1545380 1829
1545390 1831
1545400 1831
1545410 1833
1545420 1836
1545430 1836
1545440 1838
1545450 1839
1545460 1839
1545470 1840
1545480 1841
1545490 1842
1545500 1842
1545510 1843
1545520 1845
1545530 1845
1545540 1846
1545550 1847
1545560 1847
1545570 1850
1545580 1854
1545590 1854
1545600 1857
1545610 1861
1545620 1861
1545630 1863
1545640 1864
1545650 1864
1545660 1864
1545670 1863
1545680 1864
1545690 1864
1545700 1865
1545710 1865
1545720 1865
1545730 1866
1545740 1866
1545750 1866
1545760 1865
1545770 1864
1545780 1864
1545790 1864
1545800 1865
1545810 1865
1545820 1865
1545830 1863
1545840 1863
1545850 1861
1545860 1857
1545870 1854
1545880 1854
1545890 1851
1545900 1849
1545910 1849
1545920 1846
1545930 1843
1545940 1843
1545950 1840
1545960 1836
1545970 1836
1545980 1833
1545990 1829
1546000 1829
1546010 1825
1546020 1821
1546030 1821
1546040 1817
1546050 1813
1546060 1809
1546070 1809
1546080 1805
1546090 1802
1546100 1802
1546110 1800
1546120 1798
1546130 1798
1546140 1796
1546150 1794
1546160 1794
1546170 1792
1546180 1789
1546190 1789
1546200 1786
1546210 1783
1546220 1783
1546230 1779
1546240 1775
1546250 1775
1546260 1771
1546270 1767
1546280 1763
1546290 1763
1546300 1759
1546310 1756
1546320 1756
1546330 1755
1546340 1754
1546350 1754
1546360 1752
1546370 1749
1546380 1749
1546390 1746
1546400 1744
1546410 1744
1546420 1742
1546430 1740
1546440 1740
1546450 1737
1546460 1731
1546470 1727
1546480 1727
1546490 1722
1546500 1718
1546510 1718
1546520 1714
1546530 1712
1546540 1712
1546550 1709
1546560 1704
1546570 1704
1546580 1700
1546590 1696
1546600 1696
1546610 1693
1546620 1690
1546630 1690
1546640 1687
1546650 1684
1546660 1680
1546670 1680
1546680 1677
1546690 1674
1546700 1674
1546710 1672
1546720 1668
1546730 1668
1546740 1661
1546750 1655
1546760 1655
1546770 1651
1546780 1648
1546790 1648
1546800 1641
1546810 1632
1546820 1632
1546830 1625
1546840 1619
1546850 1614
1546860 1614
1546870 1609
1546880 1603
1546890 1603
1546900 1598
1546910 1592
1546920 1592
1546930 1586
1546940 1580
1546950 1580
1546960 1573
1546970 1567
1546980 1567
1546990 1561
1547000 1553
1547010 1553
1547020 1548
1547030 1549
1547040 1552
1547050 1552
1547060 1557
1547070 1562
1547080 1562
1547090 1566
1547100 1569
1547110 1569
1547120 1571
1547130 1573
1547140 1573
1547150 1575
1547160 1578
1547170 1578
1547180 1580
1547190 1583
1547200 1583
1547210 1586
1547220 1589
1547230 1593
1547240 1593
1547250 1597
1547260 1601
1547270 1601
1547280 1605
1547290 1609
1547300 1609
1547310 1613
1547320 1618
1547330 1618
1547340 1622
1547350 1627
1547360 1627
1547370 1633
1547380 1639
1547390 1639
1547400 1645
1547410 1652
1547420 1659
1547430 1659
1547440 1666
1547450 1672
1547460 1672
1547470 1678
1547480 1683
1547490 1683
1547500 1690
1547510 1695
1547520 1695
1547530 1701
1547540 1707
1547550 1707
1547560 1712
1547570 1717
1547580 1717
1547590 1723
1547600 1730
1547610 1737
1547620 1737
1547630 1744
1547640 1750
1547650 1750
1547660 1756
1547670 1762
1547680 1762
1547690 1768
1547700 1774
1547710 1774
1547720 1778
1547730 1780
1547740 1780
1547750 1780
1547760 1780
1547770 1780
1547780 1780
1547790 1782
1547800 1782
1547810 1782
1547820 1782
1547830 1782
1547840 1782
1547850 1782
1547860 1782
1547870 1782
1547880 1783
1547890 1783
1547900 1783
1547910 1785
1547920 1786
1547930 1786
1547940 1787
1547950 1787
1547960 1787
1547970 1787
1547980 1788
1547990 1788
1548000 1790
1548010 1792
1548020 1794
1548030 1794
1548040 1796
1548050 1797
1548060 1797
1548070 1798
1548080 1799
1548090 1799
1548100 1800
1548110 1801
1548120 1801
1548130 1801
1548140 1805
1548150 1805
1548160 1810
1548170 1816
1548180 1816
1548190 1822
1548200 1828
1548210 1835
1548220 1835
1548230 1840
1548240 1844
1548250 1844
1548260 1846
1548270 1847
1548280 1847
1548290 1849
1548300 1852
1548310 1852
1548320 1854
1548330 1857
1548340 1857
1548350 1859
1548360 1857
1548370 1857
1548380 1854
1548390 1851
1548400 1848
1548410 1848
1548420 1847
1548430 1845
1548440 1845
1548450 1842
1548460 1839
1548470 1839
1548480 1832
1548490 1829
1548500 1829
1548510 1826
1548520 1823
1548530 1823
1548540 1820
1548550 1817
1548560 1817
1548570 1813
1548580 1812
1548590 1811
1548600 1811
1548610 1810
1548620 1809
1548630 1809
1548640 1808
1548650 1808
1548660 1808
1548670 1808
1548680 1810
1548690 1810
1548700 1812
1548710 1814
1548720 1814
1548730 1816
1548740 1818
1548750 1818
1548760 1819
1548770 1821
1548780 1822
1548790 1822
1548800 1823
1548810 1824
1548820 1824
1548830 1824
1548840 1826
1548850 1826
1548860 1827
1548870 1828
1548880 1828
1548890 1828
1548900 1828
1548910 1828
1548920 1827
1548930 1826
1548940 1826
1548950 1826
1548960 1825
1548970 1824
1548980 1824
1548990 1823
1549000 1821
1549010 1821
1549020 1821
1549030 1821
1549040 1821
1549050 1820
1549060 1818
1549070 1818
1549080 1816
1549090 1813
1549100 1813
1549110 1810
1549120 1805
1549130 1805
1549140 1800
1549150 1796
1549160 1792
1549170 1792
1549180 1787
1549190 1783
1549200 1783
1549210 1780
1549220 1778
1549230 1778
1549240 1774
1549250 1767
1549260 1767
1549270 1761
1549280 1756
1549290 1756
1549300 1756
1549310 1757
1549320 1757
1549330 1754
1549340 1750
1549350 1743
1549360 1743
1549370 1735
1549380 1730
1549390 1730
1549400 1727
1549410 1724
1549420 1724
1549430 1721
1549440 1719
1549450 1719
1549460 1717
1549470 1714
1549480 1714
1549490 1708
1549500 1701
1549510 1701
1549520 1697
1549530 1692
1549540 1690
1549550 1690
1549560 1687
1549570 1684
1549580 1684
1549590 1682
1549600 1682
1549610 1682
1549620 1680
1549630 1678
1549640 1678
1549650 1674
1549660 1670
1549670 1670
1549680 1668
1549690 1664
1549700 1664
1549710 1660
1549720 1656
1549730 1654
1549740 1654
1549750 1651
1549760 1650
1549770 1650
1549780 1653
1549790 1655
1549800 1655
1549810 1654
1549820 1652
1549830 1652
1549840 1650
1549850 1649
1549860 1649
1549870 1648
1549880 1649
1549890 1649
1549900 1650
1549910 1651
1549920 1651
1549930 1652
1549940 1651
1549950 1649
1549960 1649
1549970 1648
1549980 1648
1549990 1648
1550000 1648
1550010 1648
1550020 1648
1550030 1648
1550040 1650
1550050 1650
1550060 1650
1550070 1650
1550080 1650
1550090 1649
1550100 1648
1550110 1648
1550120 1647
1550130 1647
1550140 1648
1550150 1648
1550160 1648
1550170 1647
1550180 1647
1550190 1649
1550200 1652
1550210 1652
1550220 1654
1550230 1656
1550240 1656
1550250 1657
1550260 1658
1550270 1658
1550280 1659
1550290 1660
1550300 1660
1550310 1662
1550320 1663
1550330 1663
1550340 1663
1550350 1664
1550360 1665
1550370 1665
1550380 1666
1550390 1667
1550400 1667
1550410 1668
1550420 1671
1550430 1671
1550440 1672
1550450 1674
1550460 1674
1550470 1676
1550480 1677
1550490 1677
1550500 1679
1550510 1681
1550520 1684
1550530 1684
1550540 1687
1550550 1689
1550560 1689
1550570 1691
1550580 1694
1550590 1694
1550600 1697
1550610 1700
1550620 1700
1550630 1703
1550640 1706
1550650 1706
1550660 1709
1550670 1712
1550680 1712
1550690 1716
1550700 1720
1550710 1723
1550720 1723
1550730 1726
1550740 1730
1550750 1730
1550760 1733
1550770 1735
1550780 1735
1550790 1738
1550800 1743
1550810 1743
1550820 1746
1550830 1748
1550840 1748
1550850 1752
1550860 1756
1550870 1756
1550880 1762
1550890 1768
1550900 1774
1550910 1774
1550920 1778
1550930 1782
1550940 1782
1550950 1787
1550960 1792
1550970 1792
1550980 1797
1550990 1802
1551000 1802
1551010 1806
1551020 1810
1551030 1810
1551040 1815
1551050 1820
1551060 1820
1551070 1825
1551080 1830
1551090 1834
1551100 1834
1551110 1839
1551120 1844
1551130 1844
1551140 1848
1551150 1852
1551160 1852
1551170 1855
1551180 1859
1551190 1859
1551200 1863
1551210 1867
1551220 1867
1551230 1871
1551240 1873
1551250 1873
1551260 1876
1551270 1880
1551280 1882
1551290 1882
1551300 1884
1551310 1887
1551320 1887
1551330 1892
1551340 1897
1551350 1897
1551360 1903
1551370 1909
1551380 1909
1551390 1914
1551400 1918
1551410 1918
1551420 1922
1551430 1926
1551440 1926
1551450 1929
1551460 1933
1551470 1936
1551480 1936
1551490 1939
1551500 1942
1551510 1942
1551520 1945
1551530 1948
1551540 1948
1551550 1953
1551560 1958
1551570 1958
1551580 1963
1551590 1966
1551600 1966
1551610 1969
1551620 1972
1551630 1972
1551640 1974
1551650 1976
1551660 1977
1551670 1977
1551680 1979
1551690 1982
1551700 1982
1551710 1985
1551720 1987
1551730 1987
1551740 1990
1551750 1992
1551760 1992
1551770 1995
1551780 1997
1551790 1997
1551800 1999
1551810 2001
1551820 2001
1551830 2003
1551840 2006
1551850 2006
1551860 2011
1551870 2016
1551880 2019
1551890 2019
1551900 2022
1551910 2025
1551920 2025
1551930 2028
1551940 2032
1551950 2032
1551960 2035
1551970 2039
1551980 2039
1551990 2043
1552000 2047
1552010 2047
1552020 2051
1552030 2054
1552040 2054
1552050 2057
1552060 2060
1552070 2062
1552080 2062
1552090 2065
1552100 2067
1552110 2067
1552120 2069
1552130 2071
1552140 2071
1552150 2074
1552160 2076
1552170 2076
1552180 2078
1552190 2080
1552200 2080
1552210 2083
1552220 2087
1552230 2087
1552240 2090
1552250 2093
1552260 2096
1552270 2096
1552280 2100
1552290 2103
1552300 2103
1552310 2107
1552320 2111
1552330 2111
1552340 2114
1552350 2118
1552360 2118
1552370 2121
1552380 2122
1552390 2122
1552400 2121
1552410 2117
1552420 2117
1552430 2113
1552440 2108
1552450 2101
1552460 2101
1552470 2095
1552480 2087
1552490 2087
1552500 2078
1552510 2069
1552520 2069
1552530 2063
1552540 2059
1552550 2059
1552560 2051
1552570 2044
1552580 2044
1552590 2035
1552600 2027
1552610 2027
1552620 2019
1552630 2001
1552640 1982
1552650 1982
1552660 1965
1552670 1960
1552680 1960
1552690 1955
1552700 1950
1552710 1950
1552720 1944
1552730 1938
1552740 1938
1552750 1933
1552760 1933
1552770 1933
1552780 1936
1552790 1938
1552800 1938
1552810 1940
1552820 1942
1552830 1942
1552840 1942
1552850 1942
1552860 1941
1552870 1941
1552880 1939
1552890 1940
1552900 1940
1552910 1942
1552920 1946
1552930 1946
1552940 1950
1552950 1954
1552960 1954
1552970 1956
1552980 1957
1552990 1957
1553000 1959
1553010 1961
1553020 1962
1553030 1962
1553040 1963
1553050 1962
1553060 1962
1553070 1964
1553080 1968
1553090 1968
1553100 1971
1553110 1974
1553120 1974
1553130 1977
1553140 1980
1553150 1980
1553160 1983
1553170 1986
1553180 1986
1553190 1988
1553200 1983
1553210 1974
1553220 1974
1553230 1967
1553240 1963
1553250 1963
1553260 1959
1553270 1954
1553280 1954
1553290 1943
1553300 1934
1553310 1934
1553320 1928
1553330 1927
1553340 1927
1553350 1928
1553360 1933
1553370 1933
1553380 1934
1553390 1932
1553400 1928
1553410 1928
1553420 1920
1553430 1911
1553440 1911
1553450 1906
1553460 1905
1553470 1905
1553480 1902
1553490 1896
1553500 1896
1553510 1891
1553520 1888
1553530 1888
1553540 1887
1553550 1885
1553560 1885
1553570 1883
1553580 1885
1553590 1885
1553600 1887
1553610 1889
1553620 1888
1553630 1888
1553640 1889
1553650 1892
1553660 1892
1553670 1892
1553680 1891
1553690 1891
1553700 1887
1553710 1883
1553720 1883
1553730 1882
1553740 1883
1553750 1883
1553760 1884
1553770 1884
1553780 1884
1553790 1884
1553800 1884
1553810 1883
1553820 1883
1553830 1881
1553840 1881
1553850 1881
1553860 1879
1553870 1876
1553880 1876
1553890 1873
1553900 1869
1553910 1869
1553920 1867
1553930 1865
1553940 1865
1553950 1860
1553960 1855
1553970 1855
1553980 1851
1553990 1847
1554000 1844
1554010 1844
1554020 1841
1554030 1837
1554040 1837
1554050 1834
1554060 1830
1554070 1830
1554080 1826
1554090 1823
1554100 1823
1554110 1820
1554120 1816
1554130 1816
1554140 1812
1554150 1808
1554160 1803
1554170 1799
1554180 1797
1554190 1794
1554200 1794
1554210 1790
1554220 1787
1554230 1787
1554240 1784
1554250 1780
1554260 1780
1554270 1777
1554280 1773
1554290 1773
1554300 1769
1554310 1766
1554320 1766
1554330 1764
1554340 1763
1554350 1763
1554360 1761
1554370 1758
1554380 1754
1554390 1754
1554400 1751
1554410 1747
1554420 1747
1554430 1743
1554440 1738
1554450 1738
1554460 1732
1554470 1726
1554480 1726
1554490 1720
1554500 1714
1554510 1714
1554520 1707
1554530 1701
1554540 1701
1554550 1695
1554560 1690
1554570 1687
1554580 1687
1554590 1685
1554600 1682
1554610 1682
1554620 1679
1554630 1676
1554640 1676
1554650 1674
1554660 1673
1554670 1673
1554680 1672
1554690 1671
1554700 1671
1554710 1668
1554720 1666
1554730 1666
1554740 1664
1554750 1662
1554760 1659
1554770 1659
1554780 1656
1554790 1653
1554800 1653
1554810 1649
1554820 1647
1554830 1647
1554840 1645
1554850 1643
1554860 1643
1554870 1641
1554880 1639
1554890 1639
1554900 1636
1554910 1634
1554920 1634
1554930 1631
1554940 1627
1554950 1623
1554960 1623
1554970 1620
1554980 1618
1554990 1618
1555000 1615
1555010 1609
1555020 1609
1555030 1605
1555040 1601
1555050 1601
1555060 1598
1555070 1595
1555080 1595
1555090 1591
1555100 1587
1555110 1587
1555120 1584
1555130 1581
1555140 1579
1555150 1579
1555160 1577
1555170 1576
1555180 1576
1555190 1576
1555200 1575
1555210 1575
1555220 1574
1555230 1573
1555240 1573
1555250 1573
1555260 1573
1555270 1573
1555280 1574
1555290 1574
1555300 1574
1555310 1574
1555320 1574
1555330 1574
1555340 1574
1555350 1575
1555360 1578
1555370 1578
1555380 1580
1555390 1582
1555400 1582
1555410 1584
1555420 1586
1555430 1586
1555440 1589
1555450 1591
1555460 1591
1555470 1593
1555480 1595
1555490 1595
1555500 1597
1555510 1600
1555520 1600
1555530 1603
1555540 1606
1555550 1611
1555560 1611
1555570 1616
1555580 1622
1555590 1622
1555600 1628
1555610 1634
1555620 1634
1555630 1639
1555640 1645
1555650 1645
1555660 1649
1555670 1654
1555680 1654
1555690 1659
1555700 1665
1555710 1665
1555720 1669
1555730 1673
1555740 1678
1555750 1678
1555760 1682
1555770 1687
1555780 1687
1555790 1692
1555800 1697
1555810 1697
1555820 1702
1555830 1706
1555840 1706
1555850 1711
1555860 1716
1555870 1716
1555880 1721
1555890 1728
1555900 1728
1555910 1734
1555920 1739
1555930 1744
1555940 1744
1555950 1751
1555960 1751
1555970 1751
1555980 1756
1555990 1761
1556000 1761
1556010 1767
1556020 1771
1556030 1771
1556040 1776
1556050 1779
1556060 1779
1556070 1780
1556080 1781
1556090 1781
1556100 1780
1556110 1779
1556120 1779
1556130 1779
1556140 1780
1556150 1780
1556160 1780
1556170 1780
1556180 1779
1556190 1779
1556200 1777
1556210 1775
1556220 1775
1556230 1773
1556240 1771
1556250 1771
1556260 1770
1556270 1765
1556280 1765
1556290 1761
1556300 1759
1556310 1758
1556320 1758
1556330 1756
1556340 1754
1556350 1754
1556360 1752
1556370 1752
1556380 1752
1556390 1752
1556400 1751
1556410 1751
1556420 1751
1556430 1751
1556440 1751
1556450 1750
1556460 1750
1556470 1750
1556480 1750
1556490 1749
1556500 1749
1556510 1749
1556520 1749
1556530 1749
1556540 1749
1556550 1749
1556560 1748
1556570 1748
1556580 1748
1556590 1748
1556600 1748
1556610 1749
1556620 1751
1556630 1751
1556640 1753
1556650 1755
1556660 1755
1556670 1756
1556680 1758
1556690 1760
1556700 1760
1556710 1763
1556720 1767
1556730 1767
1556740 1769
1556750 1773
1556760 1773
1556770 1776
1556780 1779
1556790 1779
1556800 1783
1556810 1787
1556820 1787
1556830 1791
1556840 1794
1556850 1794
1556860 1797
1556870 1801
1556880 1804
1556890 1804
1556900 1807
1556910 1810
1556920 1810
1556930 1813
1556940 1816
1556950 1816
1556960 1818
1556970 1820
1556980 1820
1556990 1823
1557000 1825
1557010 1825
1557020 1827
1557030 1830
1557040 1830
1557050 1832
1557060 1834
1557070 1837
1557080 1837
1557090 1839
1557100 1840
1557110 1840
1557120 1841
1557130 1841
1557140 1841
1557150 1841
1557160 1840
1557170 1840
1557180 1839
1557190 1838
1557200 1838
1557210 1837
1557220 1837
1557230 1837
1557240 1837
1557250 1836
1557260 1834
1557270 1834
1557280 1833
1557290 1831
1557300 1831
1557310 1828
1557320 1827
1557330 1827
1557340 1826
1557350 1825
1557360 1825
1557370 1823
1557380 1821
1557390 1821
1557400 1819
1557410 1816
1557420 1816
1557430 1813
1557440 1812
1557450 1812
1557460 1810
1557470 1810
1557480 1809
1557490 1809
1557500 1809
1557510 1809
1557520 1809
1557530 1809
1557540 1810
1557550 1810
1557560 1811
1557570 1813
1557580 1813
1557590 1814
1557600 1815
1557610 1815
1557620 1817
1557630 1818
1557640 1818
1557650 1819
1557660 1821
1557670 1822
1557680 1822
1557690 1823
1557700 1824
1557710 1820
1557720 1821
1557730 1822
1557740 1822
1557750 1823
1557760 1823
1557770 1823
1557780 1823
1557790 1823
1557800 1823
1557810 1822
1557820 1821
1557830 1821
1557840 1820
1557850 1819
1557860 1817
1557870 1817
1557880 1814
1557890 1811
1557900 1811
1557910 1808
1557920 1804
1557930 1804
1557940 1801
1557950 1797
1557960 1797
1557970 1793
1557980 1790
1557990 1790
1558000 1786
1558010 1783
1558020 1783
1558030 1779
1558040 1775
1558050 1771
1558060 1771
1558070 1767
1558080 1763
1558090 1763
1558100 1760
1558110 1756
1558120 1756
1558130 1751
1558140 1745
1558150 1745
1558160 1738
1558170 1732
1558180 1732
1558190 1725
1558200 1719
1558210 1719
1558220 1713
1558230 1708
1558240 1703
1558250 1703
1558260 1700
1558270 1699
1558280 1699
1558290 1697
1558300 1694
1558310 1694
1558320 1690
1558330 1687
1558340 1687
1558350 1685
1558360 1683
1558370 1683
1558380 1679
1558390 1677
1558400 1677
1558410 1676
1558420 1676
1558430 1676
1558440 1676
1558450 1676
1558460 1676
1558470 1676
1558480 1676
1558490 1676
1558500 1676
1558510 1676
1558520 1677
1558530 1677
1558540 1677
1558550 1677
1558560 1677
1558570 1676
1558580 1675
1558590 1675
1558600 1675
1558610 1675
1558620 1673
1558630 1673
1558640 1673
1558650 1675
1558660 1675
1558670 1676
1558680 1676
1558690 1676
1558700 1677
1558710 1678
1558720 1678
1558730 1678
1558740 1680
1558750 1680
1558760 1680
1558770 1681
1558780 1681
1558790 1682
1558800 1683
1558810 1684
1558820 1684
1558830 1685
1558840 1685
1558850 1685
1558860 1686
1558870 1686
1558880 1686
1558890 1687
1558900 1688
1558910 1688
1558920 1690
1558930 1692
1558940 1692
1558950 1693
1558960 1695
1558970 1695
1558980 1698
1558990 1700
1559000 1702
1559010 1702
1559020 1706
1559030 1709
1559040 1709
1559050 1711
1559060 1714
1559070 1714
1559080 1717
1559090 1720
1559100 1720
1559110 1724
1559120 1727
1559130 1727
1559140 1731
1559150 1735
1559160 1735
1559170 1739
1559180 1742
1559190 1745
1559200 1745
1559210 1749
1559220 1752
1559230 1752
1559240 1756
1559250 1760
1559260 1760
1559270 1764
1559280 1769
1559290 1769
1559300 1774
1559310 1778
1559320 1778
1559330 1783
1559340 1787
1559350 1787
1559360 1791
1559370 1796
1559380 1796
1559390 1800
1559400 1805
1559410 1809
1559420 1807
1559430 1811
1559440 1814
1559450 1814
1559460 1817
1559470 1820
1559480 1820
1559490 1823
1559500 1826
1559510 1826
1559520 1828
1559530 1830
1559540 1830
1559550 1831
1559560 1833
1559570 1833
1559580 1831
1559590 1826
1559600 1823
1559610 1823
1559620 1819
1559630 1813
1559640 1813
1559650 1808
1559660 1804
1559670 1804
1559680 1802
1559690 1801
1559700 1801
1559710 1803
1559720 1805
1559730 1805
1559740 1813
1559750 1818
1559760 1818
1559770 1816
1559780 1811
1559790 1806
1559800 1806
1559810 1801
1559820 1797
1559830 1797
1559840 1795
1559850 1792
1559860 1792
1559870 1788
1559880 1786
1559890 1786
1559900 1784
1559910 1780
1559920 1780
1559930 1779
1559940 1777
1559950 1777
1559960 1775
1559970 1771
1559980 1766
1559990 1766
