1540000 2038
1540010 2038
1540020 2040
1540030 2042
1540040 2042
1540050 2045
1540060 2047
1540070 2047
1540080 2049
1540090 2051
1540100 2051
1540110 2052
1540120 2054
1540130 2054
1540140 2055
1540150 2057
1540160 2057
1540170 2058
1540180 2059
1540190 2060
1540200 2060
1540210 2061
1540220 2062
1540230 2062
1540240 2061
1540250 2059
1540260 2059
1540270 2058
1540280 2056
1540290 2056
1540300 2055
1540310 2054
1540320 2054
1540330 2051
1540340 2047
1540350 2047
1540360 2043
1540370 2039
1540380 2035
1540390 2035
1540400 2031
1540410 2029
1540420 2029
1540430 2027
1540440 2025
1540450 2025
1540460 2024
1540470 2023
1540480 2023
1540490 2027
1540500 2024
1540510 2024
1540520 2021
1540530 2018
1540540 2018
1540550 2017
1540560 2016
1540570 2016
1540580 2016
1540590 2014
1540600 2014
1540610 2014
1540620 2013
1540630 2014
1540640 2014
1540650 2015
1540660 2015
1540670 2015
1540680 2015
1540690 2015
1540700 2015
1540710 2015
1540720 2016
1540730 2016
1540740 2016
1540750 2015
1540760 2015
1540770 2014
1540780 2012
1540790 2011
1540800 2011
1540810 2012
1540820 2013
1540830 2013
1540840 2014
1540850 2015
1540860 2015
1540870 2017
1540880 2019
1540890 2019
1540900 2021
1540910 2022
1540920 2022
1540930 2021
1540940 2020
1540950 2020
1540960 2020
1540970 2021
1540980 2021
1540990 2021
1541000 2021
1541010 2021
1541020 2021
1541030 2021
1541040 2021
1541050 2021
1541060 2020
1541070 2021
1541080 2021
1541090 2022
1541100 2022
1541110 2022
1541120 2022
1541130 2022
1541140 2022
1541150 2021
1541160 2019
1541170 2019
1541180 2019
1541190 2018
1541200 2017
1541210 2017
1541220 2016
1541230 2015
1541240 2015
1541250 2015
1541260 2015
1541270 2015
1541280 2015
1541290 2015
1541300 2015
1541310 2014
1541320 2013
1541330 2013
1541340 2014
1541350 2014
1541360 2014
1541370 2015
1541380 2015
1541390 2015
1541400 2015
1541410 2015
1541420 2017
1541430 2017
1541440 2017
1541450 2020
1541460 2020
1541470 2023
1541480 2025
1541490 2025
1541500 2028
1541510 2031
1541520 2031
1541530 2032
1541540 2035
1541550 2035
1541560 2037
1541570 2040
1541580 2042
1541590 2042
1541600 2044
1541610 2046
1541620 2046
1541630 2048
1541640 2050
1541650 2050
1541660 2052
1541670 2053
1541680 2053
1541690 2054
1541700 2055
1541710 2055
1541720 2056
1541730 2057
1541740 2057
1541750 2057
1541760 2058
1541770 2060
1541780 2060
1541790 2062
1541800 2064
1541810 2064
1541820 2066
1541830 2067
1541840 2067
1541850 2069
1541860 2071
1541870 2071
1541880 2072
1541890 2073
1541900 2073
1541910 2074
1541920 2075
1541930 2075
1541940 2075
1541950 2076
1541960 2076
1541970 2077
1541980 2078
1541990 2079
1542000 2079
1542010 2080
1542020 2080
1542030 2080
1542040 2081
1542050 2081
1542060 2081
1542070 2081
1542080 2080
1542090 2080
1542100 2080
1542110 2079
1542120 2079
1542130 2079
1542140 2078
1542150 2078
1542160 2077
1542170 2076
1542180 2074
1542190 2074
1542200 2073
1542210 2071
1542220 2071
1542230 2069
1542240 2067
1542250 2067
1542260 2066
1542270 2065
1542280 2065
1542290 2064
1542300 2064
1542310 2064
1542320 2064
1542330 2064
1542340 2064
1542350 2064
1542360 2063
1542370 2062
1542380 2062
1542390 2061
1542400 2059
1542410 2059
1542420 2058
1542430 2056
1542440 2056
1542450 2055
1542460 2053
1542470 2053
1542480 2051
1542490 2050
1542500 2050
1542510 2049
1542520 2047
1542530 2047
1542540 2044
1542550 2042
1542560 2042
1542570 2041
1542580 2040
1542590 2039
1542600 2039
1542610 2039
1542620 2038
1542630 2038
1542640 2037
1542650 2035
1542660 2035
1542670 2034
1542680 2032
1542690 2032
1542700 2031
1542710 2033
1542720 2033
1542730 2032
1542740 2031
1542750 2031
1542760 2030
1542770 2030
1542780 2029
1542790 2029
1542800 2028
1542810 2026
1542820 2026
1542830 2024
1542840 2023
1542850 2023
1542860 2022
1542870 2020
1542880 2020
1542890 2018
1542900 2015
1542910 2015
1542920 2013
1542930 2010
1542940 2010
1542950 2008
1542960 2006
1542970 2004
1542980 2004
1542990 2001
1543000 1999
1543010 1999
1543020 1996
1543030 1993
1543040 1993
1543050 1989
1543060 1987
1543070 1987
1543080 1984
1543090 1980
1543100 1980
1543110 1977
1543120 1972
1543130 1972
1543140 1968
1543150 1965
1543160 1965
1543170 1962
1543180 1960
1543190 1957
1543200 1957
1543210 1955
1543220 1953
1543230 1953
1543240 1952
1543250 1949
1543260 1949
1543270 1947
1543280 1945
1543290 1945
1543300 1944
1543310 1944
1543320 1944
1543330 1943
1543340 1943
1543350 1943
1543360 1944
1543370 1945
1543380 1945
1543390 1945
1543400 1946
1543410 1946
1543420 1946
1543430 1945
1543440 1943
1543450 1943
1543460 1943
1543470 1943
1543480 1943
1543490 1943
1543500 1944
1543510 1944
1543520 1944
1543530 1945
1543540 1945
1543550 1945
1543560 1946
1543570 1947
1543580 1947
1543590 1948
1543600 1949
1543610 1949
1543620 1949
1543630 1950
1543640 1950
1543650 1951
1543660 1952
1543670 1952
1543680 1953
1543690 1955
1543700 1955
1543710 1956
1543720 1958
1543730 1958
1543740 1960
1543750 1961
1543760 1961
1543770 1962
1543780 1964
1543790 1965
1543800 1965
1543810 1966
1543820 1968
1543830 1968
1543840 1969
1543850 1970
1543860 1970
1543870 1971
1543880 1972
1543890 1972
1543900 1973
1543910 1973
1543920 1973
1543930 1974
1543940 1974
1543950 1974
1543960 1974
1543970 1974
1543980 1974
1543990 1974
1544000 1974
1544010 1974
1544020 1974
1544030 1973
1544040 1971
1544050 1971
1544060 1969
1544070 1968
1544080 1968
1544090 1967
1544100 1965
1544110 1965
1544120 1964
1544130 1962
1544140 1962
1544150 1960
1544160 1958
1544170 1956
1544180 1956
1544190 1955
1544200 1953
1544210 1953
1544220 1952
1544230 1950
1544240 1950
1544250 1948
1544260 1946
1544270 1946
1544280 1944
1544290 1942
1544300 1942
1544310 1939
1544320 1937
1544330 1937
1544340 1934
1544350 1931
1544360 1931
1544370 1927
1544380 1924
1544390 1920
1544400 1920
1544410 1916
1544420 1913
1544430 1913
1544440 1909
1544450 1906
1544460 1906
1544470 1902
1544480 1899
1544490 1899
1544500 1896
1544510 1893
1544520 1893
1544530 1889
1544540 1886
1544550 1886
1544560 1882
1544570 1878
1544580 1875
1544590 1875
1544600 1872
1544610 1869
1544620 1869
1544630 1866
1544640 1863
1544650 1863
1544660 1860
1544670 1857
1544680 1857
1544690 1853
1544700 1849
1544710 1849
1544720 1845
1544730 1842
1544740 1842
1544750 1839
1544760 1837
1544770 1834
1544780 1834
1544790 1832
1544800 1829
1544810 1829
1544820 1827
1544830 1824
1544840 1824
1544850 1824
1544860 1822
1544870 1822
1544880 1820
1544890 1817
1544900 1817
1544910 1814
1544920 1811
1544930 1811
1544940 1808
1544950 1806
1544960 1806
1544970 1804
1544980 1802
1544990 1800
1545000 1800
1545010 1798
1545020 1793
1545030 1793
1545040 1788
1545050 1783
1545060 1783
1545070 1779
1545080 1775
1545090 1775
1545100 1771
1545110 1768
1545120 1768
1545130 1765
1545140 1762
1545150 1762
1545160 1759
1545170 1755
1545180 1754
1545190 1754
1545200 1752
1545210 1750
1545220 1750
1545230 1748
1545240 1745
1545250 1745
1545260 1742
1545270 1741
1545280 1741
1545290 1739
1545300 1736
1545310 1736
1545320 1734
1545330 1732
1545340 1732
1545350 1729
1545360 1726
1545370 1723
1545380 1723
1545390 1719
1545400 1716
1545410 1716
1545420 1712
1545430 1708
1545440 1708
1545450 1704
1545460 1699
1545470 1699
1545480 1695
1545490 1689
1545500 1689
1545510 1683
1545520 1678
1545530 1678
1545540 1676
1545550 1671
1545560 1671
1545570 1667
1545580 1663
1545590 1658
1545600 1658
1545610 1653
1545620 1648
1545630 1648
1545640 1643
1545650 1639
1545660 1639
1545670 1635
1545680 1630
1545690 1630
1545700 1626
1545710 1622
1545720 1622
1545730 1617
1545740 1613
1545750 1613
1545760 1609
1545770 1605
1545780 1600
1545790 1600
1545800 1595
1545810 1590
1545820 1590
1545830 1584
1545840 1578
1545850 1578
1545860 1573
1545870 1568
1545880 1568
1545890 1564
1545900 1559
1545910 1559
1545920 1553
1545930 1549
1545940 1549
1545950 1546
1545960 1543
1545970 1540
1545980 1540
1545990 1536
1546000 1531
1546010 1531
1546020 1525
1546030 1519
1546040 1519
1546050 1512
1546060 1506
1546070 1506
1546080 1503
1546090 1501
1546100 1501
1546110 1499
1546120 1496
1546130 1496
1546140 1492
1546150 1488
1546160 1488
1546170 1483
1546180 1477
1546190 1473
1546200 1473
1546210 1470
1546220 1468
1546230 1468
1546240 1468
1546250 1467
1546260 1467
1546270 1467
1546280 1466
1546290 1466
1546300 1465
1546310 1463
1546320 1463
1546330 1462
1546340 1462
1546350 1462
1546360 1462
1546370 1461
1546380 1461
1546390 1461
1546400 1460
1546410 1459
1546420 1459
1546430 1458
1546440 1456
1546450 1456
1546460 1454
1546470 1453
1546480 1453
1546490 1450
1546500 1446
1546510 1446
1546520 1443
1546530 1440
1546540 1440
1546550 1437
1546560 1434
1546570 1434
1546580 1431
1546590 1429
1546600 1426
1546610 1426
1546620 1422
1546630 1417
1546640 1417
1546650 1411
1546660 1406
1546670 1406
1546680 1401
1546690 1397
1546700 1397
1546710 1392
1546720 1389
1546730 1389
1546740 1384
1546750 1380
1546760 1380
1546770 1376
1546780 1372
1546790 1367
1546800 1367
1546810 1362
1546820 1357
1546830 1357
1546840 1351
1546850 1347
1546860 1347
1546870 1342
1546880 1337
1546890 1337
1546900 1332
1546910 1329
1546920 1329
1546930 1323
1546940 1320
1546950 1320
1546960 1317
1546970 1313
1546980 1308
1546990 1308
1547000 1302
1547010 1294
1547020 1294
1547030 1286
1547040 1280
1547050 1280
1547060 1275
1547070 1270
1547080 1270
1547090 1264
1547100 1255
1547110 1255
1547120 1247
1547130 1241
1547140 1241
1547150 1234
1547160 1228
1547170 1228
1547180 1222
1547190 1218
1547200 1217
1547210 1217
1547220 1214
1547230 1215
1547240 1215
1547250 1216
1547260 1216
1547270 1216
1547280 1216
1547290 1217
1547300 1217
1547310 1217
1547320 1218
1547330 1218
1547340 1222
1547350 1227
1547360 1227
1547370 1233
1547380 1239
1547390 1240
1547400 1240
1547410 1242
1547420 1243
1547430 1243
1547440 1246
1547450 1249
1547460 1249
1547470 1251
1547480 1253
1547490 1253
1547500 1255
1547510 1256
1547520 1256
1547530 1258
1547540 1260
1547550 1260
1547560 1259
1547570 1257
1547580 1258
1547590 1258
1547600 1262
1547610 1268
1547620 1268
1547630 1273
1547640 1277
1547650 1277
1547660 1283
1547670 1287
1547680 1287
1547690 1294
1547700 1300
1547710 1300
1547720 1306
1547730 1312
1547740 1312
1547750 1318
1547760 1324
1547770 1324
1547780 1329
1547790 1334
1547800 1339
1547810 1339
1547820 1343
1547830 1347
1547840 1347
1547850 1352
1547860 1356
1547870 1356
1547880 1360
1547890 1364
1547900 1364
1547910 1368
1547920 1372
1547930 1372
1547940 1377
1547950 1381
1547960 1381
1547970 1384
1547980 1389
1547990 1393
1548000 1393
1548010 1398
1548020 1404
1548030 1404
1548040 1409
1548050 1413
1548060 1413
1548070 1417
1548080 1419
1548090 1419
1548100 1422
1548110 1426
1548120 1426
1548130 1431
1548140 1438
1548150 1438
1548160 1445
1548170 1451
1548180 1456
1548190 1456
1548200 1461
1548210 1466
1548220 1466
1548230 1470
1548240 1474
1548250 1474
1548260 1477
1548270 1480
1548280 1480
1548290 1482
1548300 1484
1548310 1484
1548320 1488
1548330 1492
1548340 1492
1548350 1496
1548360 1499
1548370 1499
1548380 1503
1548390 1506
1548400 1510
1548410 1510
1548420 1515
1548430 1519
1548440 1519
1548450 1522
1548460 1525
1548470 1525
1548480 1528
1548490 1531
1548500 1531
1548510 1533
1548520 1536
1548530 1536
1548540 1539
1548550 1542
1548560 1542
1548570 1545
1548580 1548
1548590 1551
1548600 1551
1548610 1555
1548620 1559
1548630 1559
1548640 1563
1548650 1565
1548660 1565
1548670 1568
1548680 1570
1548690 1570
1548700 1574
1548710 1578
1548720 1578
1548730 1582
1548740 1586
1548750 1586
1548760 1590
1548770 1594
1548780 1598
1548790 1598
1548800 1603
1548810 1607
1548820 1607
1548830 1612
1548840 1616
1548850 1616
1548860 1621
1548870 1625
1548880 1625
1548890 1632
1548900 1637
1548910 1634
1548920 1639
1548930 1643
1548940 1643
1548950 1648
1548960 1653
1548970 1653
1548980 1659
1548990 1665
1549000 1672
1549010 1672
1549020 1678
1549030 1683
1549040 1683
1549050 1689
1549060 1694
1549070 1694
1549080 1699
1549090 1704
1549100 1704
1549110 1710
1549120 1715
1549130 1715
1549140 1720
1549150 1725
1549160 1725
1549170 1729
1549180 1734
1549190 1739
1549200 1739
1549210 1744
1549220 1748
1549230 1748
1549240 1752
1549250 1756
1549260 1756
1549270 1760
1549280 1763
1549290 1763
1549300 1765
1549310 1769
1549320 1769
1549330 1772
1549340 1775
1549350 1775
1549360 1778
1549370 1781
1549380 1785
1549390 1785
1549400 1788
1549410 1791
1549420 1791
1549430 1793
1549440 1795
1549450 1795
1549460 1797
1549470 1799
1549480 1799
1549490 1801
1549500 1803
1549510 1803
1549520 1804
1549530 1806
1549540 1806
1549550 1807
1549560 1808
1549570 1808
1549580 1807
1549590 1807
1549600 1807
1549610 1807
1549620 1807
1549630 1806
1549640 1806
1549650 1804
1549660 1801
1549670 1801
1549680 1800
1549690 1797
1549700 1797
1549710 1792
1549720 1786
1549730 1786
1549740 1780
1549750 1774
1549760 1774
1549770 1769
1549780 1764
1549790 1760
1549800 1760
1549810 1756
1549820 1751
1549830 1751
1549840 1747
1549850 1742
1549860 1742
1549870 1737
1549880 1734
1549890 1734
1549900 1731
1549910 1727
1549920 1727
1549930 1723
1549940 1719
1549950 1719
1549960 1715
1549970 1710
1549980 1706
1549990 1706
1550000 1701
1550010 1697
1550020 1697
1550030 1694
1550040 1688
1550050 1688
1550060 1680
1550070 1675
1550080 1675
1550090 1670
1550100 1666
1550110 1666
1550120 1661
1550130 1658
1550140 1658
1550150 1653
1550160 1647
1550170 1647
1550180 1642
1550190 1631
1550200 1622
1550210 1622
1550220 1613
1550230 1606
1550240 1606
1550250 1599
1550260 1592
1550270 1592
1550280 1585
1550290 1577
1550300 1577
1550310 1570
1550320 1563
1550330 1563
1550340 1555
1550350 1551
1550360 1551
1550370 1544
1550380 1540
1550390 1537
1550400 1537
1550410 1532
1550420 1526
1550430 1526
1550440 1519
1550450 1513
1550460 1513
1550470 1506
1550480 1501
1550490 1501
1550500 1496
1550510 1492
1550520 1492
1550530 1488
1550540 1484
1550550 1484
1550560 1479
1550570 1474
1550580 1469
1550590 1469
1550600 1466
1550610 1468
1550620 1468
1550630 1471
1550640 1473
1550650 1473
1550660 1475
1550670 1479
1550680 1479
1550690 1483
1550700 1489
1550710 1489
1550720 1496
1550730 1503
1550740 1503
1550750 1509
1550760 1516
1550770 1516
1550780 1521
1550790 1528
1550800 1533
1550810 1533
1550820 1540
1550830 1545
1550840 1545
1550850 1551
1550860 1555
1550870 1555
1550880 1559
1550890 1563
1550900 1563
1550910 1567
1550920 1570
1550930 1570
1550940 1572
1550950 1575
1550960 1575
1550970 1579
1550980 1582
1550990 1585
1551000 1585
1551010 1588
1551020 1593
1551030 1593
1551040 1599
1551050 1604
1551060 1604
1551070 1609
1551080 1613
1551090 1613
1551100 1618
1551110 1625
1551120 1625
1551130 1627
1551140 1628
1551150 1628
1551160 1628
1551170 1629
1551180 1630
1551190 1630
1551200 1631
1551210 1632
1551220 1632
1551230 1632
1551240 1633
1551250 1633
1551260 1635
1551270 1637
1551280 1637
1551290 1640
1551300 1642
1551310 1642
1551320 1644
1551330 1647
1551340 1647
1551350 1650
1551360 1654
1551370 1654
1551380 1659
1551390 1664
1551400 1668
1551410 1668
1551420 1672
1551430 1676
1551440 1676
1551450 1681
1551460 1685
1551470 1685
1551480 1690
1551490 1696
1551500 1696
1551510 1699
1551520 1700
1551530 1700
1551540 1703
1551550 1707
1551560 1707
1551570 1711
1551580 1715
1551590 1718
1551600 1718
1551610 1720
1551620 1723
1551630 1723
1551640 1726
1551650 1730
1551660 1730
1551670 1734
1551680 1737
1551690 1737
1551700 1740
1551710 1745
1551720 1745
1551730 1752
1551740 1761
1551750 1761
1551760 1769
1551770 1775
1551780 1779
1551790 1779
1551800 1784
1551810 1788
1551820 1788
1551830 1791
1551840 1793
1551850 1793
1551860 1796
1551870 1798
1551880 1798
1551890 1799
1551900 1802
1551910 1802
1551920 1804
1551930 1807
1551940 1807
1551950 1809
1551960 1811
1551970 1811
1551980 1813
1551990 1815
1552000 1818
1552010 1818
1552020 1820
1552030 1820
1552040 1820
1552050 1818
1552060 1816
1552070 1816
1552080 1816
1552090 1817
1552100 1817
1552110 1819
1552120 1823
1552130 1823
1552140 1826
1552150 1827
1552160 1827
1552170 1830
1552180 1834
1552190 1835
1552200 1835
1552210 1834
1552220 1829
1552230 1829
1552240 1825
1552250 1823
1552260 1823
1552270 1821
1552280 1822
1552290 1822
1552300 1824
1552310 1828
1552320 1828
1552330 1832
1552340 1838
1552350 1838
1552360 1842
1552370 1845
1552380 1845
1552390 1848
1552400 1848
1552410 1846
1552420 1846
1552430 1846
1552440 1849
1552450 1849
1552460 1849
1552470 1849
1552480 1849
1552490 1849
1552500 1850
1552510 1850
1552520 1851
1552530 1854
1552540 1854
1552550 1857
1552560 1860
1552570 1860
1552580 1863
1552590 1867
1552600 1870
1552610 1870
1552620 1873
1552630 1876
1552640 1876
1552650 1879
1552660 1882
1552670 1882
1552680 1887
1552690 1891
1552700 1891
1552710 1894
1552720 1894
1552730 1894
1552740 1894
1552750 1894
1552760 1894
1552770 1894
1552780 1894
1552790 1895
1552800 1895
1552810 1894
1552820 1892
1552830 1892
1552840 1892
1552850 1892
1552860 1892
1552870 1893
1552880 1894
1552890 1894
1552900 1895
1552910 1893
1552920 1893
1552930 1890
1552940 1887
1552950 1887
1552960 1887
1552970 1888
1552980 1888
1552990 1886
1553000 1884
1553010 1883
1553020 1883
1553030 1884
1553040 1884
1553050 1884
1553060 1883
1553070 1880
1553080 1880
1553090 1878
1553100 1877
1553110 1877
1553120 1875
1553130 1875
1553140 1875
1553150 1876
1553160 1878
1553170 1878
1553180 1879
1553190 1878
1553200 1878
1553210 1878
1553220 1876
1553230 1875
1553240 1875
1553250 1873
1553260 1869
1553270 1869
1553280 1865
1553290 1865
1553300 1865
1553310 1864
1553320 1863
1553330 1863
1553340 1862
1553350 1859
1553360 1859
1553370 1859
1553380 1859
1553390 1858
1553400 1858
1553410 1857
1553420 1855
1553430 1855
1553440 1853
1553450 1853
1553460 1853
1553470 1853
1553480 1853
1553490 1853
1553500 1852
1553510 1851
1553520 1851
1553530 1851
1553540 1852
1553550 1852
1553560 1852
1553570 1852
1553580 1852
1553590 1853
1553600 1854
1553610 1856
1553620 1856
1553630 1855
1553640 1852
1553650 1852
1553660 1848
1553670 1845
1553680 1845
1553690 1841
1553700 1840
1553710 1840
1553720 1837
1553730 1835
1553740 1835
1553750 1836
1553760 1840
1553770 1840
1553780 1841
1553790 1837
1553800 1835
1553810 1835
1553820 1834
1553830 1834
1553840 1834
1553850 1837
1553860 1840
1553870 1840
1553880 1844
1553890 1846
1553900 1846
1553910 1848
1553920 1850
1553930 1850
1553940 1853
1553950 1855
1553960 1855
1553970 1856
1553980 1855
1553990 1857
1554000 1857
1554010 1859
1554020 1863
1554030 1863
1554040 1867
1554050 1872
1554060 1872
1554070 1878
1554080 1883
1554090 1883
1554100 1888
1554110 1893
1554120 1893
1554130 1898
1554140 1903
1554150 1903
1554160 1907
1554170 1911
1554180 1911
1554190 1915
1554200 1917
1554210 1917
1554220 1917
1554230 1916
1554240 1914
1554250 1914
1554260 1909
1554270 1904
1554280 1904
1554290 1902
1554300 1902
1554310 1902
1554320 1902
1554330 1902
1554340 1902
1554350 1899
1554360 1895
1554370 1895
1554380 1893
1554390 1893
1554400 1894
1554410 1894
1554420 1895
1554430 1898
1554440 1898
1554450 1899
1554460 1900
1554470 1900
1554480 1898
1554490 1896
1554500 1896
1554510 1897
1554520 1897
1554530 1897
1554540 1899
1554550 1901
1554560 1900
1554570 1902
1554580 1905
1554590 1907
1554600 1907
1554610 1907
1554620 1907
1554630 1907
1554640 1906
1554650 1905
1554660 1905
1554670 1902
1554680 1900
1554690 1900
1554700 1898
1554710 1895
1554720 1895
1554730 1891
1554740 1886
1554750 1886
1554760 1882
1554770 1878
1554780 1878
1554790 1873
1554800 1869
1554810 1866
1554820 1866
1554830 1861
1554840 1859
1554850 1859
1554860 1856
1554870 1853
1554880 1853
1554890 1850
1554900 1848
1554910 1848
1554920 1845
1554930 1840
1554940 1840
1554950 1835
1554960 1830
1554970 1830
1554980 1826
1554990 1822
1555000 1821
1555010 1821
1555020 1820
1555030 1816
1555040 1816
1555050 1811
1555060 1806
1555070 1806
1555080 1804
1555090 1802
1555100 1802
1555110 1799
1555120 1794
1555130 1794
1555140 1792
1555150 1790
1555160 1790
1555170 1787
1555180 1785
1555190 1783
1555200 1783
1555210 1782
1555220 1779
1555230 1779
1555240 1777
1555250 1774
1555260 1774
1555270 1771
1555280 1770
1555290 1770
1555300 1768
1555310 1766
1555320 1766
1555330 1764
1555340 1762
1555350 1762
1555360 1760
1555370 1758
1555380 1758
1555390 1756
1555400 1754
1555410 1753
1555420 1753
1555430 1752
1555440 1751
1555450 1751
1555460 1750
1555470 1749
1555480 1749
1555490 1747
1555500 1745
1555510 1745
1555520 1744
1555530 1742
1555540 1742
1555550 1741
1555560 1739
1555570 1739
1555580 1737
1555590 1735
1555600 1733
1555610 1733
1555620 1731
1555630 1729
1555640 1729
1555650 1727
1555660 1725
1555670 1725
1555680 1723
1555690 1721
1555700 1721
1555710 1719
1555720 1717
1555730 1717
1555740 1716
1555750 1714
1555760 1714
1555770 1712
1555780 1711
1555790 1709
1555800 1709
1555810 1707
1555820 1704
1555830 1704
1555840 1701
1555850 1699
1555860 1699
1555870 1697
1555880 1697
1555890 1697
1555900 1698
1555910 1698
1555920 1698
1555930 1696
1555940 1693
1555950 1693
1555960 1691
1555970 1690
1555980 1690
1555990 1689
1556000 1688
1556010 1685
1556020 1685
1556030 1681
1556040 1678
1556050 1678
1556060 1676
1556070 1673
1556080 1673
1556090 1672
1556100 1670
1556110 1670
1556120 1669
1556130 1668
1556140 1668
1556150 1666
1556160 1664
1556170 1664
1556180 1660
1556190 1658
1556200 1656
1556210 1656
1556220 1654
1556230 1653
1556240 1653
1556250 1652
1556260 1651
1556270 1651
1556280 1650
1556290 1649
1556300 1649
1556310 1648
1556320 1647
1556330 1647
1556340 1645
1556350 1644
1556360 1644
1556370 1643
1556380 1641
1556390 1639
1556400 1639
1556410 1637
1556420 1635
1556430 1635
1556440 1632
1556450 1629
1556460 1629
1556470 1627
1556480 1625
1556490 1625
1556500 1623
1556510 1621
1556520 1621
1556530 1618
1556540 1615
1556550 1615
1556560 1608
1556570 1603
1556580 1603
1556590 1599
1556600 1594
1556610 1589
1556620 1589
1556630 1583
1556640 1577
1556650 1577
1556660 1571
1556670 1565
1556680 1565
1556690 1561
1556700 1557
1556710 1557
1556720 1554
1556730 1554
1556740 1554
1556750 1553
1556760 1554
1556770 1554
1556780 1553
1556790 1553
1556800 1552
1556810 1552
1556820 1550
1556830 1549
1556840 1549
1556850 1548
1556860 1547
1556870 1547
1556880 1546
1556890 1544
1556900 1544
1556910 1544
1556920 1544
1556930 1544
1556940 1542
1556950 1541
1556960 1541
1556970 1541
1556980 1541
1556990 1541
1557000 1541
1557010 1540
1557020 1540
1557030 1540
1557040 1539
1557050 1538
1557060 1538
1557070 1538
1557080 1538
1557090 1538
1557100 1537
1557110 1536
1557120 1536
1557130 1535
1557140 1533
1557150 1533
1557160 1532
1557170 1531
1557180 1531
1557190 1531
1557200 1530
1557210 1530
1557220 1530
1557230 1530
1557240 1529
1557250 1529
1557260 1528
1557270 1527
1557280 1527
1557290 1527
1557300 1527
1557310 1527
1557320 1527
1557330 1526
1557340 1526
1557350 1524
1557360 1523
1557370 1523
1557380 1521
1557390 1519
1557400 1517
1557410 1517
1557420 1516
1557430 1513
1557440 1513
1557450 1512
1557460 1510
1557470 1510
1557480 1508
1557490 1505
1557500 1505
1557510 1502
1557520 1497
1557530 1497
1557540 1492
1557550 1485
1557560 1485
1557570 1479
1557580 1474
1557590 1474
1557600 1472
1557610 1473
1557620 1473
1557630 1473
1557640 1473
1557650 1475
1557660 1475
1557670 1478
1557680 1481
1557690 1481
1557700 1482
1557710 1483
1557720 1483
1557730 1484
1557740 1486
1557750 1486
1557760 1487
1557770 1488
1557780 1488
1557790 1489
1557800 1489
1557810 1490
1557820 1490
1557830 1491
1557840 1491
1557850 1491
1557860 1491
1557870 1491
1557880 1491
1557890 1492
1557900 1492
1557910 1492
1557920 1491
1557930 1489
1557940 1489
1557950 1487
1557960 1484
1557970 1484
1557980 1481
1557990 1478
1558000 1476
1558010 1476
1558020 1475
1558030 1472
1558040 1472
1558050 1469
1558060 1466
1558070 1466
1558080 1464
1558090 1461
1558100 1462
1558110 1459
1558120 1455
1558130 1455
1558140 1451
1558150 1446
1558160 1446
1558170 1443
1558180 1439
1558190 1439
1558200 1437
1558210 1435
1558220 1433
1558230 1433
1558240 1431
1558250 1428
1558260 1428
1558270 1425
1558280 1423
1558290 1423
1558300 1423
1558310 1421
1558320 1421
1558330 1416
1558340 1412
1558350 1412
1558360 1410
1558370 1409
1558380 1409
1558390 1407
1558400 1405
1558410 1403
1558420 1403
1558430 1399
1558440 1397
1558450 1397
1558460 1396
1558470 1395
1558480 1395
1558490 1394
1558500 1392
1558510 1392
1558520 1390
1558530 1388
1558540 1388
1558550 1386
1558560 1384
1558570 1384
1558580 1382
1558590 1380
1558600 1378
1558610 1378
1558620 1377
1558630 1376
1558640 1376
1558650 1375
1558660 1374
1558670 1374
1558680 1373
1558690 1372
1558700 1372
1558710 1370
1558720 1368
1558730 1368
1558740 1367
1558750 1365
1558760 1365
1558770 1363
1558780 1361
1558790 1361
1558800 1359
1558810 1356
1558820 1354
1558830 1354
1558840 1351
1558850 1349
1558860 1349
1558870 1348
1558880 1346
1558890 1346
1558900 1345
1558910 1343
1558920 1343
1558930 1341
1558940 1340
1558950 1340
1558960 1339
1558970 1338
1558980 1338
1558990 1336
1559000 1335
1559010 1334
1559020 1334
1559030 1333
1559040 1332
1559050 1332
1559060 1332
1559070 1332
1559080 1332
1559090 1331
1559100 1329
1559110 1329
1559120 1328
1559130 1327
1559140 1327
1559150 1325
1559160 1322
1559170 1322
1559180 1318
1559190 1315
1559200 1312
1559210 1312
1559220 1311
1559230 1311
1559240 1311
1559250 1311
1559260 1312
1559270 1312
1559280 1313
1559290 1314
1559300 1314
1559310 1315
1559320 1315
1559330 1315
1559340 1316
1559350 1317
1559360 1317
1559370 1320
1559380 1322
1559390 1322
1559400 1325
1559410 1327
1559420 1330
1559430 1330
1559440 1332
1559450 1335
1559460 1335
1559470 1338
1559480 1340
1559490 1340
1559500 1344
1559510 1347
1559520 1347
1559530 1351
1559540 1355
1559550 1355
1559560 1359
1559570 1365
1559580 1365
1559590 1370
1559600 1375
1559610 1379
1559620 1379
1559630 1384
1559640 1388
1559650 1388
1559660 1391
1559670 1395
1559680 1395
1559690 1398
1559700 1401
1559710 1401
1559720 1404
1559730 1407
1559740 1407
1559750 1410
1559760 1412
1559770 1412
1559780 1415
1559790 1417
1559800 1420
1559810 1420
1559820 1422
1559830 1423
1559840 1423
1559850 1424
1559860 1427
1559870 1427
1559880 1430
1559890 1432
1559900 1432
1559910 1433
1559920 1434
1559930 1434
1559940 1435
1559950 1436
1559960 1436
1559970 1437
1559980 1438
1559990 1438
