1540000 2109
1540010 2109
1540020 2114
1540030 2118
1540040 2118
1540050 2122
1540060 2127
1540070 2127
1540080 2132
1540090 2136
1540100 2136
1540110 2140
1540120 2143
1540130 2143
1540140 2146
1540150 2148
1540160 2150
1540170 2150
1540180 2153
1540190 2156
1540200 2156
1540210 2160
1540220 2162
1540230 2162
1540240 2162
1540250 2160
1540260 2160
1540270 2155
1540280 2149
1540290 2149
1540300 2142
1540310 2137
1540320 2137
1540330 2133
1540340 2131
1540350 2131
1540360 2130
1540370 2129
1540380 2128
1540390 2128
1540400 2126
1540410 2125
1540420 2125
1540430 2126
1540440 2126
1540450 2126
1540460 2127
1540470 2131
1540480 2131
1540490 2133
1540500 2134
1540510 2134
1540520 2134
1540530 2135
1540540 2135
1540550 2137
1540560 2137
1540570 2138
1540580 2138
1540590 2139
1540600 2141
1540610 2141
1540620 2144
1540630 2147
1540640 2147
1540650 2152
1540660 2156
1540670 2156
1540680 2160
1540690 2165
1540700 2165
1540710 2169
1540720 2174
1540730 2174
1540740 2179
1540750 2183
1540760 2188
1540770 2188
1540780 2192
1540790 2197
1540800 2197
1540810 2201
1540820 2205
1540830 2205
1540840 2209
1540850 2214
1540860 2214
1540870 2219
1540880 2225
1540890 2225
1540900 2230
1540910 2235
1540920 2235
1540930 2239
1540940 2244
1540950 2244
1540960 2248
1540970 2250
1540980 2252
1540990 2252
1541000 2254
1541010 2254
1541020 2254
1541030 2254
1541040 2255
1541050 2255
1541060 2255
1541070 2255
1541080 2255
1541090 2255
1541100 2256
1541110 2256
1541120 2256
1541130 2256
1541140 2256
1541150 2256
1541160 2255
1541170 2255
1541180 2255
1541190 2255
1541200 2255
1541210 2255
1541220 2255
1541230 2254
1541240 2254
1541250 2254
1541260 2254
1541270 2254
1541280 2254
1541290 2254
1541300 2254
1541310 2254
1541320 2254
1541330 2254
1541340 2254
1541350 2254
1541360 2254
1541370 2254
1541380 2255
1541390 2255
1541400 2255
1541410 2256
1541420 2256
1541430 2256
1541440 2256
1541450 2257
1541460 2257
1541470 2255
1541480 2255
1541490 2255
1541500 2255
1541510 2254
1541520 2254
1541530 2254
1541540 2254
1541550 2254
1541560 2254
1541570 2253
1541580 2253
1541590 2253
1541600 2251
1541610 2248
1541620 2248
1541630 2245
1541640 2242
1541650 2242
1541660 2239
1541670 2236
1541680 2236
1541690 2233
1541700 2231
1541710 2231
1541720 2228
1541730 2224
1541740 2224
1541750 2221
1541760 2218
1541770 2218
1541780 2217
1541790 2214
1541800 2211
1541810 2211
1541820 2208
1541830 2206
1541840 2206
1541850 2203
1541860 2201
1541870 2201
1541880 2198
1541890 2195
1541900 2195
1541910 2192
1541920 2190
1541930 2190
1541940 2187
1541950 2184
1541960 2184
1541970 2182
1541980 2179
1541990 2177
1542000 2177
1542010 2175
1542020 2172
1542030 2172
1542040 2170
1542050 2168
1542060 2168
1542070 2166
1542080 2163
1542090 2163
1542100 2161
1542110 2159
1542120 2159
1542130 2157
1542140 2155
1542150 2155
1542160 2153
1542170 2152
1542180 2150
1542190 2150
1542200 2148
1542210 2145
1542220 2145
1542230 2144
1542240 2142
1542250 2142
1542260 2141
1542270 2140
1542280 2140
1542290 2139
1542300 2138
1542310 2138
1542320 2137
1542330 2136
1542340 2136
1542350 2135
1542360 2133
1542370 2133
1542380 2131
1542390 2130
1542400 2129
1542410 2129
1542420 2128
1542430 2127
1542440 2127
1542450 2126
1542460 2125
1542470 2125
1542480 2124
1542490 2123
1542500 2123
1542510 2123
1542520 2122
1542530 2122
1542540 2120
1542550 2119
1542560 2119
1542570 2118
1542580 2116
1542590 2115
1542600 2115
1542610 2114
1542620 2113
1542630 2113
1542640 2111
1542650 2109
1542660 2109
1542670 2109
1542680 2108
1542690 2108
1542700 2107
1542710 2105
1542720 2105
1542730 2104
1542740 2103
1542750 2103
1542760 2102
1542770 2101
1542780 2101
1542790 2100
1542800 2098
1542810 2096
1542820 2096
1542830 2095
1542840 2093
1542850 2093
1542860 2090
1542870 2089
1542880 2089
1542890 2088
1542900 2086
1542910 2086
1542920 2084
1542930 2083
1542940 2083
1542950 2081
1542960 2080
1542970 2080
1542980 2079
1542990 2078
1543000 2076
1543010 2076
1543020 2074
1543030 2072
1543040 2072
1543050 2071
1543060 2069
1543070 2069
1543080 2066
1543090 2065
1543100 2065
1543110 2062
1543120 2059
1543130 2059
1543140 2057
1543150 2054
1543160 2054
1543170 2050
1543180 2044
1543190 2041
1543200 2041
1543210 2040
1543220 2038
1543230 2038
1543240 2035
1543250 2032
1543260 2032
1543270 2028
1543280 2024
1543290 2024
1543300 2021
1543310 2018
1543320 2018
1543330 2014
1543340 2012
1543350 2012
1543360 2012
1543370 2011
1543380 2011
1543390 2009
1543400 2007
1543410 2003
1543420 2003
1543430 2000
1543440 1996
1543450 1996
1543460 1993
1543470 1990
1543480 1990
1543490 1986
1543500 1982
1543510 1982
1543520 1978
1543530 1975
1543540 1975
1543550 1973
1543560 1969
1543570 1969
1543580 1964
1543590 1965
1543600 1969
1543610 1969
1543620 1969
1543630 1968
1543640 1968
1543650 1976
1543660 1976
1543670 1976
1543680 1978
1543690 1979
1543700 1979
1543710 1980
1543720 1982
1543730 1982
1543740 1983
1543750 1984
1543760 1984
1543770 1986
1543780 1988
1543790 1988
1543800 1990
1543810 1992
1543820 1994
1543830 1994
1543840 1996
1543850 1998
1543860 1998
1543870 1999
1543880 2000
1543890 2000
1543900 2001
1543910 2001
1543920 2001
1543930 2001
1543940 2001
1543950 2001
1543960 2001
1543970 2001
1543980 2001
1543990 2001
1544000 2001
1544010 2001
1544020 2001
1544030 2001
1544040 2000
1544050 2000
1544060 2000
1544070 2000
1544080 2000
1544090 2000
1544100 2000
1544110 2000
1544120 1999
1544130 1998
1544140 1998
1544150 1997
1544160 1996
1544170 1996
1544180 1995
1544190 1994
1544200 1993
1544210 1993
1544220 1992
1544230 1991
1544240 1991
1544250 1989
1544260 1988
1544270 1988
1544280 1986
1544290 1984
1544300 1984
1544310 1983
1544320 1981
1544330 1981
1544340 1980
1544350 1978
1544360 1978
1544370 1976
1544380 1974
1544390 1974
1544400 1972
1544410 1970
1544420 1968
1544430 1968
1544440 1966
1544450 1964
1544460 1964
1544470 1961
1544480 1959
1544490 1959
1544500 1956
1544510 1954
1544520 1954
1544530 1951
1544540 1948
1544550 1948
1544560 1946
1544570 1943
1544580 1943
1544590 1939
1544600 1937
1544610 1936
1544620 1936
1544630 1934
1544640 1933
1544650 1933
1544660 1931
1544670 1931
1544680 1931
1544690 1930
1544700 1928
1544710 1928
1544720 1926
1544730 1924
1544740 1924
1544750 1923
1544760 1922
1544770 1922
1544780 1921
1544790 1921
1544800 1921
1544810 1920
1544820 1918
1544830 1916
1544840 1916
1544850 1916
1544860 1915
1544870 1915
1544880 1914
1544890 1913
1544900 1913
1544910 1913
1544920 1913
1544930 1913
1544940 1913
1544950 1912
1544960 1912
1544970 1911
1544980 1910
1544990 1910
1545000 1909
1545010 1907
1545020 1906
1545030 1906
1545040 1905
1545050 1904
1545060 1904
1545070 1904
1545080 1902
1545090 1902
1545100 1900
1545110 1899
1545120 1899
1545130 1898
1545140 1897
1545150 1897
1545160 1896
1545170 1896
1545180 1896
1545190 1896
1545200 1895
1545210 1893
1545220 1893
1545230 1890
1545240 1889
1545250 1889
1545260 1888
1545270 1887
1545280 1887
1545290 1886
1545300 1885
1545310 1885
1545320 1883
1545330 1881
1545340 1881
1545350 1880
1545360 1878
1545370 1878
1545380 1877
1545390 1876
1545400 1876
1545410 1875
1545420 1875
1545430 1874
1545440 1874
1545450 1873
1545460 1872
1545470 1872
1545480 1872
1545490 1872
1545500 1872
1545510 1871
1545520 1870
1545530 1870
1545540 1870
1545550 1870
1545560 1870
1545570 1869
1545580 1869
1545590 1869
1545600 1868
1545610 1867
1545620 1867
1545630 1867
1545640 1866
1545650 1865
1545660 1865
1545670 1865
1545680 1864
1545690 1864
1545700 1863
1545710 1862
1545720 1862
1545730 1861
1545740 1860
1545750 1860
1545760 1861
1545770 1859
1545780 1859
1545790 1858
1545800 1856
1545810 1856
1545820 1855
1545830 1853
1545840 1852
1545850 1852
1545860 1851
1545870 1852
1545880 1852
1545890 1852
1545900 1852
1545910 1852
1545920 1852
1545930 1851
1545940 1851
1545950 1851
1545960 1851
1545970 1851
1545980 1849
1545990 1847
1546000 1847
1546010 1846
1546020 1843
1546030 1838
1546040 1838
1546050 1835
1546060 1832
1546070 1832
1546080 1829
1546090 1827
1546100 1827
1546110 1825
1546120 1820
1546130 1820
1546140 1814
1546150 1805
1546160 1805
1546170 1794
1546180 1785
1546190 1785
1546200 1778
1546210 1770
1546220 1770
1546230 1763
1546240 1755
1546250 1747
1546260 1747
1546270 1738
1546280 1730
1546290 1730
1546300 1723
1546310 1716
1546320 1716
1546330 1708
1546340 1700
1546350 1700
1546360 1690
1546370 1680
1546380 1680
1546390 1671
1546400 1663
1546410 1663
1546420 1654
1546430 1646
1546440 1637
1546450 1637
1546460 1633
1546470 1626
1546480 1626
1546490 1621
1546500 1617
1546510 1617
1546520 1612
1546530 1607
1546540 1607
1546550 1604
1546560 1598
1546570 1598
1546580 1593
1546590 1590
1546600 1590
1546610 1586
1546620 1584
1546630 1582
1546640 1582
1546650 1579
1546660 1576
1546670 1576
1546680 1574
1546690 1571
1546700 1571
1546710 1568
1546720 1567
1546730 1567
1546740 1565
1546750 1564
1546760 1564
1546770 1563
1546780 1562
1546790 1562
1546800 1562
1546810 1559
1546820 1559
1546830 1555
1546840 1551
1546850 1548
1546860 1548
1546870 1546
1546880 1544
1546890 1544
1546900 1541
1546910 1538
1546920 1538
1546930 1535
1546940 1531
1546950 1531
1546960 1528
1546970 1526
1546980 1526
1546990 1523
1547000 1520
1547010 1520
1547020 1516
1547030 1513
1547040 1510
1547050 1510
1547060 1506
1547070 1504
1547080 1504
1547090 1501
1547100 1498
1547110 1498
1547120 1495
1547130 1492
1547140 1492
1547150 1490
1547160 1488
1547170 1488
1547180 1486
1547190 1483
1547200 1483
1547210 1481
1547220 1477
1547230 1477
1547240 1474
1547250 1471
1547260 1468
1547270 1468
1547280 1465
1547290 1461
1547300 1461
1547310 1456
1547320 1451
1547330 1451
1547340 1445
1547350 1437
1547360 1437
1547370 1428
1547380 1421
1547390 1421
1547400 1414
1547410 1407
1547420 1407
1547430 1400
1547440 1392
1547450 1384
1547460 1384
1547470 1377
1547480 1369
1547490 1369
1547500 1361
1547510 1354
1547520 1354
1547530 1349
1547540 1345
1547550 1345
1547560 1340
1547570 1333
1547580 1333
1547590 1329
1547600 1326
1547610 1326
1547620 1322
1547630 1317
1547640 1312
1547650 1312
1547660 1307
1547670 1303
1547680 1303
1547690 1299
1547700 1294
1547710 1294
1547720 1290
1547730 1284
1547740 1284
1547750 1279
1547760 1275
1547770 1275
1547780 1270
1547790 1268
1547800 1268
1547810 1262
1547820 1257
1547830 1257
1547840 1252
1547850 1247
1547860 1241
1547870 1241
1547880 1235
1547890 1229
1547900 1229
1547910 1223
1547920 1218
1547930 1218
1547940 1212
1547950 1205
1547960 1205
1547970 1197
1547980 1190
1547990 1190
1548000 1181
1548010 1170
1548020 1170
1548030 1165
1548040 1166
1548050 1167
1548060 1167
1548070 1168
1548080 1168
1548090 1168
1548100 1171
1548110 1180
1548120 1180
1548130 1185
1548140 1192
1548150 1192
1548160 1199
1548170 1206
1548180 1206
1548190 1213
1548200 1220
1548210 1220
1548220 1227
1548230 1234
1548240 1234
1548250 1241
1548260 1247
1548270 1251
1548280 1251
1548290 1256
1548300 1262
1548310 1262
1548320 1268
1548330 1273
1548340 1273
1548350 1279
1548360 1284
1548370 1284
1548380 1288
1548390 1292
1548400 1292
1548410 1296
1548420 1299
1548430 1299
1548440 1300
1548450 1300
1548460 1299
1548470 1299
1548480 1297
1548490 1297
1548500 1297
1548510 1295
1548520 1292
1548530 1292
1548540 1290
1548550 1288
1548560 1288
1548570 1285
1548580 1282
1548590 1282
1548600 1279
1548610 1275
1548620 1275
1548630 1272
1548640 1269
1548650 1269
1548660 1266
1548670 1265
1548680 1266
1548690 1266
1548700 1267
1548710 1266
1548720 1266
1548730 1266
1548740 1265
1548750 1265
1548760 1264
1548770 1263
1548780 1263
1548790 1262
1548800 1260
1548810 1260
1548820 1258
1548830 1257
1548840 1257
1548850 1256
1548860 1254
1548870 1252
1548880 1252
1548890 1251
1548900 1248
1548910 1248
1548920 1246
1548930 1245
1548940 1245
1548950 1243
1548960 1241
1548970 1241
1548980 1239
1548990 1236
1549000 1236
1549010 1234
1549020 1230
1549030 1230
1549040 1225
1549050 1218
1549060 1215
1549070 1215
1549080 1214
1549090 1214
1549100 1214
1549110 1215
1549120 1216
1549130 1216
1549140 1217
1549150 1218
1549160 1218
1549170 1221
1549180 1224
1549190 1224
1549200 1227
1549210 1231
1549220 1231
1549230 1236
1549240 1242
1549250 1242
1549260 1247
1549270 1251
1549280 1253
1549290 1253
1549300 1259
1549310 1263
1549320 1263
1549330 1266
1549340 1272
1549350 1272
1549360 1277
1549370 1279
1549380 1279
1549390 1281
1549400 1285
1549410 1285
1549420 1283
1549430 1282
1549440 1282
1549450 1282
1549460 1280
1549470 1279
1549480 1279
1549490 1279
1549500 1282
1549510 1282
1549520 1292
1549530 1302
1549540 1302
1549550 1310
1549560 1316
1549570 1316
1549580 1322
1549590 1328
1549600 1328
1549610 1334
1549620 1340
1549630 1340
1549640 1346
1549650 1351
1549660 1351
1549670 1356
1549680 1359
1549690 1361
1549700 1361
1549710 1365
1549720 1370
1549730 1370
1549740 1375
1549750 1379
1549760 1383
1549770 1386
1549780 1391
1549790 1391
1549800 1394
1549810 1398
1549820 1398
1549830 1403
1549840 1407
1549850 1407
1549860 1411
1549870 1414
1549880 1416
1549890 1416
1549900 1418
1549910 1419
1549920 1419
1549930 1420
1549940 1420
1549950 1420
1549960 1420
1549970 1420
1549980 1420
1549990 1420
1550000 1419
1550010 1419
1550020 1418
1550030 1417
1550040 1417
1550050 1417
1550060 1418
1550070 1422
1550080 1422
1550090 1428
1550100 1434
1550110 1434
1550120 1438
1550130 1441
1550140 1441
1550150 1443
1550160 1444
1550170 1444
1550180 1445
1550190 1447
1550200 1447
1550210 1448
1550220 1448
1550230 1448
1550240 1447
1550250 1447
1550260 1447
1550270 1446
1550280 1443
1550290 1437
1550300 1437
1550310 1432
1550320 1427
1550330 1427
1550340 1429
1550350 1436
1550360 1436
1550370 1444
1550380 1451
1550390 1451
1550400 1456
1550410 1459
1550420 1459
1550430 1462
1550440 1464
1550450 1464
1550460 1466
1550470 1467
1550480 1468
1550490 1468
1550500 1468
1550510 1465
1550520 1465
1550530 1459
1550540 1456
1550550 1456
1550560 1455
1550570 1457
1550580 1457
1550590 1460
1550600 1464
1550610 1464
1550620 1471
1550630 1477
1550640 1477
1550650 1482
1550660 1488
1550670 1488
1550680 1493
1550690 1498
1550700 1504
1550710 1504
1550720 1508
1550730 1514
1550740 1514
1550750 1520
1550760 1526
1550770 1526
1550780 1532
1550790 1537
1550800 1537
1550810 1542
1550820 1547
1550830 1547
1550840 1552
1550850 1556
1550860 1556
1550870 1559
1550880 1563
1550890 1565
1550900 1565
1550910 1568
1550920 1570
1550930 1570
1550940 1572
1550950 1573
1550960 1573
1550970 1573
1550980 1575
1550990 1575
1551000 1578
1551010 1580
1551020 1580
1551030 1582
1551040 1584
1551050 1584
1551060 1586
1551070 1590
1551080 1590
1551090 1594
1551100 1598
1551110 1602
1551120 1602
1551130 1605
1551140 1608
1551150 1608
1551160 1611
1551170 1613
1551180 1613
1551190 1615
1551200 1617
1551210 1617
1551220 1617
1551230 1617
1551240 1617
1551250 1618
1551260 1621
1551270 1621
1551280 1626
1551290 1630
1551300 1633
1551310 1633
1551320 1637
1551330 1641
1551340 1641
1551350 1645
1551360 1648
1551370 1648
1551380 1651
1551390 1652
1551400 1652
1551410 1653
1551420 1653
1551430 1653
1551440 1651
1551450 1650
1551460 1650
1551470 1648
1551480 1649
1551490 1648
1551500 1648
1551510 1648
1551520 1648
1551530 1648
1551540 1647
1551550 1646
1551560 1646
1551570 1644
1551580 1640
1551590 1640
1551600 1636
1551610 1633
1551620 1633
1551630 1635
1551640 1640
1551650 1640
1551660 1649
1551670 1656
1551680 1659
1551690 1667
1551700 1675
1551710 1682
1551720 1682
1551730 1688
1551740 1693
1551750 1693
1551760 1696
1551770 1699
1551780 1699
1551790 1701
1551800 1703
1551810 1703
1551820 1704
1551830 1705
1551840 1705
1551850 1707
1551860 1710
1551870 1710
1551880 1712
1551890 1714
1551900 1718
1551910 1718
1551920 1724
1551930 1732
1551940 1732
1551950 1733
1551960 1731
1551970 1731
1551980 1728
1551990 1724
1552000 1724
1552010 1720
1552020 1719
1552030 1719
1552040 1719
1552050 1719
1552060 1719
1552070 1722
1552080 1726
1552090 1726
1552100 1730
1552110 1734
1552120 1736
1552130 1736
1552140 1739
1552150 1740
1552160 1740
1552170 1741
1552180 1743
1552190 1743
1552200 1746
1552210 1747
1552220 1747
1552230 1748
1552240 1749
1552250 1749
1552260 1750
1552270 1750
1552280 1750
1552290 1750
1552300 1750
1552310 1749
1552320 1749
1552330 1749
1552340 1751
1552350 1751
1552360 1754
1552370 1762
1552380 1762
1552390 1770
1552400 1780
1552410 1780
1552420 1787
1552430 1793
1552440 1793
1552450 1799
1552460 1805
1552470 1805
1552480 1811
1552490 1818
1552500 1824
1552510 1824
1552520 1830
1552530 1835
1552540 1835
1552550 1840
1552560 1845
1552570 1845
1552580 1850
1552590 1854
1552600 1854
1552610 1859
1552620 1863
1552630 1863
1552640 1867
1552650 1871
1552660 1871
1552670 1874
1552680 1877
1552690 1877
1552700 1881
1552710 1884
1552720 1888
1552730 1888
1552740 1892
1552750 1896
1552760 1896
1552770 1899
1552780 1902
1552790 1902
1552800 1905
1552810 1908
1552820 1908
1552830 1911
1552840 1913
1552850 1913
1552860 1916
1552870 1920
1552880 1920
1552890 1922
1552900 1925
1552910 1927
1552920 1927
1552930 1929
1552940 1930
1552950 1930
1552960 1932
1552970 1934
1552980 1934
1552990 1936
1553000 1938
1553010 1938
1553020 1940
1553030 1941
1553040 1941
1553050 1942
1553060 1943
1553070 1943
1553080 1944
1553090 1945
1553100 1945
1553110 1946
1553120 1947
1553130 1948
1553140 1948
1553150 1948
1553160 1949
1553170 1949
1553180 1950
1553190 1951
1553200 1951
1553210 1952
1553220 1952
1553230 1952
1553240 1953
1553250 1954
1553260 1954
1553270 1956
1553280 1957
1553290 1957
1553300 1957
1553310 1958
1553320 1959
1553330 1959
1553340 1959
1553350 1960
1553360 1960
1553370 1962
1553380 1963
1553390 1963
1553400 1964
1553410 1965
1553420 1965
1553430 1966
1553440 1966
1553450 1966
1553460 1967
1553470 1968
1553480 1968
1553490 1968
1553500 1969
1553510 1969
1553520 1970
1553530 1970
1553540 1975
1553550 1975
1553560 1974
1553570 1976
1553580 1976
1553590 1977
1553600 1978
1553610 1978
1553620 1980
1553630 1982
1553640 1982
1553650 1983
1553660 1985
1553670 1985
1553680 1985
1553690 1987
1553700 1987
1553710 1989
1553720 1990
1553730 1992
1553740 1992
1553750 1993
1553760 1995
1553770 1995
1553780 1998
1553790 1999
1553800 1999
1553810 2001
1553820 2003
1553830 2003
1553840 2004
1553850 2006
1553860 2006
1553870 2007
1553880 2009
1553890 2009
1553900 2010
1553910 2011
1553920 2013
1553930 2013
1553940 2014
1553950 2015
1553960 2015
1553970 2017
1553980 2018
1553990 2018
1554000 2019
1554010 2020
1554020 2020
1554030 2021
1554040 2022
1554050 2022
1554060 2023
1554070 2023
1554080 2023
1554090 2024
1554100 2025
1554110 2025
1554120 2025
1554130 2023
1554140 2021
1554150 2021
1554160 2018
1554170 2014
1554180 2014
1554190 2012
1554200 2010
1554210 2010
1554220 2008
1554230 2004
1554240 2004
1554250 2002
1554260 2000
1554270 2000
1554280 1998
1554290 1997
1554300 1997
1554310 1996
1554320 1995
1554330 1994
1554340 1994
1554350 1993
1554360 1991
1554370 1991
1554380 1989
1554390 1987
1554400 1987
1554410 1986
1554420 1985
1554430 1985
1554440 1984
1554450 1982
1554460 1982
1554470 1980
1554480 1980
1554490 1980
1554500 1979
1554510 1978
1554520 1978
1554530 1978
1554540 1978
1554550 1977
1554560 1977
1554570 1975
1554580 1975
1554590 1975
1554600 1973
1554610 1972
1554620 1972
1554630 1971
1554640 1970
1554650 1970
1554660 1969
1554670 1968
1554680 1968
1554690 1968
1554700 1966
1554710 1966
1554720 1965
1554730 1963
1554740 1961
1554750 1961
1554760 1960
1554770 1957
1554780 1957
1554790 1955
1554800 1952
1554810 1952
1554820 1949
1554830 1945
1554840 1945
1554850 1940
1554860 1936
1554870 1936
1554880 1932
1554890 1929
1554900 1929
1554910 1926
1554920 1920
1554930 1913
1554940 1913
1554950 1908
1554960 1902
1554970 1902
1554980 1897
1554990 1893
1555000 1893
1555010 1890
1555020 1885
1555030 1885
1555040 1880
1555050 1876
1555060 1876
1555070 1874
1555080 1871
1555090 1871
1555100 1866
1555110 1861
1555120 1861
1555130 1856
1555140 1853
1555150 1850
1555160 1850
1555170 1846
1555180 1842
1555190 1842
1555200 1838
1555210 1836
1555220 1836
1555230 1833
1555240 1829
1555250 1829
1555260 1825
1555270 1823
1555280 1823
1555290 1820
1555300 1818
1555310 1818
1555320 1816
1555330 1814
1555340 1812
1555350 1810
1555360 1808
1555370 1807
1555380 1807
1555390 1806
1555400 1805
1555410 1805
1555420 1804
1555430 1802
1555440 1802
1555450 1800
1555460 1798
1555470 1798
1555480 1795
1555490 1791
1555500 1791
1555510 1788
1555520 1786
1555530 1786
1555540 1784
1555550 1781
1555560 1781
1555570 1781
1555580 1782
1555590 1781
1555600 1781
1555610 1781
1555620 1781
1555630 1781
1555640 1780
1555650 1779
1555660 1779
1555670 1778
1555680 1777
1555690 1777
1555700 1777
1555710 1775
1555720 1775
1555730 1775
1555740 1775
1555750 1774
1555760 1774
1555770 1774
1555780 1773
1555790 1773
1555800 1772
1555810 1771
1555820 1771
1555830 1770
1555840 1770
1555850 1770
1555860 1770
1555870 1769
1555880 1769
1555890 1768
1555900 1767
1555910 1767
1555920 1768
1555930 1768
1555940 1768
1555950 1769
1555960 1771
1555970 1772
1555980 1772
1555990 1773
1556000 1775
1556010 1775
1556020 1777
1556030 1778
1556040 1778
1556050 1779
1556060 1780
1556070 1780
1556080 1782
1556090 1783
1556100 1783
1556110 1785
1556120 1787
1556130 1787
1556140 1789
1556150 1792
1556160 1795
1556170 1795
1556180 1797
1556190 1799
1556200 1799
1556210 1802
1556220 1806
1556230 1806
1556240 1809
1556250 1813
1556260 1813
1556270 1817
1556280 1821
1556290 1821
1556300 1824
1556310 1828
1556320 1828
1556330 1831
1556340 1835
1556350 1837
1556360 1837
1556370 1839
1556380 1842
1556390 1842
1556400 1845
1556410 1849
1556420 1849
1556430 1853
1556440 1857
1556450 1857
1556460 1861
1556470 1865
1556480 1865
1556490 1868
1556500 1871
1556510 1871
1556520 1874
1556530 1877
1556540 1877
1556550 1881
1556560 1885
1556570 1889
1556580 1889
1556590 1891
1556600 1893
1556610 1893
1556620 1895
1556630 1895
1556640 1895
1556650 1898
1556660 1901
1556670 1901
1556680 1905
1556690 1907
1556700 1907
1556710 1910
1556720 1912
1556730 1912
1556740 1912
1556750 1913
1556760 1915
1556770 1915
1556780 1916
1556790 1916
1556800 1916
1556810 1916
1556820 1915
1556830 1915
1556840 1914
1556850 1914
1556860 1914
1556870 1913
1556880 1913
1556890 1913
1556900 1910
1556910 1906
1556920 1906
1556930 1903
1556940 1903
1556950 1903
1556960 1904
1556970 1904
1556980 1903
1556990 1903
1557000 1901
1557010 1898
1557020 1898
1557030 1895
1557040 1892
1557050 1892
1557060 1888
1557070 1884
1557080 1884
1557090 1881
1557100 1877
1557110 1877
1557120 1870
1557130 1865
1557140 1865
1557150 1860
1557160 1855
1557170 1850
1557180 1850
1557190 1845
1557200 1842
1557210 1842
1557220 1839
1557230 1836
1557240 1836
1557250 1831
1557260 1826
1557270 1826
1557280 1823
1557290 1821
1557300 1821
1557310 1817
1557320 1814
1557330 1814
1557340 1811
1557350 1808
1557360 1805
1557370 1805
1557380 1802
1557390 1798
1557400 1798
1557410 1794
1557420 1790
1557430 1790
1557440 1788
1557450 1784
1557460 1784
1557470 1781
1557480 1779
1557490 1779
1557500 1777
1557510 1775
1557520 1775
1557530 1773
1557540 1770
1557550 1770
1557560 1767
1557570 1765
1557580 1763
1557590 1763
1557600 1760
1557610 1757
1557620 1757
1557630 1754
1557640 1750
1557650 1750
1557660 1745
1557670 1743
1557680 1743
1557690 1742
1557700 1739
1557710 1739
1557720 1736
1557730 1733
1557740 1733
1557750 1731
1557760 1729
1557770 1728
1557780 1728
1557790 1727
1557800 1725
1557810 1725
1557820 1722
1557830 1719
1557840 1719
1557850 1718
1557860 1716
1557870 1716
1557880 1714
1557890 1711
1557900 1711
1557910 1707
1557920 1702
1557930 1702
1557940 1697
1557950 1694
1557960 1694
1557970 1691
1557980 1690
1557990 1688
1558000 1688
1558010 1686
1558020 1683
1558030 1683
1558040 1682
1558050 1678
1558060 1678
1558070 1675
1558080 1672
1558090 1672
1558100 1667
1558110 1664
1558120 1664
1558130 1662
1558140 1661
1558150 1661
1558160 1659
1558170 1656
1558180 1653
1558190 1653
1558200 1648
1558210 1643
1558220 1643
1558230 1639
1558240 1636
1558250 1636
1558260 1633
1558270 1630
1558280 1630
1558290 1628
1558300 1625
1558310 1625
1558320 1623
1558330 1620
1558340 1620
1558350 1617
1558360 1614
1558370 1614
1558380 1612
1558390 1609
1558400 1607
1558410 1607
1558420 1603
1558430 1600
1558440 1600
1558450 1597
1558460 1593
1558470 1593
1558480 1590
1558490 1587
1558500 1587
1558510 1586
1558520 1584
1558530 1584
1558540 1582
1558550 1580
1558560 1580
1558570 1577
1558580 1576
1558590 1575
1558600 1575
1558610 1573
1558620 1571
1558630 1571
1558640 1569
1558650 1569
1558660 1569
1558670 1567
1558680 1564
1558690 1564
1558700 1561
1558710 1558
1558720 1558
1558730 1554
1558740 1549
1558750 1549
1558760 1546
1558770 1545
1558780 1543
1558790 1543
1558800 1540
1558810 1537
1558820 1537
1558830 1534
1558840 1531
1558850 1533
1558860 1531
1558870 1528
1558880 1528
1558890 1524
1558900 1521
1558910 1521
1558920 1518
1558930 1516
1558940 1516
1558950 1513
1558960 1511
1558970 1511
1558980 1509
1558990 1506
1559000 1503
1559010 1503
1559020 1501
1559030 1499
1559040 1499
1559050 1497
1559060 1496
1559070 1496
1559080 1495
1559090 1493
1559100 1493
1559110 1492
1559120 1490
1559130 1490
1559140 1488
1559150 1486
1559160 1486
1559170 1484
1559180 1483
1559190 1481
1559200 1481
1559210 1479
1559220 1477
1559230 1477
1559240 1476
1559250 1475
1559260 1475
1559270 1472
1559280 1470
1559290 1470
1559300 1467
1559310 1463
1559320 1463
1559330 1458
1559340 1454
1559350 1454
1559360 1451
1559370 1448
1559380 1448
1559390 1446
1559400 1443
1559410 1440
1559420 1440
1559430 1437
1559440 1434
1559450 1434
1559460 1430
1559470 1427
1559480 1427
1559490 1423
1559500 1419
1559510 1419
1559520 1415
1559530 1410
1559540 1410
1559550 1405
1559560 1402
1559570 1402
1559580 1397
1559590 1393
1559600 1390
1559610 1390
1559620 1389
1559630 1387
1559640 1387
1559650 1385
1559660 1382
1559670 1382
1559680 1377
1559690 1373
1559700 1373
1559710 1369
1559720 1365
1559730 1365
1559740 1361
1559750 1357
1559760 1357
1559770 1352
1559780 1348
1559790 1344
1559800 1344
1559810 1340
1559820 1336
1559830 1336
1559840 1334
1559850 1331
1559860 1331
1559870 1327
1559880 1323
1559890 1323
1559900 1318
1559910 1314
1559920 1314
1559930 1311
1559940 1309
1559950 1309
1559960 1307
1559970 1304
1559980 1304
1559990 1301
