1540000 1683
1540010 1685
1540020 1685
1540030 1689
1540040 1695
1540050 1697
1540060 1697
1540070 1702
1540080 1708
1540090 1708
1540100 1711
1540110 1717
1540120 1717
1540130 1717
1540140 1719
1540150 1719
1540160 1721
1540170 1719
1540180 1719
1540190 1720
1540200 1721
1540210 1721
1540220 1723
1540230 1725
1540240 1727
1540250 1727
1540260 1729
1540270 1731
1540280 1731
1540290 1734
1540300 1736
1540310 1736
1540320 1735
1540330 1731
1540340 1731
1540350 1733
1540360 1737
1540370 1737
1540380 1740
1540390 1737
1540400 1737
1540410 1733
1540420 1739
1540430 1739
1540440 1742
1540450 1746
1540460 1751
1540470 1751
1540480 1756
1540490 1761
1540500 1761
1540510 1766
1540520 1771
1540530 1771
1540540 1775
1540550 1779
1540560 1779
1540570 1783
1540580 1787
1540590 1787
1540600 1793
1540610 1798
1540620 1798
1540630 1806
1540640 1812
1540650 1817
1540660 1817
1540670 1821
1540680 1825
1540690 1825
1540700 1831
1540710 1843
1540720 1843
1540730 1854
1540740 1863
1540750 1863
1540760 1868
1540770 1874
1540780 1874
1540790 1878
1540800 1887
1540810 1887
1540820 1889
1540830 1892
1540840 1892
1540850 1897
1540860 1898
1540870 1901
1540880 1901
1540890 1899
1540900 1897
1540910 1897
1540920 1897
1540930 1901
1540940 1901
1540950 1907
1540960 1906
1540970 1906
1540980 1910
1540990 1914
1541000 1914
1541010 1919
1541020 1922
1541030 1922
1541040 1926
1541050 1929
1541060 1928
1541070 1928
1541080 1930
1541090 1933
1541100 1933
1541110 1936
1541120 1940
1541130 1940
1541140 1942
1541150 1945
1541160 1945
1541170 1949
1541180 1952
1541190 1952
1541200 1954
1541210 1959
1541220 1959
1541230 1965
1541240 1971
1541250 1971
1541260 1978
1541270 1984
1541280 1989
1541290 1989
1541300 1995
1541310 2001
1541320 2001
1541330 2007
1541340 2013
1541350 2013
1541360 2020
1541370 2024
1541380 2024
1541390 2028
1541400 2032
1541410 2032
1541420 2036
1541430 2039
1541440 2039
1541450 2043
1541460 2047
1541470 2050
1541480 2050
1541490 2052
1541500 2055
1541510 2055
1541520 2057
1541530 2059
1541540 2059
1541550 2061
1541560 2062
1541570 2062
1541580 2064
1541590 2065
1541600 2065
1541610 2065
1541620 2065
1541630 2065
1541640 2063
1541650 2062
1541660 2062
1541670 2060
1541680 2057
1541690 2054
1541700 2054
1541710 2050
1541720 2047
1541730 2047
1541740 2043
1541750 2039
1541760 2039
1541770 2034
1541780 2029
1541790 2029
1541800 2023
1541810 2016
1541820 2016
1541830 2010
1541840 2005
1541850 2005
1541860 2000
1541870 1998
1541880 1998
1541890 1998
1541900 1999
1541910 2001
1541920 2001
1541930 2004
1541940 2008
1541950 2008
1541960 2010
1541970 2014
1541980 2014
1541990 2018
1542000 2022
1542010 2022
1542020 2025
1542030 2028
1542040 2028
1542050 2031
1542060 2034
1542070 2037
1542080 2037
1542090 2040
1542100 2043
1542110 2043
1542120 2046
1542130 2048
1542140 2048
1542150 2050
1542160 2051
1542170 2051
1542180 2053
1542190 2054
1542200 2054
1542210 2056
1542220 2058
1542230 2058
1542240 2061
1542250 2063
1542260 2063
1542270 2065
1542280 2067
1542290 2070
1542300 2070
1542310 2072
1542320 2074
1542330 2074
1542340 2076
1542350 2079
1542360 2079
1542370 2081
1542380 2084
1542390 2084
1542400 2085
1542410 2087
1542420 2087
1542430 2089
1542440 2091
1542450 2091
1542460 2093
1542470 2093
1542480 2096
1542490 2096
1542500 2099
1542510 2101
1542520 2101
1542530 2103
1542540 2105
1542550 2105
1542560 2107
1542570 2109
1542580 2109
1542590 2111
1542600 2112
1542610 2112
1542620 2114
1542630 2115
1542640 2115
1542650 2117
1542660 2118
1542670 2118
1542680 2119
1542690 2120
1542700 2121
1542710 2121
1542720 2123
1542730 2124
1542740 2124
1542750 2125
1542760 2126
1542770 2126
1542780 2127
1542790 2128
1542800 2128
1542810 2129
1542820 2129
1542830 2129
1542840 2130
1542850 2131
1542860 2131
1542870 2132
1542880 2133
1542890 2134
1542900 2134
1542910 2135
1542920 2136
1542930 2136
1542940 2137
1542950 2138
1542960 2138
1542970 2140
1542980 2142
1542990 2142
1543000 2143
1543010 2145
1543020 2145
1543030 2146
1543040 2148
1543050 2148
1543060 2150
1543070 2151
1543080 2151
1543090 2153
1543100 2156
1543110 2159
1543120 2159
1543130 2162
1543140 2164
1543150 2164
1543160 2167
1543170 2167
1543180 2167
1543190 2169
1543200 2170
1543210 2170
1543220 2172
1543230 2174
1543240 2174
1543250 2176
1543260 2177
1543270 2177
1543280 2179
1543290 2181
1543300 2183
1543310 2183
1543320 2185
1543330 2186
1543340 2186
1543350 2188
1543360 2189
1543370 2189
1543380 2189
1543390 2189
1543400 2189
1543410 2191
1543420 2188
1543430 2188
1543440 2176
1543450 2166
1543460 2166
1543470 2157
1543480 2147
1543490 2147
1543500 2138
1543510 2130
1543520 2122
1543530 2122
1543540 2114
1543550 2105
1543560 2105
1543570 2099
1543580 2092
1543590 2092
1543600 2085
1543610 2079
1543620 2079
1543630 2073
1543640 2068
1543650 2068
1543660 2063
1543670 2058
1543680 2058
1543690 2053
1543700 2048
1543710 2042
1543720 2042
1543730 2035
1543740 2028
1543750 2028
1543760 2023
1543770 2019
1543780 2019
1543790 2016
1543800 2011
1543810 2011
1543820 2006
1543830 2000
1543840 2000
1543850 1992
1543860 1991
1543870 1991
1543880 1991
1543890 1985
1543900 1985
1543910 1983
1543920 1979
1543930 1975
1543940 1975
1543950 1971
1543960 1972
1543970 1972
1543980 1968
1543990 1962
1544000 1962
1544010 1963
1544020 1965
1544030 1965
1544040 1964
1544050 1964
1544060 1964
1544070 1963
1544080 1962
1544090 1962
1544100 1959
1544110 1957
1544120 1956
1544130 1956
1544140 1954
1544150 1951
1544160 1951
1544170 1948
1544180 1943
1544190 1943
1544200 1939
1544210 1934
1544220 1934
1544230 1929
1544240 1925
1544250 1925
1544260 1919
1544270 1914
1544280 1914
1544290 1910
1544300 1907
1544310 1904
1544320 1904
1544330 1901
1544340 1897
1544350 1897
1544360 1891
1544370 1889
1544380 1889
1544390 1888
1544400 1885
1544410 1885
1544420 1883
1544430 1884
1544440 1884
1544450 1888
1544460 1884
1544470 1884
1544480 1878
1544490 1873
1544500 1873
1544510 1866
1544520 1860
1544530 1853
1544540 1853
1544550 1846
1544560 1846
1544570 1846
1544580 1845
1544590 1842
1544600 1842
1544610 1837
1544620 1834
1544630 1834
1544640 1829
1544650 1827
1544660 1827
1544670 1823
1544680 1819
1544690 1819
1544700 1817
1544710 1814
1544720 1809
1544730 1809
1544740 1808
1544750 1804
1544760 1804
1544770 1803
1544780 1801
1544790 1801
1544800 1798
1544810 1794
1544820 1794
1544830 1790
1544840 1785
1544850 1785
1544860 1782
1544870 1779
1544880 1779
1544890 1774
1544900 1769
1544910 1769
1544920 1770
1544930 1771
1544940 1770
1544950 1770
1544960 1769
1544970 1767
1544980 1767
1544990 1765
1545000 1764
1545010 1764
1545020 1763
1545030 1762
1545040 1762
1545050 1761
1545060 1759
1545070 1759
1545080 1757
1545090 1754
1545100 1754
1545110 1753
1545120 1752
1545130 1751
1545140 1751
1545150 1749
1545160 1747
1545170 1747
1545180 1745
1545190 1743
1545200 1743
1545210 1740
1545220 1737
1545230 1737
1545240 1735
1545250 1732
1545260 1732
1545270 1728
1545280 1724
1545290 1718
1545300 1715
1545310 1711
1545320 1711
1545330 1708
1545340 1703
1545350 1698
1545360 1698
1545370 1699
1545380 1698
1545390 1698
1545400 1695
1545410 1694
1545420 1694
1545430 1694
1545440 1693
1545450 1693
1545460 1690
1545470 1688
1545480 1688
1545490 1686
1545500 1685
1545510 1685
1545520 1683
1545530 1681
1545540 1679
1545550 1679
1545560 1676
1545570 1674
1545580 1674
1545590 1670
1545600 1664
1545610 1664
1545620 1666
1545630 1666
1545640 1666
1545650 1665
1545660 1664
1545670 1664
1545680 1663
1545690 1661
1545700 1661
1545710 1658
1545720 1654
1545730 1654
1545740 1654
1545750 1654
1545760 1654
1545770 1654
1545780 1653
1545790 1651
1545800 1651
1545810 1650
1545820 1648
1545830 1648
1545840 1645
1545850 1643
1545860 1643
1545870 1640
1545880 1636
1545890 1636
1545900 1632
1545910 1629
1545920 1629
1545930 1625
1545940 1620
1545950 1616
1545960 1616
1545970 1610
1545980 1605
1545990 1605
1546000 1600
1546010 1595
1546020 1595
1546030 1589
1546040 1584
1546050 1584
1546060 1579
1546070 1573
1546080 1573
1546090 1568
1546100 1563
1546110 1563
1546120 1559
1546130 1554
1546140 1548
1546150 1548
1546160 1542
1546170 1537
1546180 1537
1546190 1530
1546200 1524
1546210 1524
1546220 1520
1546230 1516
1546240 1516
1546250 1511
1546260 1507
1546270 1507
1546280 1502
1546290 1497
1546300 1497
1546310 1492
1546320 1486
1546330 1486
1546340 1480
1546350 1475
1546360 1470
1546370 1470
1546380 1464
1546390 1458
1546400 1458
1546410 1452
1546420 1447
1546430 1447
1546440 1441
1546450 1434
1546460 1434
1546470 1426
1546480 1421
1546490 1421
1546500 1413
1546510 1401
1546520 1401
1546530 1389
1546540 1382
1546550 1383
1546560 1383
1546570 1386
1546580 1386
1546590 1386
1546600 1385
1546610 1382
1546620 1382
1546630 1376
1546640 1370
1546650 1370
1546660 1365
1546670 1360
1546680 1360
1546690 1352
1546700 1346
1546710 1346
1546720 1345
1546730 1343
1546740 1343
1546750 1344
1546760 1345
1546770 1340
1546780 1340
1546790 1336
1546800 1332
1546810 1332
1546820 1329
1546830 1326
1546840 1326
1546850 1323
1546860 1321
1546870 1321
1546880 1318
1546890 1314
1546900 1314
1546910 1311
1546920 1308
1546930 1308
1546940 1305
1546950 1302
1546960 1299
1546970 1299
1546980 1297
1546990 1294
1547000 1294
1547010 1293
1547020 1291
1547030 1291
1547040 1291
1547050 1291
1547060 1291
1547070 1287
1547080 1285
1547090 1285
1547100 1284
1547110 1279
1547120 1279
1547130 1274
1547140 1270
1547150 1270
1547160 1268
1547170 1266
1547180 1262
1547190 1262
1547200 1257
1547210 1250
1547220 1250
1547230 1244
1547240 1240
1547250 1240
1547260 1236
1547270 1232
1547280 1232
1547290 1228
1547300 1225
1547310 1225
1547320 1224
1547330 1223
1547340 1220
1547350 1219
1547360 1215
1547370 1209
1547380 1209
1547390 1205
1547400 1202
1547410 1202
1547420 1199
1547430 1196
1547440 1196
1547450 1193
1547460 1190
1547470 1190
1547480 1186
1547490 1186
1547500 1186
1547510 1183
1547520 1181
1547530 1181
1547540 1178
1547550 1174
1547560 1174
1547570 1170
1547580 1167
1547590 1163
1547600 1163
1547610 1159
1547620 1155
1547630 1155
1547640 1151
1547650 1149
1547660 1149
1547670 1149
1547680 1149
1547690 1149
1547700 1149
1547710 1148
1547720 1148
1547730 1149
1547740 1149
1547750 1149
1547760 1149
1547770 1149
1547780 1148
1547790 1148
1547800 1148
1547810 1149
1547820 1149
1547830 1149
1547840 1149
1547850 1149
1547860 1149
1547870 1148
1547880 1148
1547890 1149
1547900 1154
1547910 1154
1547920 1161
1547930 1169
1547940 1169
1547950 1178
1547960 1186
1547970 1194
1547980 1194
1547990 1202
1548000 1210
1548010 1210
1548020 1216
1548030 1221
1548040 1221
1548050 1227
1548060 1231
1548070 1231
1548080 1235
1548090 1240
1548100 1240
1548110 1244
1548120 1250
1548130 1250
1548140 1255
1548150 1259
1548160 1259
1548170 1264
1548180 1270
1548190 1278
1548200 1278
1548210 1287
1548220 1294
1548230 1294
1548240 1300
1548250 1304
1548260 1304
1548270 1310
1548280 1317
1548290 1317
1548300 1323
1548310 1330
1548320 1330
1548330 1334
1548340 1340
1548350 1340
1548360 1346
1548370 1351
1548380 1356
1548390 1356
1548400 1361
1548410 1366
1548420 1366
1548430 1370
1548440 1375
1548450 1375
1548460 1379
1548470 1384
1548480 1384
1548490 1390
1548500 1398
1548510 1398
1548520 1403
1548530 1407
1548540 1407
1548550 1408
1548560 1407
1548570 1407
1548580 1405
1548590 1408
1548600 1416
1548610 1416
1548620 1427
1548630 1434
1548640 1434
1548650 1439
1548660 1443
1548670 1443
1548680 1446
1548690 1446
1548700 1446
1548710 1450
1548720 1454
1548730 1454
1548740 1461
1548750 1473
1548760 1473
1548770 1478
1548780 1480
1548790 1482
1548800 1482
1548810 1487
1548820 1494
1548830 1494
1548840 1501
1548850 1507
1548860 1507
1548870 1513
1548880 1527
1548890 1527
1548900 1537
1548910 1540
1548920 1540
1548930 1541
1548940 1545
1548950 1545
1548960 1550
1548970 1558
1548980 1558
1548990 1562
1549000 1563
1549010 1564
1549020 1564
1549030 1565
1549040 1568
1549050 1568
1549060 1571
1549070 1575
1549080 1575
1549090 1580
1549100 1584
1549110 1584
1549120 1589
1549130 1594
1549140 1594
1549150 1598
1549160 1603
1549170 1603
1549180 1606
1549190 1610
1549200 1614
1549210 1614
1549220 1617
1549230 1620
1549240 1620
1549250 1624
1549260 1627
1549270 1627
1549280 1629
1549290 1630
1549300 1630
1549310 1632
1549320 1633
1549330 1631
1549340 1632
1549350 1634
1549360 1634
1549370 1636
1549380 1638
1549390 1638
1549400 1640
1549410 1641
1549420 1644
1549430 1644
1549440 1647
1549450 1649
1549460 1649
1549470 1652
1549480 1654
1549490 1654
1549500 1657
1549510 1661
1549520 1661
1549530 1664
1549540 1667
1549550 1667
1549560 1670
1549570 1673
1549580 1673
1549590 1677
1549600 1679
1549610 1683
1549620 1683
1549630 1685
1549640 1688
1549650 1688
1549660 1691
1549670 1693
1549680 1693
1549690 1696
1549700 1697
1549710 1697
1549720 1699
1549730 1701
1549740 1701
1549750 1703
1549760 1705
1549770 1705
1549780 1708
1549790 1710
1549800 1710
1549810 1712
1549820 1715
1549830 1718
1549840 1718
1549850 1721
1549860 1724
1549870 1724
1549880 1726
1549890 1729
1549900 1729
1549910 1731
1549920 1733
1549930 1733
1549940 1736
1549950 1738
1549960 1738
1549970 1739
1549980 1740
1549990 1740
1550000 1740
1550010 1741
1550020 1743
1550030 1743
1550040 1744
1550050 1746
1550060 1746
1550070 1748
1550080 1749
1550090 1749
1550100 1750
1550110 1753
1550120 1753
1550130 1757
1550140 1760
1550150 1760
1550160 1765
1550170 1769
1550180 1769
1550190 1772
1550200 1775
1550210 1779
1550220 1779
1550230 1783
1550240 1789
1550250 1789
1550260 1792
1550270 1794
1550280 1794
1550290 1795
1550300 1796
1550310 1796
1550320 1796
1550330 1796
1550340 1796
1550350 1797
1550360 1798
1550370 1798
1550380 1798
1550390 1799
1550400 1799
1550410 1799
1550420 1800
1550430 1801
1550440 1801
1550450 1802
1550460 1803
1550470 1803
1550480 1804
1550490 1804
1550500 1804
1550510 1805
1550520 1806
1550530 1806
1550540 1806
1550550 1807
1550560 1807
1550570 1808
1550580 1810
1550590 1810
1550600 1811
1550610 1811
1550620 1813
1550630 1813
1550640 1814
1550650 1814
1550660 1814
1550670 1813
1550680 1813
1550690 1813
1550700 1812
1550710 1811
1550720 1811
1550730 1809
1550740 1806
1550750 1806
1550760 1803
1550770 1802
1550780 1802
1550790 1802
1550800 1801
1550810 1801
1550820 1802
1550830 1803
1550840 1804
1550850 1804
1550860 1805
1550870 1808
1550880 1808
1550890 1810
1550900 1812
1550910 1812
1550920 1814
1550930 1816
1550940 1816
1550950 1818
1550960 1820
1550970 1820
1550980 1822
1550990 1824
1551000 1824
1551010 1827
1551020 1829
1551030 1831
1551040 1831
1551050 1833
1551060 1835
1551070 1835
1551080 1837
1551090 1840
1551100 1840
1551110 1842
1551120 1845
1551130 1845
1551140 1849
1551150 1853
1551160 1853
1551170 1857
1551180 1861
1551190 1861
1551200 1865
1551210 1869
1551220 1869
1551230 1872
1551240 1876
1551250 1881
1551260 1885
1551270 1889
1551280 1894
1551290 1894
1551300 1898
1551310 1903
1551320 1903
1551330 1907
1551340 1912
1551350 1912
1551360 1916
1551370 1920
1551380 1920
1551390 1924
1551400 1929
1551410 1929
1551420 1935
1551430 1940
1551440 1945
1551450 1945
1551460 1950
1551470 1955
1551480 1955
1551490 1959
1551500 1964
1551510 1964
1551520 1968
1551530 1972
1551540 1972
1551550 1976
1551560 1980
1551570 1980
1551580 1983
1551590 1986
1551600 1986
1551610 1989
1551620 1991
1551630 1991
1551640 1993
1551650 1994
1551660 1996
1551670 1996
1551680 1998
1551690 2001
1551700 2001
1551710 2002
1551720 2004
1551730 2004
1551740 2005
1551750 2007
1551760 2007
1551770 2009
1551780 2011
1551790 2011
1551800 2013
1551810 2015
1551820 2015
1551830 2016
1551840 2018
1551850 2020
1551860 2020
1551870 2022
1551880 2024
1551890 2024
1551900 2027
1551910 2029
1551920 2029
1551930 2030
1551940 2032
1551950 2032
1551960 2033
1551970 2035
1551980 2035
1551990 2037
1552000 2038
1552010 2038
1552020 2039
1552030 2041
1552040 2041
1552050 2042
1552060 2043
1552070 2043
1552080 2043
1552090 2043
1552100 2044
1552110 2044
1552120 2045
1552130 2046
1552140 2046
1552150 2046
1552160 2045
1552170 2045
1552180 2044
1552190 2043
1552200 2043
1552210 2044
1552220 2045
1552230 2045
1552240 2046
1552250 2046
1552260 2047
1552270 2047
1552280 2048
1552290 2048
1552300 2048
1552310 2049
1552320 2051
1552330 2051
1552340 2053
1552350 2054
1552360 2054
1552370 2055
1552380 2057
1552390 2057
1552400 2058
1552410 2059
1552420 2059
1552430 2062
1552440 2065
1552450 2067
1552460 2067
1552470 2069
1552480 2072
1552490 2072
1552500 2075
1552510 2077
1552520 2077
1552530 2080
1552540 2083
1552550 2083
1552560 2085
1552570 2088
1552580 2088
1552590 2090
1552600 2093
1552610 2093
1552620 2096
1552630 2099
1552640 2099
1552650 2101
1552660 2103
1552670 2105
1552680 2105
1552690 2107
1552700 2108
1552710 2108
1552720 2111
1552730 2113
1552740 2113
1552750 2115
1552760 2117
1552770 2117
1552780 2119
1552790 2121
1552800 2121
1552810 2123
1552820 2124
1552830 2124
1552840 2125
1552850 2126
1552860 2127
1552870 2127
1552880 2128
1552890 2129
1552900 2129
1552910 2129
1552920 2129
1552930 2129
1552940 2129
1552950 2128
1552960 2128
1552970 2128
1552980 2126
1552990 2126
1553000 2122
1553010 2115
1553020 2115
1553030 2108
1553040 2102
1553050 2102
1553060 2096
1553070 2092
1553080 2088
1553090 2088
1553100 2084
1553110 2082
1553120 2082
1553130 2076
1553140 2075
1553150 2075
1553160 2073
1553170 2070
1553180 2070
1553190 2069
1553200 2067
1553210 2067
1553220 2066
1553230 2064
1553240 2064
1553250 2062
1553260 2060
1553270 2058
1553280 2058
1553290 2056
1553300 2053
1553310 2053
1553320 2050
1553330 2046
1553340 2046
1553350 2039
1553360 2030
1553370 2030
1553380 2027
1553390 2024
1553400 2024
1553410 2022
1553420 2023
1553430 2023
1553440 2024
1553450 2025
1553460 2025
1553470 2025
1553480 2025
1553490 2025
1553500 2025
1553510 2026
1553520 2027
1553530 2027
1553540 2026
1553550 2022
1553560 2022
1553570 2017
1553580 2010
1553590 2010
1553600 2006
1553610 2004
1553620 2004
1553630 2004
1553640 2002
1553650 2002
1553660 2000
1553670 1998
1553680 1996
1553690 1996
1553700 1993
1553710 1990
1553720 1990
1553730 1987
1553740 1985
1553750 1985
1553760 1982
1553770 1978
1553780 1978
1553790 1972
1553800 1966
1553810 1966
1553820 1959
1553830 1954
1553840 1954
1553850 1949
1553860 1943
1553870 1943
1553880 1939
1553890 1936
1553900 1933
1553910 1933
1553920 1930
1553930 1928
1553940 1928
1553950 1925
1553960 1922
1553970 1922
1553980 1919
1553990 1917
1554000 1917
1554010 1914
1554020 1909
1554030 1909
1554040 1905
1554050 1902
1554060 1902
1554070 1898
1554080 1894
1554090 1890
1554100 1890
1554110 1886
1554120 1881
1554130 1881
1554140 1876
1554150 1871
1554160 1871
1554170 1867
1554180 1864
1554190 1864
1554200 1861
1554210 1859
1554220 1859
1554230 1856
1554240 1853
1554250 1853
1554260 1850
1554270 1848
1554280 1845
1554290 1845
1554300 1841
1554310 1835
1554320 1835
1554330 1831
1554340 1828
1554350 1828
1554360 1825
1554370 1822
1554380 1822
1554390 1820
1554400 1819
1554410 1819
1554420 1817
1554430 1815
1554440 1815
1554450 1813
1554460 1811
1554470 1811
1554480 1809
1554490 1805
1554500 1801
1554510 1801
1554520 1799
1554530 1799
1554540 1799
1554550 1800
1554560 1797
1554570 1797
1554580 1796
1554590 1796
1554600 1796
1554610 1795
1554620 1794
1554630 1794
1554640 1792
1554650 1790
1554660 1790
1554670 1788
1554680 1787
1554690 1787
1554700 1787
1554710 1786
1554720 1784
1554730 1784
1554740 1783
1554750 1782
1554760 1782
1554770 1782
1554780 1781
1554790 1781
1554800 1781
1554810 1780
1554820 1780
1554830 1779
1554840 1777
1554850 1777
1554860 1776
1554870 1774
1554880 1774
1554890 1773
1554900 1772
1554910 1772
1554920 1772
1554930 1771
1554940 1769
1554950 1767
1554960 1766
1554970 1765
1554980 1765
1554990 1765
1555000 1764
1555010 1764
1555020 1764
1555030 1763
1555040 1763
1555050 1762
1555060 1761
1555070 1761
1555080 1760
1555090 1759
1555100 1759
1555110 1759
1555120 1758
1555130 1758
1555140 1758
1555150 1758
1555160 1757
1555170 1757
1555180 1756
1555190 1755
1555200 1755
1555210 1754
1555220 1753
1555230 1753
1555240 1751
1555250 1748
1555260 1748
1555270 1746
1555280 1744
1555290 1744
1555300 1742
1555310 1738
1555320 1735
1555330 1735
1555340 1731
1555350 1727
1555360 1727
1555370 1723
1555380 1719
1555390 1719
1555400 1715
1555410 1711
1555420 1711
1555430 1707
1555440 1703
1555450 1703
1555460 1699
1555470 1695
1555480 1695
1555490 1691
1555500 1687
1555510 1683
1555520 1683
1555530 1680
1555540 1675
1555550 1675
1555560 1671
1555570 1669
1555580 1669
1555590 1666
1555600 1664
1555610 1664
1555620 1661
1555630 1658
1555640 1658
1555650 1655
1555660 1654
1555670 1654
1555680 1652
1555690 1650
1555700 1650
1555710 1648
1555720 1645
1555730 1641
1555740 1641
1555750 1636
1555760 1632
1555770 1632
1555780 1628
1555790 1625
1555800 1625
1555810 1619
1555820 1615
1555830 1615
1555840 1611
1555850 1607
1555860 1607
1555870 1603
1555880 1599
1555890 1599
1555900 1594
1555910 1592
1555920 1593
1555930 1593
1555940 1598
1555950 1603
1555960 1603
1555970 1608
1555980 1613
1555990 1613
1556000 1618
1556010 1623
1556020 1623
1556030 1628
1556040 1632
1556050 1632
1556060 1636
1556070 1641
1556080 1641
1556090 1645
1556100 1649
1556110 1649
1556120 1652
1556130 1654
1556140 1657
1556150 1657
1556160 1660
1556170 1663
1556180 1663
1556190 1666
1556200 1669
1556210 1669
1556220 1672
1556230 1674
1556240 1674
1556250 1676
1556260 1679
1556270 1679
1556280 1682
1556290 1684
1556300 1684
1556310 1684
1556320 1686
1556330 1688
1556340 1688
1556350 1689
1556360 1689
1556370 1689
1556380 1689
1556390 1688
1556400 1688
1556410 1687
1556420 1686
1556430 1686
1556440 1687
1556450 1687
1556460 1687
1556470 1686
1556480 1687
1556490 1687
1556500 1687
1556510 1688
1556520 1689
1556530 1689
1556540 1690
1556550 1691
1556560 1691
1556570 1691
1556580 1691
1556590 1691
1556600 1690
1556610 1690
1556620 1690
1556630 1690
1556640 1690
1556650 1690
1556660 1690
1556670 1690
1556680 1690
1556690 1689
1556700 1689
1556710 1689
1556720 1691
1556730 1690
1556740 1691
1556750 1691
1556760 1692
1556770 1692
1556780 1692
1556790 1692
1556800 1692
1556810 1692
1556820 1693
1556830 1696
1556840 1696
1556850 1699
1556860 1702
1556870 1702
1556880 1705
1556890 1707
1556900 1707
1556910 1709
1556920 1711
1556930 1712
1556940 1712
1556950 1714
1556960 1717
1556970 1717
1556980 1720
1556990 1722
1557000 1722
1557010 1725
1557020 1728
1557030 1728
1557040 1730
1557050 1732
1557060 1732
1557070 1733
1557080 1734
1557090 1734
1557100 1736
1557110 1737
1557120 1737
1557130 1739
1557140 1742
1557150 1745
1557160 1745
1557170 1747
1557180 1748
1557190 1748
1557200 1748
1557210 1749
1557220 1749
1557230 1748
1557240 1747
1557250 1747
1557260 1748
1557270 1749
1557280 1749
1557290 1751
1557300 1753
1557310 1753
1557320 1756
1557330 1757
1557340 1758
1557350 1758
1557360 1759
1557370 1762
1557380 1762
1557390 1764
1557400 1766
1557410 1766
1557420 1767
1557430 1768
1557440 1768
1557450 1770
1557460 1772
1557470 1772
1557480 1773
1557490 1776
1557500 1776
1557510 1777
1557520 1779
1557530 1779
1557540 1781
1557550 1782
1557560 1782
1557570 1782
1557580 1782
1557590 1783
1557600 1783
1557610 1785
1557620 1786
1557630 1786
1557640 1787
1557650 1788
1557660 1788
1557670 1788
1557680 1788
1557690 1788
1557700 1788
1557710 1788
1557720 1788
1557730 1790
1557740 1791
1557750 1792
1557760 1792
1557770 1792
1557780 1793
1557790 1793
1557800 1793
1557810 1793
1557820 1793
1557830 1792
1557840 1791
1557850 1791
1557860 1793
1557870 1794
1557880 1794
1557890 1793
1557900 1793
1557910 1793
1557920 1793
1557930 1792
1557940 1792
1557950 1792
1557960 1790
1557970 1788
1557980 1788
1557990 1786
1558000 1785
1558010 1785
1558020 1784
1558030 1784
1558040 1784
1558050 1785
1558060 1784
1558070 1784
1558080 1782
1558090 1780
1558100 1780
1558110 1777
1558120 1775
1558130 1775
1558140 1773
1558150 1770
1558160 1767
1558170 1767
1558180 1766
1558190 1764
1558200 1764
1558210 1763
1558220 1762
1558230 1762
1558240 1759
1558250 1755
1558260 1755
1558270 1750
1558280 1746
1558290 1746
1558300 1744
1558310 1741
1558320 1741
1558330 1737
1558340 1734
1558350 1734
1558360 1732
1558370 1730
1558380 1727
1558390 1727
1558400 1725
1558410 1723
1558420 1723
1558430 1719
1558440 1714
1558450 1714
1558460 1706
1558470 1701
1558480 1701
1558490 1697
1558500 1695
1558510 1695
1558520 1694
1558530 1690
1558540 1690
1558550 1686
1558560 1683
1558570 1681
1558580 1681
1558590 1679
1558600 1676
1558610 1676
1558620 1672
1558630 1666
1558640 1666
1558650 1661
1558660 1655
1558670 1655
1558680 1650
1558690 1646
1558700 1646
1558710 1642
1558720 1638
1558730 1638
1558740 1635
1558750 1631
1558760 1627
1558770 1627
1558780 1626
1558790 1621
1558800 1621
1558810 1616
1558820 1611
1558830 1611
1558840 1608
1558850 1603
1558860 1603
1558870 1596
1558880 1589
1558890 1589
1558900 1584
1558910 1580
1558920 1580
1558930 1576
1558940 1572
1558950 1572
1558960 1569
1558970 1564
1558980 1560
1558990 1560
1559000 1555
1559010 1552
1559020 1552
1559030 1548
1559040 1544
1559050 1544
1559060 1541
1559070 1538
1559080 1538
1559090 1535
1559100 1531
1559110 1531
1559120 1526
1559130 1523
1559140 1523
1559150 1518
1559160 1514
1559170 1511
1559180 1511
1559190 1509
1559200 1506
1559210 1506
1559220 1501
1559230 1496
1559240 1496
1559250 1491
1559260 1488
1559270 1488
1559280 1485
1559290 1481
1559300 1481
1559310 1477
1559320 1474
1559330 1474
1559340 1468
1559350 1462
1559360 1462
1559370 1458
1559380 1454
1559390 1452
1559400 1452
1559410 1449
1559420 1446
1559430 1446
1559440 1443
1559450 1435
1559460 1435
1559470 1430
1559480 1425
1559490 1425
1559500 1422
1559510 1419
1559520 1419
1559530 1415
1559540 1412
1559550 1412
1559560 1407
1559570 1401
1559580 1395
1559590 1395
1559600 1390
1559610 1386
1559620 1386
1559630 1382
1559640 1378
1559650 1378
1559660 1375
1559670 1370
1559680 1370
1559690 1368
1559700 1365
1559710 1365
1559720 1361
1559730 1358
1559740 1358
1559750 1352
1559760 1346
1559770 1346
1559780 1341
1559790 1336
1559800 1332
1559810 1332
1559820 1330
1559830 1328
1559840 1328
1559850 1327
1559860 1324
1559870 1324
1559880 1322
1559890 1319
1559900 1319
1559910 1315
1559920 1312
1559930 1312
1559940 1306
1559950 1304
1559960 1304
1559970 1300
1559980 1297
1559990 1293
