1540000 1993
1540010 1996
1540020 2003
1540030 2003
1540040 2010
1540050 2012
1540060 2012
1540070 2013
1540080 2012
1540090 2012
1540100 2013
1540110 2015
1540120 2017
1540130 2017
1540140 2023
1540150 2026
1540160 2026
1540170 2028
1540180 2030
1540190 2030
1540200 2033
1540210 2029
1540220 2029
1540230 2027
1540240 2027
1540250 2027
1540260 2024
1540270 2021
1540280 2021
1540290 2018
1540300 2014
1540310 2011
1540320 2011
1540330 2006
1540340 2002
1540350 1999
1540360 1993
1540370 1989
1540380 1989
1540390 1989
1540400 1986
1540410 1986
1540420 1982
1540430 1979
1540440 1979
1540450 1974
1540460 1969
1540470 1969
1540480 1963
1540490 1957
1540500 1957
1540510 1953
1540520 1948
1540530 1949
1540540 1949
1540550 1961
1540560 1969
1540570 1969
1540580 1976
1540590 1982
1540600 1982
1540610 1987
1540620 1994
1540630 1994
1540640 2000
1540650 2005
1540660 2005
1540670 2010
1540680 2015
1540690 2015
1540700 2019
1540710 2023
1540720 2027
1540730 2027
1540740 2033
1540750 2039
1540760 2039
1540770 2044
1540780 2049
1540790 2049
1540800 2053
1540810 2057
1540820 2057
1540830 2060
1540840 2062
1540850 2062
1540860 2064
1540870 2066
1540880 2066
1540890 2067
1540900 2068
1540910 2068
1540920 2069
1540930 2069
1540940 2069
1540950 2069
1540960 2070
1540970 2070
1540980 2070
1540990 2071
1541000 2071
1541010 2071
1541020 2072
1541030 2073
1541040 2073
1541050 2074
1541060 2072
1541070 2072
1541080 2071
1541090 2077
1541100 2077
1541110 2081
1541120 2084
1541130 2086
1541140 2086
1541150 2089
1541160 2090
1541170 2090
1541180 2093
1541190 2095
1541200 2095
1541210 2097
1541220 2099
1541230 2099
1541240 2101
1541250 2103
1541260 2103
1541270 2103
1541280 2105
1541290 2105
1541300 2108
1541310 2110
1541320 2110
1541330 2111
1541340 2113
1541350 2115
1541360 2115
1541370 2116
1541380 2118
1541390 2118
1541400 2120
1541410 2121
1541420 2121
1541430 2122
1541440 2124
1541450 2124
1541460 2125
1541470 2127
1541480 2127
1541490 2128
1541500 2129
1541510 2129
1541520 2130
1541530 2131
1541540 2132
1541550 2132
1541560 2132
1541570 2132
1541580 2132
1541590 2133
1541600 2133
1541610 2133
1541620 2133
1541630 2133
1541640 2133
1541650 2133
1541660 2133
1541670 2133
1541680 2133
1541690 2133
1541700 2133
1541710 2133
1541720 2133
1541730 2133
1541740 2133
1541750 2133
1541760 2133
1541770 2133
1541780 2133
1541790 2133
1541800 2133
1541810 2133
1541820 2134
1541830 2134
1541840 2134
1541850 2134
1541860 2134
1541870 2134
1541880 2135
1541890 2135
1541900 2135
1541910 2136
1541920 2136
1541930 2137
1541940 2137
1541950 2137
1541960 2137
1541970 2138
1541980 2138
1541990 2138
1542000 2139
1542010 2140
1542020 2140
1542030 2140
1542040 2140
1542050 2140
1542060 2141
1542070 2142
1542080 2142
1542090 2143
1542100 2144
1542110 2144
1542120 2146
1542130 2147
1542140 2149
1542150 2149
1542160 2151
1542170 2152
1542180 2152
1542190 2154
1542200 2155
1542210 2155
1542220 2157
1542230 2159
1542240 2159
1542250 2160
1542260 2162
1542270 2162
1542280 2164
1542290 2166
1542300 2166
1542310 2168
1542320 2170
1542330 2170
1542340 2172
1542350 2175
1542360 2177
1542370 2177
1542380 2179
1542390 2181
1542400 2181
1542410 2183
1542420 2185
1542430 2185
1542440 2187
1542450 2189
1542460 2189
1542470 2191
1542480 2192
1542490 2192
1542500 2194
1542510 2195
1542520 2195
1542530 2196
1542540 2198
1542550 2199
1542560 2199
1542570 2200
1542580 2200
1542590 2200
1542600 2201
1542610 2201
1542620 2201
1542630 2202
1542640 2202
1542650 2202
1542660 2203
1542670 2202
1542680 2202
1542690 2202
1542700 2202
1542710 2202
1542720 2201
1542730 2201
1542740 2201
1542750 2200
1542760 2200
1542770 2200
1542780 2200
1542790 2199
1542800 2198
1542810 2198
1542820 2197
1542830 2196
1542840 2196
1542850 2193
1542860 2188
1542870 2188
1542880 2183
1542890 2178
1542900 2178
1542910 2168
1542920 2162
1542930 2162
1542940 2157
1542950 2151
1542960 2146
1542970 2146
1542980 2141
1542990 2133
1543000 2133
1543010 2125
1543020 2119
1543030 2119
1543040 2115
1543050 2111
1543060 2111
1543070 2108
1543080 2105
1543090 2105
1543100 2102
1543110 2100
1543120 2100
1543130 2098
1543140 2097
1543150 2096
1543160 2096
1543170 2095
1543180 2094
1543190 2094
1543200 2095
1543210 2096
1543220 2096
1543230 2096
1543240 2097
1543250 2097
1543260 2098
1543270 2100
1543280 2100
1543290 2102
1543300 2104
1543310 2104
1543320 2103
1543330 2103
1543340 2103
1543350 2105
1543360 2107
1543370 2109
1543380 2109
1543390 2110
1543400 2111
1543410 2111
1543420 2111
1543430 2111
1543440 2111
1543450 2111
1543460 2110
1543470 2110
1543480 2110
1543490 2110
1543500 2110
1543510 2110
1543520 2110
1543530 2110
1543540 2110
1543550 2109
1543560 2109
1543570 2109
1543580 2108
1543590 2108
1543600 2108
1543610 2108
1543620 2108
1543630 2108
1543640 2108
1543650 2108
1543660 2108
1543670 2108
1543680 2108
1543690 2108
1543700 2109
1543710 2109
1543720 2109
1543730 2109
1543740 2109
1543750 2109
1543760 2109
1543770 2109
1543780 2109
1543790 2109
1543800 2109
1543810 2109
1543820 2109
1543830 2109
1543840 2108
1543850 2108
1543860 2107
1543870 2106
1543880 2106
1543890 2105
1543900 2103
1543910 2103
1543920 2102
1543930 2101
1543940 2101
1543950 2100
1543960 2099
1543970 2099
1543980 2099
1543990 2098
1544000 2097
1544010 2097
1544020 2096
1544030 2096
1544040 2096
1544050 2095
1544060 2093
1544070 2093
1544080 2092
1544090 2091
1544100 2091
1544110 2090
1544120 2088
1544130 2088
1544140 2086
1544150 2084
1544160 2084
1544170 2082
1544180 2081
1544190 2079
1544200 2079
1544210 2078
1544220 2076
1544230 2076
1544240 2075
1544250 2073
1544260 2073
1544270 2071
1544280 2069
1544290 2069
1544300 2067
1544310 2066
1544320 2066
1544330 2064
1544340 2062
1544350 2062
1544360 2060
1544370 2058
1544380 2057
1544390 2057
1544400 2056
1544410 2055
1544420 2055
1544430 2053
1544440 2051
1544450 2051
1544460 2049
1544470 2046
1544480 2046
1544490 2044
1544500 2041
1544510 2041
1544520 2038
1544530 2035
1544540 2035
1544550 2033
1544560 2030
1544570 2028
1544580 2028
1544590 2025
1544600 2023
1544610 2023
1544620 2020
1544630 2017
1544640 2017
1544650 2014
1544660 2010
1544670 2010
1544680 2004
1544690 1999
1544700 1999
1544710 1994
1544720 1985
1544730 1985
1544740 1982
1544750 1980
1544760 1980
1544770 1977
1544780 1975
1544790 1974
1544800 1974
1544810 1974
1544820 1974
1544830 1974
1544840 1974
1544850 1973
1544860 1973
1544870 1972
1544880 1971
1544890 1971
1544900 1970
1544910 1970
1544920 1970
1544930 1970
1544940 1970
1544950 1970
1544960 1970
1544970 1969
1544980 1967
1544990 1967
1545000 1965
1545010 1962
1545020 1962
1545030 1960
1545040 1957
1545050 1957
1545060 1957
1545070 1957
1545080 1957
1545090 1957
1545100 1956
1545110 1956
1545120 1956
1545130 1954
1545140 1954
1545150 1953
1545160 1951
1545170 1951
1545180 1950
1545190 1948
1545200 1946
1545210 1946
1545220 1943
1545230 1941
1545240 1941
1545250 1938
1545260 1935
1545270 1935
1545280 1933
1545290 1931
1545300 1931
1545310 1929
1545320 1926
1545330 1926
1545340 1924
1545350 1922
1545360 1922
1545370 1919
1545380 1917
1545390 1914
1545400 1914
1545410 1912
1545420 1908
1545430 1908
1545440 1905
1545450 1901
1545460 1901
1545470 1896
1545480 1890
1545490 1890
1545500 1884
1545510 1877
1545520 1877
1545530 1871
1545540 1863
1545550 1863
1545560 1856
1545570 1849
1545580 1849
1545590 1842
1545600 1834
1545610 1827
1545620 1827
1545630 1820
1545640 1813
1545650 1813
1545660 1806
1545670 1799
1545680 1799
1545690 1792
1545700 1784
1545710 1784
1545720 1777
1545730 1771
1545740 1771
1545750 1764
1545760 1758
1545770 1758
1545780 1751
1545790 1744
1545800 1739
1545810 1739
1545820 1733
1545830 1728
1545840 1728
1545850 1724
1545860 1720
1545870 1720
1545880 1717
1545890 1711
1545900 1711
1545910 1704
1545920 1698
1545930 1698
1545940 1693
1545950 1687
1545960 1687
1545970 1680
1545980 1673
1545990 1674
1546000 1674
1546010 1675
1546020 1675
1546030 1675
1546040 1674
1546050 1674
1546060 1674
1546070 1675
1546080 1675
1546090 1675
1546100 1676
1546110 1676
1546120 1676
1546130 1673
1546140 1670
1546150 1670
1546160 1667
1546170 1665
1546180 1665
1546190 1662
1546200 1656
1546210 1649
1546220 1649
1546230 1643
1546240 1637
1546250 1637
1546260 1631
1546270 1627
1546280 1627
1546290 1625
1546300 1623
1546310 1623
1546320 1622
1546330 1615
1546340 1615
1546350 1610
1546360 1612
1546370 1612
1546380 1613
1546390 1610
1546400 1609
1546410 1609
1546420 1611
1546430 1615
1546440 1615
1546450 1618
1546460 1619
1546470 1619
1546480 1617
1546490 1615
1546500 1615
1546510 1610
1546520 1605
1546530 1605
1546540 1602
1546550 1598
1546560 1598
1546570 1592
1546580 1589
1546590 1589
1546600 1581
1546610 1575
1546620 1570
1546630 1570
1546640 1565
1546650 1560
1546660 1560
1546670 1556
1546680 1550
1546690 1550
1546700 1543
1546710 1537
1546720 1537
1546730 1530
1546740 1524
1546750 1524
1546760 1519
1546770 1517
1546780 1517
1546790 1507
1546800 1503
1546810 1498
1546820 1498
1546830 1494
1546840 1489
1546850 1489
1546860 1486
1546870 1482
1546880 1482
1546890 1477
1546900 1474
1546910 1474
1546920 1469
1546930 1464
1546940 1464
1546950 1461
1546960 1457
1546970 1457
1546980 1453
1546990 1448
1547000 1448
1547010 1445
1547020 1441
1547030 1435
1547040 1435
1547050 1429
1547060 1423
1547070 1423
1547080 1417
1547090 1413
1547100 1413
1547110 1410
1547120 1406
1547130 1406
1547140 1401
1547150 1397
1547160 1397
1547170 1392
1547180 1386
1547190 1386
1547200 1382
1547210 1379
1547220 1375
1547230 1375
1547240 1370
1547250 1365
1547260 1365
1547270 1361
1547280 1356
1547290 1356
1547300 1351
1547310 1346
1547320 1346
1547330 1343
1547340 1340
1547350 1340
1547360 1334
1547370 1326
1547380 1326
1547390 1323
1547400 1319
1547410 1314
1547420 1314
1547430 1308
1547440 1303
1547450 1303
1547460 1298
1547470 1293
1547480 1293
1547490 1288
1547500 1283
1547510 1283
1547520 1278
1547530 1273
1547540 1273
1547550 1267
1547560 1261
1547570 1261
1547580 1257
1547590 1252
1547600 1252
1547610 1247
1547620 1242
1547630 1238
1547640 1238
1547650 1233
1547660 1229
1547670 1229
1547680 1224
1547690 1218
1547700 1218
1547710 1213
1547720 1207
1547730 1207
1547740 1203
1547750 1198
1547760 1198
1547770 1193
1547780 1187
1547790 1187
1547800 1182
1547810 1178
1547820 1174
1547830 1174
1547840 1170
1547850 1164
1547860 1164
1547870 1159
1547880 1157
1547890 1157
1547900 1155
1547910 1156
1547920 1156
1547930 1156
1547940 1158
1547950 1158
1547960 1158
1547970 1158
1547980 1158
1547990 1159
1548000 1164
1548010 1164
1548020 1170
1548030 1174
1548040 1176
1548050 1176
1548060 1179
1548070 1183
1548080 1183
1548090 1187
1548100 1191
1548110 1191
1548120 1193
1548130 1196
1548140 1196
1548150 1198
1548160 1200
1548170 1200
1548180 1202
1548190 1204
1548200 1204
1548210 1205
1548220 1207
1548230 1208
1548240 1208
1548250 1208
1548260 1208
1548270 1208
1548280 1209
1548290 1211
1548300 1211
1548310 1213
1548320 1215
1548330 1215
1548340 1217
1548350 1221
1548360 1221
1548370 1225
1548380 1229
1548390 1229
1548400 1233
1548410 1237
1548420 1237
1548430 1240
1548440 1242
1548450 1244
1548460 1244
1548470 1244
1548480 1247
1548490 1247
1548500 1251
1548510 1253
1548520 1253
1548530 1256
1548540 1259
1548550 1259
1548560 1263
1548570 1265
1548580 1265
1548590 1270
1548600 1274
1548610 1274
1548620 1277
1548630 1280
1548640 1283
1548650 1283
1548660 1285
1548670 1286
1548680 1286
1548690 1287
1548700 1293
1548710 1293
1548720 1299
1548730 1305
1548740 1305
1548750 1311
1548760 1316
1548770 1316
1548780 1321
1548790 1331
1548800 1331
1548810 1335
1548820 1337
1548830 1343
1548840 1343
1548850 1349
1548860 1356
1548870 1356
1548880 1362
1548890 1368
1548900 1368
1548910 1375
1548920 1384
1548930 1384
1548940 1389
1548950 1393
1548960 1393
1548970 1396
1548980 1399
1548990 1399
1549000 1403
1549010 1406
1549020 1406
1549030 1406
1549040 1402
1549050 1398
1549060 1398
1549070 1398
1549080 1399
1549090 1399
1549100 1398
1549110 1396
1549120 1396
1549130 1391
1549140 1391
1549150 1391
1549160 1394
1549170 1403
1549180 1403
1549190 1415
1549200 1424
1549210 1424
1549220 1432
1549230 1439
1549240 1447
1549250 1447
1549260 1454
1549270 1461
1549280 1461
1549290 1468
1549300 1476
1549310 1476
1549320 1482
1549330 1488
1549340 1488
1549350 1493
1549360 1500
1549370 1500
1549380 1505
1549390 1510
1549400 1510
1549410 1515
1549420 1520
1549430 1520
1549440 1524
1549450 1528
1549460 1532
1549470 1532
1549480 1535
1549490 1537
1549500 1537
1549510 1539
1549520 1539
1549530 1539
1549540 1538
1549550 1537
1549560 1537
1549570 1535
1549580 1532
1549590 1532
1549600 1528
1549610 1525
1549620 1525
1549630 1523
1549640 1522
1549650 1520
1549660 1520
1549670 1518
1549680 1514
1549690 1514
1549700 1509
1549710 1505
1549720 1505
1549730 1501
1549740 1497
1549750 1497
1549760 1494
1549770 1489
1549780 1489
1549790 1492
1549800 1498
1549810 1498
1549820 1506
1549830 1512
1549840 1512
1549850 1517
1549860 1519
1549870 1522
1549880 1522
1549890 1526
1549900 1528
1549910 1528
1549920 1530
1549930 1536
1549940 1536
1549950 1540
1549960 1542
1549970 1542
1549980 1546
1549990 1549
1550000 1549
1550010 1552
1550020 1555
1550030 1555
1550040 1557
1550050 1560
1550060 1562
1550070 1562
1550080 1563
1550090 1563
1550100 1563
1550110 1563
1550120 1563
1550130 1563
1550140 1563
1550150 1562
1550160 1562
1550170 1563
1550180 1565
1550190 1565
1550200 1567
1550210 1571
1550220 1571
1550230 1574
1550240 1578
1550250 1578
1550260 1581
1550270 1584
1550280 1587
1550290 1587
1550300 1590
1550310 1591
1550320 1591
1550330 1592
1550340 1592
1550350 1592
1550360 1592
1550370 1591
1550380 1591
1550390 1592
1550400 1594
1550410 1594
1550420 1596
1550430 1597
1550440 1597
1550450 1598
1550460 1599
1550470 1601
1550480 1601
1550490 1603
1550500 1605
1550510 1605
1550520 1606
1550530 1605
1550540 1605
1550550 1604
1550560 1602
1550570 1602
1550580 1600
1550590 1602
1550600 1602
1550610 1605
1550620 1612
1550630 1612
1550640 1621
1550650 1631
1550660 1636
1550670 1636
1550680 1639
1550690 1641
1550700 1641
1550710 1642
1550720 1645
1550730 1645
1550740 1650
1550750 1653
1550760 1653
1550770 1655
1550780 1658
1550790 1658
1550800 1663
1550810 1668
1550820 1668
1550830 1672
1550840 1674
1550850 1674
1550860 1676
1550870 1679
1550880 1683
1550890 1683
1550900 1686
1550910 1689
1550920 1689
1550930 1691
1550940 1695
1550950 1695
1550960 1700
1550970 1703
1550980 1703
1550990 1706
1551000 1708
1551010 1708
1551020 1711
1551030 1715
1551040 1715
1551050 1720
1551060 1725
1551070 1729
1551080 1729
1551090 1732
1551100 1736
1551110 1736
1551120 1741
1551130 1745
1551140 1745
1551150 1750
1551160 1755
1551170 1755
1551180 1759
1551190 1764
1551200 1764
1551210 1769
1551220 1774
1551230 1774
1551240 1778
1551250 1782
1551260 1782
1551270 1786
1551280 1792
1551290 1796
1551300 1796
1551310 1800
1551320 1805
1551330 1805
1551340 1810
1551350 1814
1551360 1814
1551370 1817
1551380 1820
1551390 1820
1551400 1823
1551410 1827
1551420 1827
1551430 1830
1551440 1832
1551450 1832
1551460 1835
1551470 1836
1551480 1838
1551490 1838
1551500 1840
1551510 1840
1551520 1840
1551530 1841
1551540 1842
1551550 1842
1551560 1843
1551570 1843
1551580 1843
1551590 1843
1551600 1843
1551610 1843
1551620 1844
1551630 1844
1551640 1844
1551650 1844
1551660 1844
1551670 1844
1551680 1845
1551690 1846
1551700 1847
1551710 1847
1551720 1848
1551730 1850
1551740 1850
1551750 1852
1551760 1853
1551770 1853
1551780 1855
1551790 1856
1551800 1856
1551810 1858
1551820 1860
1551830 1860
1551840 1861
1551850 1862
1551860 1862
1551870 1863
1551880 1864
1551890 1865
1551900 1865
1551910 1866
1551920 1868
1551930 1868
1551940 1870
1551950 1872
1551960 1872
1551970 1874
1551980 1876
1551990 1876
1552000 1877
1552010 1877
1552020 1877
1552030 1877
1552040 1877
1552050 1877
1552060 1877
1552070 1878
1552080 1880
1552090 1880
1552100 1880
1552110 1882
1552120 1882
1552130 1884
1552140 1888
1552150 1888
1552160 1892
1552170 1897
1552180 1897
1552190 1901
1552200 1905
1552210 1905
1552220 1909
1552230 1912
1552240 1912
1552250 1915
1552260 1919
1552270 1919
1552280 1923
1552290 1927
1552300 1931
1552310 1931
1552320 1934
1552330 1937
1552340 1937
1552350 1940
1552360 1943
1552370 1943
1552380 1945
1552390 1947
1552400 1947
1552410 1949
1552420 1950
1552430 1950
1552440 1952
1552450 1954
1552460 1954
1552470 1955
1552480 1956
1552490 1957
1552500 1957
1552510 1958
1552520 1959
1552530 1959
1552540 1960
1552550 1961
1552560 1961
1552570 1962
1552580 1963
1552590 1963
1552600 1963
1552610 1964
1552620 1968
1552630 1968
1552640 1969
1552650 1969
1552660 1970
1552670 1970
1552680 1970
1552690 1970
1552700 1971
1552710 1972
1552720 1972
1552730 1974
1552740 1975
1552750 1975
1552760 1978
1552770 1980
1552780 1980
1552790 1982
1552800 1984
1552810 1984
1552820 1986
1552830 1988
1552840 1988
1552850 1991
1552860 1993
1552870 1993
1552880 1995
1552890 1998
1552900 2002
1552910 2002
1552920 2005
1552930 2007
1552940 2007
1552950 2010
1552960 2012
1552970 2012
1552980 2015
1552990 2018
1553000 2018
1553010 2021
1553020 2024
1553030 2024
1553040 2027
1553050 2030
1553060 2030
1553070 2033
1553080 2036
1553090 2036
1553100 2039
1553110 2042
1553120 2045
1553130 2045
1553140 2048
1553150 2050
1553160 2050
1553170 2052
1553180 2054
1553190 2054
1553200 2056
1553210 2058
1553220 2058
1553230 2061
1553240 2063
1553250 2063
1553260 2065
1553270 2067
1553280 2067
1553290 2069
1553300 2071
1553310 2072
1553320 2072
1553330 2073
1553340 2074
1553350 2074
1553360 2075
1553370 2076
1553380 2076
1553390 2077
1553400 2077
1553410 2077
1553420 2078
1553430 2078
1553440 2078
1553450 2078
1553460 2076
1553470 2076
1553480 2073
1553490 2070
1553500 2066
1553510 2066
1553520 2062
1553530 2057
1553540 2057
1553550 2053
1553560 2051
1553570 2051
1553580 2050
1553590 2049
1553600 2049
1553610 2047
1553620 2043
1553630 2043
1553640 2038
1553650 2034
1553660 2034
1553670 2029
1553680 2024
1553690 2024
1553700 2020
1553710 2016
1553720 2012
1553730 2012
1553740 2011
1553750 2009
1553760 2009
1553770 2005
1553780 2003
1553790 2003
1553800 1998
1553810 1992
1553820 1992
1553830 1985
1553840 1979
1553850 1979
1553860 1972
1553870 1965
1553880 1965
1553890 1960
1553900 1955
1553910 1951
1553920 1951
1553930 1948
1553940 1943
1553950 1943
1553960 1939
1553970 1934
1553980 1934
1553990 1931
1554000 1928
1554010 1928
1554020 1926
1554030 1920
1554040 1920
1554050 1916
1554060 1914
1554070 1914
1554080 1911
1554090 1908
1554100 1908
1554110 1907
1554120 1905
1554130 1902
1554140 1902
1554150 1900
1554160 1898
1554170 1898
1554180 1896
1554190 1894
1554200 1894
1554210 1892
1554220 1892
1554230 1892
1554240 1891
1554250 1890
1554260 1890
1554270 1890
1554280 1890
1554290 1890
1554300 1889
1554310 1888
1554320 1887
1554330 1887
1554340 1888
1554350 1888
1554360 1888
1554370 1889
1554380 1889
1554390 1889
1554400 1889
1554410 1889
1554420 1889
1554430 1890
1554440 1890
1554450 1890
1554460 1887
1554470 1888
1554480 1888
1554490 1888
1554500 1888
1554510 1888
1554520 1888
1554530 1888
1554540 1887
1554550 1887
1554560 1887
1554570 1886
1554580 1886
1554590 1886
1554600 1886
1554610 1886
1554620 1886
1554630 1885
1554640 1885
1554650 1886
1554660 1886
1554670 1886
1554680 1885
1554690 1884
1554700 1884
1554710 1883
1554720 1883
1554730 1882
1554740 1882
1554750 1882
1554760 1881
1554770 1881
1554780 1880
1554790 1879
1554800 1879
1554810 1879
1554820 1878
1554830 1878
1554840 1877
1554850 1875
1554860 1875
1554870 1874
1554880 1872
1554890 1872
1554900 1870
1554910 1868
1554920 1868
1554930 1866
1554940 1863
1554950 1861
1554960 1861
1554970 1858
1554980 1856
1554990 1856
1555000 1853
1555010 1849
1555020 1849
1555030 1846
1555040 1842
1555050 1842
1555060 1837
1555070 1833
1555080 1833
1555090 1829
1555100 1824
1555110 1824
1555120 1819
1555130 1814
1555140 1809
1555150 1809
1555160 1804
1555170 1799
1555180 1799
1555190 1796
1555200 1792
1555210 1792
1555220 1787
1555230 1782
1555240 1782
1555250 1777
1555260 1772
1555270 1772
1555280 1767
1555290 1762
1555300 1762
1555310 1758
1555320 1754
1555330 1750
1555340 1750
1555350 1746
1555360 1743
1555370 1743
1555380 1739
1555390 1735
1555400 1735
1555410 1730
1555420 1726
1555430 1726
1555440 1721
1555450 1717
1555460 1717
1555470 1713
1555480 1710
1555490 1710
1555500 1706
1555510 1703
1555520 1703
1555530 1700
1555540 1696
1555550 1693
1555560 1693
1555570 1690
1555580 1687
1555590 1687
1555600 1684
1555610 1682
1555620 1682
1555630 1678
1555640 1674
1555650 1674
1555660 1670
1555670 1666
1555680 1666
1555690 1663
1555700 1660
1555710 1660
1555720 1658
1555730 1656
1555740 1654
1555750 1654
1555760 1652
1555770 1649
1555780 1649
1555790 1649
1555800 1648
1555810 1648
1555820 1647
1555830 1645
1555840 1645
1555850 1645
1555860 1646
1555870 1646
1555880 1649
1555890 1651
1555900 1651
1555910 1653
1555920 1657
1555930 1657
1555940 1660
1555950 1664
1555960 1668
1555970 1668
1555980 1672
1555990 1676
1556000 1676
1556010 1680
1556020 1684
1556030 1684
1556040 1688
1556050 1692
1556060 1692
1556070 1696
1556080 1700
1556090 1700
1556100 1705
1556110 1709
1556120 1709
1556130 1714
1556140 1717
1556150 1722
1556160 1722
1556170 1726
1556180 1730
1556190 1730
1556200 1734
1556210 1738
1556220 1738
1556230 1742
1556240 1746
1556250 1745
1556260 1749
1556270 1753
1556280 1753
1556290 1756
1556300 1760
1556310 1760
1556320 1762
1556330 1765
1556340 1765
1556350 1768
1556360 1771
1556370 1774
1556380 1774
1556390 1776
1556400 1777
1556410 1777
1556420 1780
1556430 1783
1556440 1783
1556450 1786
1556460 1789
1556470 1789
1556480 1792
1556490 1795
1556500 1795
1556510 1796
1556520 1797
1556530 1797
1556540 1796
1556550 1795
1556560 1795
1556570 1795
1556580 1795
1556590 1795
1556600 1795
1556610 1795
1556620 1794
1556630 1794
1556640 1794
1556650 1794
1556660 1794
1556670 1795
1556680 1796
1556690 1796
1556700 1798
1556710 1799
1556720 1799
1556730 1800
1556740 1801
1556750 1802
1556760 1802
1556770 1802
1556780 1802
1556790 1802
1556800 1802
1556810 1802
1556820 1802
1556830 1802
1556840 1804
1556850 1804
1556860 1806
1556870 1807
1556880 1807
1556890 1807
1556900 1808
1556910 1808
1556920 1808
1556930 1808
1556940 1808
1556950 1808
1556960 1809
1556970 1810
1556980 1810
1556990 1811
1557000 1811
1557010 1811
1557020 1812
1557030 1812
1557040 1812
1557050 1814
1557060 1815
1557070 1815
1557080 1816
1557090 1817
1557100 1817
1557110 1819
1557120 1820
1557130 1820
1557140 1821
1557150 1824
1557160 1826
1557170 1826
1557180 1828
1557190 1829
1557200 1829
1557210 1828
1557220 1826
1557230 1826
1557240 1826
1557250 1827
1557260 1827
1557270 1828
1557280 1830
1557290 1830
1557300 1834
1557310 1838
1557320 1838
1557330 1844
1557340 1846
1557350 1846
1557360 1847
1557370 1846
1557380 1845
1557390 1845
1557400 1844
1557410 1843
1557420 1843
1557430 1841
1557440 1837
1557450 1837
1557460 1833
1557470 1829
1557480 1829
1557490 1825
1557500 1822
1557510 1822
1557520 1819
1557530 1817
1557540 1817
1557550 1814
1557560 1810
1557570 1807
1557580 1807
1557590 1803
1557600 1797
1557610 1797
1557620 1794
1557630 1791
1557640 1791
1557650 1789
1557660 1790
1557670 1790
1557680 1791
1557690 1793
1557700 1793
1557710 1792
1557720 1791
1557730 1791
1557740 1790
1557750 1790
1557760 1790
1557770 1789
1557780 1788
1557790 1786
1557800 1786
1557810 1783
1557820 1781
1557830 1781
1557840 1779
1557850 1777
1557860 1777
1557870 1777
1557880 1777
1557890 1777
1557900 1777
1557910 1774
1557920 1774
1557930 1771
1557940 1768
1557950 1768
1557960 1765
1557970 1762
1557980 1760
1557990 1762
1558000 1758
1558010 1754
1558020 1754
1558030 1750
1558040 1747
1558050 1747
1558060 1744
1558070 1740
1558080 1740
1558090 1737
1558100 1735
1558110 1735
1558120 1734
1558130 1733
1558140 1733
1558150 1732
1558160 1730
1558170 1730
1558180 1727
1558190 1725
1558200 1721
1558210 1721
1558220 1718
1558230 1716
1558240 1716
1558250 1714
1558260 1712
1558270 1712
1558280 1711
1558290 1709
1558300 1709
1558310 1708
1558320 1707
1558330 1707
1558340 1706
1558350 1703
1558360 1703
1558370 1700
1558380 1696
1558390 1692
1558400 1692
1558410 1687
1558420 1683
1558430 1683
1558440 1682
1558450 1683
1558460 1683
1558470 1683
1558480 1684
1558490 1684
1558500 1683
1558510 1681
1558520 1681
1558530 1680
1558540 1678
1558550 1678
1558560 1676
1558570 1675
1558580 1673
1558590 1673
1558600 1672
1558610 1669
1558620 1669
1558630 1666
1558640 1662
1558650 1662
1558660 1658
1558670 1656
1558680 1656
1558690 1654
1558700 1653
1558710 1653
1558720 1649
1558730 1642
1558740 1642
1558750 1635
1558760 1634
1558770 1634
1558780 1633
1558790 1631
1558800 1628
1558810 1628
1558820 1625
1558830 1622
1558840 1622
1558850 1616
1558860 1610
1558870 1610
1558880 1605
1558890 1601
1558900 1601
1558910 1597
1558920 1592
1558930 1592
1558940 1587
1558950 1581
1558960 1581
1558970 1575
1558980 1571
1558990 1566
1559000 1566
1559010 1560
1559020 1555
1559030 1555
1559040 1550
1559050 1545
1559060 1545
1559070 1540
1559080 1535
1559090 1535
1559100 1530
1559110 1524
1559120 1524
1559130 1518
1559140 1512
1559150 1512
1559160 1507
1559170 1501
1559180 1501
1559190 1497
1559200 1493
1559210 1489
1559220 1489
1559230 1485
1559240 1480
1559250 1480
1559260 1474
1559270 1470
1559280 1470
1559290 1466
1559300 1462
1559310 1462
1559320 1459
1559330 1454
1559340 1454
1559350 1450
1559360 1445
1559370 1445
1559380 1441
1559390 1437
1559400 1433
1559410 1433
1559420 1430
1559430 1427
1559440 1427
1559450 1424
1559460 1419
1559470 1419
1559480 1415
1559490 1410
1559500 1410
1559510 1407
1559520 1404
1559530 1404
1559540 1399
1559550 1397
1559560 1397
1559570 1393
1559580 1389
1559590 1389
1559600 1385
1559610 1380
1559620 1375
1559630 1375
1559640 1369
1559650 1363
1559660 1363
1559670 1358
1559680 1353
1559690 1353
1559700 1346
1559710 1341
1559720 1341
1559730 1336
1559740 1330
1559750 1330
1559760 1326
1559770 1321
1559780 1321
1559790 1316
1559800 1312
1559810 1308
1559820 1308
1559830 1304
1559840 1301
1559850 1301
1559860 1298
1559870 1296
1559880 1296
1559890 1294
1559900 1290
1559910 1290
1559920 1287
1559930 1284
1559940 1284
1559950 1282
1559960 1280
1559970 1280
1559980 1277
1559990 1273
