1540000 1759
1540010 1759
1540020 1762
1540030 1764
1540040 1764
1540050 1766
1540060 1769
1540070 1771
1540080 1771
1540090 1773
1540100 1776
1540110 1776
1540120 1778
1540130 1780
1540140 1780
1540150 1784
1540160 1786
1540170 1786
1540180 1789
1540190 1790
1540200 1790
1540210 1791
1540220 1794
1540230 1794
1540240 1797
1540250 1799
1540260 1799
1540270 1802
1540280 1804
1540290 1808
1540300 1808
1540310 1811
1540320 1813
1540330 1813
1540340 1817
1540350 1820
1540360 1820
1540370 1822
1540380 1825
1540390 1825
1540400 1828
1540410 1831
1540420 1831
1540430 1834
1540440 1837
1540450 1837
1540460 1841
1540470 1845
1540480 1845
1540490 1848
1540500 1850
1540510 1852
1540520 1852
1540530 1854
1540540 1857
1540550 1857
1540560 1862
1540570 1866
1540580 1866
1540590 1869
1540600 1873
1540610 1873
1540620 1878
1540630 1882
1540640 1882
1540650 1884
1540660 1886
1540670 1886
1540680 1888
1540690 1891
1540700 1894
1540710 1894
1540720 1896
1540730 1899
1540740 1899
1540750 1902
1540760 1906
1540770 1906
1540780 1909
1540790 1914
1540800 1914
1540810 1918
1540820 1921
1540830 1921
1540840 1923
1540850 1925
1540860 1925
1540870 1928
1540880 1931
1540890 1931
1540900 1935
1540910 1938
1540920 1941
1540930 1941
1540940 1943
1540950 1946
1540960 1946
1540970 1949
1540980 1952
1540990 1952
1541000 1951
1541010 1947
1541020 1947
1541030 1935
1541040 1926
1541050 1926
1541060 1919
1541070 1913
1541080 1913
1541090 1907
1541100 1900
1541110 1892
1541120 1892
1541130 1887
1541140 1881
1541150 1881
1541160 1874
1541170 1869
1541180 1869
1541190 1863
1541200 1861
1541210 1861
1541220 1855
1541230 1847
1541240 1847
1541250 1840
1541260 1836
1541270 1836
1541280 1831
1541290 1830
1541300 1830
1541310 1825
1541320 1820
1541330 1815
1541340 1815
1541350 1807
1541360 1800
1541370 1800
1541380 1794
1541390 1785
1541400 1785
1541410 1776
1541420 1768
1541430 1768
1541440 1760
1541450 1754
1541460 1754
1541470 1749
1541480 1743
1541490 1743
1541500 1739
1541510 1733
1541520 1733
1541530 1728
1541540 1719
1541550 1711
1541560 1711
1541570 1704
1541580 1696
1541590 1696
1541600 1687
1541610 1680
1541620 1680
1541630 1676
1541640 1670
1541650 1670
1541660 1665
1541670 1659
1541680 1659
1541690 1653
1541700 1647
1541710 1647
1541720 1641
1541730 1635
1541740 1629
1541750 1629
1541760 1624
1541770 1619
1541780 1619
1541790 1613
1541800 1607
1541810 1607
1541820 1602
1541830 1599
1541840 1599
1541850 1593
1541860 1587
1541870 1587
1541880 1583
1541890 1578
1541900 1578
1541910 1570
1541920 1558
1541930 1558
1541940 1550
1541950 1546
1541960 1541
1541970 1541
1541980 1533
1541990 1526
1542000 1526
1542010 1521
1542020 1519
1542030 1519
1542040 1515
1542050 1507
1542060 1507
1542070 1506
1542080 1504
1542090 1504
1542100 1500
1542110 1495
1542120 1495
1542130 1492
1542140 1489
1542150 1489
1542160 1485
1542170 1480
1542180 1476
1542190 1476
1542200 1472
1542210 1468
1542220 1468
1542230 1462
1542240 1454
1542250 1454
1542260 1451
1542270 1450
1542280 1450
1542290 1449
1542300 1446
1542310 1446
1542320 1442
1542330 1440
1542340 1440
1542350 1438
1542360 1435
1542370 1432
1542380 1432
1542390 1430
1542400 1427
1542410 1427
1542420 1423
1542430 1421
1542440 1421
1542450 1417
1542460 1414
1542470 1414
1542480 1412
1542490 1413
1542500 1413
1542510 1412
1542520 1412
1542530 1412
1542540 1410
1542550 1406
1542560 1406
1542570 1403
1542580 1400
1542590 1398
1542600 1398
1542610 1398
1542620 1398
1542630 1398
1542640 1397
1542650 1397
1542660 1397
1542670 1397
1542680 1397
1542690 1397
1542700 1396
1542710 1396
1542720 1396
1542730 1396
1542740 1396
1542750 1396
1542760 1397
1542770 1398
1542780 1400
1542790 1400
1542800 1401
1542810 1402
1542820 1402
1542830 1405
1542840 1408
1542850 1408
1542860 1411
1542870 1412
1542880 1412
1542890 1417
1542900 1422
1542910 1422
1542920 1427
1542930 1431
1542940 1431
1542950 1433
1542960 1436
1542970 1436
1542980 1439
1542990 1443
1543000 1446
1543010 1446
1543020 1450
1543030 1455
1543040 1455
1543050 1460
1543060 1465
1543070 1465
1543080 1468
1543090 1471
1543100 1471
1543110 1476
1543120 1488
1543130 1488
1543140 1492
1543150 1495
1543160 1495
1543170 1501
1543180 1508
1543190 1508
1543200 1505
1543210 1509
1543220 1514
1543230 1514
1543240 1520
1543250 1524
1543260 1524
1543270 1526
1543280 1530
1543290 1530
1543300 1537
1543310 1545
1543320 1545
1543330 1552
1543340 1559
1543350 1559
1543360 1565
1543370 1571
1543380 1571
1543390 1575
1543400 1578
1543410 1583
1543420 1583
1543430 1589
1543440 1598
1543450 1598
1543460 1610
1543470 1620
1543480 1620
1543490 1626
1543500 1632
1543510 1632
1543520 1637
1543530 1644
1543540 1644
1543550 1650
1543560 1656
1543570 1656
1543580 1662
1543590 1669
1543600 1669
1543610 1677
1543620 1679
1543630 1680
1543640 1680
1543650 1685
1543660 1694
1543670 1694
1543680 1699
1543690 1705
1543700 1705
1543710 1712
1543720 1720
1543730 1720
1543740 1728
1543750 1736
1543760 1736
1543770 1743
1543780 1749
1543790 1749
1543800 1753
1543810 1762
1543820 1762
1543830 1768
1543840 1773
1543850 1779
1543860 1779
1543870 1786
1543880 1791
1543890 1791
1543900 1797
1543910 1804
1543920 1804
1543930 1810
1543940 1814
1543950 1814
1543960 1818
1543970 1824
1543980 1824
1543990 1830
1544000 1834
1544010 1834
1544020 1837
1544030 1841
1544040 1847
1544050 1847
1544060 1850
1544070 1853
1544080 1853
1544090 1856
1544100 1859
1544110 1859
1544120 1862
1544130 1866
1544140 1866
1544150 1869
1544160 1875
1544170 1875
1544180 1879
1544190 1884
1544200 1884
1544210 1887
1544220 1892
1544230 1892
1544240 1895
1544250 1901
1544260 1901
1544270 1901
1544280 1900
1544290 1901
1544300 1901
1544310 1899
1544320 1896
1544330 1896
1544340 1891
1544350 1885
1544360 1885
1544370 1880
1544380 1874
1544390 1874
1544400 1869
1544410 1865
1544420 1865
1544430 1861
1544440 1859
1544450 1858
1544460 1858
1544470 1856
1544480 1855
1544490 1855
1544500 1854
1544510 1853
1544520 1853
1544530 1852
1544540 1850
1544550 1850
1544560 1849
1544570 1848
1544580 1848
1544590 1846
1544600 1845
1544610 1845
1544620 1843
1544630 1840
1544640 1840
1544650 1838
1544660 1836
1544670 1834
1544680 1834
1544690 1832
1544700 1828
1544710 1828
1544720 1825
1544730 1822
1544740 1822
1544750 1820
1544760 1817
1544770 1817
1544780 1812
1544790 1806
1544800 1806
1544810 1801
1544820 1798
1544830 1798
1544840 1795
1544850 1793
1544860 1793
1544870 1790
1544880 1788
1544890 1786
1544900 1786
1544910 1783
1544920 1781
1544930 1781
1544940 1779
1544950 1776
1544960 1776
1544970 1774
1544980 1771
1544990 1771
1545000 1767
1545010 1763
1545020 1763
1545030 1759
1545040 1756
1545050 1756
1545060 1754
1545070 1751
1545080 1747
1545090 1747
1545100 1742
1545110 1737
1545120 1737
1545130 1732
1545140 1728
1545150 1728
1545160 1724
1545170 1720
1545180 1720
1545190 1715
1545200 1710
1545210 1710
1545220 1706
1545230 1700
1545240 1700
1545250 1696
1545260 1692
1545270 1692
1545280 1689
1545290 1686
1545300 1682
1545310 1682
1545320 1678
1545330 1676
1545340 1676
1545350 1671
1545360 1665
1545370 1665
1545380 1660
1545390 1656
1545400 1656
1545410 1652
1545420 1645
1545430 1645
1545440 1639
1545450 1632
1545460 1632
1545470 1628
1545480 1624
1545490 1624
1545500 1619
1545510 1613
1545520 1611
1545530 1611
1545540 1606
1545550 1600
1545560 1600
1545570 1595
1545580 1591
1545590 1591
1545600 1584
1545610 1576
1545620 1576
1545630 1570
1545640 1565
1545650 1565
1545660 1560
1545670 1556
1545680 1556
1545690 1551
1545700 1547
1545710 1543
1545720 1543
1545730 1541
1545740 1537
1545750 1537
1545760 1533
1545770 1533
1545780 1533
1545790 1532
1545800 1530
1545810 1530
1545820 1527
1545830 1523
1545840 1523
1545850 1520
1545860 1517
1545870 1517
1545880 1513
1545890 1507
1545900 1507
1545910 1501
1545920 1495
1545930 1492
1545940 1492
1545950 1490
1545960 1480
1545970 1480
1545980 1470
1545990 1466
1546000 1466
1546010 1463
1546020 1462
1546030 1462
1546040 1460
1546050 1454
1546060 1454
1546070 1448
1546080 1443
1546090 1443
1546100 1440
1546110 1437
1546120 1437
1546130 1434
1546140 1428
1546150 1419
1546160 1419
1546170 1421
1546180 1420
1546190 1420
1546200 1415
1546210 1413
1546220 1413
1546230 1407
1546240 1402
1546250 1402
1546260 1398
1546270 1392
1546280 1392
1546290 1386
1546300 1381
1546310 1381
1546320 1378
1546330 1379
1546340 1381
1546350 1381
1546360 1379
1546370 1377
1546380 1377
1546390 1374
1546400 1370
1546410 1370
1546420 1366
1546430 1361
1546440 1361
1546450 1360
1546460 1356
1546470 1356
1546480 1350
1546490 1343
1546500 1343
1546510 1334
1546520 1325
1546530 1325
1546540 1320
1546550 1319
1546560 1316
1546570 1316
1546580 1311
1546590 1305
1546600 1305
1546610 1300
1546620 1295
1546630 1295
1546640 1289
1546650 1283
1546660 1283
1546670 1278
1546680 1275
1546690 1275
1546700 1270
1546710 1265
1546720 1265
1546730 1261
1546740 1256
1546750 1248
1546760 1248
1546770 1246
1546780 1246
1546790 1246
1546800 1249
1546810 1251
1546820 1251
1546830 1260
1546840 1266
1546850 1266
1546860 1267
1546870 1267
1546880 1267
1546890 1265
1546900 1263
1546910 1263
1546920 1260
1546930 1258
1546940 1258
1546950 1257
1546960 1254
1546970 1253
1546980 1253
1546990 1250
1547000 1248
1547010 1248
1547020 1246
1547030 1243
1547040 1243
1547050 1240
1547060 1236
1547070 1236
1547080 1232
1547090 1229
1547100 1229
1547110 1227
1547120 1223
1547130 1223
1547140 1221
1547150 1218
1547160 1218
1547170 1215
1547180 1211
1547190 1208
1547200 1208
1547210 1204
1547220 1201
1547230 1201
1547240 1198
1547250 1194
1547260 1194
1547270 1190
1547280 1184
1547290 1184
1547300 1176
1547310 1169
1547320 1169
1547330 1162
1547340 1156
1547350 1156
1547360 1149
1547370 1143
1547380 1139
1547390 1139
1547400 1132
1547410 1126
1547420 1126
1547430 1120
1547440 1113
1547450 1113
1547460 1105
1547470 1098
1547480 1098
1547490 1092
1547500 1085
1547510 1085
1547520 1078
1547530 1070
1547540 1070
1547550 1059
1547560 1049
1547570 1049
1547580 1043
1547590 1043
1547600 1045
1547610 1045
1547620 1045
1547630 1045
1547640 1045
1547650 1045
1547660 1046
1547670 1046
1547680 1050
1547690 1054
1547700 1054
1547710 1059
1547720 1063
1547730 1063
1547740 1067
1547750 1071
1547760 1071
1547770 1076
1547780 1084
1547790 1084
1547800 1091
1547810 1098
1547820 1103
1547830 1103
1547840 1108
1547850 1113
1547860 1113
1547870 1118
1547880 1123
1547890 1123
1547900 1129
1547910 1132
1547920 1132
1547930 1134
1547940 1135
1547950 1135
1547960 1137
1547970 1139
1547980 1139
1547990 1141
1548000 1142
1548010 1144
1548020 1144
1548030 1146
1548040 1148
1548050 1148
1548060 1152
1548070 1155
1548080 1155
1548090 1155
1548100 1156
1548110 1156
1548120 1158
1548130 1161
1548140 1161
1548150 1164
1548160 1166
1548170 1166
1548180 1169
1548190 1173
1548200 1173
1548210 1176
1548220 1179
1548230 1181
1548240 1181
1548250 1180
1548260 1178
1548270 1178
1548280 1175
1548290 1173
1548300 1173
1548310 1174
1548320 1174
1548330 1174
1548340 1173
1548350 1173
1548360 1173
1548370 1173
1548380 1173
1548390 1173
1548400 1173
1548410 1176
1548420 1177
1548430 1177
1548440 1177
1548450 1177
1548460 1177
1548470 1177
1548480 1177
1548490 1177
1548500 1176
1548510 1179
1548520 1179
1548530 1179
1548540 1182
1548550 1182
1548560 1188
1548570 1196
1548580 1196
1548590 1205
1548600 1219
1548610 1219
1548620 1229
1548630 1236
1548640 1238
1548650 1238
1548660 1236
1548670 1233
1548680 1233
1548690 1233
1548700 1237
1548710 1237
1548720 1244
1548730 1254
1548740 1254
1548750 1262
1548760 1268
1548770 1268
1548780 1274
1548790 1280
1548800 1280
1548810 1288
1548820 1294
1548830 1294
1548840 1300
1548850 1306
1548860 1312
1548870 1312
1548880 1319
1548890 1327
1548900 1327
1548910 1331
1548920 1337
1548930 1337
1548940 1344
1548950 1355
1548960 1355
1548970 1368
1548980 1376
1548990 1376
1549000 1382
1549010 1385
1549020 1385
1549030 1384
1549040 1382
1549050 1383
1549060 1383
1549070 1387
1549080 1394
1549090 1394
1549100 1400
1549110 1405
1549120 1405
1549130 1410
1549140 1415
1549150 1415
1549160 1419
1549170 1424
1549180 1424
1549190 1429
1549200 1435
1549210 1435
1549220 1442
1549230 1449
1549240 1449
1549250 1457
1549260 1463
1549270 1468
1549280 1468
1549290 1476
1549300 1491
1549310 1491
1549320 1505
1549330 1513
1549340 1513
1549350 1517
1549360 1523
1549370 1527
1549380 1532
1549390 1536
1549400 1536
1549410 1541
1549420 1546
1549430 1546
1549440 1551
1549450 1558
1549460 1558
1549470 1565
1549480 1572
1549490 1579
1549500 1579
1549510 1585
1549520 1591
1549530 1591
1549540 1597
1549550 1602
1549560 1602
1549570 1606
1549580 1611
1549590 1611
1549600 1616
1549610 1620
1549620 1620
1549630 1624
1549640 1629
1549650 1629
1549660 1634
1549670 1640
1549680 1644
1549690 1644
1549700 1649
1549710 1654
1549720 1654
1549730 1659
1549740 1664
1549750 1664
1549760 1670
1549770 1674
1549780 1674
1549790 1679
1549800 1685
1549810 1685
1549820 1691
1549830 1696
1549840 1696
1549850 1700
1549860 1705
1549870 1705
1549880 1710
1549890 1714
1549900 1720
1549910 1720
1549920 1726
1549930 1732
1549940 1732
1549950 1737
1549960 1741
1549970 1741
1549980 1745
1549990 1748
1550000 1748
1550010 1750
1550020 1753
1550030 1753
1550040 1756
1550050 1761
1550060 1761
1550070 1768
1550080 1772
1550090 1776
1550100 1776
1550110 1779
1550120 1782
1550130 1782
1550140 1783
1550150 1783
1550160 1783
1550170 1785
1550180 1786
1550190 1786
1550200 1789
1550210 1792
1550220 1792
1550230 1793
1550240 1793
1550250 1793
1550260 1791
1550270 1791
1550280 1791
1550290 1794
1550300 1794
1550310 1791
1550320 1791
1550330 1789
1550340 1789
1550350 1789
1550360 1788
1550370 1785
1550380 1785
1550390 1781
1550400 1778
1550410 1778
1550420 1776
1550430 1773
1550440 1773
1550450 1771
1550460 1767
1550470 1767
1550480 1764
1550490 1761
1550500 1761
1550510 1758
1550520 1754
1550530 1750
1550540 1750
1550550 1746
1550560 1742
1550570 1742
1550580 1739
1550590 1735
1550600 1735
1550610 1730
1550620 1727
1550630 1727
1550640 1723
1550650 1720
1550660 1720
1550670 1717
1550680 1713
1550690 1713
1550700 1711
1550710 1708
1550720 1704
1550730 1704
1550740 1701
1550750 1698
1550760 1698
1550770 1694
1550780 1691
1550790 1691
1550800 1688
1550810 1685
1550820 1685
1550830 1681
1550840 1677
1550850 1677
1550860 1674
1550870 1671
1550880 1671
1550890 1666
1550900 1660
1550910 1660
1550920 1658
1550930 1653
1550940 1649
1550950 1649
1550960 1646
1550970 1644
1550980 1644
1550990 1640
1551000 1635
1551010 1635
1551020 1631
1551030 1626
1551040 1626
1551050 1623
1551060 1619
1551070 1619
1551080 1615
1551090 1612
1551100 1612
1551110 1609
1551120 1606
1551130 1606
1551140 1602
1551150 1598
1551160 1595
1551170 1595
1551180 1591
1551190 1587
1551200 1587
1551210 1583
1551220 1580
1551230 1580
1551240 1577
1551250 1573
1551260 1573
1551270 1566
1551280 1559
1551290 1557
1551300 1551
1551310 1547
1551320 1547
1551330 1552
1551340 1559
1551350 1565
1551360 1565
1551370 1571
1551380 1576
1551390 1576
1551400 1580
1551410 1585
1551420 1585
1551430 1589
1551440 1596
1551450 1596
1551460 1601
1551470 1608
1551480 1608
1551490 1618
1551500 1626
1551510 1626
1551520 1633
1551530 1641
1551540 1641
1551550 1648
1551560 1654
1551570 1661
1551580 1661
1551590 1669
1551600 1676
1551610 1676
1551620 1682
1551630 1688
1551640 1688
1551650 1696
1551660 1704
1551670 1704
1551680 1713
1551690 1721
1551700 1721
1551710 1728
1551720 1734
1551730 1734
1551740 1740
1551750 1746
1551760 1746
1551770 1753
1551780 1760
1551790 1769
1551800 1769
1551810 1776
1551820 1785
1551830 1785
1551840 1796
1551850 1807
1551860 1807
1551870 1813
1551880 1820
1551890 1820
1551900 1826
1551910 1833
1551920 1833
1551930 1840
1551940 1847
1551950 1847
1551960 1854
1551970 1862
1551980 1870
1551990 1870
1552000 1878
1552010 1885
1552020 1885
1552030 1892
1552040 1899
1552050 1899
1552060 1907
1552070 1914
1552080 1914
1552090 1921
1552100 1927
1552110 1927
1552120 1931
1552130 1935
1552140 1935
1552150 1940
1552160 1947
1552170 1947
1552180 1951
1552190 1953
1552200 1956
1552210 1956
1552220 1960
1552230 1963
1552240 1963
1552250 1966
1552260 1970
1552270 1970
1552280 1975
1552290 1981
1552300 1981
1552310 1985
1552320 1989
1552330 1989
1552340 1991
1552350 1993
1552360 1993
1552370 1996
1552380 1998
1552390 2000
1552400 2000
1552410 1999
1552420 1998
1552430 1998
1552440 1995
1552450 1994
1552460 1994
1552470 1996
1552480 1999
1552490 1999
1552500 2002
1552510 2004
1552520 2004
1552530 2007
1552540 2010
1552550 2010
1552560 2013
1552570 2015
1552580 2015
1552590 2016
1552600 2017
1552610 2018
1552620 2018
1552630 2019
1552640 2019
1552650 2019
1552660 2020
1552670 2022
1552680 2022
1552690 2022
1552700 2022
1552710 2022
1552720 2021
1552730 2019
1552740 2019
1552750 2015
1552760 2010
1552770 2010
1552780 2004
1552790 1996
1552800 1996
1552810 1988
1552820 1982
1552830 1977
1552840 1977
1552850 1972
1552860 1968
1552870 1968
1552880 1965
1552890 1962
1552900 1962
1552910 1957
1552920 1950
1552930 1950
1552940 1943
1552950 1935
1552960 1935
1552970 1929
1552980 1925
1552990 1925
1553000 1924
1553010 1922
1553020 1920
1553030 1920
1553040 1918
1553050 1917
1553060 1917
1553070 1917
1553080 1916
1553090 1916
1553100 1915
1553110 1914
1553120 1914
1553130 1914
1553140 1913
1553150 1913
1553160 1912
1553170 1910
1553180 1910
1553190 1908
1553200 1907
1553210 1907
1553220 1905
1553230 1904
1553240 1903
1553250 1903
1553260 1902
1553270 1900
1553280 1900
1553290 1898
1553300 1895
1553310 1895
1553320 1893
1553330 1891
1553340 1891
1553350 1890
1553360 1888
1553370 1888
1553380 1884
1553390 1881
1553400 1881
1553410 1878
1553420 1875
1553430 1875
1553440 1871
1553450 1866
1553460 1861
1553470 1861
1553480 1857
1553490 1854
1553500 1854
1553510 1852
1553520 1849
1553530 1849
1553540 1848
1553550 1847
1553560 1847
1553570 1847
1553580 1846
1553590 1846
1553600 1844
1553610 1841
1553620 1841
1553630 1839
1553640 1838
1553650 1835
1553660 1835
1553670 1833
1553680 1829
1553690 1829
1553700 1821
1553710 1820
1553720 1820
1553730 1823
1553740 1820
1553750 1820
1553760 1816
1553770 1814
1553780 1814
1553790 1810
1553800 1807
1553810 1807
1553820 1806
1553830 1805
1553840 1805
1553850 1804
1553860 1804
1553870 1802
1553880 1802
1553890 1798
1553900 1798
1553910 1798
1553920 1799
1553930 1801
1553940 1801
1553950 1801
1553960 1800
1553970 1800
1553980 1798
1553990 1796
1554000 1796
1554010 1792
1554020 1788
1554030 1788
1554040 1787
1554050 1785
1554060 1785
1554070 1784
1554080 1782
1554090 1780
1554100 1780
1554110 1778
1554120 1776
1554130 1776
1554140 1774
1554150 1772
1554160 1772
1554170 1770
1554180 1768
1554190 1768
1554200 1765
1554210 1762
1554220 1762
1554230 1759
1554240 1756
1554250 1756
1554260 1753
1554270 1751
1554280 1747
1554290 1747
1554300 1744
1554310 1742
1554320 1742
1554330 1739
1554340 1736
1554350 1736
1554360 1733
1554370 1730
1554380 1730
1554390 1727
1554400 1725
1554410 1725
1554420 1722
1554430 1719
1554440 1719
1554450 1717
1554460 1714
1554470 1714
1554480 1711
1554490 1708
1554500 1705
1554510 1705
1554520 1701
1554530 1697
1554540 1697
1554550 1693
1554560 1689
1554570 1689
1554580 1687
1554590 1684
1554600 1684
1554610 1681
1554620 1679
1554630 1679
1554640 1677
1554650 1674
1554660 1674
1554670 1671
1554680 1668
1554690 1665
1554700 1665
1554710 1663
1554720 1660
1554730 1660
1554740 1658
1554750 1656
1554760 1656
1554770 1654
1554780 1651
1554790 1651
1554800 1649
1554810 1647
1554820 1647
1554830 1645
1554840 1643
1554850 1643
1554860 1641
1554870 1638
1554880 1638
1554890 1635
1554900 1631
1554910 1628
1554920 1628
1554930 1626
1554940 1624
1554950 1624
1554960 1622
1554970 1620
1554980 1620
1554990 1618
1555000 1616
1555010 1616
1555020 1615
1555030 1613
1555040 1613
1555050 1610
1555060 1608
1555070 1608
1555080 1605
1555090 1601
1555100 1601
1555110 1598
1555120 1596
1555130 1594
1555140 1594
1555150 1593
1555160 1590
1555170 1590
1555180 1587
1555190 1583
1555200 1583
1555210 1580
1555220 1578
1555230 1578
1555240 1576
1555250 1574
1555260 1574
1555270 1573
1555280 1571
1555290 1571
1555300 1569
1555310 1566
1555320 1562
1555330 1562
1555340 1558
1555350 1556
1555360 1556
1555370 1554
1555380 1553
1555390 1553
1555400 1551
1555410 1548
1555420 1548
1555430 1547
1555440 1546
1555450 1546
1555460 1545
1555470 1542
1555480 1542
1555490 1540
1555500 1538
1555510 1538
1555520 1536
1555530 1532
1555540 1531
1555550 1531
1555560 1532
1555570 1533
1555580 1533
1555590 1536
1555600 1537
1555610 1537
1555620 1536
1555630 1536
1555640 1536
1555650 1535
1555660 1535
1555670 1535
1555680 1534
1555690 1533
1555700 1533
1555710 1532
1555720 1531
1555730 1531
1555740 1528
1555750 1527
1555760 1525
1555770 1525
1555780 1523
1555790 1521
1555800 1521
1555810 1519
1555820 1515
1555830 1515
1555840 1509
1555850 1503
1555860 1503
1555870 1498
1555880 1498
1555890 1498
1555900 1504
1555910 1510
1555920 1510
1555930 1516
1555940 1521
1555950 1528
1555960 1528
1555970 1535
1555980 1542
1555990 1542
1556000 1547
1556010 1554
1556020 1554
1556030 1559
1556040 1565
1556050 1565
1556060 1570
1556070 1575
1556080 1575
1556090 1579
1556100 1584
1556110 1584
1556120 1589
1556130 1593
1556140 1593
1556150 1596
1556160 1598
1556170 1598
1556180 1598
1556190 1597
1556200 1594
1556210 1594
1556220 1590
1556230 1587
1556240 1587
1556250 1584
1556260 1583
1556270 1583
1556280 1587
1556290 1591
1556300 1591
1556310 1595
1556320 1593
1556330 1593
1556340 1591
1556350 1588
1556360 1588
1556370 1584
1556380 1584
1556390 1584
1556400 1584
1556410 1582
1556420 1578
1556430 1578
1556440 1573
1556450 1569
1556460 1569
1556470 1569
1556480 1570
1556490 1570
1556500 1570
1556510 1570
1556520 1570
1556530 1569
1556540 1567
1556550 1567
1556560 1565
1556570 1562
1556580 1560
1556590 1560
1556600 1561
1556610 1561
1556620 1561
1556630 1559
1556640 1558
1556650 1558
1556660 1554
1556670 1552
1556680 1552
1556690 1549
1556700 1548
1556710 1548
1556720 1547
1556730 1548
1556740 1548
1556750 1548
1556760 1549
1556770 1549
1556780 1549
1556790 1548
1556800 1547
1556810 1547
1556820 1546
1556830 1546
1556840 1546
1556850 1545
1556860 1545
1556870 1545
1556880 1543
1556890 1542
1556900 1542
1556910 1541
1556920 1540
1556930 1540
1556940 1539
1556950 1537
1556960 1537
1556970 1534
1556980 1529
1556990 1524
1557000 1524
1557010 1519
1557020 1517
1557030 1517
1557040 1517
1557050 1517
1557060 1517
1557070 1517
1557080 1516
1557090 1516
1557100 1516
1557110 1516
1557120 1516
1557130 1516
1557140 1516
1557150 1516
1557160 1515
1557170 1515
1557180 1515
1557190 1515
1557200 1515
1557210 1515
1557220 1515
1557230 1515
1557240 1515
1557250 1515
1557260 1516
1557270 1516
1557280 1516
1557290 1516
1557300 1515
1557310 1515
1557320 1515
1557330 1515
1557340 1515
1557350 1515
1557360 1514
1557370 1514
1557380 1513
1557390 1513
1557400 1513
1557410 1512
1557420 1511
1557430 1509
1557440 1509
1557450 1509
1557460 1508
1557470 1508
1557480 1508
1557490 1507
1557500 1507
1557510 1507
1557520 1506
1557530 1506
1557540 1506
1557550 1505
1557560 1505
1557570 1504
1557580 1503
1557590 1503
1557600 1501
1557610 1500
1557620 1498
1557630 1498
1557640 1497
1557650 1495
1557660 1495
1557670 1492
1557680 1489
1557690 1489
1557700 1486
1557710 1481
1557720 1481
1557730 1477
1557740 1473
1557750 1473
1557760 1469
1557770 1465
1557780 1465
1557790 1462
1557800 1461
1557810 1461
1557820 1460
1557830 1459
1557840 1458
1557850 1458
1557860 1458
1557870 1456
1557880 1456
1557890 1455
1557900 1453
1557910 1453
1557920 1451
1557930 1450
1557940 1450
1557950 1450
1557960 1449
1557970 1449
1557980 1448
1557990 1447
1558000 1447
1558010 1446
1558020 1444
1558030 1444
1558040 1443
1558050 1442
1558060 1442
1558070 1442
1558080 1440
1558090 1440
1558100 1440
1558110 1439
1558120 1438
1558130 1438
1558140 1437
1558150 1436
1558160 1436
1558170 1434
1558180 1433
1558190 1433
1558200 1432
1558210 1430
1558220 1430
1558230 1428
1558240 1425
1558250 1421
1558260 1421
1558270 1415
1558280 1411
1558290 1411
1558300 1405
1558310 1399
1558320 1399
1558330 1395
1558340 1392
1558350 1392
1558360 1389
1558370 1387
1558380 1387
1558390 1384
1558400 1380
1558410 1380
1558420 1377
1558430 1373
1558440 1373
1558450 1368
1558460 1363
1558470 1358
1558480 1358
1558490 1353
1558500 1345
1558510 1345
1558520 1341
1558530 1335
1558540 1335
1558550 1329
1558560 1326
1558570 1326
1558580 1320
1558590 1315
1558600 1315
1558610 1308
1558620 1303
1558630 1303
1558640 1299
1558650 1296
1558660 1296
1558670 1293
1558680 1290
1558690 1286
1558700 1286
1558710 1282
1558720 1279
1558730 1279
1558740 1276
1558750 1272
1558760 1272
1558770 1266
1558780 1260
1558790 1260
1558800 1256
1558810 1251
1558820 1251
1558830 1246
1558840 1240
1558850 1240
1558860 1233
1558870 1226
1558880 1217
1558890 1217
1558900 1211
1558910 1211
1558920 1211
1558930 1209
1558940 1208
1558950 1208
1558960 1206
1558970 1203
1558980 1203
1558990 1199
1559000 1195
1559010 1195
1559020 1192
1559030 1189
1559040 1189
1559050 1186
1559060 1182
1559070 1182
1559080 1180
1559090 1179
1559100 1176
1559110 1176
1559120 1172
1559130 1169
1559140 1169
1559150 1165
1559160 1162
1559170 1162
1559180 1160
1559190 1159
1559200 1159
1559210 1157
1559220 1156
1559230 1156
1559240 1154
1559250 1152
1559260 1152
1559270 1151
1559280 1148
1559290 1141
1559300 1141
1559310 1133
1559320 1127
1559330 1127
1559340 1121
1559350 1118
1559360 1118
1559370 1119
1559380 1124
1559390 1124
1559400 1132
1559410 1139
1559420 1139
1559430 1142
1559440 1146
1559450 1146
1559460 1156
1559470 1162
1559480 1162
1559490 1166
1559500 1170
1559510 1173
1559520 1173
1559530 1178
1559540 1183
1559550 1183
1559560 1188
1559570 1193
1559580 1193
1559590 1198
1559600 1202
1559610 1202
1559620 1206
1559630 1210
1559640 1210
1559650 1213
1559660 1215
1559670 1215
1559680 1219
1559690 1220
1559700 1220
1559710 1220
1559720 1223
1559730 1226
1559740 1226
1559750 1229
1559760 1232
1559770 1232
1559780 1234
1559790 1235
1559800 1235
1559810 1235
1559820 1237
1559830 1237
1559840 1240
1559850 1242
1559860 1242
1559870 1243
1559880 1246
1559890 1246
1559900 1249
1559910 1253
1559920 1255
1559930 1255
1559940 1256
1559950 1258
1559960 1258
1559970 1263
1559980 1267
1559990 1267
