1540000 1696
1540010 1696
1540020 1698
1540030 1700
1540040 1700
1540050 1702
1540060 1705
1540070 1705
1540080 1708
1540090 1711
1540100 1711
1540110 1713
1540120 1714
1540130 1714
1540140 1717
1540150 1719
1540160 1722
1540170 1722
1540180 1725
1540190 1726
1540200 1726
1540210 1728
1540220 1729
1540230 1729
1540240 1731
1540250 1734
1540260 1734
1540270 1736
1540280 1739
1540290 1739
1540300 1743
1540310 1746
1540320 1746
1540330 1749
1540340 1753
1540350 1753
1540360 1756
1540370 1759
1540380 1762
1540390 1762
1540400 1765
1540410 1768
1540420 1768
1540430 1771
1540440 1774
1540450 1774
1540460 1778
1540470 1782
1540480 1782
1540490 1785
1540500 1788
1540510 1788
1540520 1792
1540530 1796
1540540 1796
1540550 1800
1540560 1804
1540570 1807
1540580 1807
1540590 1811
1540600 1814
1540610 1814
1540620 1817
1540630 1821
1540640 1821
1540650 1825
1540660 1829
1540670 1829
1540680 1832
1540690 1836
1540700 1836
1540710 1839
1540720 1842
1540730 1842
1540740 1844
1540750 1847
1540760 1847
1540770 1851
1540780 1855
1540790 1857
1540800 1857
1540810 1861
1540820 1863
1540830 1863
1540840 1867
1540850 1869
1540860 1869
1540870 1872
1540880 1875
1540890 1875
1540900 1878
1540910 1881
1540920 1881
1540930 1885
1540940 1889
1540950 1889
1540960 1893
1540970 1896
1540980 1896
1540990 1899
1541000 1902
1541010 1906
1541020 1906
1541030 1909
1541040 1913
1541050 1913
1541060 1916
1541070 1919
1541080 1919
1541090 1922
1541100 1924
1541110 1924
1541120 1925
1541130 1926
1541140 1926
1541150 1927
1541160 1928
1541170 1928
1541180 1929
1541190 1930
1541200 1930
1541210 1930
1541220 1928
1541230 1925
1541240 1925
1541250 1922
1541260 1917
1541270 1917
1541280 1911
1541290 1905
1541300 1905
1541310 1901
1541320 1896
1541330 1896
1541340 1892
1541350 1888
1541360 1888
1541370 1883
1541380 1876
1541390 1876
1541400 1869
1541410 1861
1541420 1853
1541430 1853
1541440 1845
1541450 1836
1541460 1836
1541470 1826
1541480 1816
1541490 1816
1541500 1811
1541510 1808
1541520 1808
1541530 1808
1541540 1816
1541550 1816
1541560 1818
1541570 1814
1541580 1814
1541590 1810
1541600 1806
1541610 1806
1541620 1800
1541630 1788
1541640 1780
1541650 1780
1541660 1774
1541670 1768
1541680 1768
1541690 1763
1541700 1757
1541710 1757
1541720 1752
1541730 1746
1541740 1746
1541750 1739
1541760 1732
1541770 1732
1541780 1725
1541790 1722
1541800 1722
1541810 1720
1541820 1715
1541830 1709
1541840 1709
1541850 1704
1541860 1698
1541870 1698
1541880 1693
1541890 1685
1541900 1685
1541910 1680
1541920 1675
1541930 1675
1541940 1670
1541950 1667
1541960 1667
1541970 1667
1541980 1669
1541990 1669
1542000 1667
1542010 1664
1542020 1664
1542030 1660
1542040 1655
1542050 1644
1542060 1644
1542070 1634
1542080 1627
1542090 1627
1542100 1631
1542110 1646
1542120 1646
1542130 1651
1542140 1648
1542150 1648
1542160 1643
1542170 1638
1542180 1638
1542190 1629
1542200 1626
1542210 1626
1542220 1632
1542230 1640
1542240 1640
1542250 1639
1542260 1634
1542270 1631
1542280 1631
1542290 1628
1542300 1625
1542310 1625
1542320 1616
1542330 1605
1542340 1605
1542350 1593
1542360 1590
1542370 1590
1542380 1591
1542390 1585
1542400 1585
1542410 1578
1542420 1569
1542430 1569
1542440 1560
1542450 1564
1542460 1570
1542470 1570
1542480 1572
1542490 1570
1542500 1570
1542510 1566
1542520 1558
1542530 1558
1542540 1550
1542550 1540
1542560 1540
1542570 1534
1542580 1529
1542590 1529
1542600 1530
1542610 1529
1542620 1529
1542630 1527
1542640 1526
1542650 1526
1542660 1524
1542670 1519
1542680 1514
1542690 1514
1542700 1508
1542710 1503
1542720 1503
1542730 1497
1542740 1493
1542750 1493
1542760 1492
1542770 1491
1542780 1491
1542790 1487
1542800 1482
1542810 1482
1542820 1476
1542830 1469
1542840 1469
1542850 1462
1542860 1458
1542870 1458
1542880 1451
1542890 1446
1542900 1440
1542910 1440
1542920 1435
1542930 1430
1542940 1430
1542950 1425
1542960 1420
1542970 1420
1542980 1416
1542990 1411
1543000 1411
1543010 1405
1543020 1400
1543030 1400
1543040 1395
1543050 1387
1543060 1387
1543070 1381
1543080 1380
1543090 1381
1543100 1381
1543110 1382
1543120 1384
1543130 1384
1543140 1385
1543150 1387
1543160 1387
1543170 1388
1543180 1390
1543190 1390
1543200 1393
1543210 1396
1543220 1396
1543230 1399
1543240 1401
1543250 1401
1543260 1405
1543270 1411
1543280 1411
1543290 1416
1543300 1419
1543310 1426
1543320 1426
1543330 1432
1543340 1436
1543350 1436
1543360 1441
1543370 1446
1543380 1446
1543390 1450
1543400 1455
1543410 1455
1543420 1460
1543430 1463
1543440 1463
1543450 1467
1543460 1472
1543470 1472
1543480 1476
1543490 1480
1543500 1483
1543510 1483
1543520 1489
1543530 1493
1543540 1493
1543550 1498
1543560 1501
1543570 1501
1543580 1504
1543590 1510
1543600 1510
1543610 1518
1543620 1526
1543630 1526
1543640 1532
1543650 1540
1543660 1540
1543670 1547
1543680 1550
1543690 1548
1543700 1552
1543710 1554
1543720 1557
1543730 1557
1543740 1561
1543750 1563
1543760 1563
1543770 1564
1543780 1566
1543790 1566
1543800 1569
1543810 1571
1543820 1571
1543830 1572
1543840 1572
1543850 1572
1543860 1581
1543870 1604
1543880 1604
1543890 1614
1543900 1624
1543910 1624
1543920 1641
1543930 1658
1543940 1662
1543950 1662
1543960 1676
1543970 1686
1543980 1686
1543990 1688
1544000 1687
1544010 1687
1544020 1688
1544030 1688
1544040 1688
1544050 1690
1544060 1693
1544070 1693
1544080 1696
1544090 1699
1544100 1699
1544110 1699
1544120 1701
1544130 1705
1544140 1705
1544150 1707
1544160 1706
1544170 1706
1544180 1711
1544190 1716
1544200 1716
1544210 1719
1544220 1722
1544230 1722
1544240 1726
1544250 1731
1544260 1731
1544270 1736
1544280 1741
1544290 1741
1544300 1743
1544310 1748
1544320 1748
1544330 1752
1544340 1755
1544350 1759
1544360 1759
1544370 1764
1544380 1769
1544390 1769
1544400 1772
1544410 1775
1544420 1775
1544430 1778
1544440 1782
1544450 1782
1544460 1786
1544470 1790
1544480 1790
1544490 1792
1544500 1795
1544510 1795
1544520 1798
1544530 1802
1544540 1802
1544550 1805
1544560 1808
1544570 1811
1544580 1811
1544590 1814
1544600 1817
1544610 1817
1544620 1820
1544630 1822
1544640 1822
1544650 1823
1544660 1823
1544670 1823
1544680 1823
1544690 1822
1544700 1822
1544710 1821
1544720 1820
1544730 1820
1544740 1819
1544750 1818
1544760 1816
1544770 1816
1544780 1815
1544790 1813
1544800 1813
1544810 1811
1544820 1809
1544830 1809
1544840 1807
1544850 1805
1544860 1805
1544870 1803
1544880 1800
1544890 1800
1544900 1796
1544910 1793
1544920 1793
1544930 1791
1544940 1787
1544950 1787
1544960 1784
1544970 1781
1544980 1778
1544990 1778
1545000 1776
1545010 1773
1545020 1773
1545030 1769
1545040 1766
1545050 1766
1545060 1763
1545070 1761
1545080 1761
1545090 1756
1545100 1752
1545110 1752
1545120 1751
1545130 1749
1545140 1749
1545150 1744
1545160 1741
1545170 1741
1545180 1738
1545190 1734
1545200 1729
1545210 1729
1545220 1726
1545230 1724
1545240 1724
1545250 1721
1545260 1716
1545270 1716
1545280 1712
1545290 1708
1545300 1708
1545310 1706
1545320 1704
1545330 1704
1545340 1702
1545350 1698
1545360 1698
1545370 1694
1545380 1691
1545390 1687
1545400 1687
1545410 1683
1545420 1679
1545430 1679
1545440 1675
1545450 1670
1545460 1670
1545470 1666
1545480 1663
1545490 1663
1545500 1660
1545510 1658
1545520 1658
1545530 1656
1545540 1654
1545550 1654
1545560 1649
1545570 1645
1545580 1645
1545590 1640
1545600 1637
1545610 1633
1545620 1633
1545630 1627
1545640 1624
1545650 1624
1545660 1619
1545670 1615
1545680 1615
1545690 1611
1545700 1607
1545710 1607
1545720 1604
1545730 1600
1545740 1600
1545750 1597
1545760 1593
1545770 1593
1545780 1590
1545790 1588
1545800 1584
1545810 1584
1545820 1579
1545830 1573
1545840 1573
1545850 1567
1545860 1562
1545870 1562
1545880 1559
1545890 1555
1545900 1555
1545910 1550
1545920 1545
1545930 1545
1545940 1540
1545950 1535
1545960 1535
1545970 1530
1545980 1526
1545990 1526
1546000 1521
1546010 1515
1546020 1510
1546030 1510
1546040 1504
1546050 1500
1546060 1500
1546070 1498
1546080 1493
1546090 1493
1546100 1488
1546110 1483
1546120 1483
1546130 1478
1546140 1474
1546150 1474
1546160 1469
1546170 1465
1546180 1465
1546190 1461
1546200 1457
1546210 1457
1546220 1454
1546230 1451
1546240 1446
1546250 1446
1546260 1441
1546270 1438
1546280 1438
1546290 1435
1546300 1431
1546310 1431
1546320 1427
1546330 1423
1546340 1423
1546350 1420
1546360 1417
1546370 1417
1546380 1414
1546390 1412
1546400 1412
1546410 1409
1546420 1406
1546430 1402
1546440 1402
1546450 1398
1546460 1394
1546470 1394
1546480 1391
1546490 1390
1546500 1390
1546510 1388
1546520 1386
1546530 1386
1546540 1385
1546550 1383
1546560 1383
1546570 1383
1546580 1380
1546590 1380
1546600 1378
1546610 1375
1546620 1375
1546630 1372
1546640 1368
1546650 1364
1546660 1364
1546670 1360
1546680 1356
1546690 1356
1546700 1353
1546710 1349
1546720 1349
1546730 1344
1546740 1340
1546750 1340
1546760 1338
1546770 1336
1546780 1336
1546790 1333
1546800 1330
1546810 1330
1546820 1328
1546830 1325
1546840 1325
1546850 1323
1546860 1321
1546870 1318
1546880 1318
1546890 1315
1546900 1312
1546910 1312
1546920 1308
1546930 1304
1546940 1304
1546950 1300
1546960 1297
1546970 1297
1546980 1295
1546990 1293
1547000 1293
1547010 1290
1547020 1287
1547030 1287
1547040 1284
1547050 1281
1547060 1277
1547070 1277
1547080 1271
1547090 1266
1547100 1266
1547110 1262
1547120 1258
1547130 1258
1547140 1255
1547150 1251
1547160 1251
1547170 1246
1547180 1243
1547190 1243
1547200 1239
1547210 1236
1547220 1236
1547230 1232
1547240 1228
1547250 1228
1547260 1225
1547270 1222
1547280 1219
1547290 1219
1547300 1215
1547310 1210
1547320 1210
1547330 1205
1547340 1200
1547350 1200
1547360 1194
1547370 1187
1547380 1187
1547390 1179
1547400 1172
1547410 1172
1547420 1164
1547430 1156
1547440 1156
1547450 1151
1547460 1145
1547470 1145
1547480 1139
1547490 1134
1547500 1127
1547510 1127
1547520 1121
1547530 1115
1547540 1115
1547550 1109
1547560 1103
1547570 1103
1547580 1095
1547590 1088
1547600 1088
1547610 1081
1547620 1075
1547630 1075
1547640 1068
1547650 1059
1547660 1059
1547670 1049
1547680 1040
1547690 1038
1547700 1038
1547710 1040
1547720 1041
1547730 1041
1547740 1041
1547750 1043
1547760 1043
1547770 1051
1547780 1054
1547790 1054
1547800 1057
1547810 1059
1547820 1059
1547830 1062
1547840 1064
1547850 1064
1547860 1064
1547870 1065
1547880 1065
1547890 1062
1547900 1058
1547910 1059
1547920 1059
1547930 1062
1547940 1067
1547950 1067
1547960 1073
1547970 1080
1547980 1080
1547990 1086
1548000 1091
1548010 1091
1548020 1095
1548030 1098
1548040 1098
1548050 1102
1548060 1106
1548070 1106
1548080 1110
1548090 1115
1548100 1120
1548110 1120
1548120 1125
1548130 1130
1548140 1130
1548150 1135
1548160 1140
1548170 1140
1548180 1144
1548190 1147
1548200 1147
1548210 1149
1548220 1151
1548230 1151
1548240 1154
1548250 1157
1548260 1157
1548270 1162
1548280 1167
1548290 1167
1548300 1172
1548310 1176
1548320 1180
1548330 1180
1548340 1184
1548350 1187
1548360 1187
1548370 1191
1548380 1195
1548390 1195
1548400 1200
1548410 1204
1548420 1204
1548430 1208
1548440 1213
1548450 1213
1548460 1219
1548470 1225
1548480 1225
1548490 1231
1548500 1237
1548510 1237
1548520 1242
1548530 1247
1548540 1253
1548550 1253
1548560 1258
1548570 1264
1548580 1264
1548590 1269
1548600 1274
1548610 1274
1548620 1279
1548630 1284
1548640 1284
1548650 1290
1548660 1295
1548670 1295
1548680 1300
1548690 1306
1548700 1306
1548710 1311
1548720 1317
1548730 1323
1548740 1323
1548750 1328
1548760 1335
1548770 1335
1548780 1339
1548790 1346
1548800 1346
1548810 1352
1548820 1363
1548830 1363
1548840 1369
1548850 1375
1548860 1375
1548870 1381
1548880 1387
1548890 1387
1548900 1393
1548910 1398
1548920 1398
1548930 1404
1548940 1410
1548950 1416
1548960 1416
1548970 1423
1548980 1430
1548990 1430
1549000 1437
1549010 1445
1549020 1445
1549030 1452
1549040 1458
1549050 1458
1549060 1463
1549070 1470
1549080 1470
1549090 1477
1549100 1484
1549110 1484
1549120 1494
1549130 1501
1549140 1501
1549150 1510
1549160 1519
1549170 1528
1549180 1528
1549190 1535
1549200 1545
1549210 1545
1549220 1552
1549230 1558
1549240 1558
1549250 1565
1549260 1571
1549270 1571
1549280 1576
1549290 1582
1549300 1582
1549310 1586
1549320 1590
1549330 1590
1549340 1595
1549350 1602
1549360 1607
1549370 1607
1549380 1613
1549390 1620
1549400 1620
1549410 1626
1549420 1631
1549430 1631
1549440 1636
1549450 1640
1549460 1640
1549470 1643
1549480 1646
1549490 1646
1549500 1649
1549510 1653
1549520 1653
1549530 1657
1549540 1661
1549550 1661
1549560 1665
1549570 1669
1549580 1674
1549590 1674
1549600 1679
1549610 1682
1549620 1682
1549630 1685
1549640 1687
1549650 1687
1549660 1691
1549670 1695
1549680 1695
1549690 1700
1549700 1706
1549710 1706
1549720 1710
1549730 1710
1549740 1710
1549750 1714
1549760 1718
1549770 1718
1549780 1722
1549790 1725
1549800 1729
1549810 1729
1549820 1731
1549830 1734
1549840 1734
1549850 1737
1549860 1738
1549870 1738
1549880 1738
1549890 1741
1549900 1741
1549910 1742
1549920 1740
1549930 1740
1549940 1740
1549950 1742
1549960 1742
1549970 1741
1549980 1732
1549990 1726
1550000 1726
1550010 1720
1550020 1716
1550030 1716
1550040 1712
1550050 1708
1550060 1708
1550070 1705
1550080 1704
1550090 1704
1550100 1702
1550110 1700
1550120 1700
1550130 1702
1550140 1705
1550150 1705
1550160 1707
1550170 1705
1550180 1705
1550190 1705
1550200 1709
1550210 1711
1550220 1711
1550230 1711
1550240 1710
1550250 1710
1550260 1709
1550270 1708
1550280 1708
1550290 1706
1550300 1704
1550310 1704
1550320 1702
1550330 1700
1550340 1700
1550350 1699
1550360 1697
1550370 1697
1550380 1694
1550390 1693
1550400 1693
1550410 1692
1550420 1691
1550430 1689
1550440 1689
1550450 1688
1550460 1686
1550470 1686
1550480 1684
1550490 1683
1550500 1683
1550510 1682
1550520 1680
1550530 1680
1550540 1679
1550550 1677
1550560 1677
1550570 1675
1550580 1672
1550590 1672
1550600 1670
1550610 1668
1550620 1665
1550630 1665
1550640 1660
1550650 1655
1550660 1655
1550670 1650
1550680 1647
1550690 1647
1550700 1645
1550710 1641
1550720 1641
1550730 1635
1550740 1632
1550750 1632
1550760 1626
1550770 1621
1550780 1621
1550790 1618
1550800 1613
1550810 1613
1550820 1608
1550830 1604
1550840 1599
1550850 1599
1550860 1595
1550870 1591
1550880 1591
1550890 1587
1550900 1583
1550910 1583
1550920 1580
1550930 1576
1550940 1576
1550950 1572
1550960 1567
1550970 1567
1550980 1564
1550990 1561
1551000 1561
1551010 1558
1551020 1556
1551030 1556
1551040 1553
1551050 1550
1551060 1547
1551070 1547
1551080 1544
1551090 1541
1551100 1541
1551110 1537
1551120 1534
1551130 1534
1551140 1529
1551150 1526
1551160 1526
1551170 1521
1551180 1517
1551190 1517
1551200 1510
1551210 1503
1551220 1503
1551230 1498
1551240 1500
1551250 1505
1551260 1505
1551270 1510
1551280 1515
1551290 1515
1551300 1520
1551310 1522
1551320 1522
1551330 1527
1551340 1534
1551350 1534
1551360 1541
1551370 1549
1551380 1549
1551390 1555
1551400 1561
1551410 1561
1551420 1569
1551430 1577
1551440 1577
1551450 1583
1551460 1589
1551470 1597
1551480 1597
1551490 1605
1551500 1611
1551510 1611
1551520 1618
1551530 1627
1551540 1627
1551550 1634
1551560 1641
1551570 1641
1551580 1647
1551590 1654
1551600 1654
1551610 1661
1551620 1668
1551630 1668
1551640 1675
1551650 1681
1551660 1688
1551670 1688
1551680 1695
1551690 1703
1551700 1703
1551710 1711
1551720 1720
1551730 1720
1551740 1727
1551750 1734
1551760 1734
1551770 1741
1551780 1747
1551790 1747
1551800 1755
1551810 1762
1551820 1762
1551830 1771
1551840 1779
1551850 1779
1551860 1788
1551870 1796
1551880 1806
1551890 1806
1551900 1814
1551910 1822
1551920 1822
1551930 1830
1551940 1839
1551950 1839
1551960 1851
1551970 1856
1551980 1856
1551990 1859
1552000 1862
1552010 1862
1552020 1866
1552030 1869
1552040 1869
1552050 1870
1552060 1872
1552070 1872
1552080 1873
1552090 1874
1552100 1876
1552110 1876
1552120 1878
1552130 1882
1552140 1882
1552150 1884
1552160 1885
1552170 1885
1552180 1887
1552190 1889
1552200 1889
1552210 1890
1552220 1891
1552230 1891
1552240 1892
1552250 1893
1552260 1893
1552270 1896
1552280 1899
1552290 1903
1552300 1903
1552310 1907
1552320 1911
1552330 1911
1552340 1914
1552350 1917
1552360 1917
1552370 1921
1552380 1924
1552390 1924
1552400 1927
1552410 1931
1552420 1931
1552430 1935
1552440 1938
1552450 1938
1552460 1941
1552470 1944
1552480 1944
1552490 1947
1552500 1950
1552510 1953
1552520 1953
1552530 1957
1552540 1959
1552550 1959
1552560 1963
1552570 1966
1552580 1966
1552590 1970
1552600 1973
1552610 1973
1552620 1975
1552630 1978
1552640 1978
1552650 1981
1552660 1981
1552670 1981
1552680 1982
1552690 1981
1552700 1981
1552710 1979
1552720 1975
1552730 1970
1552740 1970
1552750 1964
1552760 1959
1552770 1959
1552780 1955
1552790 1949
1552800 1949
1552810 1944
1552820 1939
1552830 1939
1552840 1936
1552850 1932
1552860 1932
1552870 1930
1552880 1928
1552890 1928
1552900 1925
1552910 1923
1552920 1920
1552930 1920
1552940 1917
1552950 1914
1552960 1914
1552970 1911
1552980 1908
1552990 1908
1553000 1906
1553010 1903
1553020 1903
1553030 1900
1553040 1897
1553050 1897
1553060 1895
1553070 1892
1553080 1892
1553090 1887
1553100 1882
1553110 1882
1553120 1877
1553130 1874
1553140 1872
1553150 1872
1553160 1870
1553170 1869
1553180 1869
1553190 1867
1553200 1865
1553210 1865
1553220 1863
1553230 1861
1553240 1861
1553250 1858
1553260 1855
1553270 1855
1553280 1853
1553290 1850
1553300 1850
1553310 1847
1553320 1844
1553330 1844
1553340 1842
1553350 1839
1553360 1835
1553370 1835
1553380 1832
1553390 1829
1553400 1829
1553410 1826
1553420 1822
1553430 1822
1553440 1816
1553450 1810
1553460 1810
1553470 1806
1553480 1803
1553490 1803
1553500 1800
1553510 1798
1553520 1798
1553530 1796
1553540 1793
1553550 1788
1553560 1788
1553570 1784
1553580 1778
1553590 1778
1553600 1773
1553610 1768
1553620 1768
1553630 1765
1553640 1762
1553650 1762
1553660 1761
1553670 1761
1553680 1761
1553690 1760
1553700 1756
1553710 1756
1553720 1751
1553730 1747
1553740 1747
1553750 1747
1553760 1747
1553770 1746
1553780 1746
1553790 1743
1553800 1740
1553810 1740
1553820 1739
1553830 1738
1553840 1738
1553850 1737
1553860 1735
1553870 1735
1553880 1732
1553890 1729
1553900 1729
1553910 1726
1553920 1724
1553930 1724
1553940 1724
1553950 1722
1553960 1722
1553970 1720
1553980 1718
1553990 1717
1554000 1717
1554010 1718
1554020 1718
1554030 1718
1554040 1716
1554050 1714
1554060 1714
1554070 1714
1554080 1713
1554090 1713
1554100 1708
1554110 1703
1554120 1703
1554130 1702
1554140 1700
1554150 1700
1554160 1699
1554170 1699
1554180 1699
1554190 1699
1554200 1699
1554210 1699
1554220 1699
1554230 1699
1554240 1699
1554250 1699
1554260 1698
1554270 1698
1554280 1698
1554290 1697
1554300 1697
1554310 1697
1554320 1696
1554330 1695
1554340 1695
1554350 1694
1554360 1694
1554370 1694
1554380 1693
1554390 1691
1554400 1688
1554410 1688
1554420 1687
1554430 1685
1554440 1685
1554450 1683
1554460 1682
1554470 1682
1554480 1681
1554490 1679
1554500 1679
1554510 1678
1554520 1676
1554530 1676
1554540 1673
1554550 1671
1554560 1671
1554570 1668
1554580 1665
1554590 1665
1554600 1663
1554610 1661
1554620 1659
1554630 1659
1554640 1658
1554650 1657
1554660 1657
1554670 1656
1554680 1655
1554690 1655
1554700 1654
1554710 1652
1554720 1652
1554730 1651
1554740 1650
1554750 1650
1554760 1649
1554770 1647
1554780 1647
1554790 1646
1554800 1644
1554810 1642
1554820 1642
1554830 1641
1554840 1639
1554850 1639
1554860 1638
1554870 1638
1554880 1638
1554890 1637
1554900 1636
1554910 1636
1554920 1636
1554930 1635
1554940 1635
1554950 1634
1554960 1634
1554970 1634
1554980 1633
1554990 1632
1555000 1632
1555010 1631
1555020 1629
1555030 1628
1555040 1628
1555050 1626
1555060 1623
1555070 1623
1555080 1622
1555090 1621
1555100 1621
1555110 1620
1555120 1619
1555130 1619
1555140 1618
1555150 1616
1555160 1616
1555170 1615
1555180 1614
1555190 1614
1555200 1614
1555210 1614
1555220 1613
1555230 1613
1555240 1612
1555250 1610
1555260 1610
1555270 1607
1555280 1605
1555290 1605
1555300 1602
1555310 1599
1555320 1599
1555330 1596
1555340 1591
1555350 1591
1555360 1585
1555370 1579
1555380 1579
1555390 1576
1555400 1572
1555410 1572
1555420 1569
1555430 1566
1555440 1564
1555450 1564
1555460 1562
1555470 1560
1555480 1560
1555490 1559
1555500 1558
1555510 1558
1555520 1557
1555530 1555
1555540 1555
1555550 1553
1555560 1550
1555570 1550
1555580 1547
1555590 1544
1555600 1544
1555610 1541
1555620 1539
1555630 1539
1555640 1537
1555650 1535
1555660 1534
1555670 1534
1555680 1531
1555690 1526
1555700 1526
1555710 1521
1555720 1517
1555730 1517
1555740 1513
1555750 1509
1555760 1509
1555770 1506
1555780 1503
1555790 1503
1555800 1501
1555810 1499
1555820 1499
1555830 1497
1555840 1494
1555850 1489
1555860 1489
1555870 1484
1555880 1479
1555890 1479
1555900 1473
1555910 1473
1555920 1473
1555930 1482
1555940 1490
1555950 1490
1555960 1498
1555970 1502
1555980 1502
1555990 1510
1556000 1517
1556010 1517
1556020 1523
1556030 1529
1556040 1529
1556050 1536
1556060 1542
1556070 1547
1556080 1547
1556090 1553
1556100 1558
1556110 1558
1556120 1563
1556130 1568
1556140 1568
1556150 1573
1556160 1578
1556170 1578
1556180 1582
1556190 1586
1556200 1586
1556210 1590
1556220 1593
1556230 1593
1556240 1597
1556250 1599
1556260 1599
1556270 1602
1556280 1603
1556290 1603
1556300 1603
1556310 1601
1556320 1599
1556330 1599
1556340 1595
1556350 1591
1556360 1591
1556370 1587
1556380 1582
1556390 1582
1556400 1578
1556410 1575
1556420 1575
1556430 1573
1556440 1571
1556450 1571
1556460 1568
1556470 1565
1556480 1563
1556490 1563
1556500 1564
1556510 1564
1556520 1564
1556530 1563
1556540 1561
1556550 1561
1556560 1559
1556570 1558
1556580 1558
1556590 1556
1556600 1553
1556610 1553
1556620 1550
1556630 1548
1556640 1548
1556650 1547
1556660 1546
1556670 1546
1556680 1544
1556690 1540
1556700 1537
1556710 1537
1556720 1535
1556730 1535
1556740 1535
1556750 1534
1556760 1535
1556770 1535
1556780 1535
1556790 1535
1556800 1535
1556810 1535
1556820 1535
1556830 1535
1556840 1536
1556850 1536
1556860 1536
1556870 1536
1556880 1535
1556890 1535
1556900 1535
1556910 1535
1556920 1534
1556930 1534
1556940 1533
1556950 1533
1556960 1533
1556970 1532
1556980 1531
1556990 1531
1557000 1529
1557010 1528
1557020 1528
1557030 1525
1557040 1521
1557050 1521
1557060 1519
1557070 1518
1557080 1518
1557090 1516
1557100 1515
1557110 1514
1557120 1514
1557130 1513
1557140 1511
1557150 1511
1557160 1510
1557170 1507
1557180 1507
1557190 1506
1557200 1507
1557210 1507
1557220 1508
1557230 1509
1557240 1509
1557250 1509
1557260 1508
1557270 1508
1557280 1506
1557290 1504
1557300 1504
1557310 1503
1557320 1503
1557330 1503
1557340 1503
1557350 1503
1557360 1502
1557370 1502
1557380 1501
1557390 1500
1557400 1500
1557410 1499
1557420 1499
1557430 1499
1557440 1498
1557450 1496
1557460 1496
1557470 1494
1557480 1491
1557490 1491
1557500 1488
1557510 1486
1557520 1486
1557530 1483
1557540 1481
1557550 1479
1557560 1479
1557570 1477
1557580 1475
1557590 1475
1557600 1474
1557610 1472
1557620 1472
1557630 1471
1557640 1470
1557650 1470
1557660 1468
1557670 1466
1557680 1466
1557690 1464
1557700 1462
1557710 1462
1557720 1461
1557730 1460
1557740 1459
1557750 1459
1557760 1458
1557770 1457
1557780 1457
1557790 1455
1557800 1454
1557810 1454
1557820 1452
1557830 1449
1557840 1449
1557850 1446
1557860 1444
1557870 1444
1557880 1442
1557890 1440
1557900 1440
1557910 1438
1557920 1438
1557930 1438
1557940 1437
1557950 1437
1557960 1436
1557970 1436
1557980 1435
1557990 1434
1558000 1434
1558010 1433
1558020 1431
1558030 1431
1558040 1430
1558050 1428
1558060 1428
1558070 1426
1558080 1423
1558090 1423
1558100 1421
1558110 1420
1558120 1420
1558130 1416
1558140 1411
1558150 1411
1558160 1405
1558170 1398
1558180 1391
1558190 1391
1558200 1384
1558210 1378
1558220 1378
1558230 1374
1558240 1368
1558250 1368
1558260 1364
1558270 1360
1558280 1360
1558290 1358
1558300 1356
1558310 1356
1558320 1353
1558330 1351
1558340 1351
1558350 1348
1558360 1346
1558370 1343
1558380 1343
1558390 1340
1558400 1337
1558410 1337
1558420 1334
1558430 1331
1558440 1331
1558450 1326
1558460 1319
1558470 1319
1558480 1311
1558490 1306
1558500 1306
1558510 1297
1558520 1289
1558530 1289
1558540 1282
1558550 1277
1558560 1277
1558570 1272
1558580 1266
1558590 1261
1558600 1261
1558610 1255
1558620 1250
1558630 1250
1558640 1245
1558650 1239
1558660 1239
1558670 1234
1558680 1229
1558690 1229
1558700 1224
1558710 1219
1558720 1219
1558730 1214
1558740 1210
1558750 1210
1558760 1206
1558770 1201
1558780 1196
1558790 1196
1558800 1192
1558810 1189
1558820 1189
1558830 1186
1558840 1183
1558850 1183
1558860 1181
1558870 1177
1558880 1177
1558890 1171
1558900 1168
1558910 1168
1558920 1164
1558930 1158
1558940 1158
1558950 1153
1558960 1148
1558970 1148
1558980 1141
1558990 1133
1559000 1122
1559010 1122
1559020 1115
1559030 1109
1559040 1109
1559050 1105
1559060 1102
1559070 1102
1559080 1099
1559090 1099
1559100 1099
1559110 1101
1559120 1105
1559130 1105
1559140 1111
1559150 1113
1559160 1113
1559170 1115
1559180 1123
1559190 1123
1559200 1130
1559210 1134
1559220 1137
1559230 1137
1559240 1140
1559250 1141
1559260 1141
1559270 1143
1559280 1147
1559290 1147
1559300 1150
1559310 1155
1559320 1155
1559330 1160
1559340 1164
1559350 1164
1559360 1170
1559370 1176
1559380 1176
1559390 1183
1559400 1190
1559410 1196
1559420 1196
1559430 1202
1559440 1209
1559450 1209
1559460 1219
1559470 1230
1559480 1230
1559490 1241
1559500 1248
1559510 1248
1559520 1254
1559530 1259
1559540 1259
1559550 1264
1559560 1271
1559570 1271
1559580 1277
1559590 1280
1559600 1280
1559610 1285
1559620 1289
1559630 1292
1559640 1292
1559650 1293
1559660 1293
1559670 1293
1559680 1294
1559690 1295
1559700 1295
1559710 1296
1559720 1298
1559730 1298
1559740 1301
1559750 1305
1559760 1305
1559770 1308
1559780 1310
1559790 1310
1559800 1311
1559810 1313
1559820 1313
1559830 1315
1559840 1317
1559850 1319
1559860 1319
1559870 1321
1559880 1323
1559890 1323
1559900 1326
1559910 1328
1559920 1328
1559930 1330
1559940 1332
1559950 1332
1559960 1334
1559970 1337
1559980 1337
1559990 1340
