1540000 1428
1540010 1433
1540020 1433
1540030 1437
1540040 1441
1540050 1441
1540060 1444
1540070 1448
1540080 1448
1540090 1453
1540100 1459
1540110 1459
1540120 1465
1540130 1471
1540140 1471
1540150 1477
1540160 1484
1540170 1484
1540180 1492
1540190 1496
1540200 1496
1540210 1501
1540220 1505
1540230 1510
1540240 1510
1540250 1517
1540260 1528
1540270 1528
1540280 1535
1540290 1539
1540300 1539
1540310 1542
1540320 1545
1540330 1545
1540340 1547
1540350 1551
1540360 1551
1540370 1554
1540380 1557
1540390 1557
1540400 1561
1540410 1567
1540420 1571
1540430 1571
1540440 1573
1540450 1575
1540460 1575
1540470 1577
1540480 1580
1540490 1580
1540500 1584
1540510 1590
1540520 1590
1540530 1593
1540540 1597
1540550 1597
1540560 1600
1540570 1601
1540580 1601
1540590 1602
1540600 1603
1540610 1603
1540620 1604
1540630 1606
1540640 1607
1540650 1607
1540660 1609
1540670 1610
1540680 1610
1540690 1612
1540700 1615
1540710 1615
1540720 1617
1540730 1619
1540740 1619
1540750 1621
1540760 1623
1540770 1623
1540780 1625
1540790 1626
1540800 1626
1540810 1627
1540820 1628
1540830 1628
1540840 1630
1540850 1631
1540860 1632
1540870 1632
1540880 1635
1540890 1638
1540900 1638
1540910 1641
1540920 1644
1540930 1644
1540940 1647
1540950 1650
1540960 1650
1540970 1653
1540980 1656
1540990 1656
1541000 1660
1541010 1665
1541020 1665
1541030 1669
1541040 1671
1541050 1671
1541060 1673
1541070 1675
1541080 1679
1541090 1679
1541100 1682
1541110 1684
1541120 1684
1541130 1687
1541140 1691
1541150 1691
1541160 1695
1541170 1698
1541180 1698
1541190 1702
1541200 1706
1541210 1706
1541220 1710
1541230 1714
1541240 1714
1541250 1718
1541260 1722
1541270 1727
1541280 1727
1541290 1729
1541300 1732
1541310 1732
1541320 1735
1541330 1742
1541340 1742
1541350 1748
1541360 1752
1541370 1752
1541380 1755
1541390 1758
1541400 1758
1541410 1762
1541420 1766
1541430 1766
1541440 1770
1541450 1773
1541460 1773
1541470 1775
1541480 1778
1541490 1779
1541500 1779
1541510 1781
1541520 1785
1541530 1785
1541540 1787
1541550 1791
1541560 1791
1541570 1796
1541580 1799
1541590 1799
1541600 1802
1541610 1808
1541620 1808
1541630 1814
1541640 1818
1541650 1818
1541660 1822
1541670 1825
1541680 1825
1541690 1827
1541700 1828
1541710 1832
1541720 1832
1541730 1836
1541740 1838
1541750 1838
1541760 1839
1541770 1842
1541780 1842
1541790 1847
1541800 1850
1541810 1850
1541820 1853
1541830 1855
1541840 1855
1541850 1858
1541860 1860
1541870 1860
1541880 1860
1541890 1863
1541900 1868
1541910 1868
1541920 1873
1541930 1878
1541940 1878
1541950 1881
1541960 1884
1541970 1884
1541980 1885
1541990 1888
1542000 1888
1542010 1891
1542020 1892
1542030 1892
1542040 1894
1542050 1896
1542060 1896
1542070 1898
1542080 1898
1542090 1898
1542100 1898
1542110 1898
1542120 1897
1542130 1897
1542140 1895
1542150 1894
1542160 1894
1542170 1891
1542180 1887
1542190 1887
1542200 1885
1542210 1884
1542220 1884
1542230 1883
1542240 1883
1542250 1883
1542260 1882
1542270 1879
1542280 1879
1542290 1874
1542300 1869
1542310 1869
1542320 1864
1542330 1860
1542340 1854
1542350 1854
1542360 1849
1542370 1843
1542380 1843
1542390 1838
1542400 1833
1542410 1833
1542420 1828
1542430 1823
1542440 1823
1542450 1817
1542460 1810
1542470 1810
1542480 1803
1542490 1795
1542500 1795
1542510 1787
1542520 1780
1542530 1772
1542540 1772
1542550 1765
1542560 1758
1542570 1758
1542580 1752
1542590 1745
1542600 1745
1542610 1737
1542620 1729
1542630 1729
1542640 1719
1542650 1704
1542660 1704
1542670 1695
1542680 1691
1542690 1691
1542700 1686
1542710 1678
1542720 1678
1542730 1673
1542740 1668
1542750 1663
1542760 1663
1542770 1658
1542780 1652
1542790 1652
1542800 1645
1542810 1640
1542820 1640
1542830 1637
1542840 1633
1542850 1633
1542860 1629
1542870 1624
1542880 1624
1542890 1619
1542900 1613
1542910 1613
1542920 1608
1542930 1603
1542940 1603
1542950 1598
1542960 1593
1542970 1588
1542980 1588
1542990 1585
1543000 1581
1543010 1581
1543020 1578
1543030 1575
1543040 1575
1543050 1573
1543060 1570
1543070 1570
1543080 1566
1543090 1562
1543100 1562
1543110 1559
1543120 1557
1543130 1557
1543140 1554
1543150 1552
1543160 1552
1543170 1549
1543180 1547
1543190 1545
1543200 1545
1543210 1543
1543220 1541
1543230 1541
1543240 1541
1543250 1538
1543260 1538
1543270 1535
1543280 1532
1543290 1532
1543300 1530
1543310 1527
1543320 1527
1543330 1525
1543340 1523
1543350 1523
1543360 1520
1543370 1517
1543380 1515
1543390 1515
1543400 1514
1543410 1511
1543420 1511
1543430 1508
1543440 1505
1543450 1505
1543460 1501
1543470 1498
1543480 1498
1543490 1495
1543500 1493
1543510 1493
1543520 1491
1543530 1486
1543540 1486
1543550 1484
1543560 1479
1543570 1479
1543580 1474
1543590 1468
1543600 1464
1543610 1464
1543620 1458
1543630 1451
1543640 1451
1543650 1442
1543660 1432
1543670 1432
1543680 1423
1543690 1414
1543700 1414
1543710 1407
1543720 1398
1543730 1398
1543740 1391
1543750 1384
1543760 1384
1543770 1377
1543780 1370
1543790 1370
1543800 1363
1543810 1357
1543820 1352
1543830 1352
1543840 1346
1543850 1339
1543860 1339
1543870 1336
1543880 1329
1543890 1329
1543900 1323
1543910 1317
1543920 1317
1543930 1310
1543940 1304
1543950 1304
1543960 1303
1543970 1303
1543980 1303
1543990 1300
1544000 1295
1544010 1292
1544020 1292
1544030 1288
1544040 1284
1544050 1284
1544060 1279
1544070 1274
1544080 1274
1544090 1267
1544100 1262
1544110 1262
1544120 1260
1544130 1258
1544140 1258
1544150 1257
1544160 1254
1544170 1254
1544180 1252
1544190 1248
1544200 1248
1544210 1244
1544220 1243
1544230 1246
1544240 1246
1544250 1249
1544260 1254
1544270 1254
1544280 1263
1544290 1268
1544300 1268
1544310 1268
1544320 1272
1544330 1272
1544340 1276
1544350 1281
1544360 1281
1544370 1285
1544380 1288
1544390 1288
1544400 1292
1544410 1296
1544420 1296
1544430 1301
1544440 1307
1544450 1314
1544460 1314
1544470 1319
1544480 1324
1544490 1324
1544500 1330
1544510 1338
1544520 1338
1544530 1345
1544540 1351
1544550 1351
1544560 1357
1544570 1362
1544580 1362
1544590 1366
1544600 1369
1544610 1369
1544620 1373
1544630 1375
1544640 1377
1544650 1377
1544660 1379
1544670 1379
1544680 1379
1544690 1378
1544700 1376
1544710 1376
1544720 1372
1544730 1368
1544740 1368
1544750 1370
1544760 1377
1544770 1377
1544780 1379
1544790 1378
1544800 1378
1544810 1388
1544820 1398
1544830 1398
1544840 1404
1544850 1407
1544860 1409
1544870 1409
1544880 1411
1544890 1412
1544900 1412
1544910 1413
1544920 1415
1544930 1415
1544940 1417
1544950 1419
1544960 1419
1544970 1421
1544980 1423
1544990 1423
1545000 1425
1545010 1427
1545020 1427
1545030 1430
1545040 1432
1545050 1432
1545060 1434
1545070 1436
1545080 1439
1545090 1439
1545100 1443
1545110 1446
1545120 1446
1545130 1450
1545140 1455
1545150 1455
1545160 1463
1545170 1472
1545180 1472
1545190 1479
1545200 1485
1545210 1485
1545220 1492
1545230 1499
1545240 1499
1545250 1507
1545260 1516
1545270 1516
1545280 1524
1545290 1531
1545300 1538
1545310 1538
1545320 1547
1545330 1556
1545340 1556
1545350 1564
1545360 1572
1545370 1572
1545380 1581
1545390 1589
1545400 1589
1545410 1595
1545420 1599
1545430 1599
1545440 1602
1545450 1604
1545460 1604
1545470 1608
1545480 1611
1545490 1614
1545500 1614
1545510 1615
1545520 1616
1545530 1616
1545540 1616
1545550 1615
1545560 1615
1545570 1613
1545580 1611
1545590 1611
1545600 1610
1545610 1608
1545620 1608
1545630 1606
1545640 1604
1545650 1604
1545660 1600
1545670 1594
1545680 1594
1545690 1592
1545700 1590
1545710 1589
1545720 1589
1545730 1588
1545740 1586
1545750 1586
1545760 1585
1545770 1583
1545780 1583
1545790 1581
1545800 1580
1545810 1580
1545820 1578
1545830 1575
1545840 1575
1545850 1573
1545860 1572
1545870 1572
1545880 1570
1545890 1567
1545900 1567
1545910 1564
1545920 1561
1545930 1558
1545940 1558
1545950 1555
1545960 1552
1545970 1552
1545980 1549
1545990 1547
1546000 1547
1546010 1545
1546020 1541
1546030 1541
1546040 1537
1546050 1535
1546060 1535
1546070 1532
1546080 1530
1546090 1530
1546100 1528
1546110 1523
1546120 1520
1546130 1520
1546140 1517
1546150 1514
1546160 1514
1546170 1512
1546180 1510
1546190 1510
1546200 1508
1546210 1507
1546220 1507
1546230 1504
1546240 1502
1546250 1502
1546260 1498
1546270 1495
1546280 1495
1546290 1492
1546300 1490
1546310 1490
1546320 1487
1546330 1485
1546340 1482
1546350 1482
1546360 1479
1546370 1475
1546380 1475
1546390 1471
1546400 1467
1546410 1467
1546420 1461
1546430 1456
1546440 1456
1546450 1449
1546460 1443
1546470 1443
1546480 1438
1546490 1435
1546500 1435
1546510 1430
1546520 1424
1546530 1424
1546540 1419
1546550 1413
1546560 1409
1546570 1409
1546580 1404
1546590 1399
1546600 1399
1546610 1393
1546620 1386
1546630 1386
1546640 1383
1546650 1379
1546660 1379
1546670 1373
1546680 1368
1546690 1368
1546700 1361
1546710 1356
1546720 1356
1546730 1351
1546740 1347
1546750 1341
1546760 1341
1546770 1338
1546780 1336
1546790 1336
1546800 1332
1546810 1329
1546820 1329
1546830 1325
1546840 1322
1546850 1322
1546860 1318
1546870 1316
1546880 1316
1546890 1313
1546900 1309
1546910 1309
1546920 1306
1546930 1302
1546940 1302
1546950 1298
1546960 1293
1546970 1289
1546980 1289
1546990 1284
1547000 1279
1547010 1279
1547020 1274
1547030 1270
1547040 1270
1547050 1266
1547060 1261
1547070 1261
1547080 1255
1547090 1251
1547100 1251
1547110 1248
1547120 1245
1547130 1245
1547140 1242
1547150 1239
1547160 1239
1547170 1234
1547180 1230
1547190 1226
1547200 1226
1547210 1222
1547220 1218
1547230 1218
1547240 1213
1547250 1209
1547260 1209
1547270 1205
1547280 1201
1547290 1201
1547300 1197
1547310 1193
1547320 1193
1547330 1190
1547340 1187
1547350 1187
1547360 1183
1547370 1180
1547380 1180
1547390 1177
1547400 1174
1547410 1171
1547420 1171
1547430 1167
1547440 1164
1547450 1164
1547460 1161
1547470 1158
1547480 1158
1547490 1153
1547500 1150
1547510 1150
1547520 1147
1547530 1144
1547540 1144
1547550 1141
1547560 1138
1547570 1138
1547580 1134
1547590 1131
1547600 1127
1547610 1127
1547620 1122
1547630 1118
1547640 1118
1547650 1113
1547660 1109
1547670 1109
1547680 1104
1547690 1100
1547700 1100
1547710 1095
1547720 1090
1547730 1090
1547740 1085
1547750 1080
1547760 1080
1547770 1074
1547780 1068
1547790 1068
1547800 1062
1547810 1054
1547820 1045
1547830 1045
1547840 1035
1547850 1028
1547860 1028
1547870 1022
1547880 1013
1547890 1013
1547900 1009
1547910 1005
1547920 1005
1547930 1005
1547940 1006
1547950 1006
1547960 1007
1547970 1010
1547980 1010
1547990 1018
1548000 1024
1548010 1024
1548020 1027
1548030 1032
1548040 1037
1548050 1037
1548060 1042
1548070 1048
1548080 1048
1548090 1052
1548100 1057
1548110 1057
1548120 1062
1548130 1068
1548140 1068
1548150 1073
1548160 1078
1548170 1078
1548180 1083
1548190 1088
1548200 1088
1548210 1094
1548220 1099
1548230 1106
1548240 1106
1548250 1113
1548260 1120
1548270 1120
1548280 1127
1548290 1132
1548300 1132
1548310 1137
1548320 1143
1548330 1143
1548340 1149
1548350 1156
1548360 1156
1548370 1162
1548380 1167
1548390 1167
1548400 1173
1548410 1178
1548420 1178
1548430 1184
1548440 1190
1548450 1195
1548460 1195
1548470 1201
1548480 1205
1548490 1205
1548500 1209
1548510 1213
1548520 1213
1548530 1217
1548540 1221
1548550 1221
1548560 1225
1548570 1228
1548580 1228
1548590 1232
1548600 1236
1548610 1236
1548620 1239
1548630 1241
1548640 1241
1548650 1243
1548660 1247
1548670 1250
1548680 1250
1548690 1253
1548700 1255
1548710 1255
1548720 1258
1548730 1261
1548740 1261
1548750 1264
1548760 1267
1548770 1267
1548780 1271
1548790 1275
1548800 1275
1548810 1279
1548820 1283
1548830 1283
1548840 1286
1548850 1290
1548860 1294
1548870 1294
1548880 1297
1548890 1301
1548900 1301
1548910 1304
1548920 1308
1548930 1308
1548940 1311
1548950 1314
1548960 1314
1548970 1317
1548980 1319
1548990 1319
1549000 1322
1549010 1326
1549020 1326
1549030 1328
1549040 1331
1549050 1331
1549060 1334
1549070 1336
1549080 1337
1549090 1337
1549100 1338
1549110 1339
1549120 1339
1549130 1340
1549140 1340
1549150 1340
1549160 1341
1549170 1340
1549180 1340
1549190 1339
1549200 1336
1549210 1336
1549220 1334
1549230 1332
1549240 1332
1549250 1330
1549260 1328
1549270 1328
1549280 1327
1549290 1326
1549300 1324
1549310 1324
1549320 1323
1549330 1321
1549340 1321
1549350 1319
1549360 1316
1549370 1316
1549380 1313
1549390 1309
1549400 1309
1549410 1307
1549420 1304
1549430 1304
1549440 1302
1549450 1299
1549460 1299
1549470 1296
1549480 1293
1549490 1293
1549500 1291
1549510 1288
1549520 1285
1549530 1285
1549540 1282
1549550 1278
1549560 1278
1549570 1273
1549580 1270
1549590 1270
1549600 1269
1549610 1267
1549620 1267
1549630 1263
1549640 1259
1549650 1259
1549660 1255
1549670 1252
1549680 1252
1549690 1248
1549700 1246
1549710 1244
1549720 1244
1549730 1241
1549740 1240
1549750 1240
1549760 1239
1549770 1238
1549780 1238
1549790 1237
1549800 1235
1549810 1235
1549820 1234
1549830 1235
1549840 1235
1549850 1233
1549860 1231
1549870 1231
1549880 1229
1549890 1225
1549900 1225
1549910 1221
1549920 1218
1549930 1213
1549940 1213
1549950 1209
1549960 1205
1549970 1205
1549980 1203
1549990 1202
1550000 1202
1550010 1205
1550020 1215
1550030 1215
1550040 1225
1550050 1231
1550060 1231
1550070 1236
1550080 1237
1550090 1237
1550100 1238
1550110 1244
1550120 1244
1550130 1256
1550140 1264
1550150 1269
1550160 1269
1550170 1276
1550180 1283
1550190 1283
1550200 1288
1550210 1294
1550220 1294
1550230 1300
1550240 1306
1550250 1306
1550260 1311
1550270 1315
1550280 1315
1550290 1319
1550300 1323
1550310 1323
1550320 1327
1550330 1330
1550340 1334
1550350 1334
1550360 1338
1550370 1337
1550380 1337
1550390 1341
1550400 1345
1550410 1345
1550420 1348
1550430 1353
1550440 1353
1550450 1357
1550460 1361
1550470 1361
1550480 1364
1550490 1369
1550500 1369
1550510 1373
1550520 1376
1550530 1376
1550540 1380
1550550 1384
1550560 1388
1550570 1388
1550580 1392
1550590 1396
1550600 1396
1550610 1399
1550620 1403
1550630 1403
1550640 1407
1550650 1412
1550660 1412
1550670 1417
1550680 1422
1550690 1422
1550700 1426
1550710 1431
1550720 1431
1550730 1436
1550740 1441
1550750 1441
1550760 1446
1550770 1451
1550780 1455
1550790 1455
1550800 1458
1550810 1462
1550820 1462
1550830 1465
1550840 1469
1550850 1469
1550860 1472
1550870 1475
1550880 1475
1550890 1479
1550900 1483
1550910 1483
1550920 1487
1550930 1491
1550940 1491
1550950 1495
1550960 1500
1550970 1500
1550980 1504
1550990 1510
1551000 1515
1551010 1515
1551020 1519
1551030 1524
1551040 1524
1551050 1528
1551060 1533
1551070 1533
1551080 1537
1551090 1541
1551100 1541
1551110 1546
1551120 1552
1551130 1552
1551140 1558
1551150 1564
1551160 1564
1551170 1571
1551180 1577
1551190 1583
1551200 1583
1551210 1589
1551220 1595
1551230 1595
1551240 1601
1551250 1607
1551260 1607
1551270 1613
1551280 1618
1551290 1618
1551300 1625
1551310 1631
1551320 1631
1551330 1635
1551340 1640
1551350 1640
1551360 1644
1551370 1648
1551380 1648
1551390 1652
1551400 1655
1551410 1659
1551420 1659
1551430 1662
1551440 1667
1551450 1667
1551460 1672
1551470 1676
1551480 1676
1551490 1681
1551500 1687
1551510 1687
1551520 1693
1551530 1698
1551540 1698
1551550 1704
1551560 1710
1551570 1710
1551580 1714
1551590 1718
1551600 1718
1551610 1721
1551620 1728
1551630 1735
1551640 1735
1551650 1739
1551660 1745
1551670 1745
1551680 1749
1551690 1754
1551700 1754
1551710 1758
1551720 1761
1551730 1761
1551740 1764
1551750 1768
1551760 1768
1551770 1772
1551780 1776
1551790 1776
1551800 1782
1551810 1788
1551820 1793
1551830 1793
1551840 1799
1551850 1804
1551860 1804
1551870 1808
1551880 1812
1551890 1812
1551900 1816
1551910 1821
1551920 1821
1551930 1827
1551940 1833
1551950 1833
1551960 1839
1551970 1844
1551980 1844
1551990 1851
1552000 1857
1552010 1857
1552020 1863
1552030 1870
1552040 1877
1552050 1877
1552060 1883
1552070 1889
1552080 1889
1552090 1893
1552100 1897
1552110 1897
1552120 1900
1552130 1903
1552140 1903
1552150 1906
1552160 1907
1552170 1907
1552180 1907
1552190 1906
1552200 1906
1552210 1905
1552220 1906
1552230 1906
1552240 1906
1552250 1906
1552260 1904
1552270 1902
1552280 1899
1552290 1897
1552300 1897
1552310 1897
1552320 1895
1552330 1895
1552340 1894
1552350 1892
1552360 1892
1552370 1891
1552380 1888
1552390 1888
1552400 1884
1552410 1881
1552420 1881
1552430 1878
1552440 1875
1552450 1872
1552460 1872
1552470 1870
1552480 1868
1552490 1868
1552500 1867
1552510 1865
1552520 1865
1552530 1864
1552540 1863
1552550 1863
1552560 1861
1552570 1860
1552580 1860
1552590 1859
1552600 1858
1552610 1858
1552620 1857
1552630 1856
1552640 1856
1552650 1854
1552660 1852
1552670 1850
1552680 1850
1552690 1849
1552700 1848
1552710 1848
1552720 1845
1552730 1843
1552740 1843
1552750 1841
1552760 1839
1552770 1839
1552780 1837
1552790 1834
1552800 1834
1552810 1833
1552820 1830
1552830 1830
1552840 1828
1552850 1825
1552860 1825
1552870 1823
1552880 1820
1552890 1817
1552900 1817
1552910 1813
1552920 1809
1552930 1809
1552940 1806
1552950 1803
1552960 1803
1552970 1800
1552980 1796
1552990 1796
1553000 1790
1553010 1784
1553020 1784
1553030 1779
1553040 1774
1553050 1774
1553060 1769
1553070 1764
1553080 1764
1553090 1759
1553100 1753
1553110 1751
1553120 1751
1553130 1748
1553140 1746
1553150 1746
1553160 1742
1553170 1739
1553180 1739
1553190 1736
1553200 1734
1553210 1734
1553220 1730
1553230 1727
1553240 1727
1553250 1724
1553260 1721
1553270 1721
1553280 1720
1553290 1719
1553300 1719
1553310 1719
1553320 1717
1553330 1716
1553340 1716
1553350 1714
1553360 1713
1553370 1713
1553380 1711
1553390 1710
1553400 1710
1553410 1709
1553420 1708
1553430 1708
1553440 1708
1553450 1707
1553460 1707
1553470 1707
1553480 1706
1553490 1706
1553500 1705
1553510 1703
1553520 1701
1553530 1701
1553540 1699
1553550 1697
1553560 1697
1553570 1695
1553580 1693
1553590 1693
1553600 1691
1553610 1687
1553620 1687
1553630 1684
1553640 1684
1553650 1684
1553660 1681
1553670 1677
1553680 1677
1553690 1675
1553700 1673
1553710 1673
1553720 1669
1553730 1665
1553740 1661
1553750 1661
1553760 1660
1553770 1660
1553780 1660
1553790 1658
1553800 1655
1553810 1655
1553820 1654
1553830 1653
1553840 1653
1553850 1652
1553860 1651
1553870 1651
1553880 1650
1553890 1649
1553900 1649
1553910 1647
1553920 1645
1553930 1643
1553940 1643
1553950 1641
1553960 1638
1553970 1638
1553980 1636
1553990 1633
1554000 1633
1554010 1630
1554020 1627
1554030 1627
1554040 1624
1554050 1622
1554060 1622
1554070 1619
1554080 1617
1554090 1617
1554100 1613
1554110 1609
1554120 1609
1554130 1605
1554140 1602
1554150 1598
1554160 1598
1554170 1595
1554180 1592
1554190 1592
1554200 1589
1554210 1585
1554220 1585
1554230 1582
1554240 1579
1554250 1579
1554260 1575
1554270 1571
1554280 1571
1554290 1567
1554300 1564
1554310 1564
1554320 1560
1554330 1556
1554340 1556
1554350 1552
1554360 1548
1554370 1545
1554380 1545
1554390 1543
1554400 1540
1554410 1540
1554420 1537
1554430 1533
1554440 1533
1554450 1530
1554460 1526
1554470 1526
1554480 1522
1554490 1518
1554500 1518
1554510 1514
1554520 1510
1554530 1510
1554540 1506
1554550 1503
1554560 1503
1554570 1499
1554580 1496
1554590 1493
1554600 1493
1554610 1488
1554620 1483
1554630 1483
1554640 1478
1554650 1476
1554660 1476
1554670 1474
1554680 1471
1554690 1471
1554700 1468
1554710 1465
1554720 1465
1554730 1462
1554740 1459
1554750 1459
1554760 1454
1554770 1450
1554780 1444
1554790 1444
1554800 1439
1554810 1433
1554820 1433
1554830 1427
1554840 1421
1554850 1421
1554860 1416
1554870 1410
1554880 1410
1554890 1405
1554900 1400
1554910 1400
1554920 1393
1554930 1388
1554940 1388
1554950 1383
1554960 1378
1554970 1378
1554980 1371
1554990 1365
1555000 1358
1555010 1358
1555020 1355
1555030 1353
1555040 1353
1555050 1352
1555060 1351
1555070 1351
1555080 1355
1555090 1366
1555100 1366
1555110 1379
1555120 1384
1555130 1384
1555140 1385
1555150 1384
1555160 1384
1555170 1383
1555180 1384
1555190 1384
1555200 1387
1555210 1388
1555220 1387
1555230 1387
1555240 1385
1555250 1385
1555260 1385
1555270 1385
1555280 1385
1555290 1385
1555300 1385
1555310 1385
1555320 1385
1555330 1385
1555340 1383
1555350 1383
1555360 1382
1555370 1381
1555380 1381
1555390 1381
1555400 1381
1555410 1380
1555420 1380
1555430 1381
1555440 1381
1555450 1381
1555460 1380
1555470 1380
1555480 1380
1555490 1380
1555500 1380
1555510 1380
1555520 1379
1555530 1381
1555540 1381
1555550 1379
1555560 1378
1555570 1378
1555580 1376
1555590 1374
1555600 1374
1555610 1373
1555620 1372
1555630 1373
1555640 1373
1555650 1373
1555660 1373
1555670 1373
1555680 1373
1555690 1374
1555700 1374
1555710 1374
1555720 1374
1555730 1374
1555740 1374
1555750 1375
1555760 1375
1555770 1375
1555780 1375
1555790 1375
1555800 1376
1555810 1376
1555820 1376
1555830 1376
1555840 1376
1555850 1376
1555860 1376
1555870 1376
1555880 1376
1555890 1376
1555900 1375
1555910 1374
1555920 1374
1555930 1375
1555940 1377
1555950 1377
1555960 1380
1555970 1383
1555980 1383
1555990 1385
1556000 1386
1556010 1386
1556020 1387
1556030 1387
1556040 1388
1556050 1388
1556060 1389
1556070 1390
1556080 1390
1556090 1390
1556100 1392
1556110 1392
1556120 1393
1556130 1395
1556140 1395
1556150 1395
1556160 1395
1556170 1395
1556180 1395
1556190 1395
1556200 1395
1556210 1395
1556220 1395
1556230 1395
1556240 1394
1556250 1393
1556260 1393
1556270 1393
1556280 1392
1556290 1392
1556300 1392
1556310 1391
1556320 1390
1556330 1390
1556340 1388
1556350 1387
1556360 1387
1556370 1386
1556380 1384
1556390 1384
1556400 1381
1556410 1380
1556420 1380
1556430 1379
1556440 1379
1556450 1379
1556460 1378
1556470 1378
1556480 1378
1556490 1378
1556500 1378
1556510 1377
1556520 1377
1556530 1376
1556540 1375
1556550 1375
1556560 1375
1556570 1374
1556580 1374
1556590 1375
1556600 1375
1556610 1375
1556620 1375
1556630 1375
1556640 1375
1556650 1375
1556660 1375
1556670 1375
1556680 1373
1556690 1369
1556700 1364
1556710 1364
1556720 1360
1556730 1356
1556740 1356
1556750 1349
1556760 1344
1556770 1344
1556780 1344
1556790 1345
1556800 1345
1556810 1348
1556820 1352
1556830 1352
1556840 1355
1556850 1359
1556860 1359
1556870 1362
1556880 1365
1556890 1368
1556900 1368
1556910 1369
1556920 1371
1556930 1371
1556940 1372
1556950 1373
1556960 1373
1556970 1374
1556980 1375
1556990 1375
1557000 1376
1557010 1377
1557020 1377
1557030 1378
1557040 1378
1557050 1378
1557060 1378
1557070 1377
1557080 1377
1557090 1377
1557100 1377
1557110 1377
1557120 1377
1557130 1376
1557140 1375
1557150 1375
1557160 1375
1557170 1375
1557180 1375
1557190 1375
1557200 1377
1557210 1377
1557220 1379
1557230 1381
1557240 1381
1557250 1383
1557260 1385
1557270 1385
1557280 1386
1557290 1386
1557300 1386
1557310 1387
1557320 1389
1557330 1391
1557340 1391
1557350 1391
1557360 1389
1557370 1389
1557380 1387
1557390 1386
1557400 1386
1557410 1386
1557420 1384
1557430 1384
1557440 1381
1557450 1378
1557460 1378
1557470 1372
1557480 1366
1557490 1366
1557500 1359
1557510 1356
1557520 1352
1557530 1352
1557540 1349
1557550 1346
1557560 1346
1557570 1343
1557580 1341
1557590 1341
1557600 1338
1557610 1334
1557620 1334
1557630 1329
1557640 1324
1557650 1324
1557660 1318
1557670 1308
1557680 1308
1557690 1304
1557700 1300
1557710 1300
1557720 1298
1557730 1296
1557740 1294
1557750 1294
1557760 1291
1557770 1289
1557780 1289
1557790 1286
1557800 1282
1557810 1282
1557820 1278
1557830 1274
1557840 1274
1557850 1270
1557860 1267
1557870 1267
1557880 1264
1557890 1261
1557900 1261
1557910 1259
1557920 1258
1557930 1258
1557940 1258
1557950 1257
1557960 1255
1557970 1255
1557980 1254
1557990 1250
1558000 1250
1558010 1246
1558020 1241
1558030 1241
1558040 1237
1558050 1232
1558060 1232
1558070 1228
1558080 1223
1558090 1223
1558100 1219
1558110 1216
1558120 1216
1558130 1212
1558140 1207
1558150 1207
1558160 1203
1558170 1197
1558180 1192
1558190 1192
1558200 1187
1558210 1182
1558220 1182
1558230 1177
1558240 1172
1558250 1172
1558260 1168
1558270 1163
1558280 1163
1558290 1156
1558300 1151
1558310 1151
1558320 1147
1558330 1142
1558340 1142
1558350 1138
1558360 1138
1558370 1142
1558380 1142
1558390 1145
1558400 1142
1558410 1142
1558420 1136
1558430 1129
1558440 1129
1558450 1122
1558460 1116
1558470 1116
1558480 1110
1558490 1106
1558500 1106
1558510 1102
1558520 1098
1558530 1098
1558540 1094
1558550 1089
1558560 1089
1558570 1083
1558580 1077
1558590 1072
1558600 1072
1558610 1069
1558620 1066
1558630 1066
1558640 1064
1558650 1060
1558660 1060
1558670 1056
1558680 1051
1558690 1051
1558700 1046
1558710 1040
1558720 1040
1558730 1038
1558740 1040
1558750 1040
1558760 1044
1558770 1047
1558780 1047
1558790 1051
1558800 1055
1558810 1060
1558820 1060
1558830 1065
1558840 1071
1558850 1071
1558860 1078
1558870 1084
1558880 1084
1558890 1088
1558900 1093
1558910 1093
1558920 1097
1558930 1101
1558940 1101
1558950 1105
1558960 1110
1558970 1110
1558980 1115
1558990 1120
1559000 1127
1559010 1127
1559020 1134
1559030 1138
1559040 1138
1559050 1142
1559060 1145
1559070 1145
1559080 1146
1559090 1148
1559100 1148
1559110 1151
1559120 1154
1559130 1154
1559140 1156
1559150 1159
1559160 1159
1559170 1162
1559180 1166
1559190 1166
1559200 1169
1559210 1173
1559220 1178
1559230 1178
1559240 1183
1559250 1187
1559260 1187
1559270 1190
1559280 1193
1559290 1193
1559300 1196
1559310 1199
1559320 1199
1559330 1202
1559340 1204
1559350 1204
1559360 1206
1559370 1209
1559380 1208
1559390 1211
1559400 1214
1559410 1214
1559420 1217
1559430 1220
1559440 1224
1559450 1224
1559460 1226
1559470 1229
1559480 1229
1559490 1233
1559500 1237
1559510 1237
1559520 1241
1559530 1245
1559540 1245
1559550 1248
1559560 1252
1559570 1252
1559580 1256
1559590 1260
1559600 1260
1559610 1264
1559620 1268
1559630 1268
1559640 1272
1559650 1277
1559660 1281
1559670 1281
1559680 1285
1559690 1290
1559700 1290
1559710 1294
1559720 1299
1559730 1299
1559740 1303
1559750 1308
1559760 1308
1559770 1313
1559780 1318
1559790 1318
1559800 1323
1559810 1328
1559820 1328
1559830 1333
1559840 1338
1559850 1342
1559860 1342
1559870 1347
1559880 1352
1559890 1352
1559900 1356
1559910 1361
1559920 1361
1559930 1365
1559940 1370
1559950 1370
1559960 1374
1559970 1378
1559980 1378
1559990 1382
