1540000 1297
1540010 1301
1540020 1306
1540030 1306
1540040 1310
1540050 1314
1540060 1314
1540070 1317
1540080 1320
1540090 1320
1540100 1324
1540110 1328
1540120 1328
1540130 1332
1540140 1337
1540150 1337
1540160 1341
1540170 1346
1540180 1351
1540190 1351
1540200 1356
1540210 1360
1540220 1360
1540230 1364
1540240 1369
1540250 1369
1540260 1374
1540270 1379
1540280 1379
1540290 1384
1540300 1388
1540310 1388
1540320 1393
1540330 1399
1540340 1399
1540350 1403
1540360 1406
1540370 1406
1540380 1411
1540390 1415
1540400 1417
1540410 1417
1540420 1420
1540430 1423
1540440 1423
1540450 1425
1540460 1427
1540470 1427
1540480 1428
1540490 1431
1540500 1431
1540510 1435
1540520 1439
1540530 1439
1540540 1443
1540550 1447
1540560 1447
1540570 1451
1540580 1457
1540590 1463
1540600 1463
1540610 1467
1540620 1472
1540630 1472
1540640 1478
1540650 1483
1540660 1483
1540670 1488
1540680 1493
1540690 1493
1540700 1497
1540710 1500
1540720 1500
1540730 1502
1540740 1505
1540750 1505
1540760 1507
1540770 1512
1540780 1512
1540790 1516
1540800 1521
1540810 1527
1540820 1527
1540830 1532
1540840 1537
1540850 1537
1540860 1542
1540870 1547
1540880 1547
1540890 1551
1540900 1554
1540910 1554
1540920 1558
1540930 1563
1540940 1563
1540950 1566
1540960 1569
1540970 1569
1540980 1572
1540990 1576
1541000 1576
1541010 1580
1541020 1583
1541030 1587
1541040 1587
1541050 1590
1541060 1593
1541070 1593
1541080 1596
1541090 1601
1541100 1601
1541110 1606
1541120 1606
1541130 1606
1541140 1609
1541150 1613
1541160 1613
1541170 1616
1541180 1620
1541190 1620
1541200 1623
1541210 1628
1541220 1628
1541230 1632
1541240 1637
1541250 1643
1541260 1643
1541270 1647
1541280 1649
1541290 1649
1541300 1653
1541310 1657
1541320 1657
1541330 1660
1541340 1663
1541350 1663
1541360 1667
1541370 1671
1541380 1671
1541390 1676
1541400 1681
1541410 1681
1541420 1687
1541430 1692
1541440 1697
1541450 1697
1541460 1700
1541470 1703
1541480 1703
1541490 1706
1541500 1708
1541510 1708
1541520 1708
1541530 1709
1541540 1709
1541550 1707
1541560 1706
1541570 1706
1541580 1706
1541590 1706
1541600 1706
1541610 1706
1541620 1708
1541630 1708
1541640 1709
1541650 1710
1541660 1711
1541670 1711
1541680 1711
1541690 1712
1541700 1712
1541710 1710
1541720 1710
1541730 1710
1541740 1711
1541750 1711
1541760 1711
1541770 1712
1541780 1712
1541790 1712
1541800 1712
1541810 1712
1541820 1712
1541830 1713
1541840 1713
1541850 1713
1541860 1715
1541870 1717
1541880 1720
1541890 1720
1541900 1725
1541910 1727
1541920 1727
1541930 1727
1541940 1726
1541950 1726
1541960 1722
1541970 1720
1541980 1720
1541990 1719
1542000 1719
1542010 1719
1542020 1720
1542030 1721
1542040 1721
1542050 1722
1542060 1723
1542070 1723
1542080 1723
1542090 1724
1542100 1725
1542110 1725
1542120 1725
1542130 1726
1542140 1726
1542150 1726
1542160 1727
1542170 1727
1542180 1729
1542190 1731
1542200 1731
1542210 1731
1542220 1732
1542230 1732
1542240 1733
1542250 1735
1542260 1735
1542270 1735
1542280 1734
1542290 1735
1542300 1735
1542310 1736
1542320 1738
1542330 1738
1542340 1739
1542350 1739
1542360 1739
1542370 1739
1542380 1738
1542390 1738
1542400 1737
1542410 1736
1542420 1736
1542430 1737
1542440 1738
1542450 1738
1542460 1739
1542470 1738
1542480 1738
1542490 1737
1542500 1735
1542510 1734
1542520 1734
1542530 1734
1542540 1736
1542550 1736
1542560 1738
1542570 1740
1542580 1740
1542590 1740
1542600 1742
1542610 1742
1542620 1744
1542630 1745
1542640 1745
1542650 1747
1542660 1748
1542670 1748
1542680 1749
1542690 1750
1542700 1750
1542710 1751
1542720 1752
1542730 1754
1542740 1754
1542750 1755
1542760 1757
1542770 1757
1542780 1758
1542790 1759
1542800 1759
1542810 1760
1542820 1762
1542830 1762
1542840 1765
1542850 1766
1542860 1766
1542870 1767
1542880 1767
1542890 1767
1542900 1768
1542910 1769
1542920 1769
1542930 1769
1542940 1768
1542950 1767
1542960 1767
1542970 1764
1542980 1758
1542990 1758
1543000 1754
1543010 1751
1543020 1751
1543030 1748
1543040 1745
1543050 1745
1543060 1742
1543070 1737
1543080 1737
1543090 1734
1543100 1730
1543110 1730
1543120 1726
1543130 1722
1543140 1718
1543150 1718
1543160 1715
1543170 1710
1543180 1710
1543190 1706
1543200 1702
1543210 1702
1543220 1697
1543230 1691
1543240 1691
1543250 1685
1543260 1678
1543270 1678
1543280 1670
1543290 1664
1543300 1664
1543310 1657
1543320 1646
1543330 1646
1543340 1637
1543350 1630
1543360 1623
1543370 1623
1543380 1616
1543390 1610
1543400 1610
1543410 1602
1543420 1595
1543430 1595
1543440 1588
1543450 1582
1543460 1582
1543470 1577
1543480 1570
1543490 1570
1543500 1563
1543510 1555
1543520 1555
1543530 1546
1543540 1539
1543550 1539
1543560 1533
1543570 1526
1543580 1519
1543590 1519
1543600 1514
1543610 1509
1543620 1509
1543630 1503
1543640 1497
1543650 1497
1543660 1492
1543670 1487
1543680 1487
1543690 1483
1543700 1479
1543710 1479
1543720 1474
1543730 1469
1543740 1469
1543750 1464
1543760 1460
1543770 1460
1543780 1456
1543790 1452
1543800 1449
1543810 1449
1543820 1447
1543830 1444
1543840 1444
1543850 1442
1543860 1439
1543870 1439
1543880 1437
1543890 1436
1543900 1436
1543910 1434
1543920 1432
1543930 1432
1543940 1429
1543950 1427
1543960 1427
1543970 1426
1543980 1424
1543990 1421
1544000 1421
1544010 1418
1544020 1414
1544030 1414
1544040 1412
1544050 1409
1544060 1409
1544070 1407
1544080 1405
1544090 1405
1544100 1403
1544110 1402
1544120 1402
1544130 1400
1544140 1399
1544150 1399
1544160 1397
1544170 1394
1544180 1394
1544190 1392
1544200 1390
1544210 1388
1544220 1388
1544230 1386
1544240 1383
1544250 1383
1544260 1380
1544270 1377
1544280 1377
1544290 1375
1544300 1372
1544310 1372
1544320 1369
1544330 1367
1544340 1367
1544350 1363
1544360 1360
1544370 1360
1544380 1357
1544390 1354
1544400 1354
1544410 1351
1544420 1347
1544430 1344
1544440 1344
1544450 1340
1544460 1335
1544470 1335
1544480 1330
1544490 1325
1544500 1325
1544510 1321
1544520 1316
1544530 1316
1544540 1312
1544550 1306
1544560 1306
1544570 1302
1544580 1298
1544590 1298
1544600 1292
1544610 1287
1544620 1287
1544630 1280
1544640 1276
1544650 1272
1544660 1272
1544670 1268
1544680 1265
1544690 1265
1544700 1259
1544710 1248
1544720 1248
1544730 1242
1544740 1237
1544750 1237
1544760 1233
1544770 1230
1544780 1230
1544790 1226
1544800 1222
1544810 1222
1544820 1219
1544830 1215
1544840 1211
1544850 1211
1544860 1208
1544870 1204
1544880 1204
1544890 1200
1544900 1197
1544910 1197
1544920 1195
1544930 1194
1544940 1194
1544950 1189
1544960 1181
1544970 1181
1544980 1175
1544990 1170
1545000 1170
1545010 1165
1545020 1159
1545030 1159
1545040 1154
1545050 1148
1545060 1144
1545070 1144
1545080 1141
1545090 1140
1545100 1140
1545110 1139
1545120 1137
1545130 1137
1545140 1137
1545150 1136
1545160 1136
1545170 1133
1545180 1131
1545190 1131
1545200 1132
1545210 1133
1545220 1133
1545230 1134
1545240 1136
1545250 1136
1545260 1141
1545270 1146
1545280 1152
1545290 1152
1545300 1157
1545310 1162
1545320 1162
1545330 1168
1545340 1173
1545350 1173
1545360 1178
1545370 1183
1545380 1183
1545390 1189
1545400 1196
1545410 1196
1545420 1204
1545430 1215
1545440 1215
1545450 1224
1545460 1231
1545470 1231
1545480 1237
1545490 1244
1545500 1251
1545510 1251
1545520 1258
1545530 1265
1545540 1265
1545550 1272
1545560 1280
1545570 1280
1545580 1287
1545590 1295
1545600 1295
1545610 1302
1545620 1309
1545630 1309
1545640 1317
1545650 1325
1545660 1325
1545670 1332
1545680 1339
1545690 1346
1545700 1346
1545710 1352
1545720 1359
1545730 1359
1545740 1365
1545750 1371
1545760 1371
1545770 1375
1545780 1377
1545790 1377
1545800 1380
1545810 1384
1545820 1384
1545830 1390
1545840 1395
1545850 1395
1545860 1401
1545870 1407
1545880 1407
1545890 1412
1545900 1419
1545910 1425
1545920 1425
1545930 1430
1545940 1434
1545950 1434
1545960 1437
1545970 1440
1545980 1440
1545990 1441
1546000 1445
1546010 1445
1546020 1450
1546030 1454
1546040 1454
1546050 1460
1546060 1465
1546070 1465
1546080 1471
1546090 1477
1546100 1477
1546110 1482
1546120 1488
1546130 1495
1546140 1495
1546150 1500
1546160 1502
1546170 1502
1546180 1503
1546190 1504
1546200 1504
1546210 1503
1546220 1504
1546230 1504
1546240 1504
1546250 1504
1546260 1504
1546270 1504
1546280 1503
1546290 1503
1546300 1501
1546310 1499
1546320 1499
1546330 1497
1546340 1494
1546350 1491
1546360 1491
1546370 1488
1546380 1485
1546390 1485
1546400 1483
1546410 1480
1546420 1480
1546430 1476
1546440 1473
1546450 1473
1546460 1470
1546470 1468
1546480 1468
1546490 1466
1546500 1464
1546510 1464
1546520 1462
1546530 1461
1546540 1459
1546550 1459
1546560 1458
1546570 1458
1546580 1458
1546590 1457
1546600 1456
1546610 1456
1546620 1454
1546630 1453
1546640 1453
1546650 1451
1546660 1450
1546670 1450
1546680 1448
1546690 1447
1546700 1447
1546710 1445
1546720 1443
1546730 1443
1546740 1441
1546750 1440
1546760 1438
1546770 1438
1546780 1436
1546790 1433
1546800 1433
1546810 1431
1546820 1429
1546830 1429
1546840 1426
1546850 1424
1546860 1424
1546870 1422
1546880 1420
1546890 1420
1546900 1416
1546910 1411
1546920 1411
1546930 1406
1546940 1403
1546950 1403
1546960 1400
1546970 1397
1546980 1395
1546990 1395
1547000 1392
1547010 1389
1547020 1389
1547030 1386
1547040 1383
1547050 1383
1547060 1381
1547070 1379
1547080 1379
1547090 1377
1547100 1375
1547110 1375
1547120 1373
1547130 1370
1547140 1370
1547150 1365
1547160 1359
1547170 1359
1547180 1354
1547190 1351
1547200 1347
1547210 1347
1547220 1344
1547230 1341
1547240 1341
1547250 1338
1547260 1335
1547270 1335
1547280 1332
1547290 1328
1547300 1328
1547310 1325
1547320 1322
1547330 1322
1547340 1318
1547350 1312
1547360 1312
1547370 1307
1547380 1301
1547390 1297
1547400 1297
1547410 1293
1547420 1289
1547430 1289
1547440 1284
1547450 1280
1547460 1280
1547470 1276
1547480 1272
1547490 1272
1547500 1268
1547510 1265
1547520 1265
1547530 1261
1547540 1257
1547550 1257
1547560 1253
1547570 1250
1547580 1250
1547590 1246
1547600 1242
1547610 1237
1547620 1237
1547630 1233
1547640 1229
1547650 1229
1547660 1225
1547670 1221
1547680 1221
1547690 1216
1547700 1212
1547710 1212
1547720 1206
1547730 1200
1547740 1200
1547750 1195
1547760 1191
1547770 1191
1547780 1186
1547790 1181
1547800 1181
1547810 1176
1547820 1171
1547830 1166
1547840 1166
1547850 1161
1547860 1157
1547870 1157
1547880 1152
1547890 1145
1547900 1145
1547910 1139
1547920 1133
1547930 1133
1547940 1126
1547950 1118
1547960 1118
1547970 1111
1547980 1105
1547990 1105
1548000 1100
1548010 1095
1548020 1097
1548030 1090
1548040 1085
1548050 1078
1548060 1078
1548070 1072
1548080 1066
1548090 1066
1548100 1062
1548110 1055
1548120 1055
1548130 1046
1548140 1039
1548150 1039
1548160 1032
1548170 1025
1548180 1025
1548190 1018
1548200 1012
1548210 1012
1548220 1007
1548230 1001
1548240 995
1548250 995
1548260 988
1548270 982
1548280 982
1548290 980
1548300 978
1548310 978
1548320 985
1548330 1001
1548340 1001
1548350 1016
1548360 1019
1548370 1019
1548380 1019
1548390 1019
1548400 1019
1548410 1017
1548420 1009
1548430 1009
1548440 999
1548450 998
1548460 1005
1548470 1005
1548480 1017
1548490 1030
1548500 1030
1548510 1037
1548520 1042
1548530 1042
1548540 1048
1548550 1055
1548560 1055
1548570 1061
1548580 1066
1548590 1066
1548600 1071
1548610 1074
1548620 1074
1548630 1075
1548640 1076
1548650 1076
1548660 1076
1548670 1077
1548680 1077
1548690 1077
1548700 1077
1548710 1078
1548720 1078
1548730 1078
1548740 1079
1548750 1079
1548760 1081
1548770 1083
1548780 1083
1548790 1085
1548800 1087
1548810 1087
1548820 1091
1548830 1094
1548840 1094
1548850 1098
1548860 1101
1548870 1101
1548880 1104
1548890 1108
1548900 1112
1548910 1112
1548920 1115
1548930 1121
1548940 1121
1548950 1125
1548960 1128
1548970 1128
1548980 1132
1548990 1136
1549000 1136
1549010 1141
1549020 1145
1549030 1145
1549040 1149
1549050 1152
1549060 1152
1549070 1155
1549080 1159
1549090 1163
1549100 1163
1549110 1167
1549120 1172
1549130 1172
1549140 1176
1549150 1182
1549160 1182
1549170 1187
1549180 1192
1549190 1192
1549200 1196
1549210 1201
1549220 1201
1549230 1206
1549240 1212
1549250 1212
1549260 1217
1549270 1222
1549280 1222
1549290 1227
1549300 1232
1549310 1238
1549320 1238
1549330 1243
1549340 1249
1549350 1249
1549360 1254
1549370 1259
1549380 1259
1549390 1265
1549400 1271
1549410 1271
1549420 1275
1549430 1279
1549440 1279
1549450 1283
1549460 1286
1549470 1286
1549480 1290
1549490 1293
1549500 1293
1549510 1297
1549520 1301
1549530 1305
1549540 1305
1549550 1310
1549560 1314
1549570 1314
1549580 1318
1549590 1322
1549600 1322
1549610 1326
1549620 1330
1549630 1330
1549640 1335
1549650 1339
1549660 1339
1549670 1344
1549680 1348
1549690 1348
1549700 1351
1549710 1353
1549720 1353
1549730 1356
1549740 1360
1549750 1364
1549760 1364
1549770 1369
1549780 1374
1549790 1374
1549800 1379
1549810 1383
1549820 1383
1549830 1387
1549840 1393
1549850 1393
1549860 1399
1549870 1402
1549880 1402
1549890 1404
1549900 1408
1549910 1408
1549920 1412
1549930 1414
1549940 1416
1549950 1416
1549960 1420
1549970 1424
1549980 1429
1549990 1433
1550000 1438
1550010 1438
1550020 1443
1550030 1447
1550040 1447
1550050 1453
1550060 1457
1550070 1457
1550080 1460
1550090 1461
1550100 1461
1550110 1462
1550120 1464
1550130 1464
1550140 1468
1550150 1473
1550160 1478
1550170 1478
1550180 1483
1550190 1486
1550200 1486
1550210 1490
1550220 1493
1550230 1493
1550240 1496
1550250 1497
1550260 1497
1550270 1500
1550280 1504
1550290 1504
1550300 1506
1550310 1509
1550320 1509
1550330 1512
1550340 1514
1550350 1514
1550360 1517
1550370 1521
1550380 1524
1550390 1524
1550400 1528
1550410 1531
1550420 1531
1550430 1535
1550440 1538
1550450 1538
1550460 1542
1550470 1547
1550480 1547
1550490 1552
1550500 1557
1550510 1557
1550520 1562
1550530 1566
1550540 1566
1550550 1567
1550560 1569
1550570 1569
1550580 1570
1550590 1572
1550600 1574
1550610 1574
1550620 1575
1550630 1576
1550640 1576
1550650 1578
1550660 1580
1550670 1580
1550680 1581
1550690 1582
1550700 1582
1550710 1583
1550720 1584
1550730 1584
1550740 1584
1550750 1582
1550760 1582
1550770 1581
1550780 1582
1550790 1583
1550800 1583
1550810 1584
1550820 1584
1550830 1584
1550840 1584
1550850 1583
1550860 1583
1550870 1582
1550880 1582
1550890 1582
1550900 1582
1550910 1582
1550920 1582
1550930 1582
1550940 1582
1550950 1582
1550960 1583
1550970 1583
1550980 1583
1550990 1583
1551000 1583
1551010 1583
1551020 1583
1551030 1582
1551040 1581
1551050 1581
1551060 1580
1551070 1580
1551080 1580
1551090 1580
1551100 1579
1551110 1579
1551120 1580
1551130 1581
1551140 1581
1551150 1582
1551160 1582
1551170 1582
1551180 1584
1551190 1586
1551200 1586
1551210 1588
1551220 1591
1551230 1597
1551240 1597
1551250 1605
1551260 1611
1551270 1611
1551280 1615
1551290 1618
1551300 1618
1551310 1623
1551320 1627
1551330 1627
1551340 1631
1551350 1635
1551360 1635
1551370 1639
1551380 1644
1551390 1644
1551400 1649
1551410 1654
1551420 1654
1551430 1658
1551440 1663
1551450 1667
1551460 1667
1551470 1671
1551480 1675
1551490 1675
1551500 1680
1551510 1685
1551520 1685
1551530 1690
1551540 1695
1551550 1695
1551560 1700
1551570 1705
1551580 1705
1551590 1711
1551600 1716
1551610 1716
1551620 1722
1551630 1728
1551640 1733
1551650 1733
1551660 1737
1551670 1741
1551680 1741
1551690 1744
1551700 1747
1551710 1747
1551720 1750
1551730 1755
1551740 1755
1551750 1759
1551760 1764
1551770 1764
1551780 1769
1551790 1775
1551800 1775
1551810 1781
1551820 1787
1551830 1787
1551840 1793
1551850 1798
1551860 1803
1551870 1803
1551880 1807
1551890 1809
1551900 1808
1551910 1810
1551920 1810
1551930 1810
1551940 1810
1551950 1810
1551960 1810
1551970 1809
1551980 1809
1551990 1809
1552000 1808
1552010 1807
1552020 1807
1552030 1806
1552040 1806
1552050 1806
1552060 1807
1552070 1807
1552080 1809
1552090 1809
1552100 1810
1552110 1811
1552120 1811
1552130 1812
1552140 1813
1552150 1813
1552160 1814
1552170 1815
1552180 1815
1552190 1815
1552200 1815
1552210 1815
1552220 1815
1552230 1815
1552240 1815
1552250 1815
1552260 1814
1552270 1814
1552280 1814
1552290 1814
1552300 1814
1552310 1814
1552320 1814
1552330 1813
1552340 1813
1552350 1814
1552360 1814
1552370 1814
1552380 1814
1552390 1814
1552400 1814
1552410 1813
1552420 1813
1552430 1813
1552440 1812
1552450 1811
1552460 1811
1552470 1809
1552480 1808
1552490 1806
1552500 1806
1552510 1804
1552520 1803
1552530 1803
1552540 1801
1552550 1799
1552560 1799
1552570 1797
1552580 1796
1552590 1796
1552600 1793
1552610 1790
1552620 1790
1552630 1787
1552640 1785
1552650 1785
1552660 1783
1552670 1781
1552680 1781
1552690 1779
1552700 1777
1552710 1775
1552720 1775
1552730 1772
1552740 1769
1552750 1769
1552760 1766
1552770 1763
1552780 1763
1552790 1759
1552800 1756
1552810 1756
1552820 1751
1552830 1748
1552840 1748
1552850 1743
1552860 1739
1552870 1739
1552880 1734
1552890 1728
1552900 1728
1552910 1721
1552920 1713
1552930 1706
1552940 1706
1552950 1700
1552960 1693
1552970 1693
1552980 1687
1552990 1680
1553000 1680
1553010 1674
1553020 1668
1553030 1668
1553040 1663
1553050 1658
1553060 1658
1553070 1654
1553080 1651
1553090 1651
1553100 1647
1553110 1645
1553120 1645
1553130 1642
1553140 1638
1553150 1635
1553160 1635
1553170 1632
1553180 1628
1553190 1628
1553200 1623
1553210 1617
1553220 1617
1553230 1611
1553240 1607
1553250 1607
1553260 1604
1553270 1599
1553280 1599
1553290 1594
1553300 1589
1553310 1589
1553320 1584
1553330 1580
1553340 1580
1553350 1576
1553360 1573
1553370 1569
1553380 1569
1553390 1565
1553400 1562
1553410 1562
1553420 1560
1553430 1558
1553440 1558
1553450 1556
1553460 1553
1553470 1553
1553480 1550
1553490 1548
1553500 1548
1553510 1545
1553520 1542
1553530 1542
1553540 1540
1553550 1539
1553560 1538
1553570 1538
1553580 1536
1553590 1535
1553600 1535
1553610 1534
1553620 1532
1553630 1532
1553640 1530
1553650 1526
1553660 1526
1553670 1524
1553680 1522
1553690 1522
1553700 1521
1553710 1519
1553720 1519
1553730 1517
1553740 1516
1553750 1514
1553760 1513
1553770 1513
1553780 1513
1553790 1513
1553800 1513
1553810 1512
1553820 1512
1553830 1512
1553840 1511
1553850 1511
1553860 1512
1553870 1512
1553880 1512
1553890 1511
1553900 1511
1553910 1511
1553920 1511
1553930 1511
1553940 1511
1553950 1510
1553960 1509
1553970 1509
1553980 1509
1553990 1509
1554000 1509
1554010 1509
1554020 1508
1554030 1506
1554040 1506
1554050 1506
1554060 1504
1554070 1504
1554080 1501
1554090 1499
1554100 1499
1554110 1497
1554120 1495
1554130 1495
1554140 1493
1554150 1492
1554160 1492
1554170 1491
1554180 1490
1554190 1490
1554200 1488
1554210 1486
1554220 1484
1554230 1484
1554240 1482
1554250 1479
1554260 1479
1554270 1476
1554280 1473
1554290 1473
1554300 1470
1554310 1467
1554320 1467
1554330 1465
1554340 1463
1554350 1463
1554360 1461
1554370 1459
1554380 1459
1554390 1458
1554400 1456
1554410 1454
1554420 1454
1554430 1452
1554440 1448
1554450 1448
1554460 1444
1554470 1441
1554480 1441
1554490 1439
1554500 1435
1554510 1435
1554520 1429
1554530 1425
1554540 1425
1554550 1425
1554560 1424
1554570 1424
1554580 1422
1554590 1419
1554600 1419
1554610 1416
1554620 1413
1554630 1411
1554640 1411
1554650 1408
1554660 1405
1554670 1405
1554680 1402
1554690 1398
1554700 1398
1554710 1394
1554720 1391
1554730 1391
1554740 1389
1554750 1389
1554760 1389
1554770 1390
1554780 1392
1554790 1392
1554800 1391
1554810 1389
1554820 1389
1554830 1387
1554840 1384
1554850 1382
1554860 1382
1554870 1380
1554880 1378
1554890 1378
1554900 1374
1554910 1371
1554920 1371
1554930 1369
1554940 1367
1554950 1367
1554960 1364
1554970 1361
1554980 1361
1554990 1361
1555000 1360
1555010 1360
1555020 1360
1555030 1359
1555040 1359
1555050 1358
1555060 1357
1555070 1356
1555080 1356
1555090 1356
1555100 1356
1555110 1356
1555120 1355
1555130 1355
1555140 1355
1555150 1354
1555160 1353
1555170 1353
1555180 1353
1555190 1352
1555200 1352
1555210 1351
1555220 1351
1555230 1351
1555240 1351
1555250 1350
1555260 1349
1555270 1349
1555280 1348
1555290 1348
1555300 1348
1555310 1347
1555320 1347
1555330 1347
1555340 1346
1555350 1345
1555360 1345
1555370 1344
1555380 1343
1555390 1343
1555400 1342
1555410 1341
1555420 1341
1555430 1339
1555440 1338
1555450 1338
1555460 1337
1555470 1335
1555480 1333
1555490 1333
1555500 1331
1555510 1329
1555520 1329
1555530 1328
1555540 1327
1555550 1327
1555560 1326
1555570 1324
1555580 1324
1555590 1323
1555600 1321
1555610 1321
1555620 1319
1555630 1318
1555640 1318
1555650 1317
1555660 1316
1555670 1316
1555680 1314
1555690 1311
1555700 1309
1555710 1309
1555720 1308
1555730 1305
1555740 1305
1555750 1302
1555760 1298
1555770 1298
1555780 1295
1555790 1292
1555800 1292
1555810 1291
1555820 1290
1555830 1290
1555840 1288
1555850 1287
1555860 1287
1555870 1286
1555880 1285
1555890 1285
1555900 1283
1555910 1282
1555920 1282
1555930 1282
1555940 1281
1555950 1280
1555960 1280
1555970 1277
1555980 1275
1555990 1275
1556000 1273
1556010 1269
1556020 1269
1556030 1266
1556040 1264
1556050 1264
1556060 1262
1556070 1260
1556080 1260
1556090 1258
1556100 1256
1556110 1255
1556120 1255
1556130 1254
1556140 1252
1556150 1252
1556160 1250
1556170 1246
1556180 1246
1556190 1241
1556200 1234
1556210 1234
1556220 1229
1556230 1225
1556240 1225
1556250 1221
1556260 1217
1556270 1217
1556280 1215
1556290 1212
1556300 1212
1556310 1209
1556320 1207
1556330 1208
1556340 1208
1556350 1208
1556360 1206
1556370 1206
1556380 1204
1556390 1202
1556400 1202
1556410 1199
1556420 1196
1556430 1196
1556440 1191
1556450 1186
1556460 1186
1556470 1181
1556480 1176
1556490 1176
1556500 1171
1556510 1166
1556520 1166
1556530 1160
1556540 1155
1556550 1151
1556560 1151
1556570 1147
1556580 1142
1556590 1142
1556600 1136
1556610 1130
1556620 1130
1556630 1122
1556640 1117
1556650 1117
1556660 1114
1556670 1111
1556680 1111
1556690 1108
1556700 1103
1556710 1103
1556720 1101
1556730 1095
1556740 1095
1556750 1091
1556760 1091
1556770 1090
1556780 1090
1556790 1090
1556800 1091
1556810 1091
1556820 1093
1556830 1094
1556840 1094
1556850 1097
1556860 1100
1556870 1100
1556880 1101
1556890 1104
1556900 1104
1556910 1109
1556920 1115
1556930 1115
1556940 1123
1556950 1128
1556960 1133
1556970 1133
1556980 1141
1556990 1148
1557000 1148
1557010 1154
1557020 1158
1557030 1158
1557040 1160
1557050 1163
1557060 1163
1557070 1165
1557080 1168
1557090 1168
1557100 1170
1557110 1172
1557120 1172
1557130 1173
1557140 1174
1557150 1174
1557160 1174
1557170 1175
1557180 1175
1557190 1175
1557200 1175
1557210 1176
1557220 1176
1557230 1177
1557240 1179
1557250 1179
1557260 1182
1557270 1183
1557280 1183
1557290 1185
1557300 1185
1557310 1185
1557320 1183
1557330 1174
1557340 1174
1557350 1169
1557360 1165
1557370 1165
1557380 1161
1557390 1158
1557400 1155
1557410 1155
1557420 1152
1557430 1148
1557440 1148
1557450 1145
1557460 1142
1557470 1142
1557480 1139
1557490 1136
1557500 1136
1557510 1134
1557520 1132
1557530 1132
1557540 1129
1557550 1127
1557560 1127
1557570 1125
1557580 1123
1557590 1123
1557600 1121
1557610 1119
1557620 1117
1557630 1117
1557640 1115
1557650 1113
1557660 1113
1557670 1110
1557680 1108
1557690 1108
1557700 1107
1557710 1105
1557720 1105
1557730 1103
1557740 1101
1557750 1101
1557760 1097
1557770 1091
1557780 1091
1557790 1086
1557800 1082
1557810 1076
1557820 1076
1557830 1072
1557840 1070
1557850 1070
1557860 1068
1557870 1065
1557880 1065
1557890 1063
1557900 1061
1557910 1061
1557920 1059
1557930 1057
1557940 1057
1557950 1055
1557960 1051
1557970 1051
1557980 1047
1557990 1044
1558000 1044
1558010 1042
1558020 1041
1558030 1039
1558040 1039
1558050 1037
1558060 1034
1558070 1034
1558080 1030
1558090 1026
1558100 1026
1558110 1021
1558120 1014
1558130 1014
1558140 1007
1558150 999
1558160 999
1558170 997
1558180 994
1558190 994
1558200 994
1558210 995
1558220 995
1558230 996
1558240 997
1558250 997
1558260 997
1558270 1000
1558280 1004
1558290 1004
1558300 1007
1558310 1010
1558320 1010
1558330 1014
1558340 1020
1558350 1020
1558360 1024
1558370 1028
1558380 1028
1558390 1032
1558400 1035
1558410 1035
1558420 1038
1558430 1040
1558440 1040
1558450 1043
1558460 1048
1558470 1052
1558480 1052
1558490 1057
1558500 1061
1558510 1061
1558520 1067
1558530 1074
1558540 1074
1558550 1082
1558560 1083
1558570 1083
1558580 1085
1558590 1089
1558600 1089
1558610 1093
1558620 1097
1558630 1097
1558640 1100
1558650 1103
1558660 1104
1558670 1104
1558680 1106
1558690 1108
1558700 1108
1558710 1111
1558720 1115
1558730 1115
1558740 1120
1558750 1124
1558760 1124
1558770 1127
1558780 1131
1558790 1131
1558800 1135
1558810 1139
1558820 1139
1558830 1144
1558840 1149
1558850 1149
1558860 1153
1558870 1157
1558880 1161
1558890 1161
1558900 1165
1558910 1168
1558920 1168
1558930 1172
1558940 1176
1558950 1176
1558960 1180
1558970 1184
1558980 1184
1558990 1189
1559000 1193
1559010 1193
1559020 1197
1559030 1201
1559040 1201
1559050 1207
1559060 1211
1559070 1211
1559080 1214
1559090 1218
1559100 1221
1559110 1221
1559120 1224
1559130 1228
1559140 1228
1559150 1231
1559160 1233
1559170 1233
1559180 1236
1559190 1240
1559200 1240
1559210 1243
1559220 1246
1559230 1246
1559240 1248
1559250 1250
1559260 1250
1559270 1254
1559280 1258
1559290 1258
1559300 1262
1559310 1266
1559320 1271
1559330 1271
1559340 1276
1559350 1281
1559360 1281
1559370 1287
1559380 1294
1559390 1294
1559400 1301
1559410 1308
1559420 1308
1559430 1315
1559440 1322
1559450 1322
1559460 1328
1559470 1333
1559480 1333
1559490 1338
1559500 1343
1559510 1350
1559520 1350
1559530 1360
1559540 1365
1559550 1365
1559560 1372
1559570 1379
1559580 1379
1559590 1383
1559600 1386
1559610 1386
1559620 1390
1559630 1393
1559640 1393
1559650 1398
1559660 1404
1559670 1404
1559680 1409
1559690 1414
1559700 1414
1559710 1419
1559720 1423
1559730 1427
1559740 1427
1559750 1431
1559760 1436
1559770 1436
1559780 1440
1559790 1443
1559800 1443
1559810 1447
1559820 1450
1559830 1450
1559840 1454
1559850 1459
1559860 1459
1559870 1463
1559880 1468
1559890 1468
1559900 1472
1559910 1477
1559920 1477
1559930 1483
1559940 1488
1559950 1493
1559960 1493
1559970 1498
1559980 1504
1559990 1504
