1540000 1210
1540010 1214
1540020 1214
1540030 1219
1540040 1223
1540050 1223
1540060 1227
1540070 1233
1540080 1233
1540090 1237
1540100 1241
1540110 1241
1540120 1244
1540130 1249
1540140 1249
1540150 1255
1540160 1262
1540170 1267
1540180 1267
1540190 1268
1540200 1271
1540210 1271
1540220 1276
1540230 1280
1540240 1280
1540250 1285
1540260 1292
1540270 1292
1540280 1298
1540290 1303
1540300 1303
1540310 1306
1540320 1310
1540330 1310
1540340 1313
1540350 1316
1540360 1316
1540370 1320
1540380 1326
1540390 1331
1540400 1331
1540410 1334
1540420 1336
1540430 1336
1540440 1339
1540450 1344
1540460 1344
1540470 1347
1540480 1350
1540490 1350
1540500 1354
1540510 1358
1540520 1358
1540530 1363
1540540 1371
1540550 1371
1540560 1378
1540570 1381
1540580 1381
1540590 1382
1540600 1383
1540610 1384
1540620 1384
1540630 1386
1540640 1388
1540650 1388
1540660 1390
1540670 1392
1540680 1392
1540690 1395
1540700 1397
1540710 1397
1540720 1399
1540730 1402
1540740 1402
1540750 1404
1540760 1404
1540770 1404
1540780 1405
1540790 1406
1540800 1409
1540810 1409
1540820 1412
1540830 1415
1540840 1415
1540850 1418
1540860 1419
1540870 1419
1540880 1421
1540890 1429
1540900 1429
1540910 1436
1540920 1442
1540930 1442
1540940 1447
1540950 1451
1540960 1451
1540970 1453
1540980 1456
1540990 1456
1541000 1460
1541010 1464
1541020 1468
1541030 1468
1541040 1472
1541050 1476
1541060 1476
1541070 1480
1541080 1485
1541090 1485
1541100 1489
1541110 1493
1541120 1493
1541130 1498
1541140 1503
1541150 1503
1541160 1508
1541170 1514
1541180 1514
1541190 1518
1541200 1522
1541210 1522
1541220 1525
1541230 1528
1541240 1531
1541250 1531
1541260 1535
1541270 1538
1541280 1538
1541290 1542
1541300 1546
1541310 1546
1541320 1550
1541330 1554
1541340 1554
1541350 1559
1541360 1563
1541370 1563
1541380 1569
1541390 1573
1541400 1573
1541410 1575
1541420 1578
1541430 1578
1541440 1581
1541450 1584
1541460 1588
1541470 1588
1541480 1591
1541490 1595
1541500 1595
1541510 1598
1541520 1602
1541530 1602
1541540 1607
1541550 1612
1541560 1612
1541570 1615
1541580 1617
1541590 1617
1541600 1618
1541610 1617
1541620 1617
1541630 1614
1541640 1612
1541650 1609
1541660 1609
1541670 1606
1541680 1603
1541690 1603
1541700 1600
1541710 1597
1541720 1597
1541730 1594
1541740 1591
1541750 1591
1541760 1589
1541770 1586
1541780 1586
1541790 1582
1541800 1579
1541810 1579
1541820 1577
1541830 1575
1541840 1575
1541850 1573
1541860 1570
1541870 1568
1541880 1568
1541890 1567
1541900 1564
1541910 1564
1541920 1562
1541930 1560
1541940 1560
1541950 1558
1541960 1555
1541970 1555
1541980 1552
1541990 1551
1542000 1551
1542010 1551
1542020 1550
1542030 1550
1542040 1550
1542050 1549
1542060 1549
1542070 1547
1542080 1545
1542090 1544
1542100 1544
1542110 1542
1542120 1540
1542130 1540
1542140 1539
1542150 1538
1542160 1538
1542170 1538
1542180 1538
1542190 1538
1542200 1537
1542210 1536
1542220 1536
1542230 1534
1542240 1533
1542250 1533
1542260 1532
1542270 1531
1542280 1531
1542290 1530
1542300 1529
1542310 1528
1542320 1528
1542330 1528
1542340 1527
1542350 1527
1542360 1526
1542370 1525
1542380 1525
1542390 1523
1542400 1522
1542410 1522
1542420 1520
1542430 1519
1542440 1519
1542450 1519
1542460 1518
1542470 1518
1542480 1517
1542490 1516
1542500 1516
1542510 1516
1542520 1516
1542530 1515
1542540 1515
1542550 1515
1542560 1515
1542570 1515
1542580 1514
1542590 1514
1542600 1514
1542610 1514
1542620 1513
1542630 1513
1542640 1514
1542650 1516
1542660 1516
1542670 1518
1542680 1518
1542690 1518
1542700 1518
1542710 1518
1542720 1520
1542730 1520
1542740 1521
1542750 1522
1542760 1522
1542770 1524
1542780 1526
1542790 1526
1542800 1528
1542810 1529
1542820 1529
1542830 1530
1542840 1531
1542850 1531
1542860 1533
1542870 1535
1542880 1535
1542890 1537
1542900 1539
1542910 1539
1542920 1540
1542930 1542
1542940 1543
1542950 1543
1542960 1545
1542970 1547
1542980 1547
1542990 1549
1543000 1551
1543010 1551
1543020 1554
1543030 1556
1543040 1556
1543050 1558
1543060 1560
1543070 1560
1543080 1563
1543090 1565
1543100 1565
1543110 1566
1543120 1568
1543130 1568
1543140 1570
1543150 1572
1543160 1573
1543170 1568
1543180 1569
1543190 1570
1543200 1570
1543210 1572
1543220 1574
1543230 1574
1543240 1576
1543250 1578
1543260 1578
1543270 1579
1543280 1582
1543290 1582
1543300 1584
1543310 1586
1543320 1586
1543330 1588
1543340 1589
1543350 1589
1543360 1590
1543370 1592
1543380 1592
1543390 1592
1543400 1591
1543410 1591
1543420 1591
1543430 1590
1543440 1590
1543450 1590
1543460 1590
1543470 1590
1543480 1590
1543490 1590
1543500 1589
1543510 1589
1543520 1587
1543530 1585
1543540 1585
1543550 1582
1543560 1577
1543570 1572
1543580 1572
1543590 1568
1543600 1565
1543610 1565
1543620 1562
1543630 1559
1543640 1559
1543650 1557
1543660 1555
1543670 1555
1543680 1551
1543690 1547
1543700 1547
1543710 1542
1543720 1538
1543730 1538
1543740 1534
1543750 1529
1543760 1529
1543770 1523
1543780 1517
1543790 1511
1543800 1511
1543810 1504
1543820 1499
1543830 1499
1543840 1493
1543850 1485
1543860 1485
1543870 1478
1543880 1471
1543890 1471
1543900 1466
1543910 1463
1543920 1463
1543930 1459
1543940 1454
1543950 1454
1543960 1450
1543970 1445
1543980 1445
1543990 1440
1544000 1435
1544010 1430
1544020 1430
1544030 1426
1544040 1421
1544050 1421
1544060 1416
1544070 1411
1544080 1411
1544090 1406
1544100 1401
1544110 1401
1544120 1397
1544130 1391
1544140 1391
1544150 1385
1544160 1380
1544170 1380
1544180 1376
1544190 1371
1544200 1371
1544210 1367
1544220 1364
1544230 1360
1544240 1360
1544250 1357
1544260 1352
1544270 1352
1544280 1349
1544290 1345
1544300 1345
1544310 1341
1544320 1337
1544330 1337
1544340 1333
1544350 1329
1544360 1329
1544370 1325
1544380 1320
1544390 1320
1544400 1317
1544410 1312
1544420 1312
1544430 1306
1544440 1298
1544450 1291
1544460 1291
1544470 1281
1544480 1273
1544490 1273
1544500 1265
1544510 1257
1544520 1257
1544530 1248
1544540 1240
1544550 1240
1544560 1232
1544570 1224
1544580 1224
1544590 1218
1544600 1213
1544610 1213
1544620 1210
1544630 1207
1544640 1205
1544650 1205
1544660 1203
1544670 1201
1544680 1201
1544690 1198
1544700 1195
1544710 1195
1544720 1193
1544730 1191
1544740 1191
1544750 1189
1544760 1187
1544770 1187
1544780 1184
1544790 1179
1544800 1179
1544810 1172
1544820 1168
1544830 1168
1544840 1165
1544850 1163
1544860 1158
1544870 1158
1544880 1153
1544890 1145
1544900 1145
1544910 1140
1544920 1138
1544930 1138
1544940 1135
1544950 1132
1544960 1132
1544970 1130
1544980 1128
1544990 1128
1545000 1126
1545010 1123
1545020 1123
1545030 1121
1545040 1119
1545050 1119
1545060 1117
1545070 1116
1545080 1113
1545090 1113
1545100 1109
1545110 1107
1545120 1107
1545130 1105
1545140 1104
1545150 1104
1545160 1103
1545170 1102
1545180 1102
1545190 1102
1545200 1100
1545210 1100
1545220 1098
1545230 1096
1545240 1096
1545250 1095
1545260 1100
1545270 1100
1545280 1106
1545290 1112
1545300 1114
1545310 1114
1545320 1117
1545330 1121
1545340 1121
1545350 1126
1545360 1130
1545370 1130
1545380 1136
1545390 1141
1545400 1141
1545410 1147
1545420 1155
1545430 1155
1545440 1162
1545450 1173
1545460 1173
1545470 1182
1545480 1192
1545490 1201
1545500 1201
1545510 1213
1545520 1220
1545530 1220
1545540 1227
1545550 1234
1545560 1234
1545570 1241
1545580 1248
1545590 1248
1545600 1256
1545610 1264
1545620 1264
1545630 1272
1545640 1277
1545650 1277
1545660 1283
1545670 1289
1545680 1289
1545690 1294
1545700 1301
1545710 1309
1545720 1309
1545730 1316
1545740 1322
1545750 1322
1545760 1328
1545770 1334
1545780 1334
1545790 1341
1545800 1347
1545810 1347
1545820 1353
1545830 1357
1545840 1357
1545850 1362
1545860 1368
1545870 1368
1545880 1374
1545890 1380
1545900 1380
1545910 1387
1545920 1395
1545930 1401
1545940 1401
1545950 1406
1545960 1409
1545970 1409
1545980 1414
1545990 1419
1546000 1419
1546010 1424
1546020 1431
1546030 1431
1546040 1436
1546050 1439
1546060 1439
1546070 1441
1546080 1443
1546090 1443
1546100 1443
1546110 1446
1546120 1446
1546130 1448
1546140 1448
1546150 1449
1546160 1449
1546170 1450
1546180 1451
1546190 1451
1546200 1451
1546210 1452
1546220 1452
1546230 1453
1546240 1455
1546250 1455
1546260 1455
1546270 1456
1546280 1456
1546290 1456
1546300 1456
1546310 1456
1546320 1455
1546330 1453
1546340 1453
1546350 1451
1546360 1448
1546370 1446
1546380 1446
1546390 1443
1546400 1436
1546410 1436
1546420 1431
1546430 1428
1546440 1428
1546450 1429
1546460 1430
1546470 1430
1546480 1431
1546490 1433
1546500 1433
1546510 1433
1546520 1435
1546530 1435
1546540 1437
1546550 1436
1546560 1435
1546570 1435
1546580 1436
1546590 1437
1546600 1437
1546610 1437
1546620 1435
1546630 1435
1546640 1431
1546650 1427
1546660 1427
1546670 1426
1546680 1423
1546690 1423
1546700 1419
1546710 1416
1546720 1416
1546730 1413
1546740 1409
1546750 1409
1546760 1405
1546770 1403
1546780 1402
1546790 1402
1546800 1400
1546810 1398
1546820 1398
1546830 1397
1546840 1397
1546850 1397
1546860 1397
1546870 1397
1546880 1397
1546890 1396
1546900 1394
1546910 1394
1546920 1390
1546930 1385
1546940 1385
1546950 1378
1546960 1374
1546970 1374
1546980 1371
1546990 1369
1547000 1367
1547010 1367
1547020 1366
1547030 1364
1547040 1364
1547050 1363
1547060 1361
1547070 1361
1547080 1359
1547090 1356
1547100 1356
1547110 1354
1547120 1351
1547130 1351
1547140 1349
1547150 1347
1547160 1347
1547170 1346
1547180 1344
1547190 1344
1547200 1343
1547210 1341
1547220 1339
1547230 1339
1547240 1337
1547250 1334
1547260 1334
1547270 1332
1547280 1329
1547290 1329
1547300 1327
1547310 1325
1547320 1325
1547330 1323
1547340 1320
1547350 1320
1547360 1317
1547370 1315
1547380 1315
1547390 1313
1547400 1311
1547410 1309
1547420 1309
1547430 1307
1547440 1303
1547450 1303
1547460 1301
1547470 1297
1547480 1297
1547490 1293
1547500 1290
1547510 1290
1547520 1288
1547530 1285
1547540 1285
1547550 1281
1547560 1277
1547570 1277
1547580 1274
1547590 1270
1547600 1270
1547610 1267
1547620 1264
1547630 1260
1547640 1260
1547650 1257
1547660 1254
1547670 1254
1547680 1251
1547690 1247
1547700 1247
1547710 1243
1547720 1239
1547730 1239
1547740 1235
1547750 1232
1547760 1232
1547770 1228
1547780 1224
1547790 1224
1547800 1220
1547810 1215
1547820 1215
1547830 1210
1547840 1205
1547850 1201
1547860 1201
1547870 1197
1547880 1193
1547890 1193
1547900 1189
1547910 1185
1547920 1185
1547930 1181
1547940 1176
1547950 1176
1547960 1172
1547970 1166
1547980 1166
1547990 1161
1548000 1155
1548010 1155
1548020 1150
1548030 1145
1548040 1145
1548050 1140
1548060 1134
1548070 1130
1548080 1130
1548090 1125
1548100 1120
1548110 1120
1548120 1115
1548130 1108
1548140 1108
1548150 1102
1548160 1096
1548170 1096
1548180 1090
1548190 1085
1548200 1085
1548210 1080
1548220 1075
1548230 1075
1548240 1071
1548250 1068
1548260 1068
1548270 1065
1548280 1061
1548290 1057
1548300 1057
1548310 1054
1548320 1050
1548330 1050
1548340 1047
1548350 1044
1548360 1044
1548370 1040
1548380 1036
1548390 1036
1548400 1033
1548410 1030
1548420 1030
1548430 1027
1548440 1024
1548450 1024
1548460 1020
1548470 1017
1548480 1013
1548490 1013
1548500 1008
1548510 1004
1548520 1004
1548530 1001
1548540 997
1548550 997
1548560 993
1548570 990
1548580 990
1548590 987
1548600 984
1548610 984
1548620 979
1548630 973
1548640 973
1548650 969
1548660 965
1548670 965
1548680 963
1548690 963
1548700 967
1548710 967
1548720 973
1548730 989
1548740 989
1548750 997
1548760 1001
1548770 1001
1548780 1006
1548790 1009
1548800 1009
1548810 1013
1548820 1017
1548830 1017
1548840 1019
1548850 1021
1548860 1021
1548870 1025
1548880 1033
1548890 1033
1548900 1038
1548910 1042
1548920 1048
1548930 1048
1548940 1051
1548950 1053
1548960 1053
1548970 1054
1548980 1057
1548990 1057
1549000 1060
1549010 1063
1549020 1063
1549030 1068
1549040 1074
1549050 1074
1549060 1080
1549070 1084
1549080 1084
1549090 1089
1549100 1093
1549110 1093
1549120 1098
1549130 1104
1549140 1108
1549150 1108
1549160 1113
1549170 1118
1549180 1118
1549190 1122
1549200 1127
1549210 1127
1549220 1131
1549230 1136
1549240 1136
1549250 1141
1549260 1145
1549270 1145
1549280 1149
1549290 1154
1549300 1154
1549310 1159
1549320 1164
1549330 1167
1549340 1167
1549350 1172
1549360 1178
1549370 1178
1549380 1184
1549390 1190
1549400 1190
1549410 1195
1549420 1201
1549430 1201
1549440 1206
1549450 1210
1549460 1210
1549470 1216
1549480 1222
1549490 1222
1549500 1227
1549510 1232
1549520 1232
1549530 1238
1549540 1243
1549550 1247
1549560 1247
1549570 1250
1549580 1254
1549590 1254
1549600 1258
1549610 1261
1549620 1261
1549630 1264
1549640 1267
1549650 1267
1549660 1270
1549670 1274
1549680 1274
1549690 1277
1549700 1280
1549710 1280
1549720 1283
1549730 1286
1549740 1286
1549750 1288
1549760 1290
1549770 1292
1549780 1292
1549790 1293
1549800 1295
1549810 1295
1549820 1296
1549830 1297
1549840 1297
1549850 1299
1549860 1301
1549870 1301
1549880 1302
1549890 1303
1549900 1303
1549910 1303
1549920 1303
1549930 1303
1549940 1304
1549950 1304
1549960 1304
1549970 1303
1549980 1302
1549990 1303
1550000 1303
1550010 1303
1550020 1303
1550030 1303
1550040 1303
1550050 1303
1550060 1303
1550070 1304
1550080 1304
1550090 1304
1550100 1305
1550110 1305
1550120 1305
1550130 1306
1550140 1306
1550150 1306
1550160 1306
1550170 1307
1550180 1307
1550190 1308
1550200 1309
1550210 1310
1550220 1310
1550230 1311
1550240 1310
1550250 1310
1550260 1310
1550270 1309
1550280 1309
1550290 1308
1550300 1307
1550310 1307
1550320 1305
1550330 1303
1550340 1303
1550350 1300
1550360 1298
1550370 1298
1550380 1298
1550390 1296
1550400 1295
1550410 1295
1550420 1294
1550430 1295
1550440 1295
1550450 1297
1550460 1300
1550470 1300
1550480 1303
1550490 1305
1550500 1305
1550510 1306
1550520 1307
1550530 1307
1550540 1308
1550550 1310
1550560 1310
1550570 1311
1550580 1312
1550590 1312
1550600 1313
1550610 1314
1550620 1314
1550630 1314
1550640 1314
1550650 1316
1550660 1316
1550670 1318
1550680 1320
1550690 1320
1550700 1323
1550710 1328
1550720 1328
1550730 1332
1550740 1335
1550750 1335
1550760 1339
1550770 1342
1550780 1342
1550790 1345
1550800 1347
1550810 1347
1550820 1349
1550830 1351
1550840 1353
1550850 1353
1550860 1355
1550870 1356
1550880 1356
1550890 1354
1550900 1350
1550910 1350
1550920 1350
1550930 1354
1550940 1354
1550950 1357
1550960 1362
1550970 1362
1550980 1366
1550990 1371
1551000 1371
1551010 1376
1551020 1383
1551030 1383
1551040 1386
1551050 1392
1551060 1398
1551070 1398
1551080 1404
1551090 1410
1551100 1410
1551110 1417
1551120 1423
1551130 1423
1551140 1429
1551150 1435
1551160 1435
1551170 1441
1551180 1446
1551190 1446
1551200 1452
1551210 1457
1551220 1457
1551230 1463
1551240 1469
1551250 1476
1551260 1476
1551270 1481
1551280 1488
1551290 1488
1551300 1495
1551310 1501
1551320 1501
1551330 1507
1551340 1514
1551350 1514
1551360 1519
1551370 1526
1551380 1526
1551390 1533
1551400 1539
1551410 1539
1551420 1545
1551430 1551
1551440 1551
1551450 1558
1551460 1565
1551470 1574
1551480 1574
1551490 1581
1551500 1586
1551510 1586
1551520 1591
1551530 1596
1551540 1596
1551550 1602
1551560 1606
1551570 1606
1551580 1611
1551590 1616
1551600 1616
1551610 1621
1551620 1626
1551630 1626
1551640 1632
1551650 1639
1551660 1639
1551670 1645
1551680 1651
1551690 1655
1551700 1655
1551710 1661
1551720 1666
1551730 1666
1551740 1673
1551750 1678
1551760 1678
1551770 1684
1551780 1690
1551790 1690
1551800 1696
1551810 1702
1551820 1702
1551830 1709
1551840 1716
1551850 1716
1551860 1723
1551870 1730
1551880 1730
1551890 1735
1551900 1742
1551910 1747
1551920 1747
1551930 1755
1551940 1761
1551950 1761
1551960 1766
1551970 1770
1551980 1770
1551990 1775
1552000 1779
1552010 1779
1552020 1785
1552030 1790
1552040 1790
1552050 1793
1552060 1797
1552070 1797
1552080 1799
1552090 1799
1552100 1799
1552110 1800
1552120 1799
1552130 1797
1552140 1797
1552150 1797
1552160 1797
1552170 1797
1552180 1797
1552190 1798
1552200 1798
1552210 1798
1552220 1797
1552230 1797
1552240 1795
1552250 1793
1552260 1793
1552270 1792
1552280 1792
1552290 1792
1552300 1793
1552310 1793
1552320 1794
1552330 1794
1552340 1793
1552350 1791
1552360 1791
1552370 1790
1552380 1790
1552390 1790
1552400 1789
1552410 1788
1552420 1788
1552430 1786
1552440 1784
1552450 1784
1552460 1782
1552470 1781
1552480 1781
1552490 1779
1552500 1778
1552510 1778
1552520 1776
1552530 1775
1552540 1773
1552550 1773
1552560 1772
1552570 1770
1552580 1770
1552590 1768
1552600 1766
1552610 1766
1552620 1765
1552630 1763
1552640 1763
1552650 1761
1552660 1760
1552670 1760
1552680 1758
1552690 1756
1552700 1756
1552710 1753
1552720 1751
1552730 1751
1552740 1748
1552750 1747
1552760 1745
1552770 1745
1552780 1744
1552790 1743
1552800 1743
1552810 1742
1552820 1740
1552830 1740
1552840 1738
1552850 1736
1552860 1736
1552870 1734
1552880 1731
1552890 1731
1552900 1727
1552910 1725
1552920 1725
1552930 1720
1552940 1715
1552950 1715
1552960 1711
1552970 1708
1552980 1704
1552990 1704
1553000 1701
1553010 1698
1553020 1698
1553030 1694
1553040 1691
1553050 1691
1553060 1687
1553070 1683
1553080 1683
1553090 1678
1553100 1674
1553110 1674
1553120 1671
1553130 1667
1553140 1663
1553150 1659
1553160 1654
1553170 1654
1553180 1649
1553190 1645
1553200 1640
1553210 1640
1553220 1634
1553230 1629
1553240 1629
1553250 1623
1553260 1618
1553270 1618
1553280 1614
1553290 1610
1553300 1610
1553310 1605
1553320 1602
1553330 1602
1553340 1596
1553350 1591
1553360 1591
1553370 1585
1553380 1579
1553390 1576
1553400 1576
1553410 1572
1553420 1568
1553430 1568
1553440 1565
1553450 1563
1553460 1563
1553470 1560
1553480 1556
1553490 1556
1553500 1554
1553510 1550
1553520 1550
1553530 1547
1553540 1544
1553550 1544
1553560 1540
1553570 1536
1553580 1536
1553590 1531
1553600 1526
1553610 1523
1553620 1523
1553630 1520
1553640 1518
1553650 1518
1553660 1515
1553670 1511
1553680 1511
1553690 1505
1553700 1500
1553710 1500
1553720 1496
1553730 1492
1553740 1492
1553750 1488
1553760 1483
1553770 1483
1553780 1479
1553790 1475
1553800 1475
1553810 1469
1553820 1465
1553830 1459
1553840 1459
1553850 1453
1553860 1447
1553870 1447
1553880 1442
1553890 1437
1553900 1437
1553910 1432
1553920 1427
1553930 1427
1553940 1422
1553950 1417
1553960 1417
1553970 1413
1553980 1409
1553990 1409
1554000 1406
1554010 1403
1554020 1403
1554030 1401
1554040 1397
1554050 1392
1554060 1392
1554070 1387
1554080 1387
1554090 1387
1554100 1388
1554110 1387
1554120 1387
1554130 1389
1554140 1392
1554150 1392
1554160 1396
1554170 1399
1554180 1399
1554190 1402
1554200 1405
1554210 1405
1554220 1408
1554230 1411
1554240 1414
1554250 1414
1554260 1415
1554270 1414
1554280 1414
1554290 1410
1554300 1407
1554310 1407
1554320 1406
1554330 1406
1554340 1406
1554350 1408
1554360 1411
1554370 1411
1554380 1412
1554390 1414
1554400 1414
1554410 1414
1554420 1414
1554430 1414
1554440 1414
1554450 1413
1554460 1412
1554470 1412
1554480 1412
1554490 1411
1554500 1411
1554510 1411
1554520 1412
1554530 1412
1554540 1411
1554550 1411
1554560 1411
1554570 1411
1554580 1410
1554590 1410
1554600 1409
1554610 1408
1554620 1408
1554630 1406
1554640 1403
1554650 1403
1554660 1401
1554670 1399
1554680 1397
1554690 1397
1554700 1395
1554710 1393
1554720 1393
1554730 1391
1554740 1390
1554750 1390
1554760 1390
1554770 1389
1554780 1389
1554790 1387
1554800 1386
1554810 1386
1554820 1384
1554830 1382
1554840 1382
1554850 1382
1554860 1380
1554870 1380
1554880 1379
1554890 1377
1554900 1376
1554910 1376
1554920 1375
1554930 1373
1554940 1373
1554950 1371
1554960 1366
1554970 1366
1554980 1363
1554990 1360
1555000 1360
1555010 1358
1555020 1357
1555030 1357
1555040 1356
1555050 1355
1555060 1355
1555070 1355
1555080 1353
1555090 1353
1555100 1351
1555110 1350
1555120 1351
1555130 1351
1555140 1350
1555150 1348
1555160 1348
1555170 1346
1555180 1344
1555190 1344
1555200 1341
1555210 1341
1555220 1341
1555230 1342
1555240 1342
1555250 1342
1555260 1341
1555270 1340
1555280 1340
1555290 1338
1555300 1337
1555310 1336
1555320 1336
1555330 1335
1555340 1333
1555350 1333
1555360 1331
1555370 1329
1555380 1329
1555390 1329
1555400 1329
1555410 1329
1555420 1329
1555430 1330
1555440 1330
1555450 1331
1555460 1331
1555470 1331
1555480 1331
1555490 1330
1555500 1330
1555510 1330
1555520 1330
1555530 1330
1555540 1330
1555550 1329
1555560 1329
1555570 1329
1555580 1328
1555590 1327
1555600 1327
1555610 1326
1555620 1325
1555630 1325
1555640 1324
1555650 1323
1555660 1323
1555670 1322
1555680 1321
1555690 1321
1555700 1320
1555710 1319
1555720 1319
1555730 1318
1555740 1316
1555750 1314
1555760 1314
1555770 1311
1555780 1309
1555790 1309
1555800 1306
1555810 1302
1555820 1302
1555830 1299
1555840 1296
1555850 1296
1555860 1295
1555870 1295
1555880 1295
1555890 1295
1555900 1294
1555910 1294
1555920 1292
1555930 1291
1555940 1291
1555950 1290
1555960 1288
1555970 1286
1555980 1286
1555990 1285
1556000 1284
1556010 1284
1556020 1283
1556030 1281
1556040 1281
1556050 1280
1556060 1279
1556070 1279
1556080 1277
1556090 1275
1556100 1275
1556110 1273
1556120 1271
1556130 1271
1556140 1269
1556150 1267
1556160 1264
1556170 1264
1556180 1261
1556190 1259
1556200 1259
1556210 1256
1556220 1254
1556230 1254
1556240 1252
1556250 1251
1556260 1251
1556270 1250
1556280 1248
1556290 1248
1556300 1244
1556310 1240
1556320 1240
1556330 1238
1556340 1236
1556350 1236
1556360 1234
1556370 1231
1556380 1229
1556390 1229
1556400 1227
1556410 1225
1556420 1225
1556430 1222
1556440 1220
1556450 1220
1556460 1218
1556470 1216
1556480 1216
1556490 1215
1556500 1213
1556510 1213
1556520 1210
1556530 1206
1556540 1206
1556550 1203
1556560 1200
1556570 1200
1556580 1196
1556590 1193
1556600 1191
1556610 1191
1556620 1189
1556630 1186
1556640 1186
1556650 1184
1556660 1182
1556670 1182
1556680 1179
1556690 1177
1556700 1177
1556710 1174
1556720 1172
1556730 1172
1556740 1171
1556750 1170
1556760 1170
1556770 1169
1556780 1167
1556790 1167
1556800 1164
1556810 1160
1556820 1157
1556830 1157
1556840 1153
1556850 1149
1556860 1149
1556870 1146
1556880 1143
1556890 1143
1556900 1141
1556910 1139
1556920 1139
1556930 1136
1556940 1134
1556950 1134
1556960 1131
1556970 1128
1556980 1128
1556990 1125
1557000 1121
1557010 1121
1557020 1117
1557030 1114
1557040 1111
1557050 1111
1557060 1108
1557070 1105
1557080 1105
1557090 1101
1557100 1098
1557110 1098
1557120 1095
1557130 1091
1557140 1091
1557150 1088
1557160 1084
1557170 1084
1557180 1079
1557190 1074
1557200 1074
1557210 1069
1557220 1064
1557230 1059
1557240 1059
1557250 1054
1557260 1049
1557270 1049
1557280 1045
1557290 1039
1557300 1039
1557310 1030
1557320 1020
1557330 1020
1557340 1009
1557350 1001
1557360 1001
1557370 999
1557380 1004
1557390 1004
1557400 1007
1557410 1012
1557420 1012
1557430 1019
1557440 1027
1557450 1032
1557460 1032
1557470 1037
1557480 1041
1557490 1041
1557500 1040
1557510 1034
1557520 1034
1557530 1027
1557540 1021
1557550 1021
1557560 1015
1557570 1011
1557580 1011
1557590 1006
1557600 1002
1557610 1002
1557620 998
1557630 992
1557640 992
1557650 987
1557660 982
1557670 976
1557680 976
1557690 974
1557700 974
1557710 974
1557720 974
1557730 975
1557740 975
1557750 975
1557760 976
1557770 976
1557780 977
1557790 978
1557800 978
1557810 978
1557820 979
1557830 979
1557840 979
1557850 979
1557860 979
1557870 979
1557880 978
1557890 977
1557900 977
1557910 978
1557920 978
1557930 978
1557940 979
1557950 979
1557960 979
1557970 979
1557980 979
1557990 979
1558000 980
1558010 982
1558020 982
1558030 985
1558040 989
1558050 989
1558060 993
1558070 996
1558080 1001
1558090 1001
1558100 1007
1558110 1013
1558120 1013
1558130 1018
1558140 1024
1558150 1024
1558160 1030
1558170 1037
1558180 1037
1558190 1043
1558200 1047
1558210 1047
1558220 1051
1558230 1055
1558240 1055
1558250 1060
1558260 1065
1558270 1065
1558280 1070
1558290 1075
1558300 1080
1558310 1080
1558320 1085
1558330 1089
1558340 1089
1558350 1094
1558360 1098
1558370 1098
1558380 1103
1558390 1109
1558400 1109
1558410 1114
1558420 1119
1558430 1119
1558440 1124
1558450 1129
1558460 1129
1558470 1133
1558480 1139
1558490 1139
1558500 1143
1558510 1147
1558520 1150
1558530 1150
1558540 1153
1558550 1157
1558560 1157
1558570 1161
1558580 1166
1558590 1166
1558600 1171
1558610 1177
1558620 1177
1558630 1181
1558640 1186
1558650 1186
1558660 1190
1558670 1195
1558680 1195
1558690 1202
1558700 1209
1558710 1209
1558720 1215
1558730 1220
1558740 1225
1558750 1225
1558760 1230
1558770 1235
1558780 1235
1558790 1241
1558800 1246
1558810 1246
1558820 1253
1558830 1261
1558840 1261
1558850 1267
1558860 1274
1558870 1274
1558880 1281
1558890 1286
1558900 1286
1558910 1291
1558920 1296
1558930 1296
1558940 1301
1558950 1305
1558960 1311
1558970 1311
1558980 1317
1558990 1323
1559000 1323
1559010 1328
1559020 1334
1559030 1334
1559040 1339
1559050 1343
1559060 1343
1559070 1347
1559080 1350
1559090 1350
1559100 1352
1559110 1355
1559120 1355
1559130 1358
1559140 1361
1559150 1363
1559160 1363
1559170 1364
1559180 1365
1559190 1365
1559200 1366
1559210 1367
1559220 1367
1559230 1369
1559240 1370
1559250 1370
1559260 1372
1559270 1374
1559280 1374
1559290 1376
1559300 1377
1559310 1377
1559320 1379
1559330 1380
1559340 1380
1559350 1381
1559360 1383
1559370 1383
1559380 1383
1559390 1384
1559400 1386
1559410 1386
1559420 1390
1559430 1396
1559440 1396
1559450 1403
1559460 1410
1559470 1410
1559480 1414
1559490 1419
1559500 1419
1559510 1424
1559520 1428
1559530 1428
1559540 1433
1559550 1438
1559560 1438
1559570 1441
1559580 1446
1559590 1451
1559600 1451
1559610 1456
1559620 1461
1559630 1461
1559640 1464
1559650 1468
1559660 1468
1559670 1473
1559680 1477
1559690 1477
1559700 1482
1559710 1487
1559720 1487
1559730 1491
1559740 1495
1559750 1495
1559760 1500
1559770 1505
1559780 1505
1559790 1510
1559800 1516
1559810 1521
1559820 1521
1559830 1526
1559840 1531
1559850 1531
1559860 1536
1559870 1541
1559880 1541
1559890 1546
1559900 1551
1559910 1551
1559920 1556
1559930 1560
1559940 1560
1559950 1564
1559960 1568
1559970 1568
1559980 1573
1559990 1580
