1540000 1086
1540010 1089
1540020 1094
1540030 1094
1540040 1099
1540050 1105
1540060 1105
1540070 1111
1540080 1117
1540090 1117
1540100 1124
1540110 1131
1540120 1131
1540130 1137
1540140 1143
1540150 1147
1540160 1147
1540170 1151
1540180 1155
1540190 1155
1540200 1159
1540210 1163
1540220 1163
1540230 1166
1540240 1168
1540250 1168
1540260 1172
1540270 1176
1540280 1176
1540290 1178
1540300 1181
1540310 1181
1540320 1184
1540330 1187
1540340 1187
1540350 1192
1540360 1197
1540370 1201
1540380 1201
1540390 1202
1540400 1205
1540410 1205
1540420 1208
1540430 1212
1540440 1212
1540450 1215
1540460 1218
1540470 1218
1540480 1221
1540490 1225
1540500 1225
1540510 1228
1540520 1231
1540530 1231
1540540 1235
1540550 1239
1540560 1243
1540570 1243
1540580 1246
1540590 1249
1540600 1249
1540610 1251
1540620 1254
1540630 1254
1540640 1257
1540650 1262
1540660 1262
1540670 1265
1540680 1269
1540690 1269
1540700 1274
1540710 1278
1540720 1278
1540730 1280
1540740 1285
1540750 1285
1540760 1288
1540770 1290
1540780 1294
1540790 1294
1540800 1298
1540810 1301
1540820 1301
1540830 1306
1540840 1309
1540850 1309
1540860 1313
1540870 1317
1540880 1317
1540890 1321
1540900 1325
1540910 1325
1540920 1329
1540930 1332
1540940 1332
1540950 1335
1540960 1339
1540970 1339
1540980 1343
1540990 1347
1541000 1351
1541010 1351
1541020 1354
1541030 1358
1541040 1358
1541050 1362
1541060 1365
1541070 1365
1541080 1369
1541090 1372
1541100 1372
1541110 1377
1541120 1381
1541130 1381
1541140 1384
1541150 1387
1541160 1387
1541170 1391
1541180 1394
1541190 1394
1541200 1398
1541210 1402
1541220 1406
1541230 1406
1541240 1410
1541250 1414
1541260 1414
1541270 1417
1541280 1420
1541290 1420
1541300 1424
1541310 1428
1541320 1428
1541330 1431
1541340 1434
1541350 1434
1541360 1437
1541370 1438
1541380 1438
1541390 1439
1541400 1439
1541410 1439
1541420 1443
1541430 1448
1541440 1452
1541450 1452
1541460 1456
1541470 1461
1541480 1461
1541490 1466
1541500 1470
1541510 1470
1541520 1471
1541530 1473
1541540 1473
1541550 1475
1541560 1475
1541570 1475
1541580 1475
1541590 1475
1541600 1475
1541610 1475
1541620 1476
1541630 1476
1541640 1476
1541650 1477
1541660 1477
1541670 1477
1541680 1476
1541690 1473
1541700 1473
1541710 1470
1541720 1469
1541730 1469
1541740 1468
1541750 1466
1541760 1466
1541770 1465
1541780 1464
1541790 1464
1541800 1463
1541810 1461
1541820 1461
1541830 1460
1541840 1460
1541850 1460
1541860 1460
1541870 1459
1541880 1458
1541890 1458
1541900 1458
1541910 1458
1541920 1458
1541930 1458
1541940 1460
1541950 1460
1541960 1463
1541970 1465
1541980 1465
1541990 1468
1542000 1471
1542010 1471
1542020 1472
1542030 1471
1542040 1471
1542050 1468
1542060 1466
1542070 1464
1542080 1464
1542090 1462
1542100 1460
1542110 1460
1542120 1458
1542130 1456
1542140 1456
1542150 1454
1542160 1451
1542170 1451
1542180 1449
1542190 1448
1542200 1448
1542210 1448
1542220 1449
1542230 1449
1542240 1449
1542250 1449
1542260 1449
1542270 1449
1542280 1449
1542290 1448
1542300 1448
1542310 1446
1542320 1445
1542330 1445
1542340 1444
1542350 1443
1542360 1443
1542370 1443
1542380 1444
1542390 1444
1542400 1443
1542410 1442
1542420 1442
1542430 1441
1542440 1440
1542450 1440
1542460 1438
1542470 1436
1542480 1436
1542490 1431
1542500 1423
1542510 1415
1542520 1415
1542530 1409
1542540 1405
1542550 1405
1542560 1402
1542570 1400
1542580 1400
1542590 1397
1542600 1396
1542610 1396
1542620 1393
1542630 1389
1542640 1389
1542650 1385
1542660 1382
1542670 1382
1542680 1379
1542690 1377
1542700 1377
1542710 1375
1542720 1373
1542730 1370
1542740 1370
1542750 1368
1542760 1365
1542770 1365
1542780 1361
1542790 1357
1542800 1357
1542810 1353
1542820 1348
1542830 1348
1542840 1343
1542850 1337
1542860 1337
1542870 1330
1542880 1324
1542890 1324
1542900 1318
1542910 1311
1542920 1311
1542930 1305
1542940 1300
1542950 1296
1542960 1296
1542970 1293
1542980 1290
1542990 1290
1543000 1286
1543010 1282
1543020 1282
1543030 1278
1543040 1274
1543050 1274
1543060 1271
1543070 1269
1543080 1269
1543090 1267
1543100 1266
1543110 1266
1543120 1263
1543130 1260
1543140 1258
1543150 1258
1543160 1257
1543170 1256
1543180 1256
1543190 1254
1543200 1251
1543210 1251
1543220 1249
1543230 1247
1543240 1247
1543250 1245
1543260 1244
1543270 1244
1543280 1241
1543290 1237
1543300 1237
1543310 1233
1543320 1231
1543330 1231
1543340 1229
1543350 1228
1543360 1226
1543370 1226
1543380 1222
1543390 1217
1543400 1217
1543410 1213
1543420 1208
1543430 1208
1543440 1202
1543450 1196
1543460 1196
1543470 1191
1543480 1186
1543490 1186
1543500 1181
1543510 1176
1543520 1176
1543530 1173
1543540 1169
1543550 1169
1543560 1173
1543570 1175
1543580 1173
1543590 1173
1543600 1173
1543610 1174
1543620 1174
1543630 1175
1543640 1175
1543650 1175
1543660 1173
1543670 1172
1543680 1172
1543690 1170
1543700 1169
1543710 1169
1543720 1168
1543730 1167
1543740 1167
1543750 1165
1543760 1165
1543770 1165
1543780 1164
1543790 1164
1543800 1162
1543810 1162
1543820 1158
1543830 1157
1543840 1157
1543850 1156
1543860 1155
1543870 1155
1543880 1154
1543890 1153
1543900 1153
1543910 1152
1543920 1152
1543930 1152
1543940 1153
1543950 1154
1543960 1154
1543970 1154
1543980 1153
1543990 1153
1544000 1152
1544010 1151
1544020 1149
1544030 1149
1544040 1148
1544050 1147
1544060 1147
1544070 1145
1544080 1144
1544090 1144
1544100 1141
1544110 1138
1544120 1138
1544130 1137
1544140 1136
1544150 1136
1544160 1134
1544170 1132
1544180 1132
1544190 1130
1544200 1128
1544210 1126
1544220 1126
1544230 1124
1544240 1122
1544250 1122
1544260 1121
1544270 1119
1544280 1119
1544290 1117
1544300 1115
1544310 1115
1544320 1114
1544330 1112
1544340 1112
1544350 1110
1544360 1106
1544370 1106
1544380 1102
1544390 1098
1544400 1098
1544410 1095
1544420 1091
1544430 1087
1544440 1087
1544450 1083
1544460 1080
1544470 1080
1544480 1078
1544490 1075
1544500 1075
1544510 1073
1544520 1070
1544530 1070
1544540 1068
1544550 1066
1544560 1066
1544570 1064
1544580 1063
1544590 1063
1544600 1061
1544610 1060
1544620 1060
1544630 1059
1544640 1058
1544650 1057
1544660 1057
1544670 1057
1544680 1056
1544690 1056
1544700 1055
1544710 1052
1544720 1052
1544730 1051
1544740 1049
1544750 1049
1544760 1046
1544770 1044
1544780 1044
1544790 1042
1544800 1040
1544810 1040
1544820 1035
1544830 1029
1544840 1029
1544850 1024
1544860 1018
1544870 1013
1544880 1013
1544890 1009
1544900 1005
1544910 1005
1544920 1001
1544930 995
1544940 995
1544950 990
1544960 985
1544970 985
1544980 981
1544990 984
1545000 984
1545010 986
1545020 993
1545030 993
1545040 999
1545050 1007
1545060 1007
1545070 1014
1545080 1019
1545090 1024
1545100 1024
1545110 1029
1545120 1033
1545130 1033
1545140 1035
1545150 1036
1545160 1036
1545170 1036
1545180 1035
1545190 1035
1545200 1035
1545210 1035
1545220 1035
1545230 1036
1545240 1036
1545250 1036
1545260 1036
1545270 1037
1545280 1037
1545290 1037
1545300 1037
1545310 1037
1545320 1037
1545330 1037
1545340 1037
1545350 1037
1545360 1036
1545370 1036
1545380 1036
1545390 1035
1545400 1034
1545410 1034
1545420 1034
1545430 1035
1545440 1035
1545450 1034
1545460 1034
1545470 1034
1545480 1033
1545490 1031
1545500 1030
1545510 1030
1545520 1028
1545530 1027
1545540 1027
1545550 1025
1545560 1023
1545570 1023
1545580 1021
1545590 1019
1545600 1019
1545610 1017
1545620 1016
1545630 1016
1545640 1015
1545650 1015
1545660 1015
1545670 1015
1545680 1015
1545690 1015
1545700 1016
1545710 1016
1545720 1017
1545730 1017
1545740 1017
1545750 1018
1545760 1018
1545770 1019
1545780 1021
1545790 1021
1545800 1024
1545810 1026
1545820 1026
1545830 1029
1545840 1029
1545850 1029
1545860 1029
1545870 1029
1545880 1029
1545890 1031
1545900 1031
1545910 1031
1545920 1029
1545930 1027
1545940 1028
1545950 1028
1545960 1028
1545970 1027
1545980 1027
1545990 1025
1546000 1022
1546010 1022
1546020 1020
1546030 1018
1546040 1018
1546050 1017
1546060 1016
1546070 1016
1546080 1014
1546090 1013
1546100 1013
1546110 1012
1546120 1011
1546130 1011
1546140 1009
1546150 1007
1546160 1005
1546170 1005
1546180 1003
1546190 1001
1546200 1001
1546210 999
1546220 997
1546230 997
1546240 996
1546250 994
1546260 994
1546270 993
1546280 992
1546290 992
1546300 991
1546310 992
1546320 992
1546330 990
1546340 988
1546350 988
1546360 987
1546370 986
1546380 985
1546390 985
1546400 984
1546410 983
1546420 983
1546430 981
1546440 979
1546450 979
1546460 977
1546470 975
1546480 975
1546490 974
1546500 973
1546510 973
1546520 971
1546530 971
1546540 971
1546550 970
1546560 971
1546570 971
1546580 972
1546590 971
1546600 971
1546610 971
1546620 971
1546630 971
1546640 971
1546650 971
1546660 972
1546670 972
1546680 974
1546690 974
1546700 974
1546710 973
1546720 976
1546730 976
1546740 979
1546750 983
1546760 983
1546770 987
1546780 989
1546790 992
1546800 992
1546810 995
1546820 996
1546830 996
1546840 994
1546850 999
1546860 999
1546870 1003
1546880 1007
1546890 1007
1546900 1011
1546910 1012
1546920 1012
1546930 1014
1546940 1014
1546950 1014
1546960 1013
1546970 1011
1546980 1011
1546990 1011
1547000 1011
1547010 1010
1547020 1010
1547030 1010
1547040 1010
1547050 1010
1547060 1008
1547070 1004
1547080 1004
1547090 1005
1547100 1004
1547110 1004
1547120 1005
1547130 1006
1547140 1006
1547150 1007
1547160 1008
1547170 1008
1547180 1008
1547190 1009
1547200 1009
1547210 1010
1547220 1012
1547230 1015
1547240 1015
1547250 1018
1547260 1021
1547270 1021
1547280 1023
1547290 1024
1547300 1024
1547310 1025
1547320 1026
1547330 1026
1547340 1027
1547350 1029
1547360 1029
1547370 1032
1547380 1033
1547390 1033
1547400 1036
1547410 1041
1547420 1041
1547430 1043
1547440 1043
1547450 1043
1547460 1043
1547470 1043
1547480 1044
1547490 1044
1547500 1045
1547510 1046
1547520 1046
1547530 1046
1547540 1047
1547550 1047
1547560 1051
1547570 1055
1547580 1055
1547590 1057
1547600 1058
1547610 1058
1547620 1058
1547630 1060
1547640 1060
1547650 1063
1547660 1066
1547670 1067
1547680 1067
1547690 1065
1547700 1063
1547710 1063
1547720 1061
1547730 1062
1547740 1062
1547750 1064
1547760 1066
1547770 1066
1547780 1071
1547790 1075
1547800 1075
1547810 1083
1547820 1088
1547830 1088
1547840 1091
1547850 1095
1547860 1095
1547870 1098
1547880 1104
1547890 1107
1547900 1107
1547910 1108
1547920 1110
1547930 1110
1547940 1113
1547950 1117
1547960 1117
1547970 1121
1547980 1126
1547990 1126
1548000 1131
1548010 1134
1548020 1134
1548030 1138
1548040 1142
1548050 1142
1548060 1144
1548070 1142
1548080 1139
1548090 1139
1548100 1140
1548110 1142
1548120 1142
1548130 1146
1548140 1152
1548150 1152
1548160 1156
1548170 1159
1548180 1159
1548190 1162
1548200 1164
1548210 1164
1548220 1163
1548230 1162
1548240 1162
1548250 1161
1548260 1160
1548270 1160
1548280 1158
1548290 1157
1548300 1153
1548310 1153
1548320 1147
1548330 1143
1548340 1143
1548350 1139
1548360 1135
1548370 1135
1548380 1133
1548390 1130
1548400 1130
1548410 1128
1548420 1126
1548430 1126
1548440 1123
1548450 1120
1548460 1120
1548470 1117
1548480 1113
1548490 1113
1548500 1110
1548510 1106
1548520 1104
1548530 1104
1548540 1101
1548550 1098
1548560 1098
1548570 1095
1548580 1092
1548590 1092
1548600 1088
1548610 1082
1548620 1082
1548630 1076
1548640 1071
1548650 1071
1548660 1067
1548670 1061
1548680 1061
1548690 1055
1548700 1051
1548710 1051
1548720 1049
1548730 1046
1548740 1042
1548750 1042
1548760 1038
1548770 1031
1548780 1031
1548790 1026
1548800 1022
1548810 1022
1548820 1020
1548830 1019
1548840 1019
1548850 1014
1548860 1008
1548870 1008
1548880 1006
1548890 1004
1548900 1004
1548910 1001
1548920 996
1548930 996
1548940 990
1548950 981
1548960 971
1548970 971
1548980 963
1548990 954
1549000 954
1549010 944
1549020 939
1549030 939
1549040 942
1549050 962
1549060 962
1549070 969
1549080 968
1549090 968
1549100 965
1549110 965
1549120 965
1549130 966
1549140 968
1549150 968
1549160 974
1549170 980
1549180 982
1549190 982
1549200 985
1549210 989
1549220 989
1549230 995
1549240 1001
1549250 1001
1549260 1012
1549270 1020
1549280 1020
1549290 1025
1549300 1029
1549310 1029
1549320 1032
1549330 1036
1549340 1036
1549350 1039
1549360 1045
1549370 1049
1549380 1049
1549390 1053
1549400 1055
1549410 1055
1549420 1060
1549430 1065
1549440 1065
1549450 1070
1549460 1075
1549470 1075
1549480 1081
1549490 1088
1549500 1088
1549510 1091
1549520 1092
1549530 1092
1549540 1093
1549550 1095
1549560 1095
1549570 1098
1549580 1101
1549590 1105
1549600 1105
1549610 1109
1549620 1113
1549630 1113
1549640 1119
1549650 1122
1549660 1122
1549670 1126
1549680 1131
1549690 1131
1549700 1135
1549710 1138
1549720 1138
1549730 1141
1549740 1144
1549750 1144
1549760 1148
1549770 1153
1549780 1153
1549790 1158
1549800 1164
1549810 1168
1549820 1168
1549830 1171
1549840 1173
1549850 1173
1549860 1176
1549870 1178
1549880 1178
1549890 1181
1549900 1184
1549910 1184
1549920 1188
1549930 1191
1549940 1191
1549950 1194
1549960 1197
1549970 1197
1549980 1201
1549990 1206
1550000 1206
1550010 1211
1550020 1216
1550030 1221
1550040 1221
1550050 1226
1550060 1230
1550070 1230
1550080 1234
1550090 1239
1550100 1239
1550110 1243
1550120 1248
1550130 1248
1550140 1252
1550150 1256
1550160 1256
1550170 1261
1550180 1265
1550190 1265
1550200 1269
1550210 1273
1550220 1273
1550230 1277
1550240 1281
1550250 1286
1550260 1286
1550270 1290
1550280 1296
1550290 1296
1550300 1302
1550310 1307
1550320 1307
1550330 1313
1550340 1319
1550350 1319
1550360 1326
1550370 1333
1550380 1333
1550390 1337
1550400 1342
1550410 1342
1550420 1348
1550430 1357
1550440 1357
1550450 1363
1550460 1369
1550470 1375
1550480 1375
1550490 1380
1550500 1383
1550510 1383
1550520 1386
1550530 1389
1550540 1389
1550550 1394
1550560 1401
1550570 1401
1550580 1408
1550590 1414
1550600 1414
1550610 1421
1550620 1426
1550630 1426
1550640 1432
1550650 1435
1550660 1437
1550670 1437
1550680 1439
1550690 1441
1550700 1441
1550710 1441
1550720 1442
1550730 1442
1550740 1444
1550750 1446
1550760 1446
1550770 1448
1550780 1450
1550790 1450
1550800 1453
1550810 1456
1550820 1456
1550830 1458
1550840 1459
1550850 1459
1550860 1460
1550870 1461
1550880 1462
1550890 1462
1550900 1464
1550910 1465
1550920 1465
1550930 1466
1550940 1466
1550950 1466
1550960 1465
1550970 1463
1550980 1463
1550990 1462
1551000 1462
1551010 1462
1551020 1464
1551030 1467
1551040 1467
1551050 1469
1551060 1471
1551070 1471
1551080 1473
1551090 1475
1551100 1476
1551110 1476
1551120 1477
1551130 1479
1551140 1479
1551150 1481
1551160 1482
1551170 1482
1551180 1484
1551190 1485
1551200 1485
1551210 1487
1551220 1489
1551230 1489
1551240 1490
1551250 1492
1551260 1492
1551270 1494
1551280 1495
1551290 1495
1551300 1498
1551310 1501
1551320 1504
1551330 1504
1551340 1508
1551350 1511
1551360 1511
1551370 1515
1551380 1519
1551390 1519
1551400 1522
1551410 1525
1551420 1525
1551430 1529
1551440 1532
1551450 1532
1551460 1536
1551470 1539
1551480 1539
1551490 1542
1551500 1547
1551510 1547
1551520 1550
1551530 1553
1551540 1557
1551550 1557
1551560 1561
1551570 1565
1551580 1565
1551590 1569
1551600 1574
1551610 1574
1551620 1578
1551630 1583
1551640 1583
1551650 1589
1551660 1594
1551670 1594
1551680 1600
1551690 1606
1551700 1606
1551710 1612
1551720 1617
1551730 1617
1551740 1623
1551750 1631
1551760 1639
1551770 1639
1551780 1646
1551790 1652
1551800 1652
1551810 1657
1551820 1663
1551830 1663
1551840 1670
1551850 1674
1551860 1674
1551870 1679
1551880 1684
1551890 1684
1551900 1689
1551910 1694
1551920 1694
1551930 1701
1551940 1708
1551950 1713
1551960 1713
1551970 1717
1551980 1720
1551990 1720
1552000 1726
1552010 1733
1552020 1733
1552030 1739
1552040 1743
1552050 1743
1552060 1748
1552070 1752
1552080 1752
1552090 1757
1552100 1763
1552110 1763
1552120 1767
1552130 1771
1552140 1771
1552150 1775
1552160 1777
1552170 1779
1552180 1779
1552190 1781
1552200 1784
1552210 1784
1552220 1786
1552230 1789
1552240 1789
1552250 1791
1552260 1793
1552270 1793
1552280 1795
1552290 1797
1552300 1797
1552310 1798
1552320 1799
1552330 1799
1552340 1800
1552350 1801
1552360 1801
1552370 1799
1552380 1796
1552390 1792
1552400 1792
1552410 1789
1552420 1788
1552430 1788
1552440 1787
1552450 1787
1552460 1787
1552470 1789
1552480 1791
1552490 1791
1552500 1792
1552510 1794
1552520 1794
1552530 1797
1552540 1802
1552550 1802
1552560 1804
1552570 1805
1552580 1805
1552590 1805
1552600 1805
1552610 1805
1552620 1805
1552630 1805
1552640 1805
1552650 1805
1552660 1804
1552670 1803
1552680 1803
1552690 1803
1552700 1801
1552710 1801
1552720 1799
1552730 1796
1552740 1796
1552750 1793
1552760 1790
1552770 1790
1552780 1787
1552790 1783
1552800 1783
1552810 1779
1552820 1775
1552830 1773
1552840 1773
1552850 1770
1552860 1767
1552870 1767
1552880 1763
1552890 1759
1552900 1759
1552910 1755
1552920 1753
1552930 1753
1552940 1752
1552950 1751
1552960 1751
1552970 1750
1552980 1748
1552990 1748
1553000 1745
1553010 1742
1553020 1742
1553030 1739
1553040 1737
1553050 1736
1553060 1736
1553070 1733
1553080 1729
1553090 1729
1553100 1725
1553110 1721
1553120 1721
1553130 1717
1553140 1712
1553150 1712
1553160 1709
1553170 1706
1553180 1706
1553190 1704
1553200 1702
1553210 1702
1553220 1701
1553230 1699
1553240 1698
1553250 1698
1553260 1696
1553270 1694
1553280 1694
1553290 1692
1553300 1691
1553310 1691
1553320 1688
1553330 1683
1553340 1683
1553350 1679
1553360 1677
1553370 1677
1553380 1674
1553390 1672
1553400 1672
1553410 1671
1553420 1668
1553430 1668
1553440 1665
1553450 1661
1553460 1656
1553470 1656
1553480 1652
1553490 1649
1553500 1649
1553510 1648
1553520 1646
1553530 1646
1553540 1643
1553550 1641
1553560 1641
1553570 1637
1553580 1631
1553590 1631
1553600 1626
1553610 1621
1553620 1621
1553630 1618
1553640 1615
1553650 1615
1553660 1613
1553670 1610
1553680 1608
1553690 1608
1553700 1605
1553710 1601
1553720 1601
1553730 1595
1553740 1590
1553750 1590
1553760 1585
1553770 1581
1553780 1581
1553790 1577
1553800 1574
1553810 1574
1553820 1571
1553830 1568
1553840 1568
1553850 1565
1553860 1561
1553870 1561
1553880 1557
1553890 1552
1553900 1547
1553910 1547
1553920 1543
1553930 1538
1553940 1538
1553950 1535
1553960 1531
1553970 1531
1553980 1527
1553990 1523
1554000 1523
1554010 1519
1554020 1515
1554030 1515
1554040 1511
1554050 1508
1554060 1508
1554070 1503
1554080 1499
1554090 1499
1554100 1494
1554110 1490
1554120 1486
1554130 1486
1554140 1482
1554150 1477
1554160 1477
1554170 1472
1554180 1466
1554190 1466
1554200 1460
1554210 1457
1554220 1457
1554230 1451
1554240 1445
1554250 1445
1554260 1439
1554270 1434
1554280 1434
1554290 1430
1554300 1426
1554310 1426
1554320 1422
1554330 1417
1554340 1413
1554350 1413
1554360 1409
1554370 1404
1554380 1404
1554390 1400
1554400 1395
1554410 1395
1554420 1390
1554430 1385
1554440 1385
1554450 1381
1554460 1377
1554470 1377
1554480 1374
1554490 1369
1554500 1370
1554510 1365
1554520 1360
1554530 1355
1554540 1355
1554550 1350
1554560 1345
1554570 1345
1554580 1340
1554590 1332
1554600 1332
1554610 1326
1554620 1322
1554630 1322
1554640 1320
1554650 1318
1554660 1318
1554670 1316
1554680 1314
1554690 1314
1554700 1310
1554710 1304
1554720 1304
1554730 1300
1554740 1296
1554750 1292
1554760 1292
1554770 1286
1554780 1281
1554790 1281
1554800 1278
1554810 1276
1554820 1276
1554830 1273
1554840 1269
1554850 1269
1554860 1265
1554870 1262
1554880 1262
1554890 1259
1554900 1255
1554910 1255
1554920 1251
1554930 1247
1554940 1247
1554950 1243
1554960 1239
1554970 1235
1554980 1235
1554990 1232
1555000 1226
1555010 1226
1555020 1221
1555030 1220
1555040 1220
1555050 1216
1555060 1213
1555070 1213
1555080 1212
1555090 1211
1555100 1211
1555110 1207
1555120 1201
1555130 1201
1555140 1197
1555150 1198
1555160 1198
1555170 1196
1555180 1193
1555190 1189
1555200 1189
1555210 1187
1555220 1188
1555230 1188
1555240 1186
1555250 1184
1555260 1184
1555270 1180
1555280 1177
1555290 1177
1555300 1175
1555310 1173
1555320 1173
1555330 1170
1555340 1166
1555350 1166
1555360 1164
1555370 1163
1555380 1163
1555390 1162
1555400 1158
1555410 1154
1555420 1154
1555430 1148
1555440 1142
1555450 1142
1555460 1134
1555470 1124
1555480 1124
1555490 1115
1555500 1108
1555510 1108
1555520 1103
1555530 1102
1555540 1102
1555550 1100
1555560 1099
1555570 1099
1555580 1120
1555590 1129
1555600 1129
1555610 1127
1555620 1124
1555630 1122
1555640 1122
1555650 1120
1555660 1118
1555670 1118
1555680 1117
1555690 1116
1555700 1116
1555710 1115
1555720 1112
1555730 1112
1555740 1111
1555750 1110
1555760 1110
1555770 1110
1555780 1110
1555790 1110
1555800 1109
1555810 1108
1555820 1107
1555830 1107
1555840 1107
1555850 1106
1555860 1106
1555870 1104
1555880 1102
1555890 1102
1555900 1101
1555910 1100
1555920 1100
1555930 1099
1555940 1098
1555950 1098
1555960 1096
1555970 1094
1555980 1094
1555990 1092
1556000 1090
1556010 1090
1556020 1088
1556030 1086
1556040 1084
1556050 1084
1556060 1083
1556070 1084
1556080 1084
1556090 1083
1556100 1082
1556110 1082
1556120 1082
1556130 1081
1556140 1081
1556150 1080
1556160 1078
1556170 1078
1556180 1077
1556190 1074
1556200 1074
1556210 1072
1556220 1070
1556230 1070
1556240 1068
1556250 1066
1556260 1065
1556270 1065
1556280 1064
1556290 1063
1556300 1063
1556310 1062
1556320 1061
1556330 1061
1556340 1060
1556350 1059
1556360 1059
1556370 1058
1556380 1057
1556390 1057
1556400 1055
1556410 1053
1556420 1053
1556430 1050
1556440 1048
1556450 1048
1556460 1047
1556470 1046
1556480 1045
1556490 1045
1556500 1044
1556510 1042
1556520 1042
1556530 1040
1556540 1035
1556550 1035
1556560 1031
1556570 1028
1556580 1028
1556590 1027
1556600 1025
1556610 1025
1556620 1021
1556630 1017
1556640 1017
1556650 1013
1556660 1009
1556670 1009
1556680 1005
1556690 1001
1556700 997
1556710 997
1556720 995
1556730 993
1556740 993
1556750 994
1556760 996
1556770 996
1556780 998
1556790 999
1556800 999
1556810 1000
1556820 1000
1556830 1000
1556840 1000
1556850 1000
1556860 1000
1556870 999
1556880 999
1556890 999
1556900 998
1556910 997
1556920 995
1556930 995
1556940 993
1556950 991
1556960 991
1556970 980
1556980 969
1556990 969
1557000 961
1557010 953
1557020 953
1557030 944
1557040 937
1557050 937
1557060 938
1557070 943
1557080 943
1557090 947
1557100 962
1557110 967
1557120 967
1557130 972
1557140 974
1557150 974
1557160 979
1557170 985
1557180 985
1557190 988
1557200 990
1557210 990
1557220 991
1557230 994
1557240 994
1557250 997
1557260 1000
1557270 1000
1557280 1002
1557290 1006
1557300 1006
1557310 1011
1557320 1016
1557330 1021
1557340 1021
1557350 1025
1557360 1027
1557370 1027
1557380 1028
1557390 1028
1557400 1028
1557410 1028
1557420 1028
1557430 1028
1557440 1027
1557450 1026
1557460 1026
1557470 1025
1557480 1022
1557490 1022
1557500 1017
1557510 1012
1557520 1012
1557530 1008
1557540 1006
1557550 1005
1557560 1005
1557570 1004
1557580 1003
1557590 1003
1557600 998
1557610 991
1557620 991
1557630 987
1557640 984
1557650 984
1557660 981
1557670 980
1557680 980
1557690 980
1557700 980
1557710 980
1557720 982
1557730 984
1557740 984
1557750 990
1557760 995
1557770 1001
1557780 1001
1557790 1007
1557800 1012
1557810 1012
1557820 1017
1557830 1021
1557840 1021
1557850 1025
1557860 1030
1557870 1030
1557880 1035
1557890 1039
1557900 1039
1557910 1044
1557920 1049
1557930 1049
1557940 1054
1557950 1060
1557960 1060
1557970 1065
1557980 1071
1557990 1076
1558000 1076
1558010 1082
1558020 1087
1558030 1087
1558040 1088
1558050 1094
1558060 1094
1558070 1100
1558080 1104
1558090 1104
1558100 1108
1558110 1113
1558120 1113
1558130 1118
1558140 1122
1558150 1122
1558160 1124
1558170 1126
1558180 1126
1558190 1132
1558200 1135
1558210 1139
1558220 1139
1558230 1142
1558240 1145
1558250 1145
1558260 1148
1558270 1151
1558280 1151
1558290 1155
1558300 1158
1558310 1158
1558320 1161
1558330 1164
1558340 1164
1558350 1167
1558360 1169
1558370 1169
1558380 1172
1558390 1174
1558400 1177
1558410 1177
1558420 1179
1558430 1182
1558440 1182
1558450 1185
1558460 1188
1558470 1188
1558480 1191
1558490 1194
1558500 1194
1558510 1196
1558520 1199
1558530 1199
1558540 1201
1558550 1204
1558560 1204
1558570 1206
1558580 1208
1558590 1208
1558600 1210
1558610 1212
1558620 1214
1558630 1214
1558640 1216
1558650 1218
1558660 1218
1558670 1219
1558680 1220
1558690 1220
1558700 1222
1558710 1223
1558720 1223
1558730 1224
1558740 1225
1558750 1225
1558760 1226
1558770 1228
1558780 1228
1558790 1228
1558800 1229
1558810 1229
1558820 1230
1558830 1230
1558840 1231
1558850 1231
1558860 1233
1558870 1234
1558880 1234
1558890 1234
1558900 1234
1558910 1234
1558920 1234
1558930 1234
1558940 1234
1558950 1235
1558960 1234
1558970 1234
1558980 1234
1558990 1233
1559000 1233
1559010 1233
1559020 1232
1559030 1232
1559040 1231
1559050 1230
1559060 1229
1559070 1229
1559080 1227
1559090 1227
1559100 1227
1559110 1226
1559120 1225
1559130 1225
1559140 1224
1559150 1224
1559160 1224
1559170 1223
1559180 1222
1559190 1222
1559200 1220
1559210 1219
1559220 1219
1559230 1218
1559240 1217
1559250 1217
1559260 1216
1559270 1214
1559280 1213
1559290 1213
1559300 1212
1559310 1212
1559320 1212
1559330 1213
1559340 1213
1559350 1213
1559360 1212
1559370 1211
1559380 1211
1559390 1211
1559400 1210
1559410 1210
1559420 1212
1559430 1212
1559440 1212
1559450 1210
1559460 1211
1559470 1211
1559480 1216
1559490 1222
1559500 1230
1559510 1230
1559520 1237
1559530 1243
1559540 1243
1559550 1248
1559560 1254
1559570 1254
1559580 1260
1559590 1266
1559600 1266
1559610 1272
1559620 1278
1559630 1278
1559640 1285
1559650 1291
1559660 1291
1559670 1296
1559680 1302
1559690 1308
1559700 1308
1559710 1314
1559720 1319
1559730 1319
1559740 1325
1559750 1327
1559760 1327
1559770 1331
1559780 1335
1559790 1335
1559800 1338
1559810 1341
1559820 1341
1559830 1345
1559840 1349
1559850 1349
1559860 1353
1559870 1355
1559880 1355
1559890 1358
1559900 1360
1559910 1361
1559920 1361
1559930 1362
1559940 1363
1559950 1363
1559960 1364
1559970 1365
1559980 1365
1559990 1366
