1540000 1349
1540010 1354
1540020 1358
1540030 1358
1540040 1362
1540050 1365
1540060 1365
1540070 1369
1540080 1372
1540090 1372
1540100 1375
1540110 1378
1540120 1378
1540130 1382
1540140 1385
1540150 1389
1540160 1389
1540170 1393
1540180 1396
1540190 1396
1540200 1399
1540210 1402
1540220 1402
1540230 1405
1540240 1408
1540250 1408
1540260 1411
1540270 1414
1540280 1414
1540290 1417
1540300 1420
1540310 1420
1540320 1424
1540330 1429
1540340 1429
1540350 1433
1540360 1438
1540370 1442
1540380 1442
1540390 1446
1540400 1449
1540410 1449
1540420 1452
1540430 1456
1540440 1456
1540450 1458
1540460 1461
1540470 1461
1540480 1464
1540490 1466
1540500 1466
1540510 1468
1540520 1470
1540530 1470
1540540 1472
1540550 1474
1540560 1474
1540570 1476
1540580 1479
1540590 1481
1540600 1481
1540610 1486
1540620 1490
1540630 1490
1540640 1492
1540650 1495
1540660 1495
1540670 1498
1540680 1500
1540690 1500
1540700 1503
1540710 1506
1540720 1506
1540730 1508
1540740 1510
1540750 1510
1540760 1510
1540770 1508
1540780 1508
1540790 1505
1540800 1503
1540810 1500
1540820 1500
1540830 1498
1540840 1497
1540850 1497
1540860 1494
1540870 1494
1540880 1494
1540890 1494
1540900 1492
1540910 1492
1540920 1489
1540930 1487
1540940 1487
1540950 1485
1540960 1483
1540970 1483
1540980 1482
1540990 1481
1541000 1481
1541010 1480
1541020 1480
1541030 1478
1541040 1478
1541050 1476
1541060 1472
1541070 1472
1541080 1466
1541090 1460
1541100 1460
1541110 1456
1541120 1454
1541130 1454
1541140 1455
1541150 1455
1541160 1455
1541170 1455
1541180 1454
1541190 1454
1541200 1452
1541210 1450
1541220 1450
1541230 1447
1541240 1445
1541250 1442
1541260 1442
1541270 1442
1541280 1442
1541290 1442
1541300 1441
1541310 1441
1541320 1441
1541330 1440
1541340 1440
1541350 1440
1541360 1440
1541370 1440
1541380 1440
1541390 1439
1541400 1438
1541410 1438
1541420 1437
1541430 1436
1541440 1436
1541450 1435
1541460 1433
1541470 1431
1541480 1431
1541490 1428
1541500 1426
1541510 1426
1541520 1424
1541530 1422
1541540 1422
1541550 1420
1541560 1418
1541570 1418
1541580 1415
1541590 1413
1541600 1413
1541610 1411
1541620 1410
1541630 1410
1541640 1408
1541650 1406
1541660 1406
1541670 1404
1541680 1401
1541690 1398
1541700 1398
1541710 1394
1541720 1390
1541730 1390
1541740 1389
1541750 1386
1541760 1386
1541770 1383
1541780 1381
1541790 1381
1541800 1378
1541810 1375
1541820 1375
1541830 1370
1541840 1367
1541850 1367
1541860 1362
1541870 1357
1541880 1357
1541890 1352
1541900 1348
1541910 1343
1541920 1343
1541930 1338
1541940 1331
1541950 1331
1541960 1325
1541970 1317
1541980 1317
1541990 1309
1542000 1312
1542010 1312
1542020 1320
1542030 1327
1542040 1327
1542050 1332
1542060 1336
1542070 1336
1542080 1340
1542090 1343
1542100 1343
1542110 1347
1542120 1351
1542130 1355
1542140 1355
1542150 1359
1542160 1363
1542170 1363
1542180 1365
1542190 1368
1542200 1368
1542210 1370
1542220 1372
1542230 1372
1542240 1373
1542250 1375
1542260 1375
1542270 1376
1542280 1378
1542290 1378
1542300 1380
1542310 1382
1542320 1382
1542330 1383
1542340 1383
1542350 1385
1542360 1385
1542370 1386
1542380 1387
1542390 1387
1542400 1389
1542410 1391
1542420 1391
1542430 1392
1542440 1394
1542450 1394
1542460 1396
1542470 1398
1542480 1398
1542490 1400
1542500 1402
1542510 1402
1542520 1403
1542530 1402
1542540 1402
1542550 1401
1542560 1406
1542570 1405
1542580 1405
1542590 1406
1542600 1408
1542610 1408
1542620 1407
1542630 1408
1542640 1408
1542650 1413
1542660 1417
1542670 1417
1542680 1420
1542690 1422
1542700 1422
1542710 1426
1542720 1429
1542730 1429
1542740 1434
1542750 1437
1542760 1437
1542770 1442
1542780 1447
1542790 1450
1542800 1450
1542810 1454
1542820 1457
1542830 1457
1542840 1460
1542850 1463
1542860 1463
1542870 1467
1542880 1470
1542890 1470
1542900 1471
1542910 1474
1542920 1474
1542930 1477
1542940 1479
1542950 1479
1542960 1481
1542970 1484
1542980 1484
1542990 1486
1543000 1489
1543010 1491
1543020 1491
1543030 1493
1543040 1496
1543050 1496
1543060 1499
1543070 1503
1543080 1503
1543090 1508
1543100 1514
1543110 1514
1543120 1517
1543130 1520
1543140 1520
1543150 1522
1543160 1524
1543170 1524
1543180 1527
1543190 1530
1543200 1530
1543210 1535
1543220 1540
1543230 1545
1543240 1545
1543250 1549
1543260 1553
1543270 1553
1543280 1558
1543290 1563
1543300 1563
1543310 1569
1543320 1574
1543330 1574
1543340 1580
1543350 1585
1543360 1585
1543370 1590
1543380 1595
1543390 1595
1543400 1599
1543410 1604
1543420 1604
1543430 1611
1543440 1617
1543450 1622
1543460 1622
1543470 1627
1543480 1632
1543490 1632
1543500 1636
1543510 1640
1543520 1640
1543530 1643
1543540 1646
1543550 1646
1543560 1649
1543570 1651
1543580 1651
1543590 1653
1543600 1653
1543610 1653
1543620 1654
1543630 1654
1543640 1654
1543650 1655
1543660 1655
1543670 1656
1543680 1656
1543690 1657
1543700 1657
1543710 1657
1543720 1659
1543730 1661
1543740 1661
1543750 1662
1543760 1664
1543770 1664
1543780 1665
1543790 1665
1543800 1665
1543810 1666
1543820 1668
1543830 1668
1543840 1668
1543850 1669
1543860 1669
1543870 1671
1543880 1672
1543890 1673
1543900 1673
1543910 1675
1543920 1675
1543930 1675
1543940 1677
1543950 1679
1543960 1679
1543970 1682
1543980 1685
1543990 1685
1544000 1688
1544010 1690
1544020 1690
1544030 1692
1544040 1693
1544050 1693
1544060 1694
1544070 1695
1544080 1695
1544090 1695
1544100 1696
1544110 1698
1544120 1698
1544130 1699
1544140 1701
1544150 1701
1544160 1702
1544170 1703
1544180 1703
1544190 1704
1544200 1705
1544210 1705
1544220 1708
1544230 1710
1544240 1710
1544250 1712
1544260 1714
1544270 1714
1544280 1716
1544290 1717
1544300 1717
1544310 1719
1544320 1721
1544330 1722
1544340 1722
1544350 1723
1544360 1724
1544370 1724
1544380 1725
1544390 1726
1544400 1726
1544410 1727
1544420 1730
1544430 1730
1544440 1732
1544450 1734
1544460 1734
1544470 1736
1544480 1737
1544490 1737
1544500 1739
1544510 1741
1544520 1741
1544530 1743
1544540 1744
1544550 1746
1544560 1746
1544570 1748
1544580 1749
1544590 1749
1544600 1750
1544610 1751
1544620 1751
1544630 1754
1544640 1755
1544650 1755
1544660 1757
1544670 1758
1544680 1758
1544690 1759
1544700 1761
1544710 1764
1544720 1766
1544730 1767
1544740 1767
1544750 1768
1544760 1771
1544770 1772
1544780 1772
1544790 1774
1544800 1776
1544810 1776
1544820 1778
1544830 1779
1544840 1779
1544850 1781
1544860 1784
1544870 1784
1544880 1786
1544890 1788
1544900 1788
1544910 1790
1544920 1792
1544930 1792
1544940 1794
1544950 1796
1544960 1796
1544970 1798
1544980 1800
1544990 1802
1545000 1802
1545010 1805
1545020 1808
1545030 1808
1545040 1811
1545050 1814
1545060 1814
1545070 1817
1545080 1820
1545090 1820
1545100 1823
1545110 1825
1545120 1825
1545130 1826
1545140 1828
1545150 1828
1545160 1830
1545170 1832
1545180 1832
1545190 1833
1545200 1835
1545210 1836
1545220 1836
1545230 1837
1545240 1837
1545250 1837
1545260 1838
1545270 1839
1545280 1839
1545290 1839
1545300 1840
1545310 1840
1545320 1839
1545330 1838
1545340 1838
1545350 1837
1545360 1836
1545370 1836
1545380 1835
1545390 1833
1545400 1833
1545410 1831
1545420 1830
1545430 1828
1545440 1828
1545450 1827
1545460 1826
1545470 1826
1545480 1824
1545490 1823
1545500 1823
1545510 1821
1545520 1820
1545530 1820
1545540 1819
1545550 1819
1545560 1819
1545570 1818
1545580 1817
1545590 1817
1545600 1814
1545610 1812
1545620 1812
1545630 1811
1545640 1809
1545650 1808
1545660 1808
1545670 1806
1545680 1805
1545690 1805
1545700 1804
1545710 1803
1545720 1803
1545730 1802
1545740 1802
1545750 1802
1545760 1801
1545770 1800
1545780 1800
1545790 1799
1545800 1798
1545810 1798
1545820 1796
1545830 1795
1545840 1795
1545850 1793
1545860 1792
1545870 1791
1545880 1791
1545890 1789
1545900 1787
1545910 1787
1545920 1785
1545930 1784
1545940 1784
1545950 1782
1545960 1781
1545970 1781
1545980 1779
1545990 1778
1546000 1778
1546010 1776
1546020 1773
1546030 1773
1546040 1771
1546050 1770
1546060 1770
1546070 1768
1546080 1766
1546090 1764
1546100 1764
1546110 1762
1546120 1759
1546130 1759
1546140 1757
1546150 1755
1546160 1755
1546170 1753
1546180 1751
1546190 1751
1546200 1750
1546210 1748
1546220 1748
1546230 1746
1546240 1744
1546250 1744
1546260 1742
1546270 1739
1546280 1739
1546290 1737
1546300 1734
1546310 1732
1546320 1732
1546330 1729
1546340 1727
1546350 1727
1546360 1725
1546370 1723
1546380 1723
1546390 1720
1546400 1717
1546410 1717
1546420 1715
1546430 1712
1546440 1712
1546450 1709
1546460 1706
1546470 1706
1546480 1703
1546490 1700
1546500 1700
1546510 1697
1546520 1694
1546530 1691
1546540 1691
1546550 1688
1546560 1685
1546570 1685
1546580 1682
1546590 1679
1546600 1679
1546610 1676
1546620 1672
1546630 1672
1546640 1669
1546650 1665
1546660 1665
1546670 1661
1546680 1657
1546690 1657
1546700 1652
1546710 1648
1546720 1648
1546730 1644
1546740 1640
1546750 1636
1546760 1636
1546770 1633
1546780 1632
1546790 1632
1546800 1629
1546810 1626
1546820 1626
1546830 1623
1546840 1619
1546850 1619
1546860 1615
1546870 1612
1546880 1612
1546890 1609
1546900 1606
1546910 1606
1546920 1603
1546930 1601
1546940 1601
1546950 1598
1546960 1594
1546970 1590
1546980 1590
1546990 1587
1547000 1584
1547010 1584
1547020 1578
1547030 1574
1547040 1574
1547050 1573
1547060 1570
1547070 1570
1547080 1564
1547090 1560
1547100 1560
1547110 1555
1547120 1552
1547130 1552
1547140 1549
1547150 1546
1547160 1546
1547170 1543
1547180 1540
1547190 1536
1547200 1536
1547210 1532
1547220 1528
1547230 1528
1547240 1526
1547250 1522
1547260 1522
1547270 1519
1547280 1516
1547290 1516
1547300 1512
1547310 1507
1547320 1507
1547330 1503
1547340 1497
1547350 1497
1547360 1493
1547370 1489
1547380 1489
1547390 1483
1547400 1478
1547410 1475
1547420 1475
1547430 1472
1547440 1470
1547450 1470
1547460 1469
1547470 1466
1547480 1466
1547490 1464
1547500 1461
1547510 1461
1547520 1459
1547530 1455
1547540 1455
1547550 1453
1547560 1450
1547570 1450
1547580 1448
1547590 1445
1547600 1445
1547610 1442
1547620 1439
1547630 1435
1547640 1435
1547650 1432
1547660 1428
1547670 1428
1547680 1424
1547690 1418
1547700 1418
1547710 1413
1547720 1409
1547730 1409
1547740 1406
1547750 1402
1547760 1402
1547770 1397
1547780 1392
1547790 1392
1547800 1387
1547810 1385
1547820 1385
1547830 1383
1547840 1383
1547850 1381
1547860 1381
1547870 1377
1547880 1375
1547890 1375
1547900 1374
1547910 1373
1547920 1373
1547930 1371
1547940 1367
1547950 1367
1547960 1363
1547970 1358
1547980 1358
1547990 1354
1548000 1351
1548010 1351
1548020 1350
1548030 1347
1548040 1347
1548050 1343
1548060 1339
1548070 1334
1548080 1334
1548090 1328
1548100 1321
1548110 1321
1548120 1313
1548130 1307
1548140 1307
1548150 1307
1548160 1315
1548170 1315
1548180 1321
1548190 1324
1548200 1324
1548210 1326
1548220 1330
1548230 1330
1548240 1334
1548250 1337
1548260 1337
1548270 1339
1548280 1341
1548290 1342
1548300 1342
1548310 1344
1548320 1344
1548330 1344
1548340 1345
1548350 1344
1548360 1344
1548370 1343
1548380 1341
1548390 1341
1548400 1339
1548410 1339
1548420 1339
1548430 1341
1548440 1341
1548450 1341
1548460 1342
1548470 1343
1548480 1343
1548490 1343
1548500 1343
1548510 1344
1548520 1344
1548530 1345
1548540 1346
1548550 1346
1548560 1349
1548570 1350
1548580 1350
1548590 1350
1548600 1350
1548610 1350
1548620 1350
1548630 1353
1548640 1353
1548650 1355
1548660 1357
1548670 1357
1548680 1359
1548690 1360
1548700 1360
1548710 1361
1548720 1363
1548730 1365
1548740 1365
1548750 1366
1548760 1368
1548770 1368
1548780 1368
1548790 1372
1548800 1372
1548810 1369
1548820 1367
1548830 1367
1548840 1364
1548850 1366
1548860 1366
1548870 1368
1548880 1368
1548890 1368
1548900 1369
1548910 1370
1548920 1370
1548930 1374
1548940 1378
1548950 1381
1548960 1381
1548970 1382
1548980 1383
1548990 1383
1549000 1384
1549010 1384
1549020 1384
1549030 1384
1549040 1383
1549050 1383
1549060 1382
1549070 1382
1549080 1382
1549090 1384
1549100 1388
1549110 1388
1549120 1390
1549130 1392
1549140 1392
1549150 1392
1549160 1393
1549170 1394
1549180 1394
1549190 1395
1549200 1397
1549210 1397
1549220 1398
1549230 1400
1549240 1400
1549250 1401
1549260 1403
1549270 1403
1549280 1404
1549290 1404
1549300 1404
1549310 1405
1549320 1405
1549330 1405
1549340 1406
1549350 1407
1549360 1407
1549370 1407
1549380 1407
1549390 1408
1549400 1408
1549410 1407
1549420 1407
1549430 1407
1549440 1408
1549450 1409
1549460 1409
1549470 1409
1549480 1410
1549490 1410
1549500 1410
1549510 1410
1549520 1410
1549530 1412
1549540 1413
1549550 1413
1549560 1414
1549570 1414
1549580 1414
1549590 1414
1549600 1416
1549610 1417
1549620 1417
1549630 1417
1549640 1416
1549650 1416
1549660 1417
1549670 1418
1549680 1418
1549690 1420
1549700 1419
1549710 1419
1549720 1415
1549730 1412
1549740 1412
1549750 1409
1549760 1407
1549770 1407
1549780 1404
1549790 1401
1549800 1401
1549810 1399
1549820 1396
1549830 1394
1549840 1394
1549850 1392
1549860 1390
1549870 1390
1549880 1388
1549890 1386
1549900 1386
1549910 1383
1549920 1381
1549930 1381
1549940 1378
1549950 1374
1549960 1374
1549970 1370
1549980 1367
1549990 1367
1550000 1365
1550010 1363
1550020 1363
1550030 1360
1550040 1357
1550050 1354
1550060 1354
1550070 1352
1550080 1349
1550090 1349
1550100 1346
1550110 1341
1550120 1341
1550130 1337
1550140 1334
1550150 1334
1550160 1330
1550170 1326
1550180 1326
1550190 1323
1550200 1319
1550210 1319
1550220 1316
1550230 1314
1550240 1314
1550250 1311
1550260 1307
1550270 1303
1550280 1303
1550290 1298
1550300 1294
1550310 1294
1550320 1289
1550330 1285
1550340 1285
1550350 1281
1550360 1276
1550370 1276
1550380 1271
1550390 1265
1550400 1265
1550410 1258
1550420 1253
1550430 1253
1550440 1249
1550450 1243
1550460 1243
1550470 1237
1550480 1234
1550490 1231
1550500 1231
1550510 1229
1550520 1227
1550530 1227
1550540 1226
1550550 1224
1550560 1224
1550570 1221
1550580 1218
1550590 1218
1550600 1216
1550610 1213
1550620 1213
1550630 1210
1550640 1206
1550650 1206
1550660 1203
1550670 1200
1550680 1200
1550690 1198
1550700 1195
1550710 1193
1550720 1193
1550730 1190
1550740 1188
1550750 1188
1550760 1183
1550770 1178
1550780 1178
1550790 1172
1550800 1168
1550810 1168
1550820 1163
1550830 1159
1550840 1159
1550850 1156
1550860 1151
1550870 1151
1550880 1146
1550890 1141
1550900 1141
1550910 1136
1550920 1131
1550930 1126
1550940 1126
1550950 1121
1550960 1115
1550970 1115
1550980 1110
1550990 1105
1551000 1105
1551010 1101
1551020 1097
1551030 1097
1551040 1093
1551050 1090
1551060 1090
1551070 1086
1551080 1082
1551090 1082
1551100 1079
1551110 1076
1551120 1076
1551130 1073
1551140 1070
1551150 1065
1551160 1065
1551170 1062
1551180 1062
1551190 1062
1551200 1061
1551210 1056
1551220 1056
1551230 1052
1551240 1050
1551250 1050
1551260 1048
1551270 1047
1551280 1047
1551290 1046
1551300 1044
1551310 1044
1551320 1043
1551330 1043
1551340 1043
1551350 1042
1551360 1039
1551370 1033
1551380 1033
1551390 1028
1551400 1023
1551410 1023
1551420 1019
1551430 1014
1551440 1014
1551450 1009
1551460 1005
1551470 1005
1551480 1001
1551490 997
1551500 997
1551510 993
1551520 989
1551530 989
1551540 985
1551550 980
1551560 980
1551570 974
1551580 970
1551590 966
1551600 966
1551610 962
1551620 960
1551630 960
1551640 962
1551650 967
1551660 967
1551670 974
1551680 982
1551690 982
1551700 989
1551710 1007
1551720 1007
1551730 1021
1551740 1035
1551750 1035
1551760 1050
1551770 1062
1551780 1062
1551790 1074
1551800 1086
1551810 1092
1551820 1092
1551830 1095
1551840 1096
1551850 1096
1551860 1098
1551870 1099
1551880 1099
1551890 1101
1551900 1102
1551910 1102
1551920 1102
1551930 1102
1551940 1102
1551950 1102
1551960 1103
1551970 1103
1551980 1103
1551990 1103
1552000 1103
1552010 1104
1552020 1105
1552030 1105
1552040 1105
1552050 1108
1552060 1110
1552070 1110
1552080 1117
1552090 1121
1552100 1121
1552110 1124
1552120 1123
1552130 1123
1552140 1122
1552150 1119
1552160 1119
1552170 1115
1552180 1111
1552190 1111
1552200 1111
1552210 1115
1552220 1115
1552230 1121
1552240 1128
1552250 1134
1552260 1134
1552270 1139
1552280 1141
1552290 1141
1552300 1142
1552310 1144
1552320 1144
1552330 1146
1552340 1148
1552350 1148
1552360 1150
1552370 1150
1552380 1150
1552390 1149
1552400 1148
1552410 1148
1552420 1148
1552430 1149
1552440 1149
1552450 1150
1552460 1150
1552470 1151
1552480 1151
1552490 1151
1552500 1150
1552510 1150
1552520 1149
1552530 1149
1552540 1149
1552550 1149
1552560 1147
1552570 1147
1552580 1146
1552590 1146
1552600 1146
1552610 1147
1552620 1149
1552630 1153
1552640 1157
1552650 1160
1552660 1160
1552670 1161
1552680 1161
1552690 1160
1552700 1160
1552710 1160
1552720 1161
1552730 1161
1552740 1162
1552750 1163
1552760 1163
1552770 1165
1552780 1167
1552790 1167
1552800 1167
1552810 1168
1552820 1168
1552830 1169
1552840 1172
1552850 1172
1552860 1174
1552870 1174
1552880 1174
1552890 1176
1552900 1177
1552910 1178
1552920 1178
1552930 1180
1552940 1182
1552950 1182
1552960 1185
1552970 1187
1552980 1187
1552990 1190
1553000 1192
1553010 1192
1553020 1196
1553030 1201
1553040 1201
1553050 1210
1553060 1219
1553070 1219
1553080 1225
1553090 1227
1553100 1227
1553110 1227
1553120 1227
1553130 1227
1553140 1227
1553150 1226
1553160 1225
1553170 1225
1553180 1223
1553190 1222
1553200 1222
1553210 1220
1553220 1219
1553230 1219
1553240 1217
1553250 1216
1553260 1216
1553270 1215
1553280 1215
1553290 1215
1553300 1215
1553310 1214
1553320 1214
1553330 1213
1553340 1213
1553350 1212
1553360 1212
1553370 1211
1553380 1210
1553390 1210
1553400 1209
1553410 1208
1553420 1208
1553430 1207
1553440 1205
1553450 1205
1553460 1203
1553470 1200
1553480 1200
1553490 1195
1553500 1190
1553510 1190
1553520 1184
1553530 1179
1553540 1179
1553550 1183
1553560 1188
1553570 1191
1553580 1191
1553590 1193
1553600 1196
1553610 1196
1553620 1200
1553630 1205
1553640 1205
1553650 1208
1553660 1209
1553670 1209
1553680 1210
1553690 1210
1553700 1210
1553710 1211
1553720 1210
1553730 1210
1553740 1210
1553750 1210
1553760 1210
1553770 1209
1553780 1208
1553790 1207
1553800 1207
1553810 1208
1553820 1208
1553830 1208
1553840 1208
1553850 1208
1553860 1208
1553870 1209
1553880 1209
1553890 1209
1553900 1210
1553910 1210
1553920 1210
1553930 1210
1553940 1211
1553950 1211
1553960 1211
1553970 1210
1553980 1210
1553990 1210
1554000 1210
1554010 1210
1554020 1210
1554030 1208
1554040 1208
1554050 1208
1554060 1209
1554070 1208
1554080 1208
1554090 1208
1554100 1208
1554110 1208
1554120 1207
1554130 1207
1554140 1207
1554150 1206
1554160 1205
1554170 1205
1554180 1204
1554190 1203
1554200 1203
1554210 1202
1554220 1200
1554230 1200
1554240 1200
1554250 1199
1554260 1197
1554270 1197
1554280 1195
1554290 1193
1554300 1193
1554310 1190
1554320 1187
1554330 1187
1554340 1184
1554350 1182
1554360 1182
1554370 1179
1554380 1177
1554390 1177
1554400 1174
1554410 1171
1554420 1171
1554430 1168
1554440 1165
1554450 1161
1554460 1161
1554470 1160
1554480 1157
1554490 1157
1554500 1154
1554510 1150
1554520 1150
1554530 1147
1554540 1144
1554550 1144
1554560 1141
1554570 1139
1554580 1139
1554590 1136
1554600 1134
1554610 1134
1554620 1131
1554630 1129
1554640 1129
1554650 1126
1554660 1124
1554670 1122
1554680 1122
1554690 1120
1554700 1117
1554710 1117
1554720 1114
1554730 1110
1554740 1110
1554750 1107
1554760 1104
1554770 1104
1554780 1099
1554790 1091
1554800 1091
1554810 1082
1554820 1074
1554830 1074
1554840 1066
1554850 1057
1554860 1057
1554870 1049
1554880 1046
1554890 1049
1554900 1049
1554910 1055
1554920 1058
1554930 1058
1554940 1063
1554950 1069
1554960 1069
1554970 1074
1554980 1079
1554990 1079
1555000 1084
1555010 1090
1555020 1090
1555030 1098
1555040 1105
1555050 1105
1555060 1112
1555070 1118
1555080 1118
1555090 1121
1555100 1123
1555110 1125
1555120 1125
1555130 1127
1555140 1130
1555150 1130
1555160 1132
1555170 1132
1555180 1132
1555190 1131
1555200 1130
1555210 1130
1555220 1129
1555230 1128
1555240 1128
1555250 1128
1555260 1128
1555270 1128
1555280 1128
1555290 1128
1555300 1128
1555310 1127
1555320 1127
1555330 1127
1555340 1127
1555350 1127
1555360 1127
1555370 1127
1555380 1127
1555390 1127
1555400 1127
1555410 1127
1555420 1127
1555430 1127
1555440 1126
1555450 1126
1555460 1126
1555470 1126
1555480 1128
1555490 1128
1555500 1129
1555510 1131
1555520 1131
1555530 1131
1555540 1131
1555550 1130
1555560 1130
1555570 1130
1555580 1130
1555590 1130
1555600 1130
1555610 1130
1555620 1130
1555630 1130
1555640 1130
1555650 1130
1555660 1130
1555670 1130
1555680 1130
1555690 1129
1555700 1127
1555710 1127
1555720 1126
1555730 1124
1555740 1124
1555750 1120
1555760 1117
1555770 1114
1555780 1114
1555790 1113
1555800 1112
1555810 1112
1555820 1111
1555830 1110
1555840 1110
1555850 1106
1555860 1102
1555870 1102
1555880 1097
1555890 1092
1555900 1092
1555910 1087
1555920 1082
1555930 1082
1555940 1075
1555950 1071
1555960 1071
1555970 1068
1555980 1067
1555990 1065
1556000 1065
1556010 1061
1556020 1060
1556030 1060
1556040 1060
1556050 1060
1556060 1060
1556070 1061
1556080 1061
1556090 1061
1556100 1060
1556110 1058
1556120 1058
1556130 1057
1556140 1056
1556150 1056
1556160 1053
1556170 1052
1556180 1052
1556190 1051
1556200 1048
1556210 1046
1556220 1046
1556230 1044
1556240 1043
1556250 1043
1556260 1045
1556270 1044
1556280 1044
1556290 1043
1556300 1042
1556310 1042
1556320 1042
1556330 1041
1556340 1041
1556350 1039
1556360 1036
1556370 1036
1556380 1034
1556390 1033
1556400 1033
1556410 1032
1556420 1030
1556430 1028
1556440 1028
1556450 1026
1556460 1024
1556470 1024
1556480 1023
1556490 1021
1556500 1021
1556510 1022
1556520 1022
1556530 1022
1556540 1021
1556550 1020
1556560 1020
1556570 1018
1556580 1016
1556590 1016
1556600 1014
1556610 1010
1556620 1010
1556630 1004
1556640 1001
1556650 999
1556660 999
1556670 997
1556680 995
1556690 995
1556700 994
1556710 993
1556720 993
1556730 992
1556740 990
1556750 990
1556760 987
1556770 985
1556780 985
1556790 982
1556800 978
1556810 978
1556820 972
1556830 967
1556840 967
1556850 959
1556860 953
1556870 950
1556880 950
1556890 949
1556900 946
1556910 946
1556920 944
1556930 942
1556940 942
1556950 940
1556960 938
1556970 938
1556980 937
1556990 935
1557000 935
1557010 932
1557020 929
1557030 929
1557040 927
1557050 925
1557060 925
1557070 923
1557080 921
1557090 919
1557100 919
1557110 917
1557120 915
1557130 915
1557140 915
1557150 913
1557160 913
1557170 912
1557180 911
1557190 911
1557200 909
1557210 907
1557220 907
1557230 905
1557240 904
1557250 904
1557260 903
1557270 903
1557280 903
1557290 902
1557300 897
1557310 893
1557320 893
1557330 889
1557340 885
1557350 885
1557360 882
1557370 880
1557380 880
1557390 879
1557400 879
1557410 879
1557420 878
1557430 878
1557440 878
1557450 877
1557460 877
1557470 877
1557480 879
1557490 881
1557500 881
1557510 882
1557520 881
1557530 879
1557540 879
1557550 877
1557560 876
1557570 876
1557580 875
1557590 875
1557600 875
1557610 875
1557620 876
1557630 876
1557640 876
1557650 876
1557660 876
1557670 876
1557680 876
1557690 876
1557700 876
1557710 876
1557720 876
1557730 875
1557740 875
1557750 876
1557760 876
1557770 875
1557780 874
1557790 874
1557800 875
1557810 875
1557820 875
1557830 874
1557840 873
1557850 873
1557860 873
1557870 872
1557880 872
1557890 871
1557900 871
1557910 871
1557920 871
1557930 873
1557940 873
1557950 873
1557960 874
1557970 874
1557980 874
1557990 874
1558000 873
1558010 873
1558020 873
1558030 873
1558040 873
1558050 873
1558060 873
1558070 873
1558080 873
1558090 873
1558100 873
1558110 873
1558120 873
1558130 873
1558140 872
1558150 872
1558160 872
1558170 872
1558180 872
1558190 872
1558200 872
1558210 872
1558220 872
1558230 872
1558240 872
1558250 872
1558260 872
1558270 872
1558280 872
1558290 872
1558300 871
1558310 871
1558320 871
1558330 871
1558340 871
1558350 871
1558360 871
1558370 872
1558380 872
1558390 872
1558400 872
1558410 872
1558420 872
1558430 872
1558440 871
1558450 871
1558460 871
1558470 871
1558480 871
1558490 871
1558500 871
1558510 871
1558520 871
1558530 871
1558540 871
1558550 871
1558560 870
1558570 870
1558580 870
1558590 870
1558600 870
1558610 870
1558620 870
1558630 870
1558640 870
1558650 870
1558660 870
1558670 870
1558680 870
1558690 870
1558700 870
1558710 870
1558720 871
1558730 871
1558740 872
1558750 874
1558760 874
1558770 879
1558780 884
1558790 884
1558800 888
1558810 893
1558820 893
1558830 897
1558840 901
1558850 906
1558860 906
1558870 911
1558880 917
1558890 917
1558900 921
1558910 924
1558920 924
1558930 929
1558940 931
1558950 931
1558960 939
1558970 945
1558980 945
1558990 953
1559000 960
1559010 960
1559020 966
1559030 968
1559040 968
1559050 971
1559060 976
1559070 981
1559080 981
1559090 986
1559100 992
1559110 992
1559120 999
1559130 1007
1559140 1007
1559150 1015
1559160 1023
1559170 1023
1559180 1035
1559190 1041
1559200 1041
1559210 1049
1559220 1054
1559230 1054
1559240 1060
1559250 1066
1559260 1066
1559270 1071
1559280 1075
1559290 1079
1559300 1079
1559310 1084
1559320 1088
1559330 1088
1559340 1092
1559350 1096
1559360 1096
1559370 1099
1559380 1103
1559390 1103
1559400 1105
1559410 1108
1559420 1108
1559430 1112
1559440 1116
1559450 1116
1559460 1119
1559470 1123
1559480 1123
1559490 1126
1559500 1129
1559510 1132
1559520 1132
1559530 1135
1559540 1137
1559550 1137
1559560 1139
1559570 1142
1559580 1142
1559590 1146
1559600 1148
1559610 1148
1559620 1152
1559630 1156
1559640 1156
1559650 1160
1559660 1166
1559670 1166
1559680 1172
1559690 1176
1559700 1176
1559710 1180
1559720 1180
1559730 1183
1559740 1183
1559750 1187
1559760 1190
1559770 1190
1559780 1193
1559790 1196
1559800 1196
1559810 1199
1559820 1202
1559830 1202
1559840 1204
1559850 1207
1559860 1207
1559870 1210
1559880 1213
1559890 1213
1559900 1215
1559910 1217
1559920 1217
1559930 1218
1559940 1218
1559950 1217
1559960 1217
1559970 1215
1559980 1213
1559990 1213
