1540000 1473
1540010 1480
1540020 1480
1540030 1484
1540040 1488
1540050 1488
1540060 1492
1540070 1496
1540080 1500
1540090 1500
1540100 1503
1540110 1505
1540120 1505
1540130 1507
1540140 1509
1540150 1509
1540160 1511
1540170 1514
1540180 1514
1540190 1517
1540200 1519
1540210 1519
1540220 1520
1540230 1522
1540240 1522
1540250 1523
1540260 1524
1540270 1524
1540280 1524
1540290 1525
1540300 1526
1540310 1526
1540320 1527
1540330 1527
1540340 1527
1540350 1527
1540360 1527
1540370 1527
1540380 1527
1540390 1527
1540400 1527
1540410 1528
1540420 1530
1540430 1530
1540440 1533
1540450 1535
1540460 1535
1540470 1536
1540480 1536
1540490 1536
1540500 1536
1540510 1535
1540520 1535
1540530 1535
1540540 1534
1540550 1534
1540560 1534
1540570 1533
1540580 1533
1540590 1533
1540600 1533
1540610 1533
1540620 1533
1540630 1532
1540640 1532
1540650 1532
1540660 1531
1540670 1531
1540680 1531
1540690 1530
1540700 1532
1540710 1532
1540720 1532
1540730 1532
1540740 1531
1540750 1531
1540760 1531
1540770 1531
1540780 1531
1540790 1530
1540800 1529
1540810 1529
1540820 1528
1540830 1526
1540840 1526
1540850 1524
1540860 1523
1540870 1523
1540880 1522
1540890 1520
1540900 1520
1540910 1516
1540920 1517
1540930 1517
1540940 1520
1540950 1522
1540960 1524
1540970 1524
1540980 1527
1540990 1529
1541000 1529
1541010 1530
1541020 1531
1541030 1531
1541040 1532
1541050 1533
1541060 1533
1541070 1534
1541080 1535
1541090 1535
1541100 1536
1541110 1538
1541120 1538
1541130 1539
1541140 1542
1541150 1542
1541160 1544
1541170 1546
1541180 1548
1541190 1548
1541200 1550
1541210 1552
1541220 1552
1541230 1554
1541240 1555
1541250 1555
1541260 1557
1541270 1559
1541280 1559
1541290 1560
1541300 1562
1541310 1562
1541320 1564
1541330 1567
1541340 1567
1541350 1569
1541360 1571
1541370 1571
1541380 1574
1541390 1575
1541400 1577
1541410 1577
1541420 1579
1541430 1582
1541440 1582
1541450 1584
1541460 1586
1541470 1586
1541480 1588
1541490 1590
1541500 1590
1541510 1592
1541520 1594
1541530 1594
1541540 1596
1541550 1598
1541560 1598
1541570 1600
1541580 1602
1541590 1602
1541600 1603
1541610 1605
1541620 1606
1541630 1606
1541640 1608
1541650 1609
1541660 1609
1541670 1611
1541680 1613
1541690 1613
1541700 1615
1541710 1617
1541720 1617
1541730 1618
1541740 1620
1541750 1620
1541760 1621
1541770 1623
1541780 1623
1541790 1624
1541800 1626
1541810 1626
1541820 1628
1541830 1629
1541840 1629
1541850 1631
1541860 1634
1541870 1637
1541880 1637
1541890 1641
1541900 1643
1541910 1643
1541920 1646
1541930 1648
1541940 1648
1541950 1651
1541960 1654
1541970 1654
1541980 1657
1541990 1660
1542000 1660
1542010 1663
1542020 1665
1542030 1665
1542040 1668
1542050 1671
1542060 1671
1542070 1674
1542080 1675
1542090 1678
1542100 1678
1542110 1680
1542120 1682
1542130 1682
1542140 1685
1542150 1687
1542160 1687
1542170 1689
1542180 1691
1542190 1691
1542200 1693
1542210 1695
1542220 1695
1542230 1697
1542240 1699
1542250 1699
1542260 1701
1542270 1702
1542280 1702
1542290 1705
1542300 1708
1542310 1710
1542320 1710
1542330 1712
1542340 1714
1542350 1714
1542360 1716
1542370 1718
1542380 1718
1542390 1721
1542400 1723
1542410 1723
1542420 1725
1542430 1726
1542440 1726
1542450 1728
1542460 1729
1542470 1729
1542480 1730
1542490 1731
1542500 1731
1542510 1732
1542520 1732
1542530 1732
1542540 1732
1542550 1733
1542560 1734
1542570 1734
1542580 1735
1542590 1737
1542600 1737
1542610 1737
1542620 1738
1542630 1738
1542640 1739
1542650 1741
1542660 1741
1542670 1741
1542680 1742
1542690 1742
1542700 1743
1542710 1744
1542720 1744
1542730 1745
1542740 1746
1542750 1746
1542760 1746
1542770 1747
1542780 1748
1542790 1748
1542800 1749
1542810 1750
1542820 1750
1542830 1751
1542840 1753
1542850 1753
1542860 1754
1542870 1756
1542880 1756
1542890 1757
1542900 1759
1542910 1759
1542920 1761
1542930 1763
1542940 1763
1542950 1764
1542960 1766
1542970 1767
1542980 1767
1542990 1768
1543000 1770
1543010 1770
1543020 1773
1543030 1774
1543040 1774
1543050 1776
1543060 1778
1543070 1778
1543080 1780
1543090 1781
1543100 1781
1543110 1782
1543120 1784
1543130 1784
1543140 1785
1543150 1786
1543160 1786
1543170 1788
1543180 1789
1543190 1790
1543200 1790
1543210 1791
1543220 1792
1543230 1792
1543240 1794
1543250 1795
1543260 1795
1543270 1797
1543280 1798
1543290 1798
1543300 1799
1543310 1800
1543320 1800
1543330 1801
1543340 1802
1543350 1802
1543360 1803
1543370 1804
1543380 1804
1543390 1806
1543400 1807
1543410 1809
1543420 1809
1543430 1811
1543440 1812
1543450 1812
1543460 1813
1543470 1814
1543480 1814
1543490 1815
1543500 1816
1543510 1816
1543520 1817
1543530 1818
1543540 1818
1543550 1819
1543560 1820
1543570 1820
1543580 1820
1543590 1821
1543600 1821
1543610 1822
1543620 1823
1543630 1824
1543640 1824
1543650 1824
1543660 1824
1543670 1824
1543680 1824
1543690 1824
1543700 1824
1543710 1825
1543720 1824
1543730 1824
1543740 1824
1543750 1824
1543760 1824
1543770 1824
1543780 1824
1543790 1824
1543800 1824
1543810 1823
1543820 1823
1543830 1823
1543840 1823
1543850 1823
1543860 1823
1543870 1823
1543880 1823
1543890 1823
1543900 1822
1543910 1822
1543920 1822
1543930 1822
1543940 1822
1543950 1822
1543960 1822
1543970 1822
1543980 1822
1543990 1821
1544000 1821
1544010 1821
1544020 1821
1544030 1821
1544040 1821
1544050 1820
1544060 1820
1544070 1820
1544080 1819
1544090 1819
1544100 1818
1544110 1818
1544120 1818
1544130 1818
1544140 1818
1544150 1817
1544160 1817
1544170 1817
1544180 1816
1544190 1816
1544200 1816
1544210 1815
1544220 1815
1544230 1815
1544240 1815
1544250 1814
1544260 1814
1544270 1814
1544280 1813
1544290 1813
1544300 1813
1544310 1812
1544320 1811
1544330 1811
1544340 1811
1544350 1810
1544360 1810
1544370 1809
1544380 1807
1544390 1807
1544400 1806
1544410 1805
1544420 1805
1544430 1804
1544440 1801
1544450 1801
1544460 1800
1544470 1800
1544480 1800
1544490 1800
1544500 1800
1544510 1800
1544520 1799
1544530 1799
1544540 1799
1544550 1799
1544560 1799
1544570 1798
1544580 1798
1544590 1797
1544600 1796
1544610 1796
1544620 1794
1544630 1794
1544640 1794
1544650 1793
1544660 1791
1544670 1791
1544680 1785
1544690 1781
1544700 1781
1544710 1776
1544720 1773
1544730 1773
1544740 1773
1544750 1775
1544760 1777
1544770 1777
1544780 1778
1544790 1780
1544800 1780
1544810 1781
1544820 1780
1544830 1780
1544840 1782
1544850 1782
1544860 1782
1544870 1782
1544880 1782
1544890 1782
1544900 1782
1544910 1785
1544920 1785
1544930 1788
1544940 1790
1544950 1790
1544960 1793
1544970 1796
1544980 1800
1544990 1800
1545000 1803
1545010 1807
1545020 1807
1545030 1811
1545040 1815
1545050 1815
1545060 1818
1545070 1822
1545080 1822
1545090 1826
1545100 1830
1545110 1830
1545120 1833
1545130 1836
1545140 1836
1545150 1840
1545160 1843
1545170 1843
1545180 1847
1545190 1850
1545200 1853
1545210 1853
1545220 1856
1545230 1860
1545240 1860
1545250 1862
1545260 1865
1545270 1865
1545280 1867
1545290 1869
1545300 1869
1545310 1871
1545320 1873
1545330 1873
1545340 1875
1545350 1876
1545360 1876
1545370 1877
1545380 1878
1545390 1878
1545400 1878
1545410 1879
1545420 1881
1545430 1881
1545440 1882
1545450 1883
1545460 1885
1545470 1885
1545480 1885
1545490 1885
1545500 1885
1545510 1884
1545520 1884
1545530 1884
1545540 1883
1545550 1883
1545560 1883
1545570 1882
1545580 1882
1545590 1882
1545600 1882
1545610 1882
1545620 1882
1545630 1883
1545640 1883
1545650 1883
1545660 1883
1545670 1883
1545680 1883
1545690 1882
1545700 1882
1545710 1882
1545720 1882
1545730 1883
1545740 1883
1545750 1884
1545760 1884
1545770 1884
1545780 1885
1545790 1885
1545800 1885
1545810 1885
1545820 1885
1545830 1885
1545840 1885
1545850 1884
1545860 1884
1545870 1884
1545880 1884
1545890 1883
1545900 1883
1545910 1883
1545920 1882
1545930 1882
1545940 1882
1545950 1881
1545960 1881
1545970 1880
1545980 1879
1545990 1879
1546000 1878
1546010 1876
1546020 1876
1546030 1875
1546040 1873
1546050 1873
1546060 1871
1546070 1870
1546080 1870
1546090 1868
1546100 1865
1546110 1862
1546120 1862
1546130 1860
1546140 1857
1546150 1857
1546160 1855
1546170 1853
1546180 1853
1546190 1850
1546200 1847
1546210 1847
1546220 1843
1546230 1840
1546240 1840
1546250 1837
1546260 1834
1546270 1834
1546280 1831
1546290 1829
1546300 1829
1546310 1826
1546320 1824
1546330 1822
1546340 1822
1546350 1820
1546360 1818
1546370 1818
1546380 1815
1546390 1812
1546400 1812
1546410 1809
1546420 1807
1546430 1807
1546440 1804
1546450 1801
1546460 1801
1546470 1799
1546480 1796
1546490 1796
1546500 1791
1546510 1787
1546520 1787
1546530 1785
1546540 1782
1546550 1779
1546560 1779
1546570 1776
1546580 1773
1546590 1773
1546600 1770
1546610 1768
1546620 1768
1546630 1765
1546640 1762
1546650 1762
1546660 1759
1546670 1756
1546680 1756
1546690 1754
1546700 1751
1546710 1751
1546720 1747
1546730 1741
1546740 1741
1546750 1737
1546760 1733
1546770 1730
1546780 1730
1546790 1727
1546800 1726
1546810 1726
1546820 1724
1546830 1722
1546840 1722
1546850 1717
1546860 1713
1546870 1713
1546880 1711
1546890 1709
1546900 1709
1546910 1706
1546920 1702
1546930 1702
1546940 1699
1546950 1696
1546960 1696
1546970 1693
1546980 1690
1546990 1687
1547000 1687
1547010 1685
1547020 1682
1547030 1682
1547040 1679
1547050 1675
1547060 1675
1547070 1671
1547080 1669
1547090 1669
1547100 1666
1547110 1664
1547120 1664
1547130 1661
1547140 1658
1547150 1658
1547160 1655
1547170 1653
1547180 1653
1547190 1651
1547200 1646
1547210 1642
1547220 1642
1547230 1640
1547240 1638
1547250 1638
1547260 1634
1547270 1632
1547280 1632
1547290 1629
1547300 1627
1547310 1627
1547320 1626
1547330 1624
1547340 1624
1547350 1623
1547360 1621
1547370 1621
1547380 1619
1547390 1617
1547400 1617
1547410 1615
1547420 1613
1547430 1610
1547440 1610
1547450 1608
1547460 1607
1547470 1607
1547480 1605
1547490 1602
1547500 1602
1547510 1602
1547520 1601
1547530 1601
1547540 1599
1547550 1596
1547560 1596
1547570 1594
1547580 1591
1547590 1591
1547600 1587
1547610 1582
1547620 1582
1547630 1577
1547640 1574
1547650 1571
1547660 1571
1547670 1568
1547680 1566
1547690 1566
1547700 1562
1547710 1559
1547720 1559
1547730 1555
1547740 1551
1547750 1551
1547760 1551
1547770 1550
1547780 1550
1547790 1548
1547800 1547
1547810 1547
1547820 1546
1547830 1545
1547840 1545
1547850 1542
1547860 1537
1547870 1533
1547880 1533
1547890 1530
1547900 1528
1547910 1528
1547920 1527
1547930 1526
1547940 1526
1547950 1524
1547960 1523
1547970 1523
1547980 1521
1547990 1519
1548000 1519
1548010 1517
1548020 1516
1548030 1516
1548040 1513
1548050 1511
1548060 1511
1548070 1510
1548080 1508
1548090 1508
1548100 1507
1548110 1506
1548120 1504
1548130 1504
1548140 1501
1548150 1499
1548160 1499
1548170 1497
1548180 1496
1548190 1496
1548200 1494
1548210 1492
1548220 1492
1548230 1490
1548240 1489
1548250 1489
1548260 1488
1548270 1487
1548280 1487
1548290 1487
1548300 1486
1548310 1486
1548320 1485
1548330 1484
1548340 1483
1548350 1483
1548360 1483
1548370 1482
1548380 1482
1548390 1482
1548400 1483
1548410 1483
1548420 1483
1548430 1483
1548440 1483
1548450 1483
1548460 1482
1548470 1482
1548480 1481
1548490 1480
1548500 1480
1548510 1477
1548520 1476
1548530 1476
1548540 1475
1548550 1475
1548560 1475
1548570 1475
1548580 1474
1548590 1471
1548600 1471
1548610 1469
1548620 1468
1548630 1468
1548640 1467
1548650 1467
1548660 1467
1548670 1466
1548680 1465
1548690 1465
1548700 1462
1548710 1460
1548720 1460
1548730 1456
1548740 1452
1548750 1452
1548760 1447
1548770 1443
1548780 1440
1548790 1440
1548800 1436
1548810 1433
1548820 1433
1548830 1430
1548840 1428
1548850 1428
1548860 1425
1548870 1422
1548880 1422
1548890 1420
1548900 1418
1548910 1418
1548920 1416
1548930 1414
1548940 1414
1548950 1413
1548960 1411
1548970 1411
1548980 1409
1548990 1409
1549000 1408
1549010 1408
1549020 1406
1549030 1403
1549040 1403
1549050 1396
1549060 1388
1549070 1388
1549080 1387
1549090 1390
1549100 1390
1549110 1395
1549120 1400
1549130 1400
1549140 1404
1549150 1407
1549160 1407
1549170 1408
1549180 1409
1549190 1409
1549200 1409
1549210 1409
1549220 1410
1549230 1410
1549240 1410
1549250 1410
1549260 1410
1549270 1410
1549280 1410
1549290 1410
1549300 1410
1549310 1410
1549320 1410
1549330 1410
1549340 1409
1549350 1409
1549360 1409
1549370 1410
1549380 1410
1549390 1410
1549400 1411
1549410 1411
1549420 1411
1549430 1411
1549440 1410
1549450 1410
1549460 1409
1549470 1408
1549480 1408
1549490 1403
1549500 1402
1549510 1402
1549520 1402
1549530 1402
1549540 1402
1549550 1401
1549560 1402
1549570 1402
1549580 1402
1549590 1402
1549600 1402
1549610 1403
1549620 1403
1549630 1403
1549640 1403
1549650 1402
1549660 1400
1549670 1400
1549680 1398
1549690 1396
1549700 1396
1549710 1394
1549720 1393
1549730 1393
1549740 1391
1549750 1388
1549760 1388
1549770 1386
1549780 1384
1549790 1384
1549800 1383
1549810 1381
1549820 1381
1549830 1381
1549840 1380
1549850 1380
1549860 1379
1549870 1378
1549880 1377
1549890 1377
1549900 1376
1549910 1374
1549920 1374
1549930 1373
1549940 1371
1549950 1371
1549960 1371
1549970 1370
1549980 1370
1549990 1369
1550000 1368
1550010 1368
1550020 1367
1550030 1366
1550040 1366
1550050 1364
1550060 1363
1550070 1363
1550080 1362
1550090 1360
1550100 1360
1550110 1359
1550120 1357
1550130 1355
1550140 1355
1550150 1352
1550160 1350
1550170 1350
1550180 1348
1550190 1345
1550200 1345
1550210 1342
1550220 1339
1550230 1339
1550240 1336
1550250 1332
1550260 1332
1550270 1329
1550280 1325
1550290 1325
1550300 1322
1550310 1319
1550320 1319
1550330 1315
1550340 1311
1550350 1309
1550360 1309
1550370 1307
1550380 1305
1550390 1305
1550400 1302
1550410 1300
1550420 1300
1550430 1298
1550440 1294
1550450 1294
1550460 1292
1550470 1291
1550480 1291
1550490 1290
1550500 1289
1550510 1289
1550520 1288
1550530 1285
1550540 1285
1550550 1278
1550560 1273
1550570 1268
1550580 1268
1550590 1265
1550600 1262
1550610 1262
1550620 1258
1550630 1254
1550640 1254
1550650 1250
1550660 1247
1550670 1247
1550680 1242
1550690 1236
1550700 1236
1550710 1234
1550720 1230
1550730 1230
1550740 1225
1550750 1220
1550760 1220
1550770 1213
1550780 1207
1550790 1199
1550800 1199
1550810 1190
1550820 1182
1550830 1182
1550840 1173
1550850 1163
1550860 1163
1550870 1154
1550880 1151
1550890 1151
1550900 1152
1550910 1153
1550920 1153
1550930 1158
1550940 1165
1550950 1165
1550960 1171
1550970 1176
1550980 1176
1550990 1180
1551000 1185
1551010 1189
1551020 1189
1551030 1193
1551040 1198
1551050 1198
1551060 1203
1551070 1207
1551080 1207
1551090 1211
1551100 1214
1551110 1214
1551120 1218
1551130 1221
1551140 1221
1551150 1224
1551160 1228
1551170 1228
1551180 1230
1551190 1233
1551200 1233
1551210 1234
1551220 1236
1551230 1238
1551240 1238
1551250 1243
1551260 1247
1551270 1247
1551280 1250
1551290 1253
1551300 1253
1551310 1254
1551320 1254
1551330 1254
1551340 1255
1551350 1258
1551360 1258
1551370 1262
1551380 1265
1551390 1265
1551400 1268
1551410 1271
1551420 1273
1551430 1276
1551440 1279
1551450 1280
1551460 1280
1551470 1282
1551480 1285
1551490 1285
1551500 1288
1551510 1290
1551520 1290
1551530 1292
1551540 1293
1551550 1293
1551560 1292
1551570 1289
1551580 1289
1551590 1289
1551600 1292
1551610 1292
1551620 1296
1551630 1301
1551640 1301
1551650 1305
1551660 1309
1551670 1311
1551680 1311
1551690 1312
1551700 1314
1551710 1314
1551720 1316
1551730 1320
1551740 1320
1551750 1323
1551760 1326
1551770 1326
1551780 1329
1551790 1332
1551800 1332
1551810 1335
1551820 1338
1551830 1338
1551840 1340
1551850 1343
1551860 1343
1551870 1345
1551880 1347
1551890 1349
1551900 1349
1551910 1352
1551920 1355
1551930 1355
1551940 1358
1551950 1361
1551960 1361
1551970 1365
1551980 1368
1551990 1368
1552000 1371
1552010 1373
1552020 1373
1552030 1376
1552040 1379
1552050 1379
1552060 1382
1552070 1385
1552080 1385
1552090 1388
1552100 1390
1552110 1390
1552120 1393
1552130 1395
1552140 1398
1552150 1398
1552160 1400
1552170 1403
1552180 1403
1552190 1405
1552200 1407
1552210 1407
1552220 1410
1552230 1413
1552240 1413
1552250 1415
1552260 1418
1552270 1418
1552280 1421
1552290 1424
1552300 1424
1552310 1427
1552320 1430
1552330 1430
1552340 1433
1552350 1435
1552360 1437
1552370 1437
1552380 1439
1552390 1441
1552400 1441
1552410 1443
1552420 1446
1552430 1446
1552440 1448
1552450 1452
1552460 1452
1552470 1454
1552480 1455
1552490 1455
1552500 1458
1552510 1460
1552520 1460
1552530 1464
1552540 1467
1552550 1467
1552560 1470
1552570 1473
1552580 1476
1552590 1476
1552600 1478
1552610 1481
1552620 1481
1552630 1484
1552640 1486
1552650 1486
1552660 1488
1552670 1490
1552680 1490
1552690 1493
1552700 1495
1552710 1495
1552720 1497
1552730 1499
1552740 1499
1552750 1501
1552760 1503
1552770 1503
1552780 1505
1552790 1507
1552800 1509
1552810 1509
1552820 1510
1552830 1512
1552840 1512
1552850 1514
1552860 1515
1552870 1515
1552880 1516
1552890 1517
1552900 1517
1552910 1519
1552920 1520
1552930 1520
1552940 1520
1552950 1521
1552960 1521
1552970 1523
1552980 1524
1552990 1524
1553000 1525
1553010 1525
1553020 1525
1553030 1525
1553040 1524
1553050 1523
1553060 1523
1553070 1522
1553080 1520
1553090 1520
1553100 1518
1553110 1516
1553120 1516
1553130 1514
1553140 1512
1553150 1512
1553160 1510
1553170 1507
1553180 1507
1553190 1501
1553200 1494
1553210 1494
1553220 1489
1553230 1486
1553240 1484
1553250 1484
1553260 1482
1553270 1480
1553280 1480
1553290 1479
1553300 1477
1553310 1477
1553320 1474
1553330 1470
1553340 1470
1553350 1467
1553360 1468
1553370 1468
1553380 1474
1553390 1480
1553400 1480
1553410 1484
1553420 1488
1553430 1488
1553440 1491
1553450 1494
1553460 1495
1553470 1495
1553480 1497
1553490 1499
1553500 1499
1553510 1501
1553520 1502
1553530 1502
1553540 1503
1553550 1504
1553560 1504
1553570 1507
1553580 1508
1553590 1508
1553600 1509
1553610 1512
1553620 1512
1553630 1515
1553640 1518
1553650 1518
1553660 1521
1553670 1522
1553680 1522
1553690 1522
1553700 1524
1553710 1525
1553720 1525
1553730 1526
1553740 1528
1553750 1528
1553760 1531
1553770 1534
1553780 1534
1553790 1536
1553800 1539
1553810 1539
1553820 1541
1553830 1543
1553840 1543
1553850 1547
1553860 1551
1553870 1551
1553880 1555
1553890 1558
1553900 1560
1553910 1560
1553920 1562
1553930 1564
1553940 1564
1553950 1565
1553960 1567
1553970 1567
1553980 1569
1553990 1570
1554000 1570
1554010 1571
1554020 1572
1554030 1572
1554040 1573
1554050 1574
1554060 1574
1554070 1574
1554080 1574
1554090 1574
1554100 1575
1554110 1575
1554120 1575
1554130 1576
1554140 1576
1554150 1576
1554160 1576
1554170 1576
1554180 1577
1554190 1577
1554200 1577
1554210 1577
1554220 1577
1554230 1577
1554240 1578
1554250 1578
1554260 1578
1554270 1579
1554280 1579
1554290 1579
1554300 1579
1554310 1579
1554320 1580
1554330 1580
1554340 1580
1554350 1581
1554360 1582
1554370 1583
1554380 1583
1554390 1584
1554400 1586
1554410 1586
1554420 1586
1554430 1586
1554440 1586
1554450 1588
1554460 1589
1554470 1589
1554480 1591
1554490 1592
1554500 1592
1554510 1593
1554520 1594
1554530 1594
1554540 1595
1554550 1597
1554560 1597
1554570 1598
1554580 1600
1554590 1602
1554600 1602
1554610 1603
1554620 1605
1554630 1605
1554640 1607
1554650 1608
1554660 1608
1554670 1608
1554680 1609
1554690 1609
1554700 1610
1554710 1610
1554720 1610
1554730 1611
1554740 1611
1554750 1611
1554760 1612
1554770 1612
1554780 1612
1554790 1613
1554800 1614
1554810 1615
1554820 1615
1554830 1615
1554840 1616
1554850 1616
1554860 1616
1554870 1618
1554880 1618
1554890 1619
1554900 1620
1554910 1620
1554920 1621
1554930 1621
1554940 1621
1554950 1622
1554960 1622
1554970 1622
1554980 1623
1554990 1623
1555000 1623
1555010 1624
1555020 1624
1555030 1625
1555040 1625
1555050 1626
1555060 1626
1555070 1626
1555080 1627
1555090 1627
1555100 1627
1555110 1629
1555120 1629
1555130 1629
1555140 1629
1555150 1630
1555160 1630
1555170 1631
1555180 1631
1555190 1631
1555200 1631
1555210 1631
1555220 1631
1555230 1631
1555240 1631
1555250 1631
1555260 1631
1555270 1632
1555280 1632
1555290 1632
1555300 1633
1555310 1634
1555320 1634
1555330 1635
1555340 1637
1555350 1637
1555360 1638
1555370 1640
1555380 1640
1555390 1641
1555400 1642
1555410 1642
1555420 1644
1555430 1644
1555440 1644
1555450 1644
1555460 1645
1555470 1645
1555480 1645
1555490 1646
1555500 1646
1555510 1646
1555520 1647
1555530 1648
1555540 1648
1555550 1647
1555560 1645
1555570 1645
1555580 1644
1555590 1644
1555600 1644
1555610 1644
1555620 1644
1555630 1644
1555640 1644
1555650 1644
1555660 1644
1555670 1644
1555680 1644
1555690 1644
1555700 1644
1555710 1644
1555720 1643
1555730 1643
1555740 1643
1555750 1642
1555760 1642
1555770 1640
1555780 1640
1555790 1640
1555800 1640
1555810 1640
1555820 1640
1555830 1639
1555840 1639
1555850 1639
1555860 1639
1555870 1639
1555880 1639
1555890 1638
1555900 1637
1555910 1636
1555920 1636
1555930 1635
1555940 1634
1555950 1634
1555960 1633
1555970 1632
1555980 1632
1555990 1631
1556000 1630
1556010 1630
1556020 1630
1556030 1630
1556040 1630
1556050 1629
1556060 1629
1556070 1629
1556080 1628
1556090 1627
1556100 1627
1556110 1626
1556120 1626
1556130 1626
1556140 1626
1556150 1626
1556160 1625
1556170 1625
1556180 1624
1556190 1622
1556200 1622
1556210 1620
1556220 1616
1556230 1616
1556240 1616
1556250 1615
1556260 1615
1556270 1615
1556280 1615
1556290 1615
1556300 1614
1556310 1612
1556320 1612
1556330 1611
1556340 1610
1556350 1610
1556360 1609
1556370 1608
1556380 1607
1556390 1607
1556400 1606
1556410 1606
1556420 1606
1556430 1605
1556440 1604
1556450 1604
1556460 1602
1556470 1600
1556480 1600
1556490 1597
1556500 1592
1556510 1592
1556520 1588
1556530 1585
1556540 1585
1556550 1583
1556560 1583
1556570 1583
1556580 1582
1556590 1582
1556600 1582
1556610 1582
1556620 1581
1556630 1580
1556640 1580
1556650 1578
1556660 1575
1556670 1575
1556680 1572
1556690 1570
1556700 1570
1556710 1569
1556720 1568
1556730 1568
1556740 1567
1556750 1565
1556760 1565
1556770 1563
1556780 1559
1556790 1559
1556800 1556
1556810 1554
1556820 1551
1556830 1551
1556840 1547
1556850 1542
1556860 1542
1556870 1539
1556880 1537
1556890 1541
1556900 1538
1556910 1535
1556920 1535
1556930 1534
1556940 1533
1556950 1533
1556960 1532
1556970 1531
1556980 1531
1556990 1531
1557000 1532
1557010 1532
1557020 1533
1557030 1532
1557040 1528
1557050 1528
1557060 1524
1557070 1526
1557080 1526
1557090 1523
1557100 1519
1557110 1519
1557120 1515
1557130 1512
1557140 1512
1557150 1510
1557160 1507
1557170 1507
1557180 1500
1557190 1491
1557200 1491
1557210 1484
1557220 1481
1557230 1481
1557240 1476
1557250 1473
1557260 1470
1557270 1470
1557280 1467
1557290 1465
1557300 1465
1557310 1462
1557320 1458
1557330 1458
1557340 1455
1557350 1453
1557360 1453
1557370 1451
1557380 1448
1557390 1448
1557400 1445
1557410 1444
1557420 1444
1557430 1443
1557440 1442
1557450 1442
1557460 1441
1557470 1439
1557480 1434
1557490 1434
1557500 1429
1557510 1424
1557520 1424
1557530 1423
1557540 1424
1557550 1424
1557560 1424
1557570 1422
1557580 1422
1557590 1419
1557600 1417
1557610 1417
1557620 1416
1557630 1414
1557640 1414
1557650 1411
1557660 1407
1557670 1407
1557680 1403
1557690 1399
1557700 1395
1557710 1395
1557720 1392
1557730 1389
1557740 1389
1557750 1386
1557760 1382
1557770 1382
1557780 1378
1557790 1374
1557800 1374
1557810 1371
1557820 1368
1557830 1368
1557840 1365
1557850 1363
1557860 1363
1557870 1361
1557880 1356
1557890 1356
1557900 1352
1557910 1350
1557920 1348
1557930 1348
1557940 1347
1557950 1344
1557960 1344
1557970 1338
1557980 1334
1557990 1334
1558000 1329
1558010 1323
1558020 1323
1558030 1317
1558040 1309
1558050 1309
1558060 1303
1558070 1302
1558080 1302
1558090 1301
1558100 1299
1558110 1299
1558120 1299
1558130 1300
1558140 1300
1558150 1301
1558160 1302
1558170 1305
1558180 1305
1558190 1306
1558200 1307
1558210 1307
1558220 1306
1558230 1305
1558240 1305
1558250 1301
1558260 1296
1558270 1296
1558280 1291
1558290 1286
1558300 1286
1558310 1280
1558320 1278
1558330 1278
1558340 1278
1558350 1277
1558360 1277
1558370 1277
1558380 1276
1558390 1277
1558400 1277
1558410 1277
1558420 1277
1558430 1277
1558440 1276
1558450 1274
1558460 1274
1558470 1271
1558480 1265
1558490 1265
1558500 1260
1558510 1252
1558520 1252
1558530 1245
1558540 1239
1558550 1239
1558560 1235
1558570 1232
1558580 1232
1558590 1229
1558600 1226
1558610 1224
1558620 1228
1558630 1220
1558640 1209
1558650 1209
1558660 1198
1558670 1184
1558680 1184
1558690 1176
1558700 1173
1558710 1173
1558720 1176
1558730 1178
1558740 1178
1558750 1179
1558760 1179
1558770 1179
1558780 1181
1558790 1183
1558800 1183
1558810 1186
1558820 1190
1558830 1191
1558840 1191
1558850 1190
1558860 1190
1558870 1190
1558880 1192
1558890 1193
1558900 1193
1558910 1194
1558920 1194
1558930 1194
1558940 1195
1558950 1195
1558960 1195
1558970 1193
1558980 1192
1558990 1192
1559000 1190
1559010 1186
1559020 1186
1559030 1182
1559040 1178
1559050 1173
1559060 1173
1559070 1168
1559080 1163
1559090 1163
1559100 1158
1559110 1156
1559120 1156
1559130 1155
1559140 1154
1559150 1154
1559160 1154
1559170 1152
1559180 1152
1559190 1148
1559200 1144
1559210 1144
1559220 1137
1559230 1130
1559240 1130
1559250 1127
1559260 1124
1559270 1122
1559280 1122
1559290 1121
1559300 1119
1559310 1119
1559320 1118
1559330 1117
1559340 1117
1559350 1115
1559360 1114
1559370 1114
1559380 1112
1559390 1108
1559400 1108
1559410 1102
1559420 1097
1559430 1097
1559440 1093
1559450 1089
1559460 1089
1559470 1087
1559480 1085
1559490 1084
1559500 1084
1559510 1082
1559520 1081
1559530 1081
1559540 1078
1559550 1075
1559560 1075
1559570 1071
1559580 1066
1559590 1066
1559600 1060
1559610 1052
1559620 1052
1559630 1045
1559640 1038
1559650 1038
1559660 1035
1559670 1034
1559680 1034
1559690 1033
1559700 1031
1559710 1028
1559720 1028
1559730 1024
1559740 1022
1559750 1022
1559760 1022
1559770 1022
1559780 1022
1559790 1018
1559800 1015
1559810 1015
1559820 1013
1559830 1011
1559840 1011
1559850 1008
1559860 1005
1559870 1005
1559880 1002
1559890 998
1559900 998
1559910 995
1559920 991
1559930 984
1559940 984
1559950 978
1559960 975
1559970 975
1559980 973
1559990 971
