1540000 1262
1540010 1264
1540020 1264
1540030 1265
1540040 1266
1540050 1267
1540060 1267
1540070 1268
1540080 1269
1540090 1269
1540100 1271
1540110 1271
1540120 1271
1540130 1272
1540140 1273
1540150 1273
1540160 1273
1540170 1274
1540180 1274
1540190 1273
1540200 1273
1540210 1273
1540220 1274
1540230 1274
1540240 1274
1540250 1275
1540260 1275
1540270 1275
1540280 1275
1540290 1275
1540300 1275
1540310 1275
1540320 1275
1540330 1275
1540340 1275
1540350 1275
1540360 1275
1540370 1275
1540380 1275
1540390 1276
1540400 1276
1540410 1276
1540420 1276
1540430 1276
1540440 1276
1540450 1277
1540460 1277
1540470 1277
1540480 1277
1540490 1277
1540500 1277
1540510 1277
1540520 1277
1540530 1277
1540540 1277
1540550 1277
1540560 1277
1540570 1277
1540580 1277
1540590 1277
1540600 1277
1540610 1277
1540620 1277
1540630 1277
1540640 1276
1540650 1276
1540660 1276
1540670 1277
1540680 1277
1540690 1276
1540700 1275
1540710 1275
1540720 1273
1540730 1272
1540740 1271
1540750 1271
1540760 1271
1540770 1270
1540780 1270
1540790 1270
1540800 1269
1540810 1269
1540820 1268
1540830 1268
1540840 1268
1540850 1267
1540860 1267
1540870 1267
1540880 1266
1540890 1265
1540900 1265
1540910 1264
1540920 1263
1540930 1263
1540940 1260
1540950 1256
1540960 1252
1540970 1252
1540980 1248
1540990 1244
1541000 1244
1541010 1240
1541020 1236
1541030 1236
1541040 1231
1541050 1228
1541060 1228
1541070 1223
1541080 1219
1541090 1219
1541100 1219
1541110 1218
1541120 1218
1541130 1216
1541140 1213
1541150 1213
1541160 1208
1541170 1210
1541180 1211
1541190 1211
1541200 1211
1541210 1211
1541220 1211
1541230 1210
1541240 1210
1541250 1210
1541260 1212
1541270 1214
1541280 1214
1541290 1213
1541300 1214
1541310 1214
1541320 1215
1541330 1216
1541340 1216
1541350 1216
1541360 1216
1541370 1216
1541380 1216
1541390 1216
1541400 1216
1541410 1217
1541420 1218
1541430 1219
1541440 1219
1541450 1220
1541460 1220
1541470 1220
1541480 1220
1541490 1222
1541500 1222
1541510 1225
1541520 1232
1541530 1232
1541540 1234
1541550 1237
1541560 1237
1541570 1239
1541580 1242
1541590 1242
1541600 1244
1541610 1245
1541620 1245
1541630 1246
1541640 1248
1541650 1249
1541660 1249
1541670 1250
1541680 1251
1541690 1251
1541700 1253
1541710 1254
1541720 1254
1541730 1254
1541740 1256
1541750 1256
1541760 1257
1541770 1259
1541780 1259
1541790 1260
1541800 1262
1541810 1262
1541820 1264
1541830 1265
1541840 1265
1541850 1266
1541860 1268
1541870 1268
1541880 1268
1541890 1270
1541900 1272
1541910 1272
1541920 1275
1541930 1277
1541940 1277
1541950 1280
1541960 1282
1541970 1282
1541980 1284
1541990 1285
1542000 1285
1542010 1286
1542020 1288
1542030 1288
1542040 1289
1542050 1291
1542060 1291
1542070 1293
1542080 1295
1542090 1295
1542100 1297
1542110 1299
1542120 1296
1542130 1296
1542140 1292
1542150 1292
1542160 1292
1542170 1292
1542180 1291
1542190 1291
1542200 1298
1542210 1303
1542220 1303
1542230 1308
1542240 1315
1542250 1315
1542260 1320
1542270 1321
1542280 1321
1542290 1323
1542300 1325
1542310 1325
1542320 1328
1542330 1330
1542340 1332
1542350 1332
1542360 1334
1542370 1336
1542380 1336
1542390 1338
1542400 1341
1542410 1341
1542420 1342
1542430 1343
1542440 1343
1542450 1344
1542460 1347
1542470 1347
1542480 1348
1542490 1350
1542500 1350
1542510 1352
1542520 1353
1542530 1353
1542540 1354
1542550 1354
1542560 1354
1542570 1356
1542580 1358
1542590 1360
1542600 1360
1542610 1362
1542620 1364
1542630 1364
1542640 1365
1542650 1367
1542660 1367
1542670 1369
1542680 1371
1542690 1371
1542700 1373
1542710 1375
1542720 1375
1542730 1377
1542740 1379
1542750 1379
1542760 1380
1542770 1382
1542780 1382
1542790 1383
1542800 1384
1542810 1386
1542820 1386
1542830 1387
1542840 1389
1542850 1389
1542860 1390
1542870 1391
1542880 1391
1542890 1392
1542900 1394
1542910 1394
1542920 1397
1542930 1399
1542940 1399
1542950 1400
1542960 1401
1542970 1401
1542980 1402
1542990 1403
1543000 1403
1543010 1404
1543020 1406
1543030 1407
1543040 1407
1543050 1408
1543060 1409
1543070 1409
1543080 1410
1543090 1410
1543100 1410
1543110 1411
1543120 1412
1543130 1412
1543140 1412
1543150 1412
1543160 1412
1543170 1412
1543180 1412
1543190 1412
1543200 1412
1543210 1410
1543220 1410
1543230 1408
1543240 1407
1543250 1407
1543260 1406
1543270 1405
1543280 1404
1543290 1404
1543300 1405
1543310 1405
1543320 1405
1543330 1407
1543340 1407
1543350 1407
1543360 1408
1543370 1408
1543380 1408
1543390 1408
1543400 1408
1543410 1408
1543420 1408
1543430 1408
1543440 1408
1543450 1408
1543460 1408
1543470 1408
1543480 1408
1543490 1408
1543500 1408
1543510 1408
1543520 1408
1543530 1408
1543540 1408
1543550 1408
1543560 1408
1543570 1408
1543580 1408
1543590 1408
1543600 1408
1543610 1408
1543620 1408
1543630 1408
1543640 1407
1543650 1407
1543660 1407
1543670 1407
1543680 1407
1543690 1407
1543700 1407
1543710 1411
1543720 1411
1543730 1411
1543740 1410
1543750 1410
1543760 1410
1543770 1409
1543780 1409
1543790 1409
1543800 1409
1543810 1409
1543820 1409
1543830 1408
1543840 1408
1543850 1408
1543860 1407
1543870 1407
1543880 1407
1543890 1407
1543900 1407
1543910 1407
1543920 1407
1543930 1407
1543940 1407
1543950 1406
1543960 1406
1543970 1406
1543980 1406
1543990 1405
1544000 1405
1544010 1405
1544020 1405
1544030 1405
1544040 1405
1544050 1405
1544060 1405
1544070 1405
1544080 1405
1544090 1405
1544100 1405
1544110 1405
1544120 1405
1544130 1405
1544140 1405
1544150 1405
1544160 1405
1544170 1405
1544180 1404
1544190 1403
1544200 1403
1544210 1402
1544220 1402
1544230 1402
1544240 1402
1544250 1401
1544260 1401
1544270 1401
1544280 1401
1544290 1401
1544300 1400
1544310 1399
1544320 1399
1544330 1398
1544340 1395
1544350 1395
1544360 1394
1544370 1394
1544380 1394
1544390 1395
1544400 1395
1544410 1395
1544420 1395
1544430 1395
1544440 1395
1544450 1395
1544460 1396
1544470 1397
1544480 1397
1544490 1398
1544500 1399
1544510 1399
1544520 1400
1544530 1400
1544540 1400
1544550 1400
1544560 1400
1544570 1400
1544580 1400
1544590 1400
1544600 1400
1544610 1400
1544620 1400
1544630 1400
1544640 1400
1544650 1400
1544660 1400
1544670 1400
1544680 1401
1544690 1401
1544700 1401
1544710 1401
1544720 1401
1544730 1401
1544740 1400
1544750 1399
1544760 1399
1544770 1398
1544780 1397
1544790 1397
1544800 1397
1544810 1397
1544820 1397
1544830 1397
1544840 1397
1544850 1397
1544860 1397
1544870 1396
1544880 1396
1544890 1395
1544900 1394
1544910 1392
1544920 1392
1544930 1391
1544940 1390
1544950 1390
1544960 1389
1544970 1388
1544980 1388
1544990 1386
1545000 1385
1545010 1385
1545020 1382
1545030 1380
1545040 1380
1545050 1379
1545060 1378
1545070 1378
1545080 1377
1545090 1376
1545100 1376
1545110 1375
1545120 1373
1545130 1370
1545140 1370
1545150 1367
1545160 1364
1545170 1364
1545180 1360
1545190 1355
1545200 1355
1545210 1350
1545220 1346
1545230 1346
1545240 1344
1545250 1344
1545260 1344
1545270 1342
1545280 1338
1545290 1338
1545300 1334
1545310 1332
1545320 1332
1545330 1335
1545340 1335
1545350 1336
1545360 1336
1545370 1340
1545380 1343
1545390 1343
1545400 1346
1545410 1347
1545420 1347
1545430 1347
1545440 1347
1545450 1347
1545460 1348
1545470 1348
1545480 1348
1545490 1347
1545500 1348
1545510 1348
1545520 1351
1545530 1355
1545540 1355
1545550 1357
1545560 1359
1545570 1359
1545580 1359
1545590 1360
1545600 1362
1545610 1362
1545620 1363
1545630 1365
1545640 1365
1545650 1367
1545660 1368
1545670 1368
1545680 1369
1545690 1370
1545700 1370
1545710 1370
1545720 1370
1545730 1370
1545740 1369
1545750 1369
1545760 1369
1545770 1368
1545780 1367
1545790 1367
1545800 1366
1545810 1368
1545820 1367
1545830 1367
1545840 1365
1545850 1362
1545860 1362
1545870 1358
1545880 1353
1545890 1353
1545900 1352
1545910 1353
1545920 1353
1545930 1355
1545940 1356
1545950 1356
1545960 1358
1545970 1360
1545980 1360
1545990 1361
1546000 1362
1546010 1362
1546020 1364
1546030 1366
1546040 1368
1546050 1368
1546060 1369
1546070 1369
1546080 1369
1546090 1368
1546100 1368
1546110 1368
1546120 1367
1546130 1366
1546140 1366
1546150 1365
1546160 1365
1546170 1365
1546180 1364
1546190 1364
1546200 1364
1546210 1363
1546220 1363
1546230 1363
1546240 1363
1546250 1362
1546260 1362
1546270 1361
1546280 1359
1546290 1360
1546300 1360
1546310 1360
1546320 1360
1546330 1360
1546340 1360
1546350 1361
1546360 1361
1546370 1361
1546380 1361
1546390 1361
1546400 1361
1546410 1360
1546420 1360
1546430 1359
1546440 1358
1546450 1358
1546460 1357
1546470 1357
1546480 1357
1546490 1356
1546500 1355
1546510 1355
1546520 1355
1546530 1354
1546540 1354
1546550 1354
1546560 1354
1546570 1353
1546580 1353
1546590 1352
1546600 1352
1546610 1352
1546620 1351
1546630 1350
1546640 1350
1546650 1350
1546660 1349
1546670 1349
1546680 1348
1546690 1350
1546700 1350
1546710 1350
1546720 1350
1546730 1350
1546740 1349
1546750 1348
1546760 1347
1546770 1347
1546780 1347
1546790 1346
1546800 1346
1546810 1344
1546820 1341
1546830 1341
1546840 1339
1546850 1336
1546860 1336
1546870 1331
1546880 1325
1546890 1325
1546900 1323
1546910 1326
1546920 1326
1546930 1328
1546940 1331
1546950 1331
1546960 1334
1546970 1337
1546980 1338
1546990 1338
1547000 1339
1547010 1339
1547020 1339
1547030 1340
1547040 1341
1547050 1341
1547060 1341
1547070 1342
1547080 1342
1547090 1343
1547100 1344
1547110 1344
1547120 1344
1547130 1345
1547140 1345
1547150 1345
1547160 1346
1547170 1346
1547180 1346
1547190 1345
1547200 1345
1547210 1345
1547220 1345
1547230 1345
1547240 1345
1547250 1344
1547260 1343
1547270 1343
1547280 1340
1547290 1337
1547300 1337
1547310 1335
1547320 1338
1547330 1338
1547340 1342
1547350 1344
1547360 1344
1547370 1344
1547380 1343
1547390 1343
1547400 1343
1547410 1342
1547420 1342
1547430 1341
1547440 1340
1547450 1340
1547460 1340
1547470 1340
1547480 1339
1547490 1339
1547500 1337
1547510 1337
1547520 1337
1547530 1337
1547540 1337
1547550 1337
1547560 1336
1547570 1335
1547580 1335
1547590 1334
1547600 1334
1547610 1334
1547620 1334
1547630 1334
1547640 1334
1547650 1334
1547660 1333
1547670 1332
1547680 1332
1547690 1332
1547700 1332
1547710 1332
1547720 1332
1547730 1332
1547740 1332
1547750 1331
1547760 1331
1547770 1331
1547780 1332
1547790 1332
1547800 1332
1547810 1332
1547820 1332
1547830 1332
1547840 1332
1547850 1332
1547860 1334
1547870 1334
1547880 1334
1547890 1334
1547900 1334
1547910 1335
1547920 1335
1547930 1335
1547940 1335
1547950 1335
1547960 1335
1547970 1336
1547980 1336
1547990 1336
1548000 1335
1548010 1336
1548020 1336
1548030 1336
1548040 1335
1548050 1335
1548060 1332
1548070 1328
1548080 1328
1548090 1323
1548100 1327
1548110 1327
1548120 1333
1548130 1337
1548140 1339
1548150 1339
1548160 1340
1548170 1342
1548180 1342
1548190 1343
1548200 1343
1548210 1343
1548220 1343
1548230 1344
1548240 1344
1548250 1344
1548260 1344
1548270 1344
1548280 1344
1548290 1345
1548300 1345
1548310 1345
1548320 1345
1548330 1345
1548340 1345
1548350 1345
1548360 1345
1548370 1345
1548380 1345
1548390 1345
1548400 1345
1548410 1345
1548420 1345
1548430 1345
1548440 1344
1548450 1344
1548460 1344
1548470 1343
1548480 1342
1548490 1342
1548500 1340
1548510 1339
1548520 1339
1548530 1337
1548540 1333
1548550 1333
1548560 1328
1548570 1326
1548580 1326
1548590 1325
1548600 1323
1548610 1323
1548620 1323
1548630 1323
1548640 1321
1548650 1321
1548660 1320
1548670 1318
1548680 1318
1548690 1315
1548700 1313
1548710 1313
1548720 1312
1548730 1312
1548740 1312
1548750 1311
1548760 1311
1548770 1311
1548780 1309
1548790 1308
1548800 1308
1548810 1306
1548820 1305
1548830 1304
1548840 1304
1548850 1303
1548860 1301
1548870 1301
1548880 1298
1548890 1295
1548900 1295
1548910 1293
1548920 1292
1548930 1292
1548940 1292
1548950 1291
1548960 1291
1548970 1289
1548980 1288
1548990 1288
1549000 1287
1549010 1284
1549020 1284
1549030 1281
1549040 1279
1549050 1278
1549060 1278
1549070 1277
1549080 1276
1549090 1276
1549100 1275
1549110 1274
1549120 1274
1549130 1273
1549140 1272
1549150 1272
1549160 1271
1549170 1269
1549180 1269
1549190 1270
1549200 1269
1549210 1269
1549220 1268
1549230 1267
1549240 1267
1549250 1265
1549260 1264
1549270 1264
1549280 1264
1549290 1263
1549300 1263
1549310 1263
1549320 1263
1549330 1263
1549340 1263
1549350 1263
1549360 1263
1549370 1263
1549380 1262
1549390 1262
1549400 1262
1549410 1262
1549420 1262
1549430 1262
1549440 1262
1549450 1261
1549460 1261
1549470 1260
1549480 1260
1549490 1260
1549500 1259
1549510 1259
1549520 1259
1549530 1259
1549540 1259
1549550 1259
1549560 1259
1549570 1259
1549580 1258
1549590 1258
1549600 1258
1549610 1257
1549620 1257
1549630 1256
1549640 1255
1549650 1255
1549660 1254
1549670 1254
1549680 1254
1549690 1255
1549700 1256
1549710 1256
1549720 1256
1549730 1257
1549740 1257
1549750 1257
1549760 1257
1549770 1256
1549780 1256
1549790 1256
1549800 1256
1549810 1256
1549820 1257
1549830 1258
1549840 1261
1549850 1263
1549860 1264
1549870 1264
1549880 1265
1549890 1266
1549900 1266
1549910 1267
1549920 1268
1549930 1268
1549940 1269
1549950 1270
1549960 1270
1549970 1270
1549980 1271
1549990 1271
1550000 1271
1550010 1272
1550020 1266
1550030 1266
1550040 1264
1550050 1266
1550060 1266
1550070 1271
1550080 1276
1550090 1276
1550100 1279
1550110 1281
1550120 1281
1550130 1281
1550140 1282
1550150 1282
1550160 1283
1550170 1283
1550180 1283
1550190 1284
1550200 1284
1550210 1285
1550220 1285
1550230 1285
1550240 1285
1550250 1285
1550260 1286
1550270 1286
1550280 1286
1550290 1286
1550300 1287
1550310 1287
1550320 1287
1550330 1288
1550340 1288
1550350 1289
1550360 1289
1550370 1289
1550380 1290
1550390 1290
1550400 1290
1550410 1290
1550420 1289
1550430 1289
1550440 1289
1550450 1289
1550460 1288
1550470 1288
1550480 1288
1550490 1287
1550500 1287
1550510 1286
1550520 1284
1550530 1284
1550540 1283
1550550 1283
1550560 1283
1550570 1282
1550580 1282
1550590 1282
1550600 1282
1550610 1281
1550620 1281
1550630 1281
1550640 1281
1550650 1281
1550660 1281
1550670 1280
1550680 1279
1550690 1279
1550700 1278
1550710 1277
1550720 1277
1550730 1275
1550740 1273
1550750 1273
1550760 1271
1550770 1270
1550780 1270
1550790 1268
1550800 1267
1550810 1267
1550820 1268
1550830 1267
1550840 1267
1550850 1265
1550860 1261
1550870 1261
1550880 1257
1550890 1255
1550900 1254
1550910 1254
1550920 1251
1550930 1253
1550940 1253
1550950 1253
1550960 1252
1550970 1252
1550980 1250
1550990 1250
1551000 1250
1551010 1248
1551020 1246
1551030 1246
1551040 1244
1551050 1243
1551060 1243
1551070 1243
1551080 1241
1551090 1241
1551100 1240
1551110 1238
1551120 1238
1551130 1237
1551140 1236
1551150 1234
1551160 1234
1551170 1233
1551180 1232
1551190 1232
1551200 1231
1551210 1231
1551220 1231
1551230 1230
1551240 1229
1551250 1229
1551260 1228
1551270 1228
1551280 1228
1551290 1228
1551300 1227
1551310 1227
1551320 1227
1551330 1226
1551340 1226
1551350 1226
1551360 1226
1551370 1227
1551380 1227
1551390 1227
1551400 1227
1551410 1227
1551420 1228
1551430 1228
1551440 1228
1551450 1228
1551460 1228
1551470 1228
1551480 1229
1551490 1230
1551500 1230
1551510 1231
1551520 1232
1551530 1232
1551540 1232
1551550 1233
1551560 1233
1551570 1232
1551580 1232
1551590 1232
1551600 1232
1551610 1232
1551620 1232
1551630 1232
1551640 1232
1551650 1231
1551660 1231
1551670 1229
1551680 1228
1551690 1228
1551700 1227
1551710 1225
1551720 1225
1551730 1225
1551740 1223
1551750 1223
1551760 1222
1551770 1221
1551780 1221
1551790 1220
1551800 1220
1551810 1220
1551820 1220
1551830 1220
1551840 1220
1551850 1220
1551860 1220
1551870 1220
1551880 1220
1551890 1220
1551900 1220
1551910 1220
1551920 1220
1551930 1220
1551940 1220
1551950 1220
1551960 1220
1551970 1220
1551980 1220
1551990 1220
1552000 1220
1552010 1220
1552020 1220
1552030 1220
1552040 1220
1552050 1220
1552060 1220
1552070 1220
1552080 1220
1552090 1220
1552100 1220
1552110 1220
1552120 1220
1552130 1220
1552140 1220
1552150 1220
1552160 1220
1552170 1220
1552180 1220
1552190 1220
1552200 1220
1552210 1220
1552220 1220
1552230 1220
1552240 1220
1552250 1220
1552260 1220
1552270 1220
1552280 1220
1552290 1220
1552300 1220
1552310 1220
1552320 1220
1552330 1220
1552340 1220
1552350 1220
1552360 1220
1552370 1220
1552380 1220
1552390 1220
1552400 1220
1552410 1220
1552420 1220
1552430 1221
1552440 1221
1552450 1223
1552460 1223
1552470 1223
1552480 1224
1552490 1224
1552500 1224
1552510 1225
1552520 1225
1552530 1226
1552540 1226
1552550 1227
1552560 1228
1552570 1228
1552580 1230
1552590 1232
1552600 1232
1552610 1232
1552620 1233
1552630 1233
1552640 1234
1552650 1236
1552660 1236
1552670 1236
1552680 1237
1552690 1237
1552700 1238
1552710 1238
1552720 1238
1552730 1236
1552740 1233
1552750 1233
1552760 1230
1552770 1228
1552780 1228
1552790 1228
1552800 1228
1552810 1230
1552820 1230
1552830 1232
1552840 1239
1552850 1239
1552860 1246
1552870 1249
1552880 1249
1552890 1251
1552900 1251
1552910 1251
1552920 1252
1552930 1253
1552940 1253
1552950 1253
1552960 1255
1552970 1255
1552980 1256
1552990 1258
1553000 1260
1553010 1260
1553020 1262
1553030 1264
1553040 1264
1553050 1264
1553060 1263
1553070 1263
1553080 1262
1553090 1261
1553100 1261
1553110 1261
1553120 1260
1553130 1260
1553140 1260
1553150 1259
1553160 1259
1553170 1260
1553180 1265
1553190 1265
1553200 1271
1553210 1276
1553220 1279
1553230 1279
1553240 1282
1553250 1283
1553260 1283
1553270 1283
1553280 1286
1553290 1286
1553300 1289
1553310 1292
1553320 1292
1553330 1296
1553340 1300
1553350 1300
1553360 1304
1553370 1308
1553380 1308
1553390 1312
1553400 1314
1553410 1314
1553420 1314
1553430 1313
1553440 1313
1553450 1313
1553460 1314
1553470 1316
1553480 1316
1553490 1317
1553500 1318
1553510 1318
1553520 1320
1553530 1322
1553540 1322
1553550 1327
1553560 1335
1553570 1335
1553580 1341
1553590 1345
1553600 1345
1553610 1346
1553620 1344
1553630 1344
1553640 1344
1553650 1343
1553660 1343
1553670 1341
1553680 1343
1553690 1344
1553700 1344
1553710 1344
1553720 1343
1553730 1343
1553740 1344
1553750 1345
1553760 1345
1553770 1347
1553780 1351
1553790 1351
1553800 1355
1553810 1358
1553820 1358
1553830 1361
1553840 1363
1553850 1363
1553860 1366
1553870 1369
1553880 1369
1553890 1370
1553900 1371
1553910 1371
1553920 1373
1553930 1375
1553940 1377
1553950 1377
1553960 1379
1553970 1381
1553980 1381
1553990 1384
1554000 1386
1554010 1386
1554020 1387
1554030 1388
1554040 1388
1554050 1388
1554060 1389
1554070 1389
1554080 1390
1554090 1395
1554100 1395
1554110 1401
1554120 1408
1554130 1408
1554140 1414
1554150 1416
1554160 1418
1554170 1418
1554180 1422
1554190 1424
1554200 1424
1554210 1425
1554220 1426
1554230 1426
1554240 1428
1554250 1428
1554260 1428
1554270 1427
1554280 1427
1554290 1427
1554300 1428
1554310 1429
1554320 1429
1554330 1431
1554340 1433
1554350 1433
1554360 1434
1554370 1436
1554380 1438
1554390 1438
1554400 1439
1554410 1438
1554420 1438
1554430 1438
1554440 1440
1554450 1440
1554460 1442
1554470 1445
1554480 1445
1554490 1448
1554500 1449
1554510 1449
1554520 1451
1554530 1453
1554540 1453
1554550 1455
1554560 1456
1554570 1456
1554580 1457
1554590 1460
1554600 1460
1554610 1462
1554620 1463
1554630 1464
1554640 1464
1554650 1466
1554660 1467
1554670 1467
1554680 1467
1554690 1469
1554700 1469
1554710 1471
1554720 1474
1554730 1474
1554740 1477
1554750 1479
1554760 1479
1554770 1480
1554780 1481
1554790 1481
1554800 1482
1554810 1482
1554820 1482
1554830 1485
1554840 1489
1554850 1492
1554860 1492
1554870 1494
1554880 1496
1554890 1496
1554900 1498
1554910 1501
1554920 1501
1554930 1504
1554940 1507
1554950 1507
1554960 1510
1554970 1513
1554980 1513
1554990 1515
1555000 1518
1555010 1518
1555020 1522
1555030 1525
1555040 1525
1555050 1526
1555060 1527
1555070 1529
1555080 1529
1555090 1530
1555100 1532
1555110 1532
1555120 1536
1555130 1540
1555140 1540
1555150 1545
1555160 1548
1555170 1548
1555180 1552
1555190 1554
1555200 1554
1555210 1556
1555220 1557
1555230 1557
1555240 1558
1555250 1560
1555260 1560
1555270 1562
1555280 1563
1555290 1563
1555300 1565
1555310 1568
1555320 1570
1555330 1570
1555340 1571
1555350 1574
1555360 1574
1555370 1576
1555380 1578
1555390 1578
1555400 1579
1555410 1582
1555420 1582
1555430 1585
1555440 1584
1555450 1584
1555460 1587
1555470 1590
1555480 1590
1555490 1594
1555500 1597
1555510 1597
1555520 1600
1555530 1602
1555540 1603
1555550 1603
1555560 1604
1555570 1606
1555580 1606
1555590 1608
1555600 1611
1555610 1611
1555620 1614
1555630 1618
1555640 1618
1555650 1622
1555660 1626
1555670 1626
1555680 1629
1555690 1631
1555700 1631
1555710 1634
1555720 1637
1555730 1637
1555740 1640
1555750 1643
1555760 1643
1555770 1647
1555780 1649
1555790 1652
1555800 1652
1555810 1655
1555820 1657
1555830 1657
1555840 1659
1555850 1659
1555860 1659
1555870 1660
1555880 1659
1555890 1659
1555900 1659
1555910 1661
1555920 1661
1555930 1662
1555940 1663
1555950 1663
1555960 1665
1555970 1668
1555980 1668
1555990 1672
1556000 1675
1556010 1678
1556020 1678
1556030 1680
1556040 1682
1556050 1682
1556060 1684
1556070 1688
1556080 1688
1556090 1690
1556100 1692
1556110 1692
1556120 1694
1556130 1696
1556140 1696
1556150 1697
1556160 1699
1556170 1699
1556180 1702
1556190 1705
1556200 1705
1556210 1708
1556220 1712
1556230 1718
1556240 1718
1556250 1722
1556260 1724
1556270 1724
1556280 1727
1556290 1728
1556300 1728
1556310 1730
1556320 1731
1556330 1731
1556340 1732
1556350 1732
1556360 1732
1556370 1733
1556380 1734
1556390 1734
1556400 1735
1556410 1737
1556420 1737
1556430 1738
1556440 1739
1556450 1739
1556460 1741
1556470 1743
1556480 1746
1556490 1746
1556500 1749
1556510 1753
1556520 1753
1556530 1756
1556540 1758
1556550 1758
1556560 1760
1556570 1762
1556580 1762
1556590 1764
1556600 1765
1556610 1765
1556620 1767
1556630 1769
1556640 1769
1556650 1773
1556660 1776
1556670 1776
1556680 1779
1556690 1781
1556700 1783
1556710 1783
1556720 1784
1556730 1785
1556740 1785
1556750 1785
1556760 1787
1556770 1787
1556780 1787
1556790 1784
1556800 1784
1556810 1782
1556820 1780
1556830 1780
1556840 1781
1556850 1783
1556860 1783
1556870 1784
1556880 1786
1556890 1786
1556900 1787
1556910 1787
1556920 1787
1556930 1787
1556940 1788
1556950 1789
1556960 1789
1556970 1789
1556980 1790
1556990 1790
1557000 1788
1557010 1786
1557020 1786
1557030 1785
1557040 1783
1557050 1783
1557060 1780
1557070 1776
1557080 1776
1557090 1775
1557100 1772
1557110 1772
1557120 1771
1557130 1768
1557140 1768
1557150 1764
1557160 1759
1557170 1755
1557180 1755
1557190 1753
1557200 1751
1557210 1750
1557220 1746
1557230 1743
1557240 1743
1557250 1743
1557260 1743
1557270 1743
1557280 1744
1557290 1745
1557300 1745
1557310 1748
1557320 1751
1557330 1751
1557340 1752
1557350 1752
1557360 1752
1557370 1750
1557380 1750
1557390 1752
1557400 1752
1557410 1752
1557420 1752
1557430 1752
1557440 1750
1557450 1745
1557460 1745
1557470 1742
1557480 1736
1557490 1736
1557500 1731
1557510 1726
1557520 1726
1557530 1720
1557540 1716
1557550 1716
1557560 1712
1557570 1708
1557580 1708
1557590 1706
1557600 1706
1557610 1706
1557620 1707
1557630 1706
1557640 1708
1557650 1708
1557660 1710
1557670 1710
1557680 1710
1557690 1709
1557700 1708
1557710 1708
1557720 1707
1557730 1709
1557740 1709
1557750 1714
1557760 1717
1557770 1717
1557780 1719
1557790 1719
1557800 1719
1557810 1720
1557820 1721
1557830 1721
1557840 1721
1557850 1719
1557860 1714
1557870 1714
1557880 1710
1557890 1707
1557900 1707
1557910 1707
1557920 1708
1557930 1708
1557940 1710
1557950 1712
1557960 1712
1557970 1713
1557980 1712
1557990 1712
1558000 1712
1558010 1712
1558020 1712
1558030 1712
1558040 1710
1558050 1710
1558060 1708
1558070 1705
1558080 1705
1558090 1702
1558100 1703
1558110 1705
1558120 1705
1558130 1705
1558140 1704
1558150 1704
1558160 1703
1558170 1702
1558180 1702
1558190 1702
1558200 1701
1558210 1701
1558220 1700
1558230 1698
1558240 1698
1558250 1697
1558260 1696
1558270 1696
1558280 1695
1558290 1695
1558300 1695
1558310 1693
1558320 1691
1558330 1689
1558340 1689
1558350 1688
1558360 1686
1558370 1686
1558380 1683
1558390 1680
1558400 1680
1558410 1678
1558420 1676
1558430 1676
1558440 1676
1558450 1675
1558460 1675
1558470 1674
1558480 1674
1558490 1674
1558500 1674
1558510 1673
1558520 1673
1558530 1673
1558540 1673
1558550 1672
1558560 1672
1558570 1671
1558580 1671
1558590 1671
1558600 1670
1558610 1671
1558620 1671
1558630 1671
1558640 1672
1558650 1672
1558660 1672
1558670 1673
1558680 1673
1558690 1674
1558700 1675
1558710 1675
1558720 1677
1558730 1678
1558740 1678
1558750 1678
1558760 1678
1558770 1678
1558780 1679
1558790 1679
1558800 1678
1558810 1678
1558820 1679
1558830 1680
1558840 1680
1558850 1680
1558860 1680
1558870 1680
1558880 1678
1558890 1678
1558900 1678
1558910 1677
1558920 1676
1558930 1676
1558940 1673
1558950 1673
1558960 1673
1558970 1673
1558980 1673
1558990 1673
1559000 1673
1559010 1672
1559020 1671
1559030 1671
1559040 1670
1559050 1670
1559060 1670
1559070 1670
1559080 1670
1559090 1670
1559100 1670
1559110 1669
1559120 1669
1559130 1670
1559140 1670
1559150 1670
1559160 1670
1559170 1670
1559180 1670
1559190 1669
1559200 1669
1559210 1669
1559220 1667
1559230 1665
1559240 1663
1559250 1663
1559260 1664
1559270 1666
1559280 1666
1559290 1667
1559300 1666
1559310 1666
1559320 1664
1559330 1663
1559340 1663
1559350 1661
1559360 1661
1559370 1661
1559380 1660
1559390 1660
1559400 1660
1559410 1660
1559420 1658
1559430 1658
1559440 1655
1559450 1652
1559460 1652
1559470 1651
1559480 1652
1559490 1651
1559500 1651
1559510 1651
1559520 1652
1559530 1652
1559540 1653
1559550 1655
1559560 1655
1559570 1657
1559580 1660
1559590 1660
1559600 1661
1559610 1663
1559620 1663
1559630 1663
1559640 1663
1559650 1663
1559660 1662
1559670 1661
1559680 1661
1559690 1660
1559700 1658
1559710 1657
1559720 1657
1559730 1657
1559740 1657
1559750 1657
1559760 1657
1559770 1657
1559780 1657
1559790 1657
1559800 1658
1559810 1658
1559820 1657
1559830 1657
1559840 1657
1559850 1658
1559860 1657
1559870 1657
1559880 1657
1559890 1659
1559900 1659
1559910 1660
1559920 1662
1559930 1662
1559940 1663
1559950 1664
1559960 1665
1559970 1665
1559980 1666
1559990 1667
