1540000 1456
1540010 1454
1540020 1453
1540030 1453
1540040 1451
1540050 1450
1540060 1449
1540070 1449
1540080 1446
1540090 1444
1540100 1444
1540110 1440
1540120 1437
1540130 1437
1540140 1434
1540150 1430
1540160 1430
1540170 1425
1540180 1421
1540190 1421
1540200 1416
1540210 1412
1540220 1412
1540230 1408
1540240 1403
1540250 1403
1540260 1400
1540270 1397
1540280 1397
1540290 1394
1540300 1391
1540310 1388
1540320 1388
1540330 1385
1540340 1381
1540350 1381
1540360 1376
1540370 1373
1540380 1373
1540390 1369
1540400 1366
1540410 1366
1540420 1363
1540430 1360
1540440 1360
1540450 1358
1540460 1356
1540470 1356
1540480 1354
1540490 1351
1540500 1351
1540510 1348
1540520 1345
1540530 1342
1540540 1342
1540550 1339
1540560 1336
1540570 1336
1540580 1333
1540590 1330
1540600 1330
1540610 1326
1540620 1323
1540630 1323
1540640 1318
1540650 1312
1540660 1312
1540670 1307
1540680 1304
1540690 1304
1540700 1301
1540710 1297
1540720 1297
1540730 1296
1540740 1295
1540750 1295
1540760 1293
1540770 1292
1540780 1290
1540790 1290
1540800 1292
1540810 1297
1540820 1297
1540830 1298
1540840 1302
1540850 1302
1540860 1308
1540870 1315
1540880 1315
1540890 1322
1540900 1329
1540910 1329
1540920 1336
1540930 1342
1540940 1342
1540950 1347
1540960 1352
1540970 1352
1540980 1356
1540990 1361
1541000 1366
1541010 1366
1541020 1371
1541030 1375
1541040 1375
1541050 1380
1541060 1385
1541070 1385
1541080 1389
1541090 1393
1541100 1393
1541110 1397
1541120 1400
1541130 1400
1541140 1405
1541150 1408
1541160 1408
1541170 1411
1541180 1413
1541190 1413
1541200 1416
1541210 1419
1541220 1419
1541230 1421
1541240 1425
1541250 1427
1541260 1427
1541270 1430
1541280 1433
1541290 1433
1541300 1437
1541310 1440
1541320 1440
1541330 1442
1541340 1445
1541350 1445
1541360 1448
1541370 1450
1541380 1450
1541390 1454
1541400 1458
1541410 1458
1541420 1461
1541430 1464
1541440 1464
1541450 1466
1541460 1469
1541470 1472
1541480 1473
1541490 1475
1541500 1478
1541510 1478
1541520 1480
1541530 1484
1541540 1484
1541550 1488
1541560 1492
1541570 1492
1541580 1495
1541590 1499
1541600 1499
1541610 1502
1541620 1506
1541630 1506
1541640 1509
1541650 1512
1541660 1512
1541670 1516
1541680 1518
1541690 1518
1541700 1521
1541710 1523
1541720 1526
1541730 1526
1541740 1528
1541750 1529
1541760 1529
1541770 1531
1541780 1534
1541790 1534
1541800 1535
1541810 1537
1541820 1537
1541830 1540
1541840 1542
1541850 1542
1541860 1544
1541870 1547
1541880 1547
1541890 1549
1541900 1552
1541910 1552
1541920 1555
1541930 1557
1541940 1559
1541950 1559
1541960 1562
1541970 1564
1541980 1564
1541990 1567
1542000 1569
1542010 1569
1542020 1572
1542030 1575
1542040 1575
1542050 1579
1542060 1583
1542070 1583
1542080 1587
1542090 1591
1542100 1591
1542110 1596
1542120 1600
1542130 1600
1542140 1603
1542150 1608
1542160 1608
1542170 1614
1542180 1617
1542190 1620
1542200 1620
1542210 1624
1542220 1627
1542230 1627
1542240 1632
1542250 1635
1542260 1635
1542270 1636
1542280 1637
1542290 1637
1542300 1638
1542310 1639
1542320 1639
1542330 1639
1542340 1640
1542350 1640
1542360 1640
1542370 1640
1542380 1640
1542390 1639
1542400 1639
1542410 1638
1542420 1638
1542430 1637
1542440 1637
1542450 1637
1542460 1637
1542470 1637
1542480 1637
1542490 1637
1542500 1637
1542510 1637
1542520 1638
1542530 1639
1542540 1639
1542550 1639
1542560 1639
1542570 1639
1542580 1639
1542590 1640
1542600 1640
1542610 1642
1542620 1644
1542630 1645
1542640 1645
1542650 1647
1542660 1648
1542670 1648
1542680 1649
1542690 1650
1542700 1650
1542710 1650
1542720 1651
1542730 1651
1542740 1651
1542750 1651
1542760 1651
1542770 1651
1542780 1651
1542790 1651
1542800 1651
1542810 1651
1542820 1651
1542830 1651
1542840 1650
1542850 1650
1542860 1650
1542870 1649
1542880 1649
1542890 1649
1542900 1649
1542910 1649
1542920 1649
1542930 1649
1542940 1649
1542950 1649
1542960 1649
1542970 1650
1542980 1650
1542990 1650
1543000 1651
1543010 1651
1543020 1651
1543030 1652
1543040 1652
1543050 1653
1543060 1653
1543070 1653
1543080 1654
1543090 1655
1543100 1656
1543110 1656
1543120 1656
1543130 1657
1543140 1657
1543150 1657
1543160 1657
1543170 1657
1543180 1657
1543190 1657
1543200 1657
1543210 1657
1543220 1658
1543230 1658
1543240 1658
1543250 1658
1543260 1658
1543270 1658
1543280 1658
1543290 1658
1543300 1658
1543310 1658
1543320 1658
1543330 1658
1543340 1658
1543350 1658
1543360 1658
1543370 1658
1543380 1657
1543390 1657
1543400 1657
1543410 1657
1543420 1657
1543430 1656
1543440 1655
1543450 1655
1543460 1654
1543470 1653
1543480 1653
1543490 1652
1543500 1652
1543510 1652
1543520 1651
1543530 1650
1543540 1650
1543550 1650
1543560 1649
1543570 1648
1543580 1648
1543590 1648
1543600 1647
1543610 1647
1543620 1646
1543630 1645
1543640 1645
1543650 1645
1543660 1644
1543670 1643
1543680 1643
1543690 1643
1543700 1643
1543710 1643
1543720 1642
1543730 1642
1543740 1641
1543750 1641
1543760 1641
1543770 1640
1543780 1638
1543790 1638
1543800 1637
1543810 1635
1543820 1633
1543830 1633
1543840 1632
1543850 1630
1543860 1630
1543870 1630
1543880 1629
1543890 1629
1543900 1628
1543910 1627
1543920 1627
1543930 1626
1543940 1626
1543950 1626
1543960 1625
1543970 1624
1543980 1624
1543990 1624
1544000 1624
1544010 1624
1544020 1623
1544030 1623
1544040 1623
1544050 1623
1544060 1623
1544070 1623
1544080 1623
1544090 1623
1544100 1623
1544110 1623
1544120 1623
1544130 1623
1544140 1623
1544150 1623
1544160 1623
1544170 1623
1544180 1623
1544190 1623
1544200 1623
1544210 1622
1544220 1622
1544230 1622
1544240 1621
1544250 1620
1544260 1620
1544270 1620
1544280 1619
1544290 1619
1544300 1619
1544310 1618
1544320 1618
1544330 1618
1544340 1617
1544350 1617
1544360 1617
1544370 1616
1544380 1615
1544390 1615
1544400 1615
1544410 1614
1544420 1614
1544430 1614
1544440 1614
1544450 1614
1544460 1613
1544470 1613
1544480 1613
1544490 1612
1544500 1612
1544510 1612
1544520 1612
1544530 1611
1544540 1610
1544550 1610
1544560 1608
1544570 1607
1544580 1607
1544590 1606
1544600 1606
1544610 1606
1544620 1605
1544630 1605
1544640 1605
1544650 1605
1544660 1605
1544670 1605
1544680 1605
1544690 1605
1544700 1605
1544710 1604
1544720 1605
1544730 1604
1544740 1604
1544750 1604
1544760 1604
1544770 1604
1544780 1604
1544790 1604
1544800 1604
1544810 1605
1544820 1604
1544830 1604
1544840 1604
1544850 1604
1544860 1604
1544870 1604
1544880 1604
1544890 1604
1544900 1604
1544910 1603
1544920 1603
1544930 1603
1544940 1603
1544950 1603
1544960 1603
1544970 1603
1544980 1602
1544990 1602
1545000 1602
1545010 1602
1545020 1602
1545030 1602
1545040 1601
1545050 1601
1545060 1601
1545070 1600
1545080 1600
1545090 1599
1545100 1598
1545110 1598
1545120 1598
1545130 1599
1545140 1599
1545150 1599
1545160 1601
1545170 1601
1545180 1603
1545190 1604
1545200 1606
1545210 1606
1545220 1607
1545230 1608
1545240 1608
1545250 1611
1545260 1615
1545270 1615
1545280 1620
1545290 1626
1545300 1626
1545310 1631
1545320 1636
1545330 1636
1545340 1641
1545350 1644
1545360 1644
1545370 1647
1545380 1649
1545390 1649
1545400 1651
1545410 1653
1545420 1653
1545430 1655
1545440 1657
1545450 1658
1545460 1658
1545470 1660
1545480 1661
1545490 1661
1545500 1661
1545510 1662
1545520 1662
1545530 1662
1545540 1662
1545550 1662
1545560 1662
1545570 1661
1545580 1661
1545590 1660
1545600 1658
1545610 1658
1545620 1657
1545630 1657
1545640 1657
1545650 1655
1545660 1654
1545670 1652
1545680 1652
1545690 1651
1545700 1650
1545710 1650
1545720 1649
1545730 1649
1545740 1649
1545750 1649
1545760 1648
1545770 1648
1545780 1648
1545790 1647
1545800 1647
1545810 1646
1545820 1645
1545830 1645
1545840 1645
1545850 1644
1545860 1644
1545870 1643
1545880 1641
1545890 1641
1545900 1640
1545910 1638
1545920 1637
1545930 1637
1545940 1635
1545950 1633
1545960 1633
1545970 1631
1545980 1629
1545990 1629
1546000 1627
1546010 1625
1546020 1625
1546030 1623
1546040 1620
1546050 1620
1546060 1619
1546070 1618
1546080 1618
1546090 1618
1546100 1618
1546110 1618
1546120 1617
1546130 1617
1546140 1616
1546150 1616
1546160 1616
1546170 1615
1546180 1615
1546190 1615
1546200 1615
1546210 1615
1546220 1614
1546230 1614
1546240 1614
1546250 1614
1546260 1614
1546270 1614
1546280 1614
1546290 1614
1546300 1614
1546310 1613
1546320 1613
1546330 1613
1546340 1613
1546350 1612
1546360 1612
1546370 1611
1546380 1610
1546390 1609
1546400 1609
1546410 1608
1546420 1607
1546430 1607
1546440 1606
1546450 1604
1546460 1604
1546470 1603
1546480 1602
1546490 1602
1546500 1602
1546510 1602
1546520 1602
1546530 1603
1546540 1604
1546550 1604
1546560 1605
1546570 1606
1546580 1606
1546590 1607
1546600 1608
1546610 1609
1546620 1609
1546630 1610
1546640 1610
1546650 1610
1546660 1611
1546670 1612
1546680 1612
1546690 1612
1546700 1613
1546710 1613
1546720 1613
1546730 1614
1546740 1614
1546750 1614
1546760 1615
1546770 1615
1546780 1615
1546790 1616
1546800 1616
1546810 1616
1546820 1617
1546830 1617
1546840 1617
1546850 1618
1546860 1618
1546870 1618
1546880 1619
1546890 1619
1546900 1619
1546910 1619
1546920 1619
1546930 1619
1546940 1618
1546950 1618
1546960 1618
1546970 1618
1546980 1617
1546990 1617
1547000 1617
1547010 1616
1547020 1616
1547030 1616
1547040 1615
1547050 1615
1547060 1615
1547070 1614
1547080 1614
1547090 1614
1547100 1614
1547110 1613
1547120 1613
1547130 1613
1547140 1613
1547150 1613
1547160 1613
1547170 1613
1547180 1613
1547190 1612
1547200 1612
1547210 1612
1547220 1612
1547230 1612
1547240 1612
1547250 1612
1547260 1612
1547270 1612
1547280 1612
1547290 1612
1547300 1613
1547310 1613
1547320 1613
1547330 1613
1547340 1613
1547350 1614
1547360 1613
1547370 1613
1547380 1612
1547390 1612
1547400 1612
1547410 1612
1547420 1612
1547430 1612
1547440 1611
1547450 1609
1547460 1609
1547470 1608
1547480 1607
1547490 1607
1547500 1607
1547510 1606
1547520 1606
1547530 1605
1547540 1604
1547550 1603
1547560 1603
1547570 1602
1547580 1602
1547590 1602
1547600 1601
1547610 1601
1547620 1601
1547630 1600
1547640 1600
1547650 1600
1547660 1599
1547670 1599
1547680 1599
1547690 1599
1547700 1598
1547710 1598
1547720 1598
1547730 1598
1547740 1598
1547750 1597
1547760 1597
1547770 1596
1547780 1596
1547790 1595
1547800 1593
1547810 1593
1547820 1592
1547830 1592
1547840 1592
1547850 1592
1547860 1591
1547870 1591
1547880 1590
1547890 1589
1547900 1589
1547910 1588
1547920 1587
1547930 1587
1547940 1587
1547950 1586
1547960 1586
1547970 1585
1547980 1583
1547990 1583
1548000 1579
1548010 1574
1548020 1568
1548030 1568
1548040 1568
1548050 1571
1548060 1571
1548070 1573
1548080 1574
1548090 1574
1548100 1576
1548110 1577
1548120 1577
1548130 1577
1548140 1576
1548150 1576
1548160 1579
1548170 1578
1548180 1578
1548190 1578
1548200 1578
1548210 1578
1548220 1578
1548230 1579
1548240 1579
1548250 1579
1548260 1579
1548270 1578
1548280 1578
1548290 1578
1548300 1578
1548310 1578
1548320 1577
1548330 1577
1548340 1577
1548350 1577
1548360 1576
1548370 1576
1548380 1576
1548390 1574
1548400 1574
1548410 1573
1548420 1573
1548430 1573
1548440 1573
1548450 1573
1548460 1573
1548470 1574
1548480 1574
1548490 1574
1548500 1574
1548510 1573
1548520 1573
1548530 1573
1548540 1573
1548550 1572
1548560 1572
1548570 1569
1548580 1565
1548590 1565
1548600 1563
1548610 1564
1548620 1564
1548630 1565
1548640 1566
1548650 1566
1548660 1566
1548670 1565
1548680 1565
1548690 1564
1548700 1564
1548710 1565
1548720 1565
1548730 1564
1548740 1563
1548750 1563
1548760 1561
1548770 1563
1548780 1563
1548790 1566
1548800 1566
1548810 1566
1548820 1565
1548830 1564
1548840 1564
1548850 1564
1548860 1563
1548870 1563
1548880 1563
1548890 1562
1548900 1562
1548910 1561
1548920 1558
1548930 1558
1548940 1554
1548950 1549
1548960 1544
1548970 1544
1548980 1540
1548990 1537
1549000 1537
1549010 1535
1549020 1535
1549030 1535
1549040 1537
1549050 1540
1549060 1540
1549070 1540
1549080 1538
1549090 1538
1549100 1537
1549110 1536
1549120 1536
1549130 1536
1549140 1535
1549150 1535
1549160 1535
1549170 1535
1549180 1535
1549190 1535
1549200 1535
1549210 1536
1549220 1536
1549230 1536
1549240 1534
1549250 1534
1549260 1534
1549270 1533
1549280 1533
1549290 1531
1549300 1530
1549310 1530
1549320 1531
1549330 1531
1549340 1531
1549350 1531
1549360 1531
1549370 1531
1549380 1530
1549390 1529
1549400 1530
1549410 1530
1549420 1531
1549430 1533
1549440 1533
1549450 1534
1549460 1534
1549470 1534
1549480 1533
1549490 1532
1549500 1532
1549510 1531
1549520 1530
1549530 1530
1549540 1529
1549550 1527
1549560 1527
1549570 1526
1549580 1525
1549590 1525
1549600 1523
1549610 1521
1549620 1521
1549630 1520
1549640 1518
1549650 1515
1549660 1515
1549670 1513
1549680 1511
1549690 1511
1549700 1508
1549710 1501
1549720 1501
1549730 1495
1549740 1499
1549750 1499
1549760 1504
1549770 1505
1549780 1505
1549790 1507
1549800 1507
1549810 1510
1549820 1510
1549830 1510
1549840 1510
1549850 1509
1549860 1508
1549870 1509
1549880 1509
1549890 1509
1549900 1509
1549910 1509
1549920 1508
1549930 1508
1549940 1508
1549950 1508
1549960 1507
1549970 1507
1549980 1507
1549990 1506
1550000 1506
1550010 1504
1550020 1503
1550030 1503
1550040 1500
1550050 1495
1550060 1495
1550070 1493
1550080 1492
1550090 1492
1550100 1491
1550110 1489
1550120 1491
1550130 1491
1550140 1495
1550150 1494
1550160 1494
1550170 1491
1550180 1489
1550190 1489
1550200 1490
1550210 1493
1550220 1493
1550230 1497
1550240 1498
1550250 1498
1550260 1500
1550270 1501
1550280 1501
1550290 1502
1550300 1503
1550310 1503
1550320 1503
1550330 1504
1550340 1503
1550350 1503
1550360 1503
1550370 1503
1550380 1503
1550390 1504
1550400 1505
1550410 1505
1550420 1507
1550430 1508
1550440 1508
1550450 1510
1550460 1512
1550470 1512
1550480 1514
1550490 1517
1550500 1517
1550510 1521
1550520 1523
1550530 1523
1550540 1526
1550550 1528
1550560 1528
1550570 1529
1550580 1531
1550590 1531
1550600 1531
1550610 1530
1550620 1529
1550630 1529
1550640 1529
1550650 1530
1550660 1530
1550670 1530
1550680 1530
1550690 1530
1550700 1528
1550710 1528
1550720 1528
1550730 1527
1550740 1527
1550750 1527
1550760 1527
1550770 1527
1550780 1527
1550790 1526
1550800 1526
1550810 1525
1550820 1525
1550830 1524
1550840 1524
1550850 1524
1550860 1524
1550870 1524
1550880 1524
1550890 1524
1550900 1524
1550910 1524
1550920 1525
1550930 1526
1550940 1526
1550950 1527
1550960 1527
1550970 1527
1550980 1528
1550990 1530
1551000 1530
1551010 1534
1551020 1536
1551030 1536
1551040 1537
1551050 1539
1551060 1540
1551070 1540
1551080 1542
1551090 1542
1551100 1542
1551110 1543
1551120 1543
1551130 1543
1551140 1543
1551150 1543
1551160 1543
1551170 1543
1551180 1543
1551190 1543
1551200 1542
1551210 1543
1551220 1543
1551230 1543
1551240 1544
1551250 1544
1551260 1544
1551270 1544
1551280 1544
1551290 1544
1551300 1544
1551310 1543
1551320 1543
1551330 1542
1551340 1541
1551350 1541
1551360 1541
1551370 1541
1551380 1541
1551390 1540
1551400 1540
1551410 1540
1551420 1540
1551430 1539
1551440 1539
1551450 1537
1551460 1535
1551470 1535
1551480 1535
1551490 1534
1551500 1534
1551510 1533
1551520 1534
1551530 1533
1551540 1533
1551550 1533
1551560 1532
1551570 1532
1551580 1530
1551590 1530
1551600 1530
1551610 1529
1551620 1528
1551630 1528
1551640 1527
1551650 1526
1551660 1526
1551670 1526
1551680 1525
1551690 1525
1551700 1525
1551710 1524
1551720 1524
1551730 1529
1551740 1529
1551750 1530
1551760 1530
1551770 1529
1551780 1526
1551790 1526
1551800 1524
1551810 1521
1551820 1521
1551830 1522
1551840 1525
1551850 1525
1551860 1527
1551870 1529
1551880 1529
1551890 1530
1551900 1531
1551910 1531
1551920 1531
1551930 1530
1551940 1530
1551950 1529
1551960 1529
1551970 1529
1551980 1529
1551990 1530
1552000 1530
1552010 1530
1552020 1530
1552030 1531
1552040 1531
1552050 1532
1552060 1532
1552070 1532
1552080 1532
1552090 1532
1552100 1532
1552110 1532
1552120 1533
1552130 1533
1552140 1533
1552150 1535
1552160 1535
1552170 1537
1552180 1537
1552190 1537
1552200 1536
1552210 1535
1552220 1534
1552230 1534
1552240 1534
1552250 1533
1552260 1533
1552270 1533
1552280 1532
1552290 1532
1552300 1530
1552310 1527
1552320 1527
1552330 1524
1552340 1521
1552350 1521
1552360 1519
1552370 1517
1552380 1517
1552390 1514
1552400 1513
1552410 1513
1552420 1511
1552430 1507
1552440 1504
1552450 1504
1552460 1499
1552470 1493
1552480 1493
1552490 1487
1552500 1484
1552510 1484
1552520 1483
1552530 1483
1552540 1483
1552550 1479
1552560 1476
1552570 1476
1552580 1480
1552590 1481
1552600 1481
1552610 1487
1552620 1493
1552630 1493
1552640 1500
1552650 1507
1552660 1507
1552670 1513
1552680 1514
1552690 1516
1552700 1516
1552710 1516
1552720 1516
1552730 1516
1552740 1515
1552750 1512
1552760 1512
1552770 1510
1552780 1507
1552790 1507
1552800 1504
1552810 1500
1552820 1500
1552830 1494
1552840 1489
1552850 1489
1552860 1487
1552870 1484
1552880 1484
1552890 1482
1552900 1478
1552910 1475
1552920 1475
1552930 1472
1552940 1467
1552950 1467
1552960 1467
1552970 1467
1552980 1467
1552990 1468
1553000 1470
1553010 1470
1553020 1469
1553030 1467
1553040 1467
1553050 1465
1553060 1462
1553070 1462
1553080 1462
1553090 1460
1553100 1460
1553110 1457
1553120 1452
1553130 1452
1553140 1450
1553150 1450
1553160 1449
1553170 1449
1553180 1444
1553190 1439
1553200 1439
1553210 1435
1553220 1434
1553230 1434
1553240 1432
1553250 1428
1553260 1428
1553270 1423
1553280 1416
1553290 1416
1553300 1412
1553310 1410
1553320 1410
1553330 1411
1553340 1412
1553350 1412
1553360 1416
1553370 1419
1553380 1421
1553390 1421
1553400 1423
1553410 1423
1553420 1423
1553430 1422
1553440 1420
1553450 1420
1553460 1417
1553470 1414
1553480 1414
1553490 1413
1553500 1412
1553510 1412
1553520 1413
1553530 1414
1553540 1414
1553550 1413
1553560 1412
1553570 1412
1553580 1411
1553590 1412
1553600 1412
1553610 1410
1553620 1407
1553630 1405
1553640 1405
1553650 1402
1553660 1400
1553670 1400
1553680 1398
1553690 1395
1553700 1395
1553710 1388
1553720 1380
1553730 1380
1553740 1372
1553750 1368
1553760 1368
1553770 1370
1553780 1373
1553790 1373
1553800 1376
1553810 1378
1553820 1378
1553830 1376
1553840 1374
1553850 1372
1553860 1372
1553870 1370
1553880 1371
1553890 1371
1553900 1372
1553910 1371
1553920 1371
1553930 1370
1553940 1372
1553950 1372
1553960 1371
1553970 1368
1553980 1368
1553990 1364
1554000 1359
1554010 1359
1554020 1355
1554030 1352
1554040 1352
1554050 1349
1554060 1347
1554070 1347
1554080 1345
1554090 1344
1554100 1344
1554110 1344
1554120 1342
1554130 1340
1554140 1340
1554150 1340
1554160 1340
1554170 1340
1554180 1339
1554190 1338
1554200 1338
1554210 1337
1554220 1335
1554230 1335
1554240 1334
1554250 1332
1554260 1332
1554270 1331
1554280 1330
1554290 1330
1554300 1329
1554310 1328
1554320 1327
1554330 1327
1554340 1325
1554350 1322
1554360 1322
1554370 1320
1554380 1318
1554390 1318
1554400 1317
1554410 1316
1554420 1316
1554430 1314
1554440 1311
1554450 1311
1554460 1309
1554470 1307
1554480 1307
1554490 1305
1554500 1303
1554510 1303
1554520 1302
1554530 1301
1554540 1301
1554550 1299
1554560 1298
1554570 1296
1554580 1296
1554590 1293
1554600 1290
1554610 1290
1554620 1287
1554630 1283
1554640 1283
1554650 1279
1554660 1274
1554670 1274
1554680 1272
1554690 1270
1554700 1270
1554710 1269
1554720 1266
1554730 1266
1554740 1264
1554750 1263
1554760 1263
1554770 1262
1554780 1261
1554790 1259
1554800 1259
1554810 1257
1554820 1255
1554830 1255
1554840 1253
1554850 1250
1554860 1250
1554870 1247
1554880 1244
1554890 1244
1554900 1240
1554910 1236
1554920 1236
1554930 1235
1554940 1234
1554950 1234
1554960 1232
1554970 1229
1554980 1229
1554990 1225
1555000 1218
1555010 1217
1555020 1217
1555030 1216
1555040 1215
1555050 1215
1555060 1213
1555070 1210
1555080 1210
1555090 1207
1555100 1205
1555110 1205
1555120 1204
1555130 1202
1555140 1202
1555150 1200
1555160 1198
1555170 1198
1555180 1196
1555190 1194
1555200 1194
1555210 1191
1555220 1188
1555230 1188
1555240 1186
1555250 1184
1555260 1184
1555270 1184
1555280 1184
1555290 1185
1555300 1185
1555310 1184
1555320 1185
1555330 1185
1555340 1185
1555350 1184
1555360 1184
1555370 1184
1555380 1184
1555390 1184
1555400 1183
1555410 1183
1555420 1183
1555430 1183
1555440 1183
1555450 1183
1555460 1182
1555470 1184
1555480 1187
1555490 1187
1555500 1189
1555510 1191
1555520 1191
1555530 1191
1555540 1192
1555550 1192
1555560 1194
1555570 1195
1555580 1195
1555590 1196
1555600 1196
1555610 1196
1555620 1197
1555630 1197
1555640 1197
1555650 1196
1555660 1196
1555670 1196
1555680 1196
1555690 1195
1555700 1195
1555710 1194
1555720 1192
1555730 1189
1555740 1189
1555750 1187
1555760 1188
1555770 1188
1555780 1190
1555790 1191
1555800 1191
1555810 1193
1555820 1196
1555830 1196
1555840 1198
1555850 1201
1555860 1201
1555870 1202
1555880 1203
1555890 1203
1555900 1206
1555910 1209
1555920 1209
1555930 1213
1555940 1216
1555950 1218
1555960 1218
1555970 1220
1555980 1222
1555990 1222
1556000 1224
1556010 1227
1556020 1227
1556030 1229
1556040 1229
1556050 1229
1556060 1229
1556070 1228
1556080 1228
1556090 1228
1556100 1228
1556110 1228
1556120 1230
1556130 1232
1556140 1232
1556150 1233
1556160 1235
1556170 1235
1556180 1236
1556190 1237
1556200 1238
1556210 1238
1556220 1239
1556230 1241
1556240 1241
1556250 1244
1556260 1248
1556270 1248
1556280 1249
1556290 1250
1556300 1250
1556310 1252
1556320 1254
1556330 1254
1556340 1256
1556350 1259
1556360 1259
1556370 1262
1556380 1264
1556390 1264
1556400 1267
1556410 1269
1556420 1271
1556430 1271
1556440 1272
1556450 1275
1556460 1275
1556470 1276
1556480 1278
1556490 1278
1556500 1280
1556510 1281
1556520 1281
1556530 1282
1556540 1283
1556550 1283
1556560 1284
1556570 1285
1556580 1285
1556590 1285
1556600 1286
1556610 1286
1556620 1289
1556630 1291
1556640 1291
1556650 1293
1556660 1294
1556670 1296
1556680 1296
1556690 1298
1556700 1299
1556710 1299
1556720 1301
1556730 1302
1556740 1302
1556750 1303
1556760 1303
1556770 1303
1556780 1303
1556790 1303
1556800 1303
1556810 1304
1556820 1304
1556830 1304
1556840 1305
1556850 1305
1556860 1305
1556870 1306
1556880 1307
1556890 1308
1556900 1308
1556910 1310
1556920 1310
1556930 1310
1556940 1311
1556950 1312
1556960 1312
1556970 1314
1556980 1317
1556990 1317
1557000 1319
1557010 1320
1557020 1320
1557030 1320
1557040 1320
1557050 1320
1557060 1320
1557070 1320
1557080 1320
1557090 1321
1557100 1321
1557110 1321
1557120 1322
1557130 1323
1557140 1324
1557150 1324
1557160 1325
1557170 1325
1557180 1319
1557190 1321
1557200 1322
1557210 1322
1557220 1324
1557230 1325
1557240 1325
1557250 1326
1557260 1327
1557270 1327
1557280 1329
1557290 1330
1557300 1330
1557310 1332
1557320 1333
1557330 1333
1557340 1335
1557350 1336
1557360 1338
1557370 1338
1557380 1339
1557390 1339
1557400 1339
1557410 1337
1557420 1335
1557430 1335
1557440 1332
1557450 1330
1557460 1330
1557470 1329
1557480 1327
1557490 1327
1557500 1326
1557510 1325
1557520 1325
1557530 1323
1557540 1320
1557550 1320
1557560 1318
1557570 1316
1557580 1313
1557590 1313
1557600 1311
1557610 1309
1557620 1309
1557630 1307
1557640 1305
1557650 1305
1557660 1303
1557670 1301
1557680 1301
1557690 1299
1557700 1295
1557710 1295
1557720 1292
1557730 1289
1557740 1289
1557750 1288
1557760 1289
1557770 1289
1557780 1289
1557790 1287
1557800 1287
1557810 1285
1557820 1284
1557830 1285
1557840 1285
1557850 1287
1557860 1287
1557870 1287
1557880 1284
1557890 1276
1557900 1276
1557910 1268
1557920 1264
1557930 1264
1557940 1268
1557950 1274
1557960 1274
1557970 1278
1557980 1280
1557990 1280
1558000 1281
1558010 1280
1558020 1280
1558030 1278
1558040 1276
1558050 1275
1558060 1275
1558070 1274
1558080 1274
1558090 1274
1558100 1274
1558110 1275
1558120 1275
1558130 1277
1558140 1277
1558150 1277
1558160 1277
1558170 1277
1558180 1277
1558190 1276
1558200 1274
1558210 1274
1558220 1273
1558230 1272
1558240 1272
1558250 1271
1558260 1269
1558270 1269
1558280 1268
1558290 1267
1558300 1266
1558310 1266
1558320 1266
1558330 1266
1558340 1266
1558350 1265
1558360 1264
1558370 1264
1558380 1263
1558390 1262
1558400 1262
1558410 1262
1558420 1263
1558430 1263
1558440 1264
1558450 1264
1558460 1264
1558470 1263
1558480 1263
1558490 1263
1558500 1261
1558510 1261
1558520 1261
1558530 1261
1558540 1262
1558550 1264
1558560 1264
1558570 1267
1558580 1268
1558590 1268
1558600 1268
1558610 1269
1558620 1269
1558630 1270
1558640 1270
1558650 1270
1558660 1270
1558670 1270
1558680 1270
1558690 1270
1558700 1269
1558710 1269
1558720 1270
1558730 1270
1558740 1270
1558750 1271
1558760 1270
1558770 1269
1558780 1269
1558790 1268
1558800 1267
1558810 1267
1558820 1268
1558830 1268
1558840 1268
1558850 1269
1558860 1270
1558870 1270
1558880 1271
1558890 1273
1558900 1273
1558910 1270
1558920 1269
1558930 1269
1558940 1267
1558950 1266
1558960 1266
1558970 1264
1558980 1263
1558990 1267
1559000 1267
1559010 1270
1559020 1272
1559030 1272
1559040 1273
1559050 1274
1559060 1274
1559070 1275
1559080 1276
1559090 1276
1559100 1276
1559110 1276
1559120 1276
1559130 1274
1559140 1274
1559150 1274
1559160 1274
1559170 1273
1559180 1273
1559190 1272
1559200 1272
1559210 1272
1559220 1273
1559230 1273
1559240 1273
1559250 1273
1559260 1271
1559270 1270
1559280 1270
1559290 1270
1559300 1269
1559310 1269
1559320 1267
1559330 1265
1559340 1265
1559350 1261
1559360 1256
1559370 1256
1559380 1252
1559390 1248
1559400 1248
1559410 1245
1559420 1242
1559430 1242
1559440 1236
1559450 1230
1559460 1225
1559470 1225
1559480 1222
1559490 1219
1559500 1219
1559510 1216
1559520 1215
1559530 1215
1559540 1214
1559550 1215
1559560 1215
1559570 1216
1559580 1216
1559590 1216
1559600 1216
1559610 1215
1559620 1215
1559630 1213
1559640 1211
1559650 1211
1559660 1209
1559670 1207
1559680 1207
1559690 1205
1559700 1204
1559710 1202
1559720 1202
1559730 1200
1559740 1199
1559750 1199
1559760 1198
1559770 1195
1559780 1195
1559790 1190
1559800 1185
1559810 1185
1559820 1182
1559830 1180
1559840 1180
1559850 1177
1559860 1176
1559870 1176
1559880 1174
1559890 1171
1559900 1171
1559910 1168
1559920 1164
1559930 1160
1559940 1160
1559950 1159
1559960 1158
1559970 1158
1559980 1157
1559990 1156
