1540000 1548
1540010 1548
1540020 1550
1540030 1551
1540040 1551
1540050 1554
1540060 1556
1540070 1558
1540080 1558
1540090 1561
1540100 1564
1540110 1564
1540120 1566
1540130 1569
1540140 1569
1540150 1571
1540160 1574
1540170 1574
1540180 1577
1540190 1582
1540200 1582
1540210 1586
1540220 1590
1540230 1590
1540240 1593
1540250 1596
1540260 1596
1540270 1599
1540280 1602
1540290 1605
1540300 1605
1540310 1608
1540320 1610
1540330 1610
1540340 1613
1540350 1616
1540360 1616
1540370 1618
1540380 1620
1540390 1620
1540400 1623
1540410 1625
1540420 1625
1540430 1628
1540440 1632
1540450 1632
1540460 1635
1540470 1637
1540480 1637
1540490 1639
1540500 1640
1540510 1640
1540520 1640
1540530 1641
1540540 1642
1540550 1642
1540560 1643
1540570 1643
1540580 1643
1540590 1642
1540600 1642
1540610 1642
1540620 1642
1540630 1641
1540640 1641
1540650 1640
1540660 1640
1540670 1640
1540680 1642
1540690 1644
1540700 1644
1540710 1647
1540720 1649
1540730 1649
1540740 1651
1540750 1653
1540760 1654
1540770 1654
1540780 1655
1540790 1657
1540800 1657
1540810 1658
1540820 1659
1540830 1659
1540840 1660
1540850 1661
1540860 1661
1540870 1661
1540880 1660
1540890 1660
1540900 1660
1540910 1658
1540920 1658
1540930 1657
1540940 1656
1540950 1656
1540960 1655
1540970 1653
1540980 1653
1540990 1651
1541000 1650
1541010 1648
1541020 1648
1541030 1646
1541040 1644
1541050 1644
1541060 1642
1541070 1640
1541080 1640
1541090 1638
1541100 1636
1541110 1636
1541120 1633
1541130 1630
1541140 1630
1541150 1627
1541160 1624
1541170 1624
1541180 1622
1541190 1619
1541200 1619
1541210 1617
1541220 1615
1541230 1615
1541240 1613
1541250 1611
1541260 1609
1541270 1609
1541280 1608
1541290 1606
1541300 1606
1541310 1606
1541320 1606
1541330 1606
1541340 1605
1541350 1604
1541360 1604
1541370 1602
1541380 1600
1541390 1600
1541400 1599
1541410 1597
1541420 1597
1541430 1596
1541440 1594
1541450 1594
1541460 1592
1541470 1590
1541480 1587
1541490 1587
1541500 1584
1541510 1582
1541520 1582
1541530 1579
1541540 1577
1541550 1577
1541560 1574
1541570 1571
1541580 1571
1541590 1569
1541600 1567
1541610 1567
1541620 1564
1541630 1561
1541640 1561
1541650 1560
1541660 1557
1541670 1557
1541680 1556
1541690 1554
1541700 1554
1541710 1553
1541720 1552
1541730 1550
1541740 1550
1541750 1547
1541760 1544
1541770 1544
1541780 1542
1541790 1542
1541800 1542
1541810 1541
1541820 1539
1541830 1539
1541840 1538
1541850 1537
1541860 1537
1541870 1536
1541880 1535
1541890 1535
1541900 1534
1541910 1532
1541920 1532
1541930 1530
1541940 1528
1541950 1528
1541960 1526
1541970 1525
1541980 1523
1541990 1523
1542000 1523
1542010 1522
1542020 1522
1542030 1521
1542040 1520
1542050 1520
1542060 1519
1542070 1519
1542080 1519
1542090 1519
1542100 1518
1542110 1518
1542120 1518
1542130 1518
1542140 1518
1542150 1517
1542160 1516
1542170 1516
1542180 1515
1542190 1514
1542200 1514
1542210 1514
1542220 1514
1542230 1515
1542240 1515
1542250 1516
1542260 1518
1542270 1518
1542280 1519
1542290 1521
1542300 1521
1542310 1521
1542320 1518
1542330 1518
1542340 1515
1542350 1515
1542360 1515
1542370 1514
1542380 1514
1542390 1514
1542400 1514
1542410 1514
1542420 1514
1542430 1514
1542440 1514
1542450 1514
1542460 1514
1542470 1514
1542480 1514
1542490 1514
1542500 1514
1542510 1514
1542520 1514
1542530 1514
1542540 1514
1542550 1514
1542560 1514
1542570 1514
1542580 1514
1542590 1514
1542600 1514
1542610 1514
1542620 1515
1542630 1515
1542640 1515
1542650 1515
1542660 1515
1542670 1516
1542680 1516
1542690 1516
1542700 1517
1542710 1517
1542720 1517
1542730 1518
1542740 1518
1542750 1518
1542760 1519
1542770 1519
1542780 1519
1542790 1519
1542800 1519
1542810 1519
1542820 1520
1542830 1520
1542840 1520
1542850 1520
1542860 1520
1542870 1521
1542880 1521
1542890 1521
1542900 1522
1542910 1522
1542920 1522
1542930 1522
1542940 1522
1542950 1522
1542960 1522
1542970 1522
1542980 1522
1542990 1522
1543000 1522
1543010 1523
1543020 1523
1543030 1525
1543040 1528
1543050 1528
1543060 1530
1543070 1532
1543080 1532
1543090 1535
1543100 1536
1543110 1536
1543120 1538
1543130 1540
1543140 1540
1543150 1542
1543160 1544
1543170 1545
1543180 1545
1543190 1547
1543200 1547
1543210 1547
1543220 1549
1543230 1551
1543240 1551
1543250 1553
1543260 1554
1543270 1554
1543280 1555
1543290 1556
1543300 1556
1543310 1557
1543320 1560
1543330 1560
1543340 1564
1543350 1566
1543360 1566
1543370 1569
1543380 1571
1543390 1572
1543400 1572
1543410 1573
1543420 1574
1543430 1574
1543440 1576
1543450 1579
1543460 1579
1543470 1583
1543480 1584
1543490 1584
1543500 1582
1543510 1583
1543520 1583
1543530 1586
1543540 1590
1543550 1590
1543560 1592
1543570 1594
1543580 1594
1543590 1596
1543600 1600
1543610 1600
1543620 1603
1543630 1605
1543640 1609
1543650 1609
1543660 1613
1543670 1616
1543680 1616
1543690 1618
1543700 1620
1543710 1620
1543720 1621
1543730 1621
1543740 1621
1543750 1620
1543760 1622
1543770 1622
1543780 1623
1543790 1624
1543800 1624
1543810 1625
1543820 1627
1543830 1627
1543840 1628
1543850 1629
1543860 1630
1543870 1630
1543880 1631
1543890 1632
1543900 1632
1543910 1632
1543920 1633
1543930 1633
1543940 1634
1543950 1635
1543960 1635
1543970 1637
1543980 1637
1543990 1637
1544000 1638
1544010 1639
1544020 1639
1544030 1640
1544040 1641
1544050 1641
1544060 1642
1544070 1643
1544080 1643
1544090 1644
1544100 1645
1544110 1647
1544120 1647
1544130 1649
1544140 1651
1544150 1651
1544160 1653
1544170 1654
1544180 1654
1544190 1657
1544200 1660
1544210 1660
1544220 1662
1544230 1663
1544240 1663
1544250 1665
1544260 1667
1544270 1667
1544280 1669
1544290 1671
1544300 1671
1544310 1674
1544320 1677
1544330 1677
1544340 1680
1544350 1682
1544360 1684
1544370 1684
1544380 1686
1544390 1688
1544400 1688
1544410 1690
1544420 1692
1544430 1692
1544440 1693
1544450 1694
1544460 1694
1544470 1696
1544480 1698
1544490 1698
1544500 1699
1544510 1700
1544520 1700
1544530 1700
1544540 1701
1544550 1701
1544560 1702
1544570 1703
1544580 1703
1544590 1703
1544600 1704
1544610 1705
1544620 1705
1544630 1706
1544640 1707
1544650 1707
1544660 1709
1544670 1710
1544680 1710
1544690 1711
1544700 1712
1544710 1712
1544720 1714
1544730 1715
1544740 1715
1544750 1716
1544760 1717
1544770 1717
1544780 1717
1544790 1718
1544800 1718
1544810 1718
1544820 1719
1544830 1719
1544840 1719
1544850 1719
1544860 1719
1544870 1719
1544880 1719
1544890 1719
1544900 1719
1544910 1720
1544920 1720
1544930 1720
1544940 1719
1544950 1718
1544960 1718
1544970 1718
1544980 1717
1544990 1717
1545000 1716
1545010 1716
1545020 1716
1545030 1716
1545040 1715
1545050 1715
1545060 1715
1545070 1714
1545080 1713
1545090 1713
1545100 1712
1545110 1712
1545120 1712
1545130 1713
1545140 1712
1545150 1712
1545160 1712
1545170 1711
1545180 1711
1545190 1710
1545200 1709
1545210 1709
1545220 1709
1545230 1708
1545240 1708
1545250 1708
1545260 1707
1545270 1707
1545280 1707
1545290 1707
1545300 1707
1545310 1707
1545320 1707
1545330 1706
1545340 1706
1545350 1706
1545360 1706
1545370 1706
1545380 1706
1545390 1706
1545400 1706
1545410 1705
1545420 1705
1545430 1705
1545440 1704
1545450 1704
1545460 1704
1545470 1703
1545480 1703
1545490 1703
1545500 1702
1545510 1701
1545520 1701
1545530 1700
1545540 1699
1545550 1697
1545560 1697
1545570 1695
1545580 1690
1545590 1690
1545600 1686
1545610 1683
1545620 1683
1545630 1679
1545640 1676
1545650 1676
1545660 1673
1545670 1669
1545680 1669
1545690 1667
1545700 1664
1545710 1664
1545720 1661
1545730 1658
1545740 1658
1545750 1654
1545760 1652
1545770 1649
1545780 1649
1545790 1645
1545800 1641
1545810 1641
1545820 1638
1545830 1636
1545840 1636
1545850 1632
1545860 1628
1545870 1628
1545880 1624
1545890 1620
1545900 1620
1545910 1617
1545920 1614
1545930 1614
1545940 1612
1545950 1609
1545960 1609
1545970 1606
1545980 1603
1545990 1603
1546000 1601
1546010 1600
1546020 1599
1546030 1599
1546040 1598
1546050 1596
1546060 1596
1546070 1595
1546080 1592
1546090 1592
1546100 1589
1546110 1587
1546120 1587
1546130 1584
1546140 1582
1546150 1582
1546160 1580
1546170 1578
1546180 1578
1546190 1575
1546200 1570
1546210 1570
1546220 1567
1546230 1566
1546240 1566
1546250 1564
1546260 1562
1546270 1560
1546280 1560
1546290 1558
1546300 1553
1546310 1553
1546320 1548
1546330 1543
1546340 1543
1546350 1541
1546360 1539
1546370 1539
1546380 1541
1546390 1544
1546400 1544
1546410 1546
1546420 1547
1546430 1547
1546440 1548
1546450 1550
1546460 1550
1546470 1550
1546480 1550
1546490 1550
1546500 1550
1546510 1550
1546520 1550
1546530 1550
1546540 1549
1546550 1549
1546560 1549
1546570 1549
1546580 1549
1546590 1549
1546600 1550
1546610 1550
1546620 1550
1546630 1550
1546640 1551
1546650 1551
1546660 1551
1546670 1550
1546680 1550
1546690 1548
1546700 1546
1546710 1546
1546720 1548
1546730 1550
1546740 1553
1546750 1553
1546760 1554
1546770 1556
1546780 1556
1546790 1556
1546800 1556
1546810 1556
1546820 1557
1546830 1558
1546840 1558
1546850 1560
1546860 1560
1546870 1560
1546880 1560
1546890 1559
1546900 1559
1546910 1559
1546920 1558
1546930 1558
1546940 1558
1546950 1557
1546960 1556
1546970 1556
1546980 1553
1546990 1552
1547000 1552
1547010 1552
1547020 1551
1547030 1551
1547040 1550
1547050 1549
1547060 1549
1547070 1549
1547080 1548
1547090 1548
1547100 1547
1547110 1547
1547120 1547
1547130 1545
1547140 1542
1547150 1542
1547160 1538
1547170 1535
1547180 1535
1547190 1531
1547200 1527
1547210 1523
1547220 1523
1547230 1519
1547240 1517
1547250 1517
1547260 1516
1547270 1515
1547280 1515
1547290 1515
1547300 1514
1547310 1514
1547320 1513
1547330 1513
1547340 1513
1547350 1512
1547360 1511
1547370 1511
1547380 1511
1547390 1510
1547400 1510
1547410 1509
1547420 1508
1547430 1508
1547440 1507
1547450 1505
1547460 1504
1547470 1504
1547480 1503
1547490 1502
1547500 1502
1547510 1501
1547520 1502
1547530 1502
1547540 1503
1547550 1503
1547560 1503
1547570 1503
1547580 1503
1547590 1503
1547600 1503
1547610 1502
1547620 1502
1547630 1501
1547640 1500
1547650 1500
1547660 1498
1547670 1496
1547680 1493
1547690 1493
1547700 1490
1547710 1489
1547720 1489
1547730 1485
1547740 1481
1547750 1481
1547760 1479
1547770 1476
1547780 1476
1547790 1476
1547800 1476
1547810 1476
1547820 1476
1547830 1474
1547840 1474
1547850 1472
1547860 1469
1547870 1469
1547880 1468
1547890 1468
1547900 1468
1547910 1470
1547920 1471
1547930 1469
1547940 1469
1547950 1465
1547960 1463
1547970 1463
1547980 1461
1547990 1460
1548000 1460
1548010 1458
1548020 1456
1548030 1456
1548040 1455
1548050 1453
1548060 1453
1548070 1453
1548080 1453
1548090 1453
1548100 1452
1548110 1458
1548120 1458
1548130 1457
1548140 1456
1548150 1454
1548160 1454
1548170 1449
1548180 1444
1548190 1444
1548200 1439
1548210 1436
1548220 1436
1548230 1433
1548240 1431
1548250 1431
1548260 1431
1548270 1433
1548280 1433
1548290 1434
1548300 1435
1548310 1435
1548320 1437
1548330 1438
1548340 1438
1548350 1439
1548360 1440
1548370 1440
1548380 1440
1548390 1441
1548400 1441
1548410 1441
1548420 1442
1548430 1442
1548440 1442
1548450 1440
1548460 1438
1548470 1438
1548480 1437
1548490 1436
1548500 1436
1548510 1434
1548520 1434
1548530 1434
1548540 1434
1548550 1437
1548560 1437
1548570 1441
1548580 1445
1548590 1445
1548600 1449
1548610 1449
1548620 1449
1548630 1448
1548640 1446
1548650 1445
1548660 1445
1548670 1444
1548680 1442
1548690 1442
1548700 1440
1548710 1440
1548720 1440
1548730 1439
1548740 1439
1548750 1439
1548760 1437
1548770 1436
1548780 1436
1548790 1435
1548800 1434
1548810 1434
1548820 1433
1548830 1431
1548840 1431
1548850 1429
1548860 1427
1548870 1426
1548880 1426
1548890 1426
1548900 1426
1548910 1426
1548920 1425
1548930 1424
1548940 1424
1548950 1424
1548960 1422
1548970 1422
1548980 1421
1548990 1420
1549000 1420
1549010 1420
1549020 1419
1549030 1419
1549040 1417
1549050 1414
1549060 1414
1549070 1411
1549080 1409
1549090 1409
1549100 1409
1549110 1410
1549120 1410
1549130 1410
1549140 1410
1549150 1409
1549160 1409
1549170 1407
1549180 1406
1549190 1406
1549200 1404
1549210 1403
1549220 1403
1549230 1402
1549240 1400
1549250 1400
1549260 1399
1549270 1399
1549280 1399
1549290 1398
1549300 1397
1549310 1397
1549320 1396
1549330 1394
1549340 1394
1549350 1393
1549360 1392
1549370 1392
1549380 1392
1549390 1391
1549400 1389
1549410 1389
1549420 1387
1549430 1385
1549440 1385
1549450 1385
1549460 1383
1549470 1383
1549480 1381
1549490 1379
1549500 1379
1549510 1377
1549520 1374
1549530 1374
1549540 1370
1549550 1369
1549560 1369
1549570 1368
1549580 1367
1549590 1365
1549600 1365
1549610 1364
1549620 1363
1549630 1363
1549640 1360
1549650 1357
1549660 1357
1549670 1354
1549680 1351
1549690 1351
1549700 1347
1549710 1344
1549720 1344
1549730 1341
1549740 1340
1549750 1340
1549760 1339
1549770 1338
1549780 1338
1549790 1337
1549800 1336
1549810 1336
1549820 1335
1549830 1334
1549840 1333
1549850 1333
1549860 1332
1549870 1331
1549880 1331
1549890 1330
1549900 1328
1549910 1328
1549920 1327
1549930 1327
1549940 1327
1549950 1328
1549960 1331
1549970 1331
1549980 1329
1549990 1328
1550000 1328
1550010 1330
1550020 1331
1550030 1331
1550040 1331
1550050 1330
1550060 1330
1550070 1328
1550080 1328
1550090 1327
1550100 1327
1550110 1326
1550120 1325
1550130 1325
1550140 1324
1550150 1324
1550160 1324
1550170 1325
1550180 1324
1550190 1324
1550200 1321
1550210 1320
1550220 1320
1550230 1320
1550240 1320
1550250 1320
1550260 1320
1550270 1319
1550280 1319
1550290 1319
1550300 1318
1550310 1318
1550320 1318
1550330 1317
1550340 1316
1550350 1316
1550360 1316
1550370 1315
1550380 1315
1550390 1316
1550400 1317
1550410 1317
1550420 1318
1550430 1319
1550440 1319
1550450 1320
1550460 1321
1550470 1321
1550480 1322
1550490 1322
1550500 1322
1550510 1322
1550520 1321
1550530 1321
1550540 1319
1550550 1317
1550560 1320
1550570 1320
1550580 1321
1550590 1321
1550600 1321
1550610 1321
1550620 1321
1550630 1321
1550640 1321
1550650 1322
1550660 1322
1550670 1322
1550680 1323
1550690 1323
1550700 1323
1550710 1324
1550720 1324
1550730 1324
1550740 1323
1550750 1323
1550760 1324
1550770 1327
1550780 1330
1550790 1330
1550800 1333
1550810 1333
1550820 1333
1550830 1331
1550840 1329
1550850 1329
1550860 1328
1550870 1327
1550880 1327
1550890 1327
1550900 1328
1550910 1328
1550920 1328
1550930 1328
1550940 1328
1550950 1328
1550960 1327
1550970 1327
1550980 1327
1550990 1327
1551000 1327
1551010 1327
1551020 1327
1551030 1326
1551040 1326
1551050 1324
1551060 1323
1551070 1323
1551080 1322
1551090 1321
1551100 1321
1551110 1319
1551120 1316
1551130 1316
1551140 1312
1551150 1307
1551160 1307
1551170 1304
1551180 1302
1551190 1302
1551200 1303
1551210 1302
1551220 1302
1551230 1302
1551240 1302
1551250 1302
1551260 1304
1551270 1306
1551280 1308
1551290 1308
1551300 1310
1551310 1312
1551320 1312
1551330 1314
1551340 1313
1551350 1313
1551360 1312
1551370 1311
1551380 1311
1551390 1310
1551400 1309
1551410 1309
1551420 1308
1551430 1306
1551440 1306
1551450 1304
1551460 1301
1551470 1301
1551480 1299
1551490 1296
1551500 1295
1551510 1295
1551520 1295
1551530 1294
1551540 1294
1551550 1294
1551560 1291
1551570 1291
1551580 1287
1551590 1285
1551600 1285
1551610 1282
1551620 1278
1551630 1278
1551640 1278
1551650 1279
1551660 1279
1551670 1281
1551680 1280
1551690 1280
1551700 1279
1551710 1278
1551720 1278
1551730 1278
1551740 1278
1551750 1277
1551760 1277
1551770 1279
1551780 1282
1551790 1282
1551800 1286
1551810 1291
1551820 1291
1551830 1289
1551840 1284
1551850 1284
1551860 1279
1551870 1276
1551880 1276
1551890 1275
1551900 1273
1551910 1273
1551920 1272
1551930 1270
1551940 1270
1551950 1265
1551960 1264
1551970 1268
1551980 1268
1551990 1268
1552000 1271
1552010 1271
1552020 1274
1552030 1276
1552040 1276
1552050 1278
1552060 1278
1552070 1278
1552080 1278
1552090 1279
1552100 1279
1552110 1276
1552120 1272
1552130 1272
1552140 1271
1552150 1271
1552160 1271
1552170 1270
1552180 1270
1552190 1270
1552200 1274
1552210 1275
1552220 1276
1552230 1276
1552240 1279
1552250 1278
1552260 1278
1552270 1275
1552280 1274
1552290 1274
1552300 1273
1552310 1271
1552320 1271
1552330 1269
1552340 1269
1552350 1269
1552360 1268
1552370 1267
1552380 1267
1552390 1265
1552400 1265
1552410 1265
1552420 1263
1552430 1261
1552440 1261
1552450 1260
1552460 1258
1552470 1257
1552480 1257
1552490 1257
1552500 1256
1552510 1256
1552520 1256
1552530 1255
1552540 1255
1552550 1256
1552560 1257
1552570 1257
1552580 1259
1552590 1258
1552600 1258
1552610 1258
1552620 1260
1552630 1260
1552640 1262
1552650 1263
1552660 1263
1552670 1262
1552680 1260
1552690 1260
1552700 1260
1552710 1260
1552720 1260
1552730 1260
1552740 1258
1552750 1258
1552760 1258
1552770 1258
1552780 1257
1552790 1257
1552800 1254
1552810 1251
1552820 1251
1552830 1247
1552840 1244
1552850 1244
1552860 1242
1552870 1241
1552880 1241
1552890 1240
1552900 1239
1552910 1239
1552920 1238
1552930 1238
1552940 1238
1552950 1238
1552960 1237
1552970 1237
1552980 1237
1552990 1237
1553000 1236
1553010 1236
1553020 1236
1553030 1235
1553040 1235
1553050 1233
1553060 1231
1553070 1231
1553080 1230
1553090 1230
1553100 1230
1553110 1229
1553120 1229
1553130 1229
1553140 1228
1553150 1227
1553160 1227
1553170 1226
1553180 1226
1553190 1225
1553200 1225
1553210 1224
1553220 1224
1553230 1224
1553240 1223
1553250 1223
1553260 1223
1553270 1223
1553280 1223
1553290 1223
1553300 1224
1553310 1225
1553320 1225
1553330 1227
1553340 1230
1553350 1230
1553360 1232
1553370 1229
1553380 1229
1553390 1227
1553400 1230
1553410 1234
1553420 1234
1553430 1234
1553440 1234
1553450 1234
1553460 1235
1553470 1235
1553480 1235
1553490 1235
1553500 1236
1553510 1236
1553520 1236
1553530 1235
1553540 1235
1553550 1235
1553560 1235
1553570 1235
1553580 1235
1553590 1235
1553600 1235
1553610 1236
1553620 1235
1553630 1235
1553640 1234
1553650 1234
1553660 1234
1553670 1234
1553680 1235
1553690 1235
1553700 1235
1553710 1235
1553720 1235
1553730 1235
1553740 1234
1553750 1234
1553760 1234
1553770 1233
1553780 1232
1553790 1232
1553800 1232
1553810 1233
1553820 1233
1553830 1233
1553840 1234
1553850 1233
1553860 1233
1553870 1233
1553880 1232
1553890 1232
1553900 1231
1553910 1231
1553920 1231
1553930 1231
1553940 1231
1553950 1231
1553960 1231
1553970 1231
1553980 1231
1553990 1231
1554000 1230
1554010 1230
1554020 1229
1554030 1227
1554040 1227
1554050 1225
1554060 1223
1554070 1223
1554080 1223
1554090 1226
1554100 1226
1554110 1228
1554120 1229
1554130 1229
1554140 1229
1554150 1229
1554160 1228
1554170 1228
1554180 1224
1554190 1221
1554200 1221
1554210 1220
1554220 1219
1554230 1219
1554240 1218
1554250 1217
1554260 1217
1554270 1215
1554280 1214
1554290 1214
1554300 1213
1554310 1212
1554320 1212
1554330 1211
1554340 1210
1554350 1210
1554360 1210
1554370 1209
1554380 1209
1554390 1209
1554400 1208
1554410 1207
1554420 1207
1554430 1206
1554440 1206
1554450 1206
1554460 1205
1554470 1204
1554480 1204
1554490 1204
1554500 1204
1554510 1204
1554520 1204
1554530 1204
1554540 1204
1554550 1204
1554560 1204
1554570 1204
1554580 1204
1554590 1204
1554600 1203
1554610 1203
1554620 1202
1554630 1202
1554640 1202
1554650 1201
1554660 1201
1554670 1201
1554680 1201
1554690 1201
1554700 1201
1554710 1200
1554720 1200
1554730 1200
1554740 1200
1554750 1199
1554760 1199
1554770 1199
1554780 1199
1554790 1199
1554800 1198
1554810 1198
1554820 1198
1554830 1198
1554840 1198
1554850 1197
1554860 1197
1554870 1196
1554880 1196
1554890 1196
1554900 1195
1554910 1195
1554920 1195
1554930 1194
1554940 1194
1554950 1194
1554960 1193
1554970 1193
1554980 1193
1554990 1193
1555000 1192
1555010 1192
1555020 1192
1555030 1192
1555040 1192
1555050 1192
1555060 1191
1555070 1191
1555080 1191
1555090 1192
1555100 1192
1555110 1192
1555120 1192
1555130 1191
1555140 1191
1555150 1190
1555160 1191
1555170 1191
1555180 1192
1555190 1194
1555200 1194
1555210 1196
1555220 1197
1555230 1197
1555240 1196
1555250 1195
1555260 1195
1555270 1195
1555280 1195
1555290 1195
1555300 1195
1555310 1196
1555320 1196
1555330 1196
1555340 1195
1555350 1195
1555360 1195
1555370 1194
1555380 1191
1555390 1191
1555400 1195
1555410 1197
1555420 1197
1555430 1197
1555440 1198
1555450 1198
1555460 1198
1555470 1197
1555480 1197
1555490 1197
1555500 1196
1555510 1196
1555520 1196
1555530 1196
1555540 1196
1555550 1195
1555560 1195
1555570 1194
1555580 1194
1555590 1194
1555600 1193
1555610 1193
1555620 1193
1555630 1193
1555640 1193
1555650 1192
1555660 1185
1555670 1185
1555680 1184
1555690 1183
1555700 1183
1555710 1183
1555720 1183
1555730 1183
1555740 1185
1555750 1187
1555760 1187
1555770 1187
1555780 1187
1555790 1187
1555800 1187
1555810 1186
1555820 1186
1555830 1186
1555840 1185
1555850 1184
1555860 1184
1555870 1184
1555880 1183
1555890 1183
1555900 1183
1555910 1183
1555920 1183
1555930 1182
1555940 1182
1555950 1182
1555960 1182
1555970 1182
1555980 1182
1555990 1182
1556000 1182
1556010 1182
1556020 1182
1556030 1181
1556040 1181
1556050 1181
1556060 1180
1556070 1180
1556080 1180
1556090 1179
1556100 1179
1556110 1179
1556120 1178
1556130 1178
1556140 1178
1556150 1178
1556160 1177
1556170 1177
1556180 1177
1556190 1176
1556200 1176
1556210 1175
1556220 1175
1556230 1175
1556240 1174
1556250 1173
1556260 1173
1556270 1172
1556280 1169
1556290 1166
1556300 1166
1556310 1165
1556320 1165
1556330 1165
1556340 1165
1556350 1165
1556360 1165
1556370 1165
1556380 1162
1556390 1162
1556400 1162
1556410 1163
1556420 1163
1556430 1164
1556440 1164
1556450 1164
1556460 1164
1556470 1164
1556480 1164
1556490 1163
1556500 1164
1556510 1164
1556520 1164
1556530 1165
1556540 1164
1556550 1164
1556560 1165
1556570 1166
1556580 1166
1556590 1166
1556600 1167
1556610 1167
1556620 1168
1556630 1169
1556640 1169
1556650 1171
1556660 1174
1556670 1174
1556680 1176
1556690 1179
1556700 1179
1556710 1181
1556720 1184
1556730 1184
1556740 1186
1556750 1189
1556760 1192
1556770 1192
1556780 1196
1556790 1201
1556800 1201
1556810 1205
1556820 1209
1556830 1209
1556840 1212
1556850 1213
1556860 1213
1556870 1214
1556880 1213
1556890 1213
1556900 1212
1556910 1211
1556920 1211
1556930 1210
1556940 1210
1556950 1210
1556960 1209
1556970 1209
1556980 1209
1556990 1209
1557000 1209
1557010 1207
1557020 1207
1557030 1203
1557040 1200
1557050 1200
1557060 1198
1557070 1196
1557080 1196
1557090 1193
1557100 1191
1557110 1191
1557120 1189
1557130 1188
1557140 1188
1557150 1188
1557160 1187
1557170 1187
1557180 1187
1557190 1186
1557200 1186
1557210 1186
1557220 1185
1557230 1185
1557240 1185
1557250 1184
1557260 1184
1557270 1184
1557280 1183
1557290 1183
1557300 1183
1557310 1182
1557320 1182
1557330 1182
1557340 1181
1557350 1181
1557360 1181
1557370 1180
1557380 1180
1557390 1180
1557400 1179
1557410 1178
1557420 1178
1557430 1179
1557440 1177
1557450 1177
1557460 1175
1557470 1174
1557480 1172
1557490 1172
1557500 1170
1557510 1166
1557520 1166
1557530 1162
1557540 1156
1557550 1156
1557560 1149
1557570 1144
1557580 1144
1557590 1139
1557600 1134
1557610 1134
1557620 1129
1557630 1124
1557640 1124
1557650 1124
1557660 1126
1557670 1126
1557680 1127
1557690 1128
1557700 1131
1557710 1131
1557720 1132
1557730 1136
1557740 1136
1557750 1141
1557760 1145
1557770 1145
1557780 1149
1557790 1151
1557800 1151
1557810 1149
1557820 1146
1557830 1146
1557840 1143
1557850 1140
1557860 1140
1557870 1137
1557880 1137
1557890 1137
1557900 1140
1557910 1141
1557920 1141
1557930 1142
1557940 1146
1557950 1149
1557960 1149
1557970 1148
1557980 1145
1557990 1145
1558000 1143
1558010 1139
1558020 1139
1558030 1134
1558040 1127
1558050 1127
1558060 1124
1558070 1121
1558080 1121
1558090 1120
1558100 1118
1558110 1118
1558120 1118
1558130 1121
1558140 1121
1558150 1124
1558160 1124
1558170 1124
1558180 1122
1558190 1120
1558200 1115
1558210 1115
1558220 1111
1558230 1108
1558240 1108
1558250 1106
1558260 1105
1558270 1105
1558280 1104
1558290 1102
1558300 1102
1558310 1101
1558320 1099
1558330 1099
1558340 1099
1558350 1098
1558360 1098
1558370 1098
1558380 1098
1558390 1098
1558400 1098
1558410 1097
1558420 1097
1558430 1097
1558440 1104
1558450 1115
1558460 1115
1558470 1123
1558480 1121
1558490 1121
1558500 1119
1558510 1114
1558520 1114
1558530 1107
1558540 1100
1558550 1100
1558560 1094
1558570 1091
1558580 1091
1558590 1090
1558600 1090
1558610 1090
1558620 1091
1558630 1093
1558640 1093
1558650 1102
1558660 1115
1558670 1125
1558680 1125
1558690 1126
1558700 1126
1558710 1126
1558720 1117
1558730 1110
1558740 1110
1558750 1105
1558760 1096
1558770 1096
1558780 1086
1558790 1082
1558800 1082
1558810 1082
1558820 1083
1558830 1083
1558840 1082
1558850 1083
1558860 1083
1558870 1083
1558880 1083
1558890 1083
1558900 1083
1558910 1082
1558920 1082
1558930 1082
1558940 1081
1558950 1081
1558960 1081
1558970 1081
1558980 1081
1558990 1081
1559000 1080
1559010 1079
1559020 1079
1559030 1079
1559040 1078
1559050 1078
1559060 1078
1559070 1080
1559080 1080
1559090 1087
1559100 1096
1559110 1096
1559120 1097
1559130 1088
1559140 1081
1559150 1081
1559160 1080
1559170 1076
1559180 1076
1559190 1077
1559200 1077
1559210 1077
1559220 1077
1559230 1076
1559240 1076
1559250 1076
1559260 1076
1559270 1076
1559280 1076
1559290 1076
1559300 1076
1559310 1077
1559320 1081
1559330 1081
1559340 1087
1559350 1092
1559360 1092
1559370 1099
1559380 1103
1559390 1110
1559400 1110
1559410 1115
1559420 1118
1559430 1118
1559440 1119
1559450 1119
1559460 1119
1559470 1119
1559480 1125
1559490 1125
1559500 1132
1559510 1139
1559520 1139
1559530 1144
1559540 1148
1559550 1148
1559560 1152
1559570 1157
1559580 1157
1559590 1160
1559600 1162
1559610 1163
1559620 1163
1559630 1164
1559640 1166
1559650 1166
1559660 1167
1559670 1168
1559680 1168
1559690 1166
1559700 1165
1559710 1165
1559720 1167
1559730 1172
1559740 1172
1559750 1175
1559760 1176
1559770 1176
1559780 1178
1559790 1178
1559800 1178
1559810 1179
1559820 1179
1559830 1179
1559840 1180
1559850 1180
1559860 1181
1559870 1181
1559880 1182
1559890 1183
1559900 1183
1559910 1183
1559920 1184
1559930 1184
1559940 1185
1559950 1185
1559960 1185
1559970 1185
1559980 1186
1559990 1186
