1540000 2000
1540010 2003
1540020 2005
1540030 2005
1540040 2009
1540050 2014
1540060 2014
1540070 2016
1540080 2019
1540090 2019
1540100 2022
1540110 2025
1540120 2025
1540130 2028
1540140 2032
1540150 2032
1540160 2036
1540170 2038
1540180 2038
1540190 2041
1540200 2044
1540210 2047
1540220 2047
1540230 2050
1540240 2052
1540250 2052
1540260 2055
1540270 2057
1540280 2057
1540290 2059
1540300 2060
1540310 2060
1540320 2062
1540330 2063
1540340 2063
1540350 2065
1540360 2067
1540370 2067
1540380 2068
1540390 2069
1540400 2069
1540410 2071
1540420 2073
1540430 2074
1540440 2074
1540450 2076
1540460 2078
1540470 2078
1540480 2080
1540490 2082
1540500 2082
1540510 2084
1540520 2085
1540530 2085
1540540 2087
1540550 2088
1540560 2088
1540570 2089
1540580 2091
1540590 2091
1540600 2093
1540610 2095
1540620 2095
1540630 2097
1540640 2100
1540650 2100
1540660 2102
1540670 2104
1540680 2106
1540690 2106
1540700 2108
1540710 2109
1540720 2109
1540730 2111
1540740 2112
1540750 2112
1540760 2113
1540770 2113
1540780 2113
1540790 2112
1540800 2113
1540810 2113
1540820 2113
1540830 2113
1540840 2113
1540850 2114
1540860 2115
1540870 2115
1540880 2116
1540890 2117
1540900 2117
1540910 2119
1540920 2119
1540930 2120
1540940 2120
1540950 2121
1540960 2122
1540970 2122
1540980 2123
1540990 2122
1541000 2122
1541010 2121
1541020 2119
1541030 2119
1541040 2114
1541050 2112
1541060 2112
1541070 2110
1541080 2109
1541090 2109
1541100 2106
1541110 2102
1541120 2102
1541130 2097
1541140 2090
1541150 2090
1541160 2084
1541170 2080
1541180 2076
1541190 2076
1541200 2074
1541210 2073
1541220 2073
1541230 2072
1541240 2070
1541250 2070
1541260 2068
1541270 2063
1541280 2063
1541290 2061
1541300 2057
1541310 2057
1541320 2051
1541330 2045
1541340 2045
1541350 2039
1541360 2032
1541370 2032
1541380 2027
1541390 2022
1541400 2022
1541410 2015
1541420 2004
1541430 1997
1541440 1997
1541450 1995
1541460 1991
1541470 1991
1541480 1985
1541490 1982
1541500 1982
1541510 1979
1541520 1977
1541530 1977
1541540 1975
1541550 1972
1541560 1972
1541570 1971
1541580 1970
1541590 1970
1541600 1969
1541610 1969
1541620 1969
1541630 1968
1541640 1966
1541650 1964
1541660 1964
1541670 1964
1541680 1965
1541690 1965
1541700 1967
1541710 1969
1541720 1969
1541730 1969
1541740 1963
1541750 1963
1541760 1957
1541770 1956
1541780 1956
1541790 1955
1541800 1954
1541810 1954
1541820 1955
1541830 1958
1541840 1958
1541850 1958
1541860 1957
1541870 1957
1541880 1954
1541890 1954
1541900 1954
1541910 1954
1541920 1954
1541930 1955
1541940 1955
1541950 1954
1541960 1955
1541970 1955
1541980 1955
1541990 1955
1542000 1955
1542010 1955
1542020 1955
1542030 1955
1542040 1955
1542050 1955
1542060 1955
1542070 1955
1542080 1957
1542090 1957
1542100 1958
1542110 1959
1542120 1959
1542130 1960
1542140 1963
1542150 1966
1542160 1966
1542170 1966
1542180 1966
1542190 1966
1542200 1969
1542210 1974
1542220 1974
1542230 1979
1542240 1985
1542250 1985
1542260 1989
1542270 1992
1542280 1992
1542290 1994
1542300 1996
1542310 1996
1542320 1999
1542330 2000
1542340 2000
1542350 2001
1542360 2002
1542370 2002
1542380 2003
1542390 2005
1542400 2007
1542410 2007
1542420 2008
1542430 2009
1542440 2009
1542450 2011
1542460 2012
1542470 2012
1542480 2014
1542490 2017
1542500 2017
1542510 2020
1542520 2024
1542530 2024
1542540 2027
1542550 2031
1542560 2031
1542570 2034
1542580 2038
1542590 2038
1542600 2043
1542610 2049
1542620 2053
1542630 2053
1542640 2058
1542650 2063
1542660 2063
1542670 2068
1542680 2072
1542690 2072
1542700 2076
1542710 2079
1542720 2079
1542730 2083
1542740 2085
1542750 2085
1542760 2087
1542770 2089
1542780 2089
1542790 2091
1542800 2092
1542810 2092
1542820 2094
1542830 2095
1542840 2095
1542850 2096
1542860 2097
1542870 2098
1542880 2098
1542890 2098
1542900 2099
1542910 2099
1542920 2100
1542930 2101
1542940 2101
1542950 2101
1542960 2102
1542970 2102
1542980 2102
1542990 2102
1543000 2102
1543010 2102
1543020 2102
1543030 2102
1543040 2101
1543050 2101
1543060 2101
1543070 2101
1543080 2101
1543090 2101
1543100 2101
1543110 2101
1543120 2101
1543130 2101
1543140 2100
1543150 2099
1543160 2099
1543170 2097
1543180 2095
1543190 2095
1543200 2091
1543210 2087
1543220 2087
1543230 2084
1543240 2081
1543250 2081
1543260 2078
1543270 2074
1543280 2074
1543290 2071
1543300 2069
1543310 2069
1543320 2067
1543330 2065
1543340 2065
1543350 2063
1543360 2060
1543370 2057
1543380 2057
1543390 2054
1543400 2052
1543410 2052
1543420 2050
1543430 2046
1543440 2046
1543450 2041
1543460 2036
1543470 2036
1543480 2033
1543490 2030
1543500 2030
1543510 2028
1543520 2023
1543530 2023
1543540 2018
1543550 2015
1543560 2015
1543570 2016
1543580 2018
1543590 2018
1543600 2019
1543610 2021
1543620 2021
1543630 2021
1543640 2022
1543650 2024
1543660 2024
1543670 2026
1543680 2029
1543690 2029
1543700 2031
1543710 2034
1543720 2034
1543730 2037
1543740 2041
1543750 2041
1543760 2043
1543770 2044
1543780 2044
1543790 2046
1543800 2049
1543810 2049
1543820 2052
1543830 2055
1543840 2056
1543850 2056
1543860 2061
1543870 2065
1543880 2065
1543890 2068
1543900 2071
1543910 2071
1543920 2074
1543930 2077
1543940 2077
1543950 2080
1543960 2083
1543970 2083
1543980 2086
1543990 2090
1544000 2090
1544010 2093
1544020 2097
1544030 2097
1544040 2101
1544050 2105
1544060 2105
1544070 2109
1544080 2112
1544090 2116
1544100 2116
1544110 2120
1544120 2123
1544130 2123
1544140 2126
1544150 2129
1544160 2129
1544170 2131
1544180 2133
1544190 2133
1544200 2136
1544210 2138
1544220 2138
1544230 2140
1544240 2142
1544250 2142
1544260 2143
1544270 2145
1544280 2145
1544290 2146
1544300 2147
1544310 2147
1544320 2148
1544330 2149
1544340 2151
1544350 2151
1544360 2152
1544370 2153
1544380 2153
1544390 2154
1544400 2160
1544410 2160
1544420 2161
1544430 2162
1544440 2162
1544450 2163
1544460 2164
1544470 2164
1544480 2165
1544490 2167
1544500 2167
1544510 2168
1544520 2169
1544530 2169
1544540 2171
1544550 2173
1544560 2173
1544570 2174
1544580 2175
1544590 2177
1544600 2177
1544610 2180
1544620 2183
1544630 2183
1544640 2187
1544650 2191
1544660 2191
1544670 2193
1544680 2196
1544690 2196
1544700 2199
1544710 2202
1544720 2202
1544730 2205
1544740 2208
1544750 2208
1544760 2211
1544770 2213
1544780 2213
1544790 2215
1544800 2217
1544810 2218
1544820 2218
1544830 2220
1544840 2223
1544850 2223
1544860 2225
1544870 2228
1544880 2228
1544890 2230
1544900 2232
1544910 2232
1544920 2234
1544930 2237
1544940 2237
1544950 2239
1544960 2242
1544970 2242
1544980 2244
1544990 2247
1545000 2247
1545010 2250
1545020 2253
1545030 2253
1545040 2256
1545050 2260
1545060 2263
1545070 2263
1545080 2266
1545090 2270
1545100 2270
1545110 2273
1545120 2277
1545130 2277
1545140 2280
1545150 2284
1545160 2284
1545170 2285
1545180 2286
1545190 2286
1545200 2287
1545210 2286
1545220 2286
1545230 2283
1545240 2280
1545250 2280
1545260 2274
1545270 2264
1545280 2264
1545290 2257
1545300 2250
1545310 2244
1545320 2244
1545330 2237
1545340 2229
1545350 2229
1545360 2221
1545370 2213
1545380 2213
1545390 2204
1545400 2196
1545410 2196
1545420 2189
1545430 2182
1545440 2182
1545450 2174
1545460 2166
1545470 2166
1545480 2159
1545490 2152
1545500 2152
1545510 2145
1545520 2138
1545530 2138
1545540 2131
1545550 2124
1545560 2117
1545570 2117
1545580 2110
1545590 2103
1545600 2103
1545610 2096
1545620 2090
1545630 2090
1545640 2084
1545650 2077
1545660 2077
1545670 2073
1545680 2067
1545690 2067
1545700 2062
1545710 2056
1545720 2056
1545730 2051
1545740 2047
1545750 2047
1545760 2042
1545770 2037
1545780 2037
1545790 2031
1545800 2025
1545810 2018
1545820 2018
1545830 2012
1545840 2006
1545850 2006
1545860 1999
1545870 1991
1545880 1991
1545890 1983
1545900 1976
1545910 1976
1545920 1969
1545930 1962
1545940 1962
1545950 1955
1545960 1947
1545970 1947
1545980 1940
1545990 1934
1546000 1934
1546010 1929
1546020 1924
1546030 1920
1546040 1920
1546050 1916
1546060 1910
1546070 1910
1546080 1906
1546090 1901
1546100 1901
1546110 1895
1546120 1889
1546130 1889
1546140 1883
1546150 1877
1546160 1877
1546170 1871
1546180 1863
1546190 1863
1546200 1856
1546210 1847
1546220 1847
1546230 1838
1546240 1837
1546250 1837
1546260 1840
1546270 1844
1546280 1839
1546290 1839
1546300 1838
1546310 1837
1546320 1837
1546330 1829
1546340 1827
1546350 1827
1546360 1832
1546370 1828
1546380 1828
1546390 1820
1546400 1812
1546410 1812
1546420 1804
1546430 1797
1546440 1797
1546450 1794
1546460 1790
1546470 1790
1546480 1786
1546490 1782
1546500 1775
1546510 1772
1546520 1766
1546530 1758
1546540 1758
1546550 1750
1546560 1745
1546570 1745
1546580 1738
1546590 1732
1546600 1732
1546610 1726
1546620 1720
1546630 1720
1546640 1715
1546650 1709
1546660 1709
1546670 1703
1546680 1698
1546690 1698
1546700 1691
1546710 1684
1546720 1684
1546730 1678
1546740 1671
1546750 1671
1546760 1666
1546770 1660
1546780 1653
1546790 1653
1546800 1647
1546810 1641
1546820 1641
1546830 1635
1546840 1629
1546850 1629
1546860 1625
1546870 1620
1546880 1620
1546890 1615
1546900 1610
1546910 1610
1546920 1605
1546930 1600
1546940 1600
1546950 1596
1546960 1591
1546970 1591
1546980 1587
1546990 1584
1547000 1581
1547010 1581
1547020 1578
1547030 1574
1547040 1574
1547050 1571
1547060 1567
1547070 1567
1547080 1563
1547090 1558
1547100 1558
1547110 1553
1547120 1547
1547130 1547
1547140 1542
1547150 1537
1547160 1537
1547170 1532
1547180 1528
1547190 1528
1547200 1522
1547210 1516
1547220 1516
1547230 1510
1547240 1504
1547250 1498
1547260 1498
1547270 1495
1547280 1492
1547290 1492
1547300 1488
1547310 1485
1547320 1485
1547330 1482
1547340 1478
1547350 1478
1547360 1474
1547370 1470
1547380 1470
1547390 1466
1547400 1463
1547410 1463
1547420 1461
1547430 1457
1547440 1457
1547450 1453
1547460 1453
1547470 1453
1547480 1452
1547490 1452
1547500 1452
1547510 1452
1547520 1452
1547530 1450
1547540 1450
1547550 1450
1547560 1449
1547570 1449
1547580 1447
1547590 1446
1547600 1446
1547610 1444
1547620 1443
1547630 1443
1547640 1441
1547650 1440
1547660 1440
1547670 1438
1547680 1436
1547690 1436
1547700 1433
1547710 1430
1547720 1430
1547730 1429
1547740 1429
1547750 1429
1547760 1429
1547770 1428
1547780 1427
1547790 1427
1547800 1428
1547810 1429
1547820 1429
1547830 1426
1547840 1420
1547850 1420
1547860 1414
1547870 1408
1547880 1408
1547890 1405
1547900 1404
1547910 1404
1547920 1403
1547930 1403
1547940 1403
1547950 1402
1547960 1402
1547970 1402
1547980 1401
1547990 1403
1548000 1409
1548010 1409
1548020 1410
1548030 1411
1548040 1411
1548050 1411
1548060 1412
1548070 1412
1548080 1414
1548090 1414
1548100 1414
1548110 1414
1548120 1415
1548130 1415
1548140 1417
1548150 1420
1548160 1420
1548170 1422
1548180 1422
1548190 1422
1548200 1422
1548210 1422
1548220 1424
1548230 1424
1548240 1426
1548250 1428
1548260 1428
1548270 1429
1548280 1431
1548290 1431
1548300 1433
1548310 1434
1548320 1434
1548330 1437
1548340 1440
1548350 1440
1548360 1442
1548370 1445
1548380 1445
1548390 1447
1548400 1451
1548410 1451
1548420 1453
1548430 1455
1548440 1455
1548450 1458
1548460 1461
1548470 1464
1548480 1464
1548490 1467
1548500 1469
1548510 1469
1548520 1478
1548530 1480
1548540 1480
1548550 1483
1548560 1486
1548570 1486
1548580 1488
1548590 1491
1548600 1491
1548610 1494
1548620 1498
1548630 1498
1548640 1503
1548650 1507
1548660 1507
1548670 1511
1548680 1513
1548690 1513
1548700 1515
1548710 1517
1548720 1519
1548730 1519
1548740 1520
1548750 1520
1548760 1520
1548770 1520
1548780 1521
1548790 1521
1548800 1522
1548810 1522
1548820 1522
1548830 1521
1548840 1520
1548850 1520
1548860 1519
1548870 1517
1548880 1517
1548890 1515
1548900 1513
1548910 1513
1548920 1509
1548930 1505
1548940 1505
1548950 1500
1548960 1496
1548970 1492
1548980 1492
1548990 1488
1549000 1485
1549010 1485
1549020 1481
1549030 1478
1549040 1478
1549050 1475
1549060 1471
1549070 1471
1549080 1467
1549090 1464
1549100 1464
1549110 1459
1549120 1455
1549130 1455
1549140 1450
1549150 1446
1549160 1446
1549170 1442
1549180 1439
1549190 1435
1549200 1435
1549210 1430
1549220 1425
1549230 1425
1549240 1420
1549250 1415
1549260 1415
1549270 1411
1549280 1409
1549290 1409
1549300 1408
1549310 1407
1549320 1407
1549330 1407
1549340 1406
1549350 1406
1549360 1407
1549370 1408
1549380 1408
1549390 1410
1549400 1414
1549410 1414
1549420 1418
1549430 1423
1549440 1426
1549450 1426
1549460 1431
1549470 1437
1549480 1437
1549490 1441
1549500 1446
1549510 1446
1549520 1449
1549530 1454
1549540 1454
1549550 1456
1549560 1460
1549570 1460
1549580 1464
1549590 1469
1549600 1469
1549610 1473
1549620 1478
1549630 1478
1549640 1483
1549650 1489
1549660 1489
1549670 1494
1549680 1499
1549690 1505
1549700 1505
1549710 1511
1549720 1517
1549730 1517
1549740 1522
1549750 1528
1549760 1528
1549770 1534
1549780 1539
1549790 1539
1549800 1545
1549810 1551
1549820 1551
1549830 1557
1549840 1564
1549850 1564
1549860 1570
1549870 1576
1549880 1576
1549890 1582
1549900 1588
1549910 1588
1549920 1593
1549930 1599
1549940 1604
1549950 1604
1549960 1609
1549970 1615
1549980 1615
1549990 1620
1550000 1625
1550010 1625
1550020 1631
1550030 1638
1550040 1638
1550050 1643
1550060 1650
1550070 1650
1550080 1657
1550090 1663
1550100 1663
1550110 1669
1550120 1675
1550130 1675
1550140 1681
1550150 1687
1550160 1687
1550170 1693
1550180 1697
1550190 1702
1550200 1702
1550210 1707
1550220 1711
1550230 1711
1550240 1714
1550250 1716
1550260 1716
1550270 1720
1550280 1723
1550290 1723
1550300 1727
1550310 1730
1550320 1730
1550330 1733
1550340 1737
1550350 1737
1550360 1739
1550370 1742
1550380 1742
1550390 1745
1550400 1747
1550410 1749
1550420 1749
1550430 1751
1550440 1754
1550450 1754
1550460 1756
1550470 1758
1550480 1759
1550490 1761
1550500 1764
1550510 1764
1550520 1767
1550530 1770
1550540 1770
1550550 1773
1550560 1775
1550570 1775
1550580 1777
1550590 1780
1550600 1780
1550610 1782
1550620 1785
1550630 1785
1550640 1787
1550650 1789
1550660 1792
1550670 1792
1550680 1795
1550690 1797
1550700 1797
1550710 1799
1550720 1800
1550730 1800
1550740 1802
1550750 1803
1550760 1803
1550770 1804
1550780 1806
1550790 1806
1550800 1807
1550810 1808
1550820 1808
1550830 1809
1550840 1810
1550850 1810
1550860 1810
1550870 1810
1550880 1810
1550890 1810
1550900 1810
1550910 1810
1550920 1810
1550930 1810
1550940 1809
1550950 1809
1550960 1809
1550970 1808
1550980 1808
1550990 1807
1551000 1806
1551010 1806
1551020 1805
1551030 1804
1551040 1804
1551050 1804
1551060 1804
1551070 1804
1551080 1805
1551090 1806
1551100 1806
1551110 1806
1551120 1807
1551130 1807
1551140 1808
1551150 1808
1551160 1808
1551170 1808
1551180 1809
1551190 1809
1551200 1809
1551210 1810
1551220 1810
1551230 1810
1551240 1811
1551250 1813
1551260 1813
1551270 1815
1551280 1817
1551290 1817
1551300 1818
1551310 1819
1551320 1819
1551330 1820
1551340 1821
1551350 1821
1551360 1822
1551370 1824
1551380 1826
1551390 1826
1551400 1828
1551410 1830
1551420 1830
1551430 1831
1551440 1833
1551450 1833
1551460 1834
1551470 1835
1551480 1835
1551490 1837
1551500 1839
1551510 1839
1551520 1841
1551530 1842
1551540 1842
1551550 1843
1551560 1845
1551570 1845
1551580 1847
1551590 1849
1551600 1849
1551610 1850
1551620 1851
1551630 1852
1551640 1852
1551650 1853
1551660 1854
1551670 1854
1551680 1854
1551690 1854
1551700 1854
1551710 1854
1551720 1854
1551730 1854
1551740 1853
1551750 1851
1551760 1851
1551770 1849
1551780 1847
1551790 1847
1551800 1844
1551810 1842
1551820 1842
1551830 1839
1551840 1838
1551850 1838
1551860 1836
1551870 1833
1551880 1831
1551890 1831
1551900 1829
1551910 1827
1551920 1827
1551930 1825
1551940 1823
1551950 1823
1551960 1820
1551970 1817
1551980 1817
1551990 1813
1552000 1810
1552010 1810
1552020 1807
1552030 1804
1552040 1804
1552050 1801
1552060 1797
1552070 1797
1552080 1794
1552090 1791
1552100 1791
1552110 1789
1552120 1787
1552130 1786
1552140 1786
1552150 1785
1552160 1783
1552170 1783
1552180 1782
1552190 1780
1552200 1780
1552210 1778
1552220 1776
1552230 1776
1552240 1775
1552250 1773
1552260 1773
1552270 1771
1552280 1768
1552290 1768
1552300 1764
1552310 1761
1552320 1761
1552330 1758
1552340 1753
1552350 1753
1552360 1746
1552370 1743
1552380 1743
1552390 1743
1552400 1744
1552410 1748
1552420 1748
1552430 1755
1552440 1757
1552450 1757
1552460 1758
1552470 1760
1552480 1760
1552490 1762
1552500 1764
1552510 1764
1552520 1765
1552530 1767
1552540 1767
1552550 1768
1552560 1769
1552570 1769
1552580 1770
1552590 1771
1552600 1772
1552610 1772
1552620 1773
1552630 1773
1552640 1773
1552650 1770
1552660 1772
1552670 1772
1552680 1777
1552690 1782
1552700 1782
1552710 1785
1552720 1788
1552730 1788
1552740 1790
1552750 1792
1552760 1792
1552770 1796
1552780 1799
1552790 1799
1552800 1803
1552810 1806
1552820 1806
1552830 1810
1552840 1814
1552850 1817
1552860 1817
1552870 1822
1552880 1826
1552890 1826
1552900 1830
1552910 1833
1552920 1833
1552930 1836
1552940 1838
1552950 1838
1552960 1842
1552970 1845
1552980 1845
1552990 1848
1553000 1851
1553010 1851
1553020 1853
1553030 1856
1553040 1856
1553050 1858
1553060 1860
1553070 1860
1553080 1862
1553090 1864
1553100 1867
1553110 1867
1553120 1868
1553130 1870
1553140 1870
1553150 1872
1553160 1874
1553170 1874
1553180 1876
1553190 1878
1553200 1878
1553210 1880
1553220 1882
1553230 1882
1553240 1884
1553250 1886
1553260 1886
1553270 1887
1553280 1889
1553290 1889
1553300 1892
1553310 1894
1553320 1894
1553330 1895
1553340 1895
1553350 1895
1553360 1895
1553370 1895
1553380 1896
1553390 1896
1553400 1898
1553410 1899
1553420 1899
1553430 1899
1553440 1900
1553450 1900
1553460 1901
1553470 1902
1553480 1902
1553490 1903
1553500 1904
1553510 1904
1553520 1906
1553530 1907
1553540 1907
1553550 1908
1553560 1909
1553570 1909
1553580 1909
1553590 1910
1553600 1910
1553610 1910
1553620 1910
1553630 1910
1553640 1910
1553650 1910
1553660 1909
1553670 1909
1553680 1908
1553690 1907
1553700 1907
1553710 1906
1553720 1905
1553730 1905
1553740 1903
1553750 1902
1553760 1902
1553770 1901
1553780 1899
1553790 1899
1553800 1897
1553810 1895
1553820 1895
1553830 1895
1553840 1893
1553850 1891
1553860 1891
1553870 1890
1553880 1890
1553890 1890
1553900 1889
1553910 1889
1553920 1889
1553930 1888
1553940 1888
1553950 1888
1553960 1887
1553970 1886
1553980 1886
1553990 1886
1554000 1884
1554010 1884
1554020 1884
1554030 1883
1554040 1883
1554050 1883
1554060 1882
1554070 1882
1554080 1882
1554090 1883
1554100 1882
1554110 1882
1554120 1883
1554130 1883
1554140 1883
1554150 1884
1554160 1883
1554170 1883
1554180 1883
1554190 1883
1554200 1883
1554210 1882
1554220 1882
1554230 1885
1554240 1884
1554250 1883
1554260 1883
1554270 1881
1554280 1879
1554290 1879
1554300 1876
1554310 1873
1554320 1869
1554330 1869
1554340 1865
1554350 1860
1554360 1860
1554370 1854
1554380 1850
1554390 1850
1554400 1845
1554410 1841
1554420 1841
1554430 1836
1554440 1832
1554450 1832
1554460 1826
1554470 1820
1554480 1820
1554490 1815
1554500 1809
1554510 1809
1554520 1804
1554530 1799
1554540 1799
1554550 1794
1554560 1789
1554570 1783
1554580 1783
1554590 1778
1554600 1772
1554610 1772
1554620 1767
1554630 1761
1554640 1761
1554650 1755
1554660 1750
1554670 1750
1554680 1744
1554690 1739
1554700 1739
1554710 1734
1554720 1729
1554730 1729
1554740 1723
1554750 1718
1554760 1718
1554770 1713
1554780 1708
1554790 1702
1554800 1702
1554810 1697
1554820 1692
1554830 1692
1554840 1686
1554850 1680
1554860 1680
1554870 1674
1554880 1669
1554890 1669
1554900 1662
1554910 1656
1554920 1656
1554930 1650
1554940 1644
1554950 1644
1554960 1637
1554970 1631
1554980 1631
1554990 1625
1555000 1618
1555010 1618
1555020 1611
1555030 1604
1555040 1598
1555050 1598
1555060 1592
1555070 1586
1555080 1586
1555090 1581
1555100 1576
1555110 1576
1555120 1570
1555130 1564
1555140 1564
1555150 1557
1555160 1551
1555170 1551
1555180 1545
1555190 1540
1555200 1540
1555210 1534
1555220 1528
1555230 1528
1555240 1522
1555250 1515
1555260 1515
1555270 1509
1555280 1502
1555290 1495
1555300 1495
1555310 1490
1555320 1484
1555330 1484
1555340 1478
1555350 1473
1555360 1473
1555370 1466
1555380 1461
1555390 1461
1555400 1455
1555410 1449
1555420 1449
1555430 1443
1555440 1436
1555450 1436
1555460 1429
1555470 1422
1555480 1422
1555490 1414
1555500 1407
1555510 1407
1555520 1400
1555530 1393
1555540 1385
1555550 1385
1555560 1378
1555570 1374
1555580 1374
1555590 1368
1555600 1363
1555610 1363
1555620 1358
1555630 1354
1555640 1354
1555650 1350
1555660 1346
1555670 1346
1555680 1342
1555690 1339
1555700 1339
1555710 1335
1555720 1332
1555730 1332
1555740 1329
1555750 1326
1555760 1326
1555770 1323
1555780 1320
1555790 1317
1555800 1317
1555810 1315
1555820 1312
1555830 1312
1555840 1309
1555850 1307
1555860 1307
1555870 1305
1555880 1303
1555890 1303
1555900 1301
1555910 1300
1555920 1300
1555930 1298
1555940 1296
1555950 1296
1555960 1294
1555970 1293
1555980 1293
1555990 1291
1556000 1289
1556010 1285
1556020 1285
1556030 1280
1556040 1277
1556050 1277
1556060 1274
1556070 1270
1556080 1270
1556090 1268
1556100 1268
1556110 1268
1556120 1267
1556130 1267
1556140 1267
1556150 1267
1556160 1266
1556170 1266
1556180 1268
1556190 1271
1556200 1271
1556210 1272
1556220 1272
1556230 1272
1556240 1273
1556250 1275
1556260 1278
1556270 1278
1556280 1282
1556290 1284
1556300 1284
1556310 1288
1556320 1292
1556330 1292
1556340 1296
1556350 1302
1556360 1302
1556370 1307
1556380 1312
1556390 1312
1556400 1317
1556410 1323
1556420 1323
1556430 1329
1556440 1335
1556450 1335
1556460 1341
1556470 1347
1556480 1347
1556490 1353
1556500 1358
1556510 1363
1556520 1363
1556530 1369
1556540 1374
1556550 1374
1556560 1381
1556570 1387
1556580 1387
1556590 1393
1556600 1398
1556610 1398
1556620 1404
1556630 1410
1556640 1410
1556650 1416
1556660 1423
1556670 1423
1556680 1429
1556690 1436
1556700 1436
1556710 1443
1556720 1450
1556730 1450
1556740 1458
1556750 1465
1556760 1472
1556770 1472
1556780 1479
1556790 1485
1556800 1485
1556810 1491
1556820 1496
1556830 1496
1556840 1501
1556850 1507
1556860 1507
1556870 1512
1556880 1517
1556890 1517
1556900 1522
1556910 1527
1556920 1527
1556930 1532
1556940 1538
1556950 1538
1556960 1544
1556970 1548
1556980 1554
1556990 1554
1557000 1560
1557010 1566
1557020 1566
1557030 1572
1557040 1576
1557050 1576
1557060 1580
1557070 1584
1557080 1584
1557090 1589
1557100 1594
1557110 1594
1557120 1599
1557130 1605
1557140 1605
1557150 1610
1557160 1615
1557170 1615
1557180 1619
1557190 1623
1557200 1623
1557210 1628
1557220 1633
1557230 1636
1557240 1636
1557250 1640
1557260 1643
1557270 1643
1557280 1645
1557290 1648
1557300 1648
1557310 1651
1557320 1654
1557330 1654
1557340 1657
1557350 1660
1557360 1660
1557370 1664
1557380 1668
1557390 1668
1557400 1671
1557410 1676
1557420 1676
1557430 1681
1557440 1685
1557450 1685
1557460 1690
1557470 1693
1557480 1696
1557490 1696
1557500 1699
1557510 1703
1557520 1703
1557530 1707
1557540 1711
1557550 1711
1557560 1715
1557570 1720
1557580 1720
1557590 1723
1557600 1728
1557610 1728
1557620 1732
1557630 1735
1557640 1735
1557650 1738
1557660 1742
1557670 1742
1557680 1745
1557690 1751
1557700 1751
1557710 1755
1557720 1759
1557730 1763
1557740 1763
1557750 1766
1557760 1770
1557770 1770
1557780 1773
1557790 1779
1557800 1779
1557810 1783
1557820 1786
1557830 1786
1557840 1788
1557850 1791
1557860 1791
1557870 1794
1557880 1797
1557890 1797
1557900 1800
1557910 1801
1557920 1801
1557930 1802
1557940 1804
1557950 1804
1557960 1807
1557970 1808
1557980 1808
1557990 1808
1558000 1808
1558010 1806
1558020 1806
1558030 1803
1558040 1799
1558050 1799
1558060 1795
1558070 1790
1558080 1790
1558090 1785
1558100 1779
1558110 1779
1558120 1776
1558130 1771
1558140 1771
1558150 1766
1558160 1761
1558170 1761
1558180 1757
1558190 1751
1558200 1746
1558210 1746
1558220 1740
1558230 1735
1558240 1735
1558250 1730
1558260 1725
1558270 1725
1558280 1719
1558290 1715
1558300 1715
1558310 1711
1558320 1709
1558330 1709
1558340 1704
1558350 1699
1558360 1699
1558370 1695
1558380 1690
1558390 1690
1558400 1684
1558410 1679
1558420 1679
1558430 1675
1558440 1670
1558450 1666
1558460 1666
1558470 1663
1558480 1660
1558490 1660
1558500 1656
1558510 1653
1558520 1653
1558530 1651
1558540 1650
1558550 1650
1558560 1650
1558570 1646
1558580 1646
1558590 1640
1558600 1634
1558610 1634
1558620 1629
1558630 1627
1558640 1627
1558650 1628
1558660 1634
1558670 1634
1558680 1641
1558690 1646
1558700 1646
1558710 1646
1558720 1647
1558730 1647
1558740 1647
1558750 1650
1558760 1653
1558770 1653
1558780 1656
1558790 1659
1558800 1659
1558810 1660
1558820 1664
1558830 1664
1558840 1667
1558850 1670
1558860 1670
1558870 1673
1558880 1677
1558890 1677
1558900 1680
1558910 1683
1558920 1683
1558930 1686
1558940 1689
1558950 1693
1558960 1693
1558970 1696
1558980 1699
1558990 1699
1559000 1701
1559010 1704
1559020 1704
1559030 1706
1559040 1708
1559050 1708
1559060 1711
1559070 1714
1559080 1714
1559090 1718
1559100 1723
1559110 1723
1559120 1726
1559130 1730
1559140 1730
1559150 1735
1559160 1739
1559170 1743
1559180 1743
1559190 1748
1559200 1753
1559210 1753
1559220 1758
1559230 1763
1559240 1763
1559250 1768
1559260 1773
1559270 1773
1559280 1777
1559290 1781
1559300 1781
1559310 1785
1559320 1789
1559330 1789
1559340 1792
1559350 1796
1559360 1796
1559370 1799
1559380 1801
1559390 1801
1559400 1804
1559410 1807
1559420 1811
1559430 1811
1559440 1814
1559450 1817
1559460 1817
1559470 1820
1559480 1822
1559490 1822
1559500 1823
1559510 1827
1559520 1827
1559530 1827
1559540 1827
1559550 1827
1559560 1826
1559570 1825
1559580 1825
1559590 1825
1559600 1824
1559610 1824
1559620 1822
1559630 1820
1559640 1820
1559650 1819
1559660 1817
1559670 1816
1559680 1816
1559690 1815
1559700 1813
1559710 1813
1559720 1812
1559730 1810
1559740 1810
1559750 1808
1559760 1806
1559770 1806
1559780 1803
1559790 1800
1559800 1800
1559810 1797
1559820 1793
1559830 1793
1559840 1789
1559850 1786
1559860 1786
1559870 1782
1559880 1778
1559890 1778
1559900 1773
1559910 1768
1559920 1763
1559930 1763
1559940 1758
1559950 1762
1559960 1762
1559970 1771
1559980 1779
1559990 1779
