1540000 1971
1540010 1974
1540020 1977
1540030 1977
1540040 1980
1540050 1983
1540060 1983
1540070 1985
1540080 1988
1540090 1988
1540100 1991
1540110 1994
1540120 1994
1540130 1997
1540140 2001
1540150 2001
1540160 2004
1540170 2007
1540180 2010
1540190 2010
1540200 2013
1540210 2015
1540220 2015
1540230 2017
1540240 2019
1540250 2019
1540260 2022
1540270 2024
1540280 2024
1540290 2027
1540300 2029
1540310 2029
1540320 2031
1540330 2032
1540340 2032
1540350 2034
1540360 2035
1540370 2035
1540380 2036
1540390 2038
1540400 2040
1540410 2040
1540420 2042
1540430 2044
1540440 2044
1540450 2045
1540460 2047
1540470 2047
1540480 2049
1540490 2050
1540500 2050
1540510 2052
1540520 2054
1540530 2054
1540540 2056
1540550 2058
1540560 2058
1540570 2061
1540580 2063
1540590 2063
1540600 2065
1540610 2067
1540620 2067
1540630 2069
1540640 2071
1540650 2073
1540660 2073
1540670 2075
1540680 2078
1540690 2078
1540700 2081
1540710 2084
1540720 2084
1540730 2085
1540740 2087
1540750 2087
1540760 2088
1540770 2089
1540780 2089
1540790 2090
1540800 2091
1540810 2091
1540820 2092
1540830 2093
1540840 2093
1540850 2092
1540860 2093
1540870 2093
1540880 2094
1540890 2096
1540900 2097
1540910 2097
1540920 2098
1540930 2099
1540940 2099
1540950 2100
1540960 2101
1540970 2101
1540980 2102
1540990 2103
1541000 2103
1541010 2104
1541020 2103
1541030 2103
1541040 2103
1541050 2101
1541060 2101
1541070 2098
1541080 2095
1541090 2095
1541100 2091
1541110 2086
1541120 2086
1541130 2079
1541140 2072
1541150 2065
1541160 2065
1541170 2059
1541180 2052
1541190 2052
1541200 2046
1541210 2041
1541220 2041
1541230 2035
1541240 2030
1541250 2030
1541260 2026
1541270 2023
1541280 2023
1541290 2022
1541300 2020
1541310 2020
1541320 2017
1541330 2013
1541340 2013
1541350 2007
1541360 2001
1541370 1996
1541380 1996
1541390 1992
1541400 1987
1541410 1987
1541420 1982
1541430 1979
1541440 1979
1541450 1976
1541460 1974
1541470 1974
1541480 1971
1541490 1970
1541500 1970
1541510 1969
1541520 1967
1541530 1967
1541540 1968
1541550 1968
1541560 1968
1541570 1968
1541580 1966
1541590 1966
1541600 1965
1541610 1962
1541620 1961
1541630 1961
1541640 1963
1541650 1962
1541660 1962
1541670 1962
1541680 1964
1541690 1964
1541700 1962
1541710 1958
1541720 1958
1541730 1955
1541740 1955
1541750 1955
1541760 1955
1541770 1954
1541780 1954
1541790 1952
1541800 1949
1541810 1949
1541820 1948
1541830 1948
1541840 1948
1541850 1950
1541860 1953
1541870 1953
1541880 1953
1541890 1953
1541900 1952
1541910 1952
1541920 1949
1541930 1946
1541940 1946
1541950 1946
1541960 1946
1541970 1946
1541980 1946
1541990 1947
1542000 1947
1542010 1947
1542020 1947
1542030 1947
1542040 1946
1542050 1947
1542060 1947
1542070 1948
1542080 1950
1542090 1950
1542100 1952
1542110 1954
1542120 1952
1542130 1952
1542140 1952
1542150 1953
1542160 1953
1542170 1953
1542180 1954
1542190 1954
1542200 1958
1542210 1963
1542220 1963
1542230 1968
1542240 1974
1542250 1974
1542260 1980
1542270 1984
1542280 1984
1542290 1988
1542300 1991
1542310 1991
1542320 1993
1542330 1996
1542340 1996
1542350 1997
1542360 1997
1542370 1998
1542380 1998
1542390 1998
1542400 1998
1542410 1998
1542420 1999
1542430 1999
1542440 1999
1542450 1999
1542460 2000
1542470 2000
1542480 2002
1542490 2004
1542500 2004
1542510 2007
1542520 2010
1542530 2010
1542540 2014
1542550 2018
1542560 2018
1542570 2022
1542580 2026
1542590 2031
1542600 2031
1542610 2035
1542620 2040
1542630 2040
1542640 2044
1542650 2048
1542660 2048
1542670 2050
1542680 2053
1542690 2053
1542700 2055
1542710 2057
1542720 2057
1542730 2058
1542740 2059
1542750 2059
1542760 2061
1542770 2062
1542780 2062
1542790 2063
1542800 2064
1542810 2064
1542820 2065
1542830 2066
1542840 2066
1542850 2066
1542860 2067
1542870 2067
1542880 2067
1542890 2068
1542900 2068
1542910 2068
1542920 2069
1542930 2070
1542940 2070
1542950 2071
1542960 2072
1542970 2072
1542980 2073
1542990 2073
1543000 2073
1543010 2074
1543020 2074
1543030 2074
1543040 2074
1543050 2075
1543060 2075
1543070 2075
1543080 2076
1543090 2076
1543100 2076
1543110 2075
1543120 2075
1543130 2075
1543140 2074
1543150 2074
1543160 2074
1543170 2073
1543180 2072
1543190 2072
1543200 2071
1543210 2070
1543220 2070
1543230 2068
1543240 2065
1543250 2065
1543260 2063
1543270 2061
1543280 2061
1543290 2057
1543300 2054
1543310 2054
1543320 2050
1543330 2047
1543340 2045
1543350 2045
1543360 2043
1543370 2040
1543380 2040
1543390 2038
1543400 2035
1543410 2035
1543420 2030
1543430 2025
1543440 2025
1543450 2022
1543460 2017
1543470 2017
1543480 2014
1543490 2010
1543500 2010
1543510 2006
1543520 2002
1543530 2002
1543540 2000
1543550 1996
1543560 1990
1543570 1990
1543580 1986
1543590 1985
1543600 1985
1543610 1985
1543620 1986
1543630 1986
1543640 1988
1543650 1990
1543660 1990
1543670 1992
1543680 1995
1543690 1995
1543700 1997
1543710 1999
1543720 1999
1543730 2001
1543740 2004
1543750 2004
1543760 2009
1543770 2014
1543780 2014
1543790 2019
1543800 2024
1543810 2028
1543820 2028
1543830 2032
1543840 2036
1543850 2036
1543860 2039
1543870 2042
1543880 2042
1543890 2046
1543900 2049
1543910 2049
1543920 2052
1543930 2055
1543940 2059
1543950 2062
1543960 2065
1543970 2065
1543980 2068
1543990 2071
1544000 2071
1544010 2074
1544020 2076
1544030 2076
1544040 2079
1544050 2082
1544060 2084
1544070 2084
1544080 2087
1544090 2090
1544100 2090
1544110 2092
1544120 2095
1544130 2095
1544140 2098
1544150 2100
1544160 2100
1544170 2102
1544180 2104
1544190 2104
1544200 2106
1544210 2108
1544220 2108
1544230 2110
1544240 2112
1544250 2112
1544260 2113
1544270 2115
1544280 2115
1544290 2116
1544300 2117
1544310 2118
1544320 2118
1544330 2119
1544340 2120
1544350 2120
1544360 2121
1544370 2122
1544380 2122
1544390 2122
1544400 2124
1544410 2124
1544420 2125
1544430 2126
1544440 2126
1544450 2128
1544460 2130
1544470 2130
1544480 2131
1544490 2133
1544500 2133
1544510 2134
1544520 2136
1544530 2136
1544540 2137
1544550 2138
1544560 2141
1544570 2141
1544580 2145
1544590 2147
1544600 2147
1544610 2150
1544620 2152
1544630 2152
1544640 2155
1544650 2158
1544660 2158
1544670 2161
1544680 2164
1544690 2164
1544700 2167
1544710 2170
1544720 2170
1544730 2173
1544740 2175
1544750 2175
1544760 2177
1544770 2180
1544780 2182
1544790 2182
1544800 2185
1544810 2188
1544820 2188
1544830 2191
1544840 2194
1544850 2194
1544860 2196
1544870 2198
1544880 2198
1544890 2201
1544900 2204
1544910 2204
1544920 2207
1544930 2210
1544940 2210
1544950 2213
1544960 2217
1544970 2217
1544980 2220
1544990 2222
1545000 2222
1545010 2225
1545020 2228
1545030 2230
1545040 2230
1545050 2233
1545060 2236
1545070 2236
1545080 2238
1545090 2241
1545100 2241
1545110 2244
1545120 2246
1545130 2246
1545140 2249
1545150 2251
1545160 2251
1545170 2254
1545180 2256
1545190 2256
1545200 2257
1545210 2258
1545220 2258
1545230 2258
1545240 2258
1545250 2258
1545260 2259
1545270 2259
1545280 2258
1545290 2258
1545300 2256
1545310 2253
1545320 2253
1545330 2247
1545340 2239
1545350 2239
1545360 2231
1545370 2224
1545380 2224
1545390 2218
1545400 2213
1545410 2213
1545420 2206
1545430 2200
1545440 2200
1545450 2193
1545460 2186
1545470 2186
1545480 2179
1545490 2172
1545500 2172
1545510 2167
1545520 2161
1545530 2155
1545540 2155
1545550 2149
1545560 2144
1545570 2144
1545580 2138
1545590 2133
1545600 2133
1545610 2128
1545620 2123
1545630 2123
1545640 2118
1545650 2112
1545660 2112
1545670 2107
1545680 2101
1545690 2101
1545700 2095
1545710 2088
1545720 2088
1545730 2082
1545740 2075
1545750 2068
1545760 2068
1545770 2061
1545780 2053
1545790 2053
1545800 2046
1545810 2039
1545820 2039
1545830 2031
1545840 2025
1545850 2025
1545860 2020
1545870 2015
1545880 2015
1545890 2009
1545900 2004
1545910 2004
1545920 1997
1545930 1991
1545940 1991
1545950 1985
1545960 1980
1545970 1980
1545980 1975
1545990 1969
1546000 1964
1546010 1964
1546020 1958
1546030 1950
1546040 1950
1546050 1943
1546060 1936
1546070 1936
1546080 1928
1546090 1920
1546100 1920
1546110 1914
1546120 1909
1546130 1909
1546140 1903
1546150 1898
1546160 1898
1546170 1893
1546180 1891
1546190 1891
1546200 1889
1546210 1887
1546220 1887
1546230 1885
1546240 1883
1546250 1882
1546260 1882
1546270 1879
1546280 1876
1546290 1876
1546300 1872
1546310 1868
1546320 1868
1546330 1864
1546340 1860
1546350 1860
1546360 1855
1546370 1850
1546380 1850
1546390 1845
1546400 1840
1546410 1840
1546420 1835
1546430 1830
1546440 1830
1546450 1826
1546460 1822
1546470 1822
1546480 1818
1546490 1814
1546500 1808
1546510 1808
1546520 1802
1546530 1795
1546540 1795
1546550 1787
1546560 1779
1546570 1779
1546580 1772
1546590 1765
1546600 1765
1546610 1758
1546620 1751
1546630 1751
1546640 1746
1546650 1742
1546660 1742
1546670 1737
1546680 1731
1546690 1731
1546700 1724
1546710 1718
1546720 1712
1546730 1712
1546740 1706
1546750 1701
1546760 1701
1546770 1697
1546780 1690
1546790 1690
1546800 1685
1546810 1680
1546820 1680
1546830 1673
1546840 1667
1546850 1667
1546860 1662
1546870 1656
1546880 1656
1546890 1650
1546900 1645
1546910 1645
1546920 1639
1546930 1634
1546940 1634
1546950 1628
1546960 1622
1546970 1618
1546980 1618
1546990 1613
1547000 1607
1547010 1607
1547020 1602
1547030 1597
1547040 1597
1547050 1592
1547060 1588
1547070 1588
1547080 1584
1547090 1581
1547100 1581
1547110 1577
1547120 1573
1547130 1573
1547140 1568
1547150 1562
1547160 1562
1547170 1557
1547180 1551
1547190 1551
1547200 1544
1547210 1538
1547220 1534
1547230 1534
1547240 1533
1547250 1532
1547260 1532
1547270 1527
1547280 1522
1547290 1522
1547300 1518
1547310 1514
1547320 1514
1547330 1509
1547340 1505
1547350 1505
1547360 1501
1547370 1496
1547380 1496
1547390 1490
1547400 1485
1547410 1485
1547420 1481
1547430 1478
1547440 1478
1547450 1475
1547460 1472
1547470 1471
1547480 1471
1547490 1468
1547500 1467
1547510 1467
1547520 1464
1547530 1461
1547540 1461
1547550 1459
1547560 1458
1547570 1458
1547580 1454
1547590 1452
1547600 1452
1547610 1450
1547620 1448
1547630 1448
1547640 1446
1547650 1444
1547660 1444
1547670 1442
1547680 1441
1547690 1441
1547700 1439
1547710 1438
1547720 1436
1547730 1436
1547740 1435
1547750 1435
1547760 1435
1547770 1435
1547780 1435
1547790 1435
1547800 1435
1547810 1434
1547820 1434
1547830 1433
1547840 1430
1547850 1430
1547860 1426
1547870 1422
1547880 1422
1547890 1418
1547900 1413
1547910 1413
1547920 1407
1547930 1405
1547940 1404
1547950 1404
1547960 1404
1547970 1401
1547980 1401
1547990 1399
1548000 1398
1548010 1398
1548020 1398
1548030 1397
1548040 1397
1548050 1396
1548060 1395
1548070 1395
1548080 1396
1548090 1401
1548100 1401
1548110 1403
1548120 1403
1548130 1403
1548140 1403
1548150 1403
1548160 1403
1548170 1403
1548180 1404
1548190 1404
1548200 1404
1548210 1403
1548220 1403
1548230 1403
1548240 1404
1548250 1404
1548260 1404
1548270 1405
1548280 1406
1548290 1406
1548300 1407
1548310 1408
1548320 1408
1548330 1409
1548340 1411
1548350 1411
1548360 1413
1548370 1415
1548380 1415
1548390 1418
1548400 1420
1548410 1420
1548420 1422
1548430 1425
1548440 1427
1548450 1427
1548460 1429
1548470 1431
1548480 1431
1548490 1434
1548500 1436
1548510 1436
1548520 1438
1548530 1441
1548540 1441
1548550 1443
1548560 1444
1548570 1444
1548580 1445
1548590 1446
1548600 1446
1548610 1448
1548620 1451
1548630 1451
1548640 1454
1548650 1458
1548660 1458
1548670 1459
1548680 1459
1548690 1461
1548700 1461
1548710 1463
1548720 1466
1548730 1466
1548740 1468
1548750 1471
1548760 1471
1548770 1473
1548780 1475
1548790 1475
1548800 1477
1548810 1478
1548820 1478
1548830 1480
1548840 1482
1548850 1482
1548860 1483
1548870 1483
1548880 1483
1548890 1483
1548900 1483
1548910 1483
1548920 1483
1548930 1482
1548940 1481
1548950 1481
1548960 1478
1548970 1475
1548980 1475
1548990 1473
1549000 1470
1549010 1470
1549020 1468
1549030 1465
1549040 1465
1549050 1462
1549060 1458
1549070 1458
1549080 1456
1549090 1453
1549100 1453
1549110 1451
1549120 1448
1549130 1448
1549140 1446
1549150 1444
1549160 1440
1549170 1440
1549180 1435
1549190 1431
1549200 1431
1549210 1428
1549220 1424
1549230 1424
1549240 1420
1549250 1417
1549260 1417
1549270 1412
1549280 1407
1549290 1407
1549300 1402
1549310 1400
1549320 1400
1549330 1399
1549340 1399
1549350 1399
1549360 1400
1549370 1402
1549380 1402
1549390 1408
1549400 1412
1549410 1416
1549420 1416
1549430 1420
1549440 1423
1549450 1423
1549460 1427
1549470 1431
1549480 1431
1549490 1436
1549500 1440
1549510 1440
1549520 1444
1549530 1449
1549540 1449
1549550 1453
1549560 1456
1549570 1456
1549580 1460
1549590 1463
1549600 1463
1549610 1468
1549620 1473
1549630 1473
1549640 1479
1549650 1484
1549660 1490
1549670 1490
1549680 1496
1549690 1501
1549700 1501
1549710 1507
1549720 1513
1549730 1513
1549740 1519
1549750 1525
1549760 1525
1549770 1530
1549780 1535
1549790 1535
1549800 1541
1549810 1547
1549820 1547
1549830 1552
1549840 1558
1549850 1558
1549860 1561
1549870 1566
1549880 1566
1549890 1573
1549900 1579
1549910 1586
1549920 1586
1549930 1592
1549940 1598
1549950 1598
1549960 1604
1549970 1611
1549980 1611
1549990 1619
1550000 1625
1550010 1625
1550020 1633
1550030 1635
1550040 1635
1550050 1638
1550060 1647
1550070 1647
1550080 1653
1550090 1659
1550100 1659
1550110 1665
1550120 1671
1550130 1675
1550140 1675
1550150 1678
1550160 1681
1550170 1681
1550180 1683
1550190 1686
1550200 1686
1550210 1687
1550220 1690
1550230 1690
1550240 1693
1550250 1697
1550260 1697
1550270 1700
1550280 1704
1550290 1704
1550300 1708
1550310 1712
1550320 1712
1550330 1715
1550340 1719
1550350 1719
1550360 1721
1550370 1724
1550380 1727
1550390 1727
1550400 1730
1550410 1733
1550420 1733
1550430 1735
1550440 1737
1550450 1737
1550460 1740
1550470 1743
1550480 1743
1550490 1745
1550500 1747
1550510 1747
1550520 1749
1550530 1752
1550540 1752
1550550 1755
1550560 1757
1550570 1757
1550580 1759
1550590 1761
1550600 1761
1550610 1763
1550620 1766
1550630 1768
1550640 1768
1550650 1770
1550660 1772
1550670 1772
1550680 1775
1550690 1776
1550700 1776
1550710 1778
1550720 1780
1550730 1780
1550740 1781
1550750 1783
1550760 1783
1550770 1784
1550780 1785
1550790 1785
1550800 1785
1550810 1786
1550820 1786
1550830 1786
1550840 1786
1550850 1786
1550860 1786
1550870 1786
1550880 1786
1550890 1786
1550900 1786
1550910 1786
1550920 1786
1550930 1786
1550940 1785
1550950 1785
1550960 1784
1550970 1784
1550980 1784
1550990 1783
1551000 1782
1551010 1782
1551020 1780
1551030 1777
1551040 1777
1551050 1775
1551060 1776
1551070 1776
1551080 1776
1551090 1776
1551100 1778
1551110 1778
1551120 1779
1551130 1780
1551140 1780
1551150 1781
1551160 1781
1551170 1781
1551180 1782
1551190 1782
1551200 1782
1551210 1783
1551220 1783
1551230 1783
1551240 1785
1551250 1787
1551260 1787
1551270 1790
1551280 1792
1551290 1792
1551300 1794
1551310 1796
1551320 1796
1551330 1797
1551340 1798
1551350 1800
1551360 1800
1551370 1802
1551380 1804
1551390 1804
1551400 1806
1551410 1807
1551420 1807
1551430 1809
1551440 1810
1551450 1810
1551460 1812
1551470 1814
1551480 1814
1551490 1815
1551500 1817
1551510 1817
1551520 1819
1551530 1821
1551540 1821
1551550 1823
1551560 1825
1551570 1825
1551580 1827
1551590 1828
1551600 1829
1551610 1829
1551620 1830
1551630 1830
1551640 1830
1551650 1831
1551660 1831
1551670 1831
1551680 1831
1551690 1831
1551700 1831
1551710 1831
1551720 1830
1551730 1830
1551740 1829
1551750 1828
1551760 1828
1551770 1826
1551780 1824
1551790 1824
1551800 1823
1551810 1820
1551820 1820
1551830 1818
1551840 1815
1551850 1813
1551860 1813
1551870 1811
1551880 1808
1551890 1808
1551900 1804
1551910 1800
1551920 1800
1551930 1798
1551940 1796
1551950 1796
1551960 1793
1551970 1793
1551980 1793
1551990 1791
1552000 1788
1552010 1788
1552020 1784
1552030 1781
1552040 1781
1552050 1778
1552060 1777
1552070 1777
1552080 1775
1552090 1773
1552100 1771
1552110 1771
1552120 1770
1552130 1768
1552140 1768
1552150 1767
1552160 1766
1552170 1766
1552180 1764
1552190 1762
1552200 1762
1552210 1759
1552220 1757
1552230 1757
1552240 1754
1552250 1752
1552260 1752
1552270 1750
1552280 1748
1552290 1748
1552300 1745
1552310 1743
1552320 1741
1552330 1741
1552340 1738
1552350 1732
1552360 1732
1552370 1726
1552380 1726
1552390 1726
1552400 1731
1552410 1735
1552420 1735
1552430 1737
1552440 1740
1552450 1740
1552460 1742
1552470 1745
1552480 1745
1552490 1746
1552500 1747
1552510 1747
1552520 1748
1552530 1750
1552540 1750
1552550 1750
1552560 1748
1552570 1746
1552580 1746
1552590 1744
1552600 1744
1552610 1744
1552620 1750
1552630 1755
1552640 1755
1552650 1760
1552660 1764
1552670 1764
1552680 1767
1552690 1771
1552700 1771
1552710 1774
1552720 1777
1552730 1777
1552740 1779
1552750 1782
1552760 1782
1552770 1784
1552780 1787
1552790 1787
1552800 1790
1552810 1794
1552820 1796
1552830 1796
1552840 1799
1552850 1801
1552860 1801
1552870 1804
1552880 1807
1552890 1807
1552900 1810
1552910 1812
1552920 1812
1552930 1815
1552940 1817
1552950 1817
1552960 1820
1552970 1822
1552980 1822
1552990 1824
1553000 1827
1553010 1827
1553020 1829
1553030 1831
1553040 1831
1553050 1834
1553060 1836
1553070 1838
1553080 1838
1553090 1839
1553100 1841
1553110 1841
1553120 1843
1553130 1845
1553140 1845
1553150 1847
1553160 1848
1553170 1848
1553180 1850
1553190 1852
1553200 1852
1553210 1854
1553220 1855
1553230 1855
1553240 1857
1553250 1858
1553260 1858
1553270 1860
1553280 1862
1553290 1863
1553300 1863
1553310 1864
1553320 1866
1553330 1866
1553340 1868
1553350 1870
1553360 1870
1553370 1872
1553380 1873
1553390 1873
1553400 1874
1553410 1875
1553420 1875
1553430 1876
1553440 1877
1553450 1877
1553460 1877
1553470 1877
1553480 1877
1553490 1877
1553500 1878
1553510 1878
1553520 1878
1553530 1879
1553540 1880
1553550 1880
1553560 1881
1553570 1881
1553580 1881
1553590 1882
1553600 1882
1553610 1882
1553620 1882
1553630 1882
1553640 1882
1553650 1883
1553660 1882
1553670 1882
1553680 1882
1553690 1881
1553700 1881
1553710 1880
1553720 1880
1553730 1880
1553740 1878
1553750 1877
1553760 1877
1553770 1876
1553780 1875
1553790 1874
1553800 1874
1553810 1872
1553820 1870
1553830 1874
1553840 1873
1553850 1872
1553860 1872
1553870 1870
1553880 1868
1553890 1868
1553900 1866
1553910 1865
1553920 1865
1553930 1865
1553940 1864
1553950 1864
1553960 1863
1553970 1863
1553980 1863
1553990 1863
1554000 1863
1554010 1863
1554020 1863
1554030 1862
1554040 1862
1554050 1862
1554060 1862
1554070 1862
1554080 1862
1554090 1862
1554100 1862
1554110 1862
1554120 1861
1554130 1862
1554140 1862
1554150 1862
1554160 1862
1554170 1862
1554180 1862
1554190 1862
1554200 1862
1554210 1862
1554220 1861
1554230 1861
1554240 1860
1554250 1859
1554260 1859
1554270 1858
1554280 1856
1554290 1854
1554300 1854
1554310 1851
1554320 1848
1554330 1848
1554340 1844
1554350 1840
1554360 1840
1554370 1835
1554380 1830
1554390 1830
1554400 1826
1554410 1821
1554420 1821
1554430 1816
1554440 1810
1554450 1810
1554460 1804
1554470 1799
1554480 1799
1554490 1794
1554500 1789
1554510 1784
1554520 1784
1554530 1779
1554540 1774
1554550 1774
1554560 1769
1554570 1764
1554580 1764
1554590 1759
1554600 1753
1554610 1753
1554620 1748
1554630 1744
1554640 1744
1554650 1739
1554660 1734
1554670 1734
1554680 1729
1554690 1724
1554700 1724
1554710 1719
1554720 1714
1554730 1714
1554740 1708
1554750 1703
1554760 1698
1554770 1698
1554780 1693
1554790 1687
1554800 1687
1554810 1682
1554820 1678
1554830 1678
1554840 1672
1554850 1666
1554860 1666
1554870 1661
1554880 1655
1554890 1655
1554900 1651
1554910 1646
1554920 1646
1554930 1641
1554940 1636
1554950 1636
1554960 1631
1554970 1626
1554980 1626
1554990 1622
1555000 1617
1555010 1612
1555020 1612
1555030 1606
1555040 1600
1555050 1600
1555060 1594
1555070 1589
1555080 1589
1555090 1584
1555100 1578
1555110 1578
1555120 1573
1555130 1567
1555140 1567
1555150 1560
1555160 1555
1555170 1555
1555180 1548
1555190 1542
1555200 1542
1555210 1537
1555220 1532
1555230 1532
1555240 1526
1555250 1521
1555260 1515
1555270 1515
1555280 1509
1555290 1501
1555300 1501
1555310 1492
1555320 1485
1555330 1485
1555340 1479
1555350 1473
1555360 1473
1555370 1468
1555380 1461
1555390 1461
1555400 1456
1555410 1449
1555420 1449
1555430 1442
1555440 1434
1555450 1434
1555460 1427
1555470 1419
1555480 1412
1555490 1412
1555500 1406
1555510 1400
1555520 1400
1555530 1394
1555540 1387
1555550 1387
1555560 1380
1555570 1375
1555580 1375
1555590 1369
1555600 1364
1555610 1364
1555620 1359
1555630 1354
1555640 1353
1555650 1349
1555660 1345
1555670 1345
1555680 1341
1555690 1337
1555700 1337
1555710 1333
1555720 1330
1555730 1326
1555740 1326
1555750 1323
1555760 1319
1555770 1319
1555780 1317
1555790 1314
1555800 1314
1555810 1312
1555820 1310
1555830 1310
1555840 1309
1555850 1307
1555860 1307
1555870 1305
1555880 1304
1555890 1304
1555900 1303
1555910 1301
1555920 1301
1555930 1300
1555940 1298
1555950 1298
1555960 1296
1555970 1294
1555980 1292
1555990 1292
1556000 1289
1556010 1284
1556020 1284
1556030 1280
1556040 1276
1556050 1276
1556060 1271
1556070 1267
1556080 1267
1556090 1264
1556100 1264
1556110 1264
1556120 1263
1556130 1263
1556140 1263
1556150 1264
1556160 1264
1556170 1264
1556180 1264
1556190 1267
1556200 1267
1556210 1272
1556220 1275
1556230 1278
1556240 1278
1556250 1281
1556260 1286
1556270 1286
1556280 1289
1556290 1292
1556300 1292
1556310 1294
1556320 1298
1556330 1298
1556340 1303
1556350 1307
1556360 1307
1556370 1312
1556380 1317
1556390 1317
1556400 1322
1556410 1327
1556420 1327
1556430 1332
1556440 1337
1556450 1337
1556460 1341
1556470 1346
1556480 1351
1556490 1351
1556500 1356
1556510 1361
1556520 1361
1556530 1367
1556540 1371
1556550 1371
1556560 1377
1556570 1382
1556580 1382
1556590 1388
1556600 1394
1556610 1394
1556620 1399
1556630 1404
1556640 1404
1556650 1409
1556660 1414
1556670 1414
1556680 1419
1556690 1425
1556700 1430
1556710 1430
1556720 1436
1556730 1441
1556740 1441
1556750 1446
1556760 1452
1556770 1452
1556780 1457
1556790 1462
1556800 1462
1556810 1468
1556820 1475
1556830 1475
1556840 1481
1556850 1487
1556860 1487
1556870 1492
1556880 1497
1556890 1497
1556900 1503
1556910 1508
1556920 1508
1556930 1513
1556940 1517
1556950 1522
1556960 1522
1556970 1527
1556980 1532
1556990 1532
1557000 1537
1557010 1543
1557020 1543
1557030 1548
1557040 1554
1557050 1554
1557060 1557
1557070 1563
1557080 1563
1557090 1567
1557100 1572
1557110 1572
1557120 1576
1557130 1580
1557140 1580
1557150 1585
1557160 1589
1557170 1589
1557180 1594
1557190 1598
1557200 1602
1557210 1602
1557220 1605
1557230 1610
1557240 1610
1557250 1614
1557260 1618
1557270 1618
1557280 1622
1557290 1625
1557300 1625
1557310 1629
1557320 1634
1557330 1634
1557340 1638
1557350 1643
1557360 1643
1557370 1647
1557380 1652
1557390 1652
1557400 1657
1557410 1661
1557420 1661
1557430 1666
1557440 1671
1557450 1676
1557460 1676
1557470 1682
1557480 1688
1557490 1688
1557500 1694
1557510 1698
1557520 1698
1557530 1702
1557540 1707
1557550 1707
1557560 1712
1557570 1716
1557580 1716
1557590 1720
1557600 1725
1557610 1725
1557620 1730
1557630 1734
1557640 1734
1557650 1738
1557660 1741
1557670 1744
1557680 1744
1557690 1747
1557700 1750
1557710 1750
1557720 1753
1557730 1756
1557740 1756
1557750 1759
1557760 1762
1557770 1762
1557780 1764
1557790 1767
1557800 1767
1557810 1769
1557820 1771
1557830 1771
1557840 1774
1557850 1776
1557860 1776
1557870 1780
1557880 1782
1557890 1782
1557900 1784
1557910 1785
1557920 1788
1557930 1788
1557940 1791
1557950 1792
1557960 1792
1557970 1792
1557980 1792
1557990 1792
1558000 1791
1558010 1788
1558020 1788
1558030 1786
1558040 1783
1558050 1783
1558060 1781
1558070 1779
1558080 1779
1558090 1775
1558100 1772
1558110 1772
1558120 1768
1558130 1764
1558140 1764
1558150 1759
1558160 1754
1558170 1749
1558180 1749
1558190 1745
1558200 1740
1558210 1740
1558220 1735
1558230 1730
1558240 1730
1558250 1725
1558260 1720
1558270 1720
1558280 1714
1558290 1709
1558300 1709
1558310 1705
1558320 1702
1558330 1702
1558340 1698
1558350 1695
1558360 1695
1558370 1691
1558380 1687
1558390 1687
1558400 1682
1558410 1677
1558420 1672
1558430 1672
1558440 1667
1558450 1663
1558460 1663
1558470 1659
1558480 1655
1558490 1655
1558500 1651
1558510 1648
1558520 1648
1558530 1644
1558540 1639
1558550 1639
1558560 1634
1558570 1630
1558580 1630
1558590 1624
1558600 1618
1558610 1618
1558620 1614
1558630 1618
1558640 1618
1558650 1622
1558660 1627
1558670 1632
1558680 1632
1558690 1637
1558700 1637
1558710 1637
1558720 1636
1558730 1637
1558740 1637
1558750 1637
1558760 1637
1558770 1637
1558780 1639
1558790 1641
1558800 1641
1558810 1643
1558820 1646
1558830 1646
1558840 1649
1558850 1651
1558860 1651
1558870 1654
1558880 1657
1558890 1659
1558900 1659
1558910 1662
1558920 1666
1558930 1666
1558940 1670
1558950 1672
1558960 1672
1558970 1675
1558980 1678
1558990 1678
1559000 1682
1559010 1685
1559020 1685
1559030 1687
1559040 1691
1559050 1691
1559060 1694
1559070 1697
1559080 1697
1559090 1701
1559100 1704
1559110 1704
1559120 1708
1559130 1712
1559140 1717
1559150 1717
1559160 1721
1559170 1725
1559180 1725
1559190 1730
1559200 1735
1559210 1735
1559220 1740
1559230 1745
1559240 1745
1559250 1749
1559260 1754
1559270 1754
1559280 1758
1559290 1761
1559300 1761
1559310 1765
1559320 1769
1559330 1769
1559340 1773
1559350 1778
1559360 1778
1559370 1783
1559380 1787
1559390 1792
1559400 1792
1559410 1795
1559420 1797
1559430 1797
1559440 1799
1559450 1801
1559460 1801
1559470 1802
1559480 1803
1559490 1803
1559500 1803
1559510 1801
1559520 1801
1559530 1799
1559540 1797
1559550 1797
1559560 1795
1559570 1793
1559580 1793
1559590 1790
1559600 1788
1559610 1788
1559620 1786
1559630 1784
1559640 1782
1559650 1782
1559660 1780
1559670 1778
1559680 1778
1559690 1775
1559700 1773
1559710 1773
1559720 1771
1559730 1769
1559740 1769
1559750 1767
1559760 1765
1559770 1765
1559780 1762
1559790 1760
1559800 1760
1559810 1757
1559820 1755
1559830 1755
1559840 1752
1559850 1749
1559860 1745
1559870 1745
1559880 1741
1559890 1736
1559900 1736
1559910 1730
1559920 1726
1559930 1726
1559940 1729
1559950 1734
1559960 1734
1559970 1740
1559980 1746
1559990 1746
