1540000 2037
1540010 2041
1540020 2044
1540030 2046
1540040 2046
1540050 2050
1540060 2053
1540070 2053
1540080 2057
1540090 2062
1540100 2062
1540110 2066
1540120 2070
1540130 2070
1540140 2075
1540150 2081
1540160 2081
1540170 2086
1540180 2091
1540190 2091
1540200 2096
1540210 2101
1540220 2101
1540230 2107
1540240 2113
1540250 2119
1540260 2119
1540270 2125
1540280 2130
1540290 2130
1540300 2135
1540310 2141
1540320 2141
1540330 2146
1540340 2152
1540350 2152
1540360 2159
1540370 2165
1540380 2165
1540390 2171
1540400 2176
1540410 2176
1540420 2182
1540430 2187
1540440 2187
1540450 2194
1540460 2201
1540470 2201
1540480 2208
1540490 2215
1540500 2223
1540510 2223
1540520 2231
1540530 2237
1540540 2237
1540550 2244
1540560 2250
1540570 2250
1540580 2257
1540590 2264
1540600 2264
1540610 2271
1540620 2277
1540630 2277
1540640 2284
1540650 2291
1540660 2291
1540670 2298
1540680 2305
1540690 2305
1540700 2312
1540710 2320
1540720 2320
1540730 2326
1540740 2333
1540750 2339
1540760 2339
1540770 2346
1540780 2353
1540790 2353
1540800 2360
1540810 2367
1540820 2367
1540830 2375
1540840 2382
1540850 2382
1540860 2390
1540870 2396
1540880 2396
1540890 2403
1540900 2411
1540910 2411
1540920 2418
1540930 2425
1540940 2425
1540950 2432
1540960 2439
1540970 2439
1540980 2446
1540990 2453
1541000 2459
1541010 2459
1541020 2466
1541030 2473
1541040 2473
1541050 2479
1541060 2485
1541070 2485
1541080 2490
1541090 2495
1541100 2495
1541110 2499
1541120 2499
1541130 2499
1541140 2494
1541150 2488
1541160 2488
1541170 2479
1541180 2468
1541190 2468
1541200 2458
1541210 2447
1541220 2447
1541230 2438
1541240 2430
1541250 2417
1541260 2417
1541270 2390
1541280 2380
1541290 2380
1541300 2382
1541310 2382
1541320 2382
1541330 2373
1541340 2365
1541350 2365
1541360 2353
1541370 2336
1541380 2336
1541390 2318
1541400 2299
1541410 2299
1541420 2283
1541430 2269
1541440 2269
1541450 2262
1541460 2256
1541470 2256
1541480 2249
1541490 2242
1541500 2234
1541510 2240
1541520 2233
1541530 2223
1541540 2223
1541550 2212
1541560 2201
1541570 2201
1541580 2195
1541590 2190
1541600 2190
1541610 2185
1541620 2181
1541630 2181
1541640 2177
1541650 2174
1541660 2174
1541670 2170
1541680 2166
1541690 2166
1541700 2163
1541710 2159
1541720 2159
1541730 2157
1541740 2154
1541750 2150
1541760 2150
1541770 2147
1541780 2144
1541790 2144
1541800 2142
1541810 2139
1541820 2139
1541830 2136
1541840 2132
1541850 2132
1541860 2129
1541870 2127
1541880 2127
1541890 2126
1541900 2126
1541910 2126
1541920 2127
1541930 2127
1541940 2127
1541950 2126
1541960 2127
1541970 2126
1541980 2126
1541990 2126
1542000 2128
1542010 2128
1542020 2127
1542030 2130
1542040 2130
1542050 2132
1542060 2135
1542070 2135
1542080 2135
1542090 2134
1542100 2134
1542110 2135
1542120 2136
1542130 2136
1542140 2135
1542150 2134
1542160 2134
1542170 2134
1542180 2137
1542190 2137
1542200 2138
1542210 2138
1542220 2138
1542230 2138
1542240 2141
1542250 2142
1542260 2142
1542270 2145
1542280 2146
1542290 2146
1542300 2148
1542310 2150
1542320 2150
1542330 2152
1542340 2155
1542350 2155
1542360 2159
1542370 2164
1542380 2164
1542390 2170
1542400 2178
1542410 2178
1542420 2185
1542430 2192
1542440 2192
1542450 2201
1542460 2212
1542470 2221
1542480 2221
1542490 2228
1542500 2239
1542510 2239
1542520 2252
1542530 2275
1542540 2275
1542550 2283
1542560 2290
1542570 2290
1542580 2299
1542590 2309
1542600 2309
1542610 2317
1542620 2325
1542630 2325
1542640 2333
1542650 2341
1542660 2341
1542670 2349
1542680 2356
1542690 2356
1542700 2364
1542710 2371
1542720 2377
1542730 2377
1542740 2383
1542750 2389
1542760 2389
1542770 2395
1542780 2402
1542790 2402
1542800 2408
1542810 2414
1542820 2414
1542830 2421
1542840 2426
1542850 2426
1542860 2433
1542870 2439
1542880 2439
1542890 2445
1542900 2450
1542910 2450
1542920 2456
1542930 2461
1542940 2461
1542950 2466
1542960 2472
1542970 2476
1542980 2476
1542990 2481
1543000 2486
1543010 2486
1543020 2491
1543030 2496
1543040 2496
1543050 2501
1543060 2505
1543070 2505
1543080 2510
1543090 2513
1543100 2513
1543110 2517
1543120 2521
1543130 2521
1543140 2524
1543150 2527
1543160 2527
1543170 2530
1543180 2534
1543190 2534
1543200 2536
1543210 2539
1543220 2541
1543230 2541
1543240 2543
1543250 2545
1543260 2545
1543270 2547
1543280 2549
1543290 2549
1543300 2551
1543310 2552
1543320 2552
1543330 2553
1543340 2554
1543350 2554
1543360 2555
1543370 2556
1543380 2556
1543390 2558
1543400 2559
1543410 2559
1543420 2561
1543430 2562
1543440 2562
1543450 2563
1543460 2564
1543470 2565
1543480 2565
1543490 2566
1543500 2567
1543510 2567
1543520 2568
1543530 2569
1543540 2569
1543550 2566
1543560 2561
1543570 2561
1543580 2548
1543590 2540
1543600 2540
1543610 2523
1543620 2514
1543630 2514
1543640 2507
1543650 2498
1543660 2498
1543670 2488
1543680 2478
1543690 2470
1543700 2470
1543710 2471
1543720 2465
1543730 2465
1543740 2455
1543750 2448
1543760 2448
1543770 2440
1543780 2432
1543790 2432
1543800 2422
1543810 2413
1543820 2413
1543830 2402
1543840 2392
1543850 2392
1543860 2384
1543870 2377
1543880 2377
1543890 2372
1543900 2369
1543910 2369
1543920 2365
1543930 2360
1543940 2357
1543950 2357
1543960 2358
1543970 2358
1543980 2358
1543990 2352
1544000 2349
1544010 2349
1544020 2349
1544030 2350
1544040 2350
1544050 2348
1544060 2340
1544070 2340
1544080 2333
1544090 2332
1544100 2332
1544110 2326
1544120 2320
1544130 2320
1544140 2314
1544150 2309
1544160 2309
1544170 2303
1544180 2290
1544190 2273
1544200 2273
1544210 2261
1544220 2249
1544230 2249
1544240 2237
1544250 2224
1544260 2224
1544270 2216
1544280 2210
1544290 2210
1544300 2197
1544310 2184
1544320 2184
1544330 2176
1544340 2169
1544350 2169
1544360 2162
1544370 2156
1544380 2156
1544390 2151
1544400 2147
1544410 2147
1544420 2142
1544430 2139
1544440 2136
1544450 2136
1544460 2134
1544470 2131
1544480 2131
1544490 2132
1544500 2132
1544510 2132
1544520 2131
1544530 2131
1544540 2131
1544550 2129
1544560 2128
1544570 2128
1544580 2126
1544590 2124
1544600 2124
1544610 2122
1544620 2120
1544630 2120
1544640 2117
1544650 2115
1544660 2115
1544670 2112
1544680 2109
1544690 2105
1544700 2105
1544710 2102
1544720 2098
1544730 2098
1544740 2093
1544750 2088
1544760 2088
1544770 2083
1544780 2077
1544790 2077
1544800 2072
1544810 2068
1544820 2068
1544830 2064
1544840 2060
1544850 2060
1544860 2056
1544870 2052
1544880 2052
1544890 2048
1544900 2043
1544910 2043
1544920 2038
1544930 2033
1544940 2029
1544950 2029
1544960 2025
1544970 2020
1544980 2020
1544990 2015
1545000 2010
1545010 2010
1545020 2005
1545030 2000
1545040 2000
1545050 1996
1545060 1992
1545070 1992
1545080 1988
1545090 1984
1545100 1984
1545110 1980
1545120 1975
1545130 1975
1545140 1969
1545150 1963
1545160 1963
1545170 1957
1545180 1951
1545190 1944
1545200 1944
1545210 1938
1545220 1932
1545230 1932
1545240 1926
1545250 1921
1545260 1921
1545270 1916
1545280 1910
1545290 1910
1545300 1905
1545310 1901
1545320 1901
1545330 1898
1545340 1894
1545350 1894
1545360 1890
1545370 1886
1545380 1886
1545390 1882
1545400 1878
1545410 1874
1545420 1874
1545430 1868
1545440 1863
1545450 1863
1545460 1858
1545470 1853
1545480 1853
1545490 1848
1545500 1844
1545510 1844
1545520 1840
1545530 1835
1545540 1835
1545550 1829
1545560 1827
1545570 1827
1545580 1824
1545590 1819
1545600 1819
1545610 1813
1545620 1809
1545630 1809
1545640 1806
1545650 1802
1545660 1797
1545670 1797
1545680 1793
1545690 1789
1545700 1789
1545710 1784
1545720 1779
1545730 1779
1545740 1773
1545750 1767
1545760 1767
1545770 1763
1545780 1757
1545790 1757
1545800 1751
1545810 1745
1545820 1745
1545830 1734
1545840 1728
1545850 1728
1545860 1722
1545870 1716
1545880 1716
1545890 1711
1545900 1705
1545910 1696
1545920 1696
1545930 1689
1545940 1684
1545950 1684
1545960 1678
1545970 1671
1545980 1671
1545990 1665
1546000 1658
1546010 1658
1546020 1652
1546030 1645
1546040 1645
1546050 1640
1546060 1632
1546070 1632
1546080 1625
1546090 1618
1546100 1618
1546110 1611
1546120 1603
1546130 1603
1546140 1596
1546150 1588
1546160 1581
1546170 1581
1546180 1573
1546190 1565
1546200 1565
1546210 1557
1546220 1550
1546230 1550
1546240 1543
1546250 1536
1546260 1536
1546270 1529
1546280 1523
1546290 1523
1546300 1518
1546310 1515
1546320 1515
1546330 1512
1546340 1508
1546350 1508
1546360 1504
1546370 1501
1546380 1501
1546390 1499
1546400 1497
1546410 1495
1546420 1495
1546430 1493
1546440 1491
1546450 1491
1546460 1489
1546470 1487
1546480 1487
1546490 1486
1546500 1484
1546510 1484
1546520 1483
1546530 1482
1546540 1482
1546550 1482
1546560 1480
1546570 1480
1546580 1480
1546590 1479
1546600 1479
1546610 1479
1546620 1478
1546630 1478
1546640 1480
1546650 1482
1546660 1484
1546670 1484
1546680 1486
1546690 1488
1546700 1488
1546710 1489
1546720 1489
1546730 1489
1546740 1490
1546750 1492
1546760 1492
1546770 1494
1546780 1497
1546790 1497
1546800 1501
1546810 1505
1546820 1505
1546830 1509
1546840 1513
1546850 1513
1546860 1517
1546870 1521
1546880 1521
1546890 1527
1546900 1532
1546910 1537
1546920 1537
1546930 1542
1546940 1548
1546950 1548
1546960 1553
1546970 1560
1546980 1560
1546990 1565
1547000 1572
1547010 1572
1547020 1576
1547030 1579
1547040 1579
1547050 1586
1547060 1596
1547070 1596
1547080 1607
1547090 1621
1547100 1621
1547110 1630
1547120 1637
1547130 1645
1547140 1645
1547150 1654
1547160 1664
1547170 1664
1547180 1672
1547190 1680
1547200 1680
1547210 1691
1547220 1702
1547230 1702
1547240 1712
1547250 1720
1547260 1720
1547270 1727
1547280 1736
1547290 1736
1547300 1742
1547310 1749
1547320 1749
1547330 1758
1547340 1766
1547350 1766
1547360 1774
1547370 1781
1547380 1788
1547390 1788
1547400 1795
1547410 1803
1547420 1803
1547430 1811
1547440 1819
1547450 1819
1547460 1826
1547470 1833
1547480 1833
1547490 1842
1547500 1848
1547510 1848
1547520 1854
1547530 1861
1547540 1861
1547550 1868
1547560 1874
1547570 1874
1547580 1882
1547590 1887
1547600 1887
1547610 1893
1547620 1899
1547630 1906
1547640 1906
1547650 1913
1547660 1920
1547670 1920
1547680 1928
1547690 1935
1547700 1935
1547710 1942
1547720 1950
1547730 1950
1547740 1957
1547750 1964
1547760 1964
1547770 1970
1547780 1976
1547790 1976
1547800 1984
1547810 1989
1547820 1989
1547830 1993
1547840 1993
1547850 1993
1547860 1987
1547870 1982
1547880 1977
1547890 1977
1547900 1972
1547910 1967
1547920 1967
1547930 1962
1547940 1956
1547950 1956
1547960 1950
1547970 1944
1547980 1944
1547990 1938
1548000 1931
1548010 1931
1548020 1926
1548030 1920
1548040 1920
1548050 1914
1548060 1907
1548070 1907
1548080 1899
1548090 1892
1548100 1892
1548110 1885
1548120 1879
1548130 1874
1548140 1874
1548150 1869
1548160 1864
1548170 1864
1548180 1858
1548190 1853
1548200 1853
1548210 1849
1548220 1845
1548230 1845
1548240 1842
1548250 1839
1548260 1839
1548270 1835
1548280 1831
1548290 1831
1548300 1828
1548310 1824
1548320 1824
1548330 1820
1548340 1814
1548350 1814
1548360 1807
1548370 1799
1548380 1791
1548390 1791
1548400 1784
1548410 1777
1548420 1777
1548430 1770
1548440 1762
1548450 1762
1548460 1755
1548470 1749
1548480 1749
1548490 1743
1548500 1737
1548510 1737
1548520 1730
1548530 1723
1548540 1723
1548550 1715
1548560 1708
1548570 1708
1548580 1702
1548590 1696
1548600 1696
1548610 1690
1548620 1685
1548630 1680
1548640 1680
1548650 1674
1548660 1667
1548670 1667
1548680 1661
1548690 1656
1548700 1656
1548710 1651
1548720 1646
1548730 1646
1548740 1642
1548750 1636
1548760 1636
1548770 1631
1548780 1627
1548790 1627
1548800 1623
1548810 1619
1548820 1619
1548830 1615
1548840 1611
1548850 1611
1548860 1607
1548870 1603
1548880 1599
1548890 1599
1548900 1595
1548910 1590
1548920 1590
1548930 1586
1548940 1582
1548950 1582
1548960 1577
1548970 1570
1548980 1570
1548990 1564
1549000 1559
1549010 1559
1549020 1553
1549030 1549
1549040 1549
1549050 1545
1549060 1542
1549070 1542
1549080 1538
1549090 1534
1549100 1530
1549110 1530
1549120 1524
1549130 1518
1549140 1518
1549150 1513
1549160 1511
1549170 1511
1549180 1513
1549190 1512
1549200 1512
1549210 1513
1549220 1516
1549230 1516
1549240 1521
1549250 1525
1549260 1525
1549270 1528
1549280 1531
1549290 1531
1549300 1533
1549310 1535
1549320 1535
1549330 1540
1549340 1545
1549350 1550
1549360 1550
1549370 1554
1549380 1558
1549390 1558
1549400 1563
1549410 1567
1549420 1567
1549430 1570
1549440 1575
1549450 1575
1549460 1578
1549470 1582
1549480 1582
1549490 1587
1549500 1592
1549510 1592
1549520 1598
1549530 1605
1549540 1605
1549550 1613
1549560 1622
1549570 1622
1549580 1634
1549590 1642
1549600 1651
1549610 1651
1549620 1660
1549630 1668
1549640 1668
1549650 1675
1549660 1682
1549670 1682
1549680 1690
1549690 1698
1549700 1698
1549710 1708
1549720 1716
1549730 1716
1549740 1724
1549750 1732
1549760 1732
1549770 1739
1549780 1748
1549790 1748
1549800 1755
1549810 1762
1549820 1762
1549830 1769
1549840 1775
1549850 1783
1549860 1783
1549870 1789
1549880 1795
1549890 1795
1549900 1800
1549910 1806
1549920 1806
1549930 1812
1549940 1817
1549950 1817
1549960 1818
1549970 1818
1549980 1818
1549990 1819
1550000 1820
1550010 1820
1550020 1823
1550030 1825
1550040 1825
1550050 1826
1550060 1826
1550070 1826
1550080 1825
1550090 1825
1550100 1825
1550110 1825
1550120 1824
1550130 1824
1550140 1824
1550150 1822
1550160 1820
1550170 1820
1550180 1818
1550190 1817
1550200 1817
1550210 1816
1550220 1815
1550230 1815
1550240 1814
1550250 1812
1550260 1812
1550270 1811
1550280 1809
1550290 1809
1550300 1814
1550310 1820
1550320 1820
1550330 1824
1550340 1830
1550350 1835
1550360 1835
1550370 1841
1550380 1846
1550390 1846
1550400 1851
1550410 1857
1550420 1857
1550430 1862
1550440 1867
1550450 1867
1550460 1872
1550470 1878
1550480 1878
1550490 1883
1550500 1890
1550510 1890
1550520 1896
1550530 1902
1550540 1902
1550550 1909
1550560 1916
1550570 1916
1550580 1922
1550590 1928
1550600 1934
1550610 1934
1550620 1939
1550630 1944
1550640 1944
1550650 1948
1550660 1953
1550670 1953
1550680 1957
1550690 1962
1550700 1962
1550710 1967
1550720 1972
1550730 1972
1550740 1977
1550750 1982
1550760 1982
1550770 1987
1550780 1993
1550790 1993
1550800 1998
1550810 2003
1550820 2007
1550830 2007
1550840 2010
1550850 2014
1550860 2014
1550870 2018
1550880 2021
1550890 2021
1550900 2025
1550910 2027
1550920 2027
1550930 2030
1550940 2033
1550950 2033
1550960 2035
1550970 2038
1550980 2038
1550990 2040
1551000 2042
1551010 2042
1551020 2044
1551030 2047
1551040 2047
1551050 2049
1551060 2051
1551070 2053
1551080 2053
1551090 2055
1551100 2057
1551110 2057
1551120 2058
1551130 2060
1551140 2060
1551150 2061
1551160 2063
1551170 2063
1551180 2065
1551190 2067
1551200 2067
1551210 2069
1551220 2071
1551230 2071
1551240 2073
1551250 2075
1551260 2075
1551270 2077
1551280 2079
1551290 2079
1551300 2081
1551310 2086
1551320 2091
1551330 2091
1551340 2094
1551350 2098
1551360 2098
1551370 2101
1551380 2104
1551390 2104
1551400 2107
1551410 2109
1551420 2109
1551430 2112
1551440 2114
1551450 2114
1551460 2117
1551470 2120
1551480 2120
1551490 2122
1551500 2125
1551510 2125
1551520 2126
1551530 2130
1551540 2130
1551550 2133
1551560 2136
1551570 2138
1551580 2138
1551590 2141
1551600 2145
1551610 2145
1551620 2147
1551630 2149
1551640 2149
1551650 2153
1551660 2156
1551670 2156
1551680 2159
1551690 2164
1551700 2164
1551710 2168
1551720 2172
1551730 2172
1551740 2174
1551750 2178
1551760 2182
1551770 2186
1551780 2190
1551790 2190
1551800 2194
1551810 2198
1551820 2201
1551830 2201
1551840 2205
1551850 2210
1551860 2210
1551870 2213
1551880 2216
1551890 2216
1551900 2219
1551910 2221
1551920 2221
1551930 2223
1551940 2225
1551950 2225
1551960 2225
1551970 2224
1551980 2224
1551990 2222
1552000 2218
1552010 2218
1552020 2213
1552030 2208
1552040 2208
1552050 2202
1552060 2195
1552070 2189
1552080 2189
1552090 2185
1552100 2184
1552110 2184
1552120 2181
1552130 2178
1552140 2178
1552150 2175
1552160 2171
1552170 2171
1552180 2167
1552190 2170
1552200 2170
1552210 2171
1552220 2169
1552230 2169
1552240 2167
1552250 2167
1552260 2167
1552270 2166
1552280 2168
1552290 2168
1552300 2168
1552310 2165
1552320 2167
1552330 2167
1552340 2169
1552350 2171
1552360 2171
1552370 2174
1552380 2177
1552390 2177
1552400 2180
1552410 2182
1552420 2182
1552430 2185
1552440 2188
1552450 2188
1552460 2191
1552470 2194
1552480 2194
1552490 2199
1552500 2203
1552510 2203
1552520 2207
1552530 2210
1552540 2212
1552550 2212
1552560 2216
1552570 2222
1552580 2222
1552590 2230
1552600 2236
1552610 2236
1552620 2241
1552630 2247
1552640 2247
1552650 2252
1552660 2257
1552670 2257
1552680 2262
1552690 2267
1552700 2267
1552710 2272
1552720 2276
1552730 2276
1552740 2280
1552750 2282
1552760 2282
1552770 2284
1552780 2285
1552790 2285
1552800 2285
1552810 2284
1552820 2284
1552830 2284
1552840 2283
1552850 2281
1552860 2281
1552870 2280
1552880 2279
1552890 2279
1552900 2277
1552910 2275
1552920 2275
1552930 2274
1552940 2272
1552950 2272
1552960 2270
1552970 2267
1552980 2267
1552990 2264
1553000 2262
1553010 2262
1553020 2260
1553030 2257
1553040 2254
1553050 2254
1553060 2251
1553070 2248
1553080 2248
1553090 2245
1553100 2241
1553110 2241
1553120 2237
1553130 2233
1553140 2233
1553150 2227
1553160 2222
1553170 2222
1553180 2217
1553190 2214
1553200 2214
1553210 2212
1553220 2209
1553230 2209
1553240 2206
1553250 2203
1553260 2203
1553270 2199
1553280 2195
1553290 2190
1553300 2190
1553310 2186
1553320 2182
1553330 2182
1553340 2178
1553350 2173
1553360 2173
1553370 2169
1553380 2163
1553390 2163
1553400 2157
1553410 2151
1553420 2151
1553430 2145
1553440 2139
1553450 2139
1553460 2133
1553470 2127
1553480 2127
1553490 2121
1553500 2115
1553510 2115
1553520 2110
1553530 2106
1553540 2104
1553550 2104
1553560 2104
1553570 2103
1553580 2103
1553590 2103
1553600 2102
1553610 2102
1553620 2099
1553630 2090
1553640 2090
1553650 2087
1553660 2085
1553670 2085
1553680 2081
1553690 2076
1553700 2076
1553710 2070
1553720 2063
1553730 2063
1553740 2055
1553750 2049
1553760 2049
1553770 2044
1553780 2039
1553790 2034
1553800 2034
1553810 2030
1553820 2026
1553830 2026
1553840 2023
1553850 2018
1553860 2018
1553870 2014
1553880 2010
1553890 2010
1553900 2006
1553910 2001
1553920 2001
1553930 1996
1553940 1992
1553950 1992
1553960 1988
1553970 1983
1553980 1983
1553990 1979
1554000 1976
1554010 1976
1554020 1971
1554030 1967
1554040 1962
1554050 1962
1554060 1957
1554070 1952
1554080 1952
1554090 1948
1554100 1942
1554110 1942
1554120 1937
1554130 1932
1554140 1932
1554150 1930
1554160 1925
1554170 1925
1554180 1920
1554190 1915
1554200 1915
1554210 1910
1554220 1904
1554230 1904
1554240 1899
1554250 1894
1554260 1888
1554270 1888
1554280 1882
1554290 1876
1554300 1876
1554310 1870
1554320 1865
1554330 1865
1554340 1861
1554350 1857
1554360 1857
1554370 1853
1554380 1848
1554390 1848
1554400 1843
1554410 1840
1554420 1840
1554430 1836
1554440 1832
1554450 1832
1554460 1827
1554470 1822
1554480 1822
1554490 1818
1554500 1815
1554510 1811
1554520 1811
1554530 1807
1554540 1804
1554550 1804
1554560 1801
1554570 1797
1554580 1797
1554590 1793
1554600 1789
1554610 1789
1554620 1786
1554630 1781
1554640 1781
1554650 1777
1554660 1774
1554670 1774
1554680 1770
1554690 1767
1554700 1767
1554710 1764
1554720 1760
1554730 1760
1554740 1758
1554750 1756
1554760 1756
1554770 1756
1554780 1755
1554790 1753
1554800 1753
1554810 1751
1554820 1749
1554830 1749
1554840 1748
1554850 1746
1554860 1746
1554870 1743
1554880 1739
1554890 1739
1554900 1735
1554910 1731
1554920 1731
1554930 1725
1554940 1716
1554950 1716
1554960 1709
1554970 1703
1554980 1703
1554990 1695
1555000 1687
1555010 1678
1555020 1678
1555030 1670
1555040 1661
1555050 1661
1555060 1653
1555070 1646
1555080 1646
1555090 1638
1555100 1631
1555110 1631
1555120 1624
1555130 1618
1555140 1618
1555150 1613
1555160 1606
1555170 1606
1555180 1599
1555190 1591
1555200 1591
1555210 1584
1555220 1580
1555230 1580
1555240 1572
1555250 1566
1555260 1560
1555270 1560
1555280 1557
1555290 1555
1555300 1555
1555310 1550
1555320 1544
1555330 1544
1555340 1536
1555350 1530
1555360 1530
1555370 1526
1555380 1523
1555390 1523
1555400 1520
1555410 1516
1555420 1516
1555430 1513
1555440 1510
1555450 1514
1555460 1509
1555470 1503
1555480 1503
1555490 1496
1555500 1490
1555510 1483
1555520 1483
1555530 1477
1555540 1467
1555550 1467
1555560 1458
1555570 1449
1555580 1449
1555590 1440
1555600 1431
1555610 1431
1555620 1422
1555630 1411
1555640 1411
1555650 1401
1555660 1393
1555670 1393
1555680 1384
1555690 1377
1555700 1377
1555710 1371
1555720 1367
1555730 1367
1555740 1362
1555750 1358
1555760 1354
1555770 1354
1555780 1351
1555790 1349
1555800 1349
1555810 1347
1555820 1345
1555830 1345
1555840 1344
1555850 1342
1555860 1342
1555870 1341
1555880 1339
1555890 1339
1555900 1338
1555910 1336
1555920 1336
1555930 1335
1555940 1333
1555950 1333
1555960 1332
1555970 1331
1555980 1331
1555990 1330
1556000 1330
1556010 1329
1556020 1329
1556030 1328
1556040 1327
1556050 1327
1556060 1326
1556070 1325
1556080 1325
1556090 1324
1556100 1322
1556110 1322
1556120 1319
1556130 1319
1556140 1319
1556150 1319
1556160 1319
1556170 1319
1556180 1319
1556190 1319
1556200 1319
1556210 1318
1556220 1318
1556230 1318
1556240 1318
1556250 1317
1556260 1316
1556270 1316
1556280 1318
1556290 1319
1556300 1319
1556310 1320
1556320 1322
1556330 1322
1556340 1323
1556350 1324
1556360 1324
1556370 1327
1556380 1330
1556390 1330
1556400 1332
1556410 1335
1556420 1335
1556430 1338
1556440 1341
1556450 1341
1556460 1345
1556470 1349
1556480 1353
1556490 1353
1556500 1357
1556510 1361
1556520 1361
1556530 1365
1556540 1370
1556550 1370
1556560 1374
1556570 1378
1556580 1378
1556590 1383
1556600 1388
1556610 1388
1556620 1394
1556630 1400
1556640 1400
1556650 1406
1556660 1413
1556670 1413
1556680 1420
1556690 1428
1556700 1428
1556710 1436
1556720 1444
1556730 1451
1556740 1451
1556750 1458
1556760 1466
1556770 1466
1556780 1474
1556790 1483
1556800 1483
1556810 1490
1556820 1498
1556830 1498
1556840 1505
1556850 1512
1556860 1512
1556870 1519
1556880 1527
1556890 1527
1556900 1535
1556910 1542
1556920 1542
1556930 1549
1556940 1556
1556950 1556
1556960 1559
1556970 1567
1556980 1574
1556990 1574
1557000 1581
1557010 1588
1557020 1588
1557030 1595
1557040 1603
1557050 1603
1557060 1610
1557070 1617
1557080 1617
1557090 1623
1557100 1628
1557110 1628
1557120 1632
1557130 1637
1557140 1637
1557150 1642
1557160 1647
1557170 1647
1557180 1656
1557190 1664
1557200 1664
1557210 1671
1557220 1677
1557230 1684
1557240 1684
1557250 1691
1557260 1699
1557270 1699
1557280 1707
1557290 1716
1557300 1716
1557310 1724
1557320 1732
1557330 1732
1557340 1741
1557350 1750
1557360 1750
1557370 1758
1557380 1766
1557390 1766
1557400 1776
1557410 1784
1557420 1784
1557430 1790
1557440 1797
1557450 1797
1557460 1804
1557470 1810
1557480 1816
1557490 1816
1557500 1822
1557510 1829
1557520 1829
1557530 1836
1557540 1843
1557550 1843
1557560 1849
1557570 1856
1557580 1856
1557590 1864
1557600 1871
1557610 1871
1557620 1878
1557630 1884
1557640 1884
1557650 1889
1557660 1893
1557670 1893
1557680 1897
1557690 1903
1557700 1903
1557710 1908
1557720 1913
1557730 1918
1557740 1918
1557750 1923
1557760 1927
1557770 1927
1557780 1931
1557790 1935
1557800 1935
1557810 1940
1557820 1945
1557830 1945
1557840 1950
1557850 1955
1557860 1955
1557870 1961
1557880 1966
1557890 1966
1557900 1971
1557910 1974
1557920 1974
1557930 1979
1557940 1984
1557950 1988
1557960 1988
1557970 1991
1557980 1995
1557990 1995
1558000 2000
1558010 2005
1558020 2005
1558030 2010
1558040 2015
1558050 2015
1558060 2020
1558070 2026
1558080 2026
1558090 2032
1558100 2037
1558110 2037
1558120 2041
1558130 2046
1558140 2046
1558150 2051
1558160 2055
1558170 2055
1558180 2060
1558190 2063
1558200 2066
1558210 2066
1558220 2067
1558230 2067
1558240 2067
1558250 2066
1558260 2065
1558270 2065
1558280 2063
1558290 2059
1558300 2059
1558310 2058
1558320 2055
1558330 2055
1558340 2053
1558350 2054
1558360 2054
1558370 2052
1558380 2050
1558390 2050
1558400 2048
1558410 2045
1558420 2045
1558430 2041
1558440 2039
1558450 2036
1558460 2036
1558470 2032
1558480 2026
1558490 2026
1558500 2023
1558510 2018
1558520 2018
1558530 2014
1558540 2010
1558550 2010
1558560 2006
1558570 2002
1558580 2002
1558590 1999
1558600 1995
1558610 1995
1558620 1993
1558630 1990
1558640 1990
1558650 1987
1558660 1984
1558670 1984
1558680 1982
1558690 1980
1558700 1977
1558710 1977
1558720 1974
1558730 1972
1558740 1972
1558750 1969
1558760 1968
1558770 1968
1558780 1966
1558790 1965
1558800 1965
1558810 1964
1558820 1963
1558830 1963
1558840 1963
1558850 1962
1558860 1962
1558870 1962
1558880 1961
1558890 1961
1558900 1961
1558910 1961
1558920 1961
1558930 1962
1558940 1963
1558950 1965
1558960 1967
1558970 1968
1558980 1972
1558990 1972
1559000 1977
1559010 1982
1559020 1982
1559030 1987
1559040 1991
1559050 1991
1559060 1995
1559070 2000
1559080 2000
1559090 2005
1559100 2012
1559110 2012
1559120 2017
1559130 2023
1559140 2023
1559150 2027
1559160 2033
1559170 2033
1559180 2038
1559190 2043
1559200 2048
1559210 2048
1559220 2054
1559230 2059
1559240 2059
1559250 2064
1559260 2070
1559270 2070
1559280 2076
1559290 2081
1559300 2081
1559310 2086
1559320 2091
1559330 2091
1559340 2097
1559350 2102
1559360 2102
1559370 2107
1559380 2112
1559390 2112
1559400 2117
1559410 2123
1559420 2123
1559430 2129
1559440 2134
1559450 2140
1559460 2140
1559470 2145
1559480 2151
1559490 2151
1559500 2156
1559510 2162
1559520 2162
1559530 2168
1559540 2174
1559550 2174
1559560 2179
1559570 2184
1559580 2184
1559590 2189
1559600 2194
1559610 2194
1559620 2200
1559630 2205
1559640 2205
1559650 2210
1559660 2215
1559670 2220
1559680 2220
1559690 2224
1559700 2229
1559710 2229
1559720 2233
1559730 2238
1559740 2238
1559750 2242
1559760 2247
1559770 2247
1559780 2252
1559790 2256
1559800 2256
1559810 2260
1559820 2264
1559830 2264
1559840 2268
1559850 2272
1559860 2272
1559870 2275
1559880 2279
1559890 2279
1559900 2283
1559910 2287
1559920 2291
1559930 2291
1559940 2295
1559950 2299
1559960 2299
1559970 2302
1559980 2306
1559990 2306
