1540000 2381
1540010 2384
1540020 2388
1540030 2391
1540040 2391
1540050 2394
1540060 2397
1540070 2397
1540080 2400
1540090 2403
1540100 2403
1540110 2406
1540120 2409
1540130 2409
1540140 2411
1540150 2413
1540160 2413
1540170 2416
1540180 2418
1540190 2418
1540200 2421
1540210 2423
1540220 2423
1540230 2426
1540240 2430
1540250 2430
1540260 2434
1540270 2439
1540280 2439
1540290 2439
1540300 2436
1540310 2434
1540320 2434
1540330 2430
1540340 2432
1540350 2432
1540360 2427
1540370 2426
1540380 2426
1540390 2426
1540400 2430
1540410 2430
1540420 2434
1540430 2430
1540440 2430
1540450 2429
1540460 2432
1540470 2432
1540480 2439
1540490 2452
1540500 2452
1540510 2448
1540520 2445
1540530 2449
1540540 2449
1540550 2453
1540560 2455
1540570 2455
1540580 2452
1540590 2450
1540600 2450
1540610 2448
1540620 2445
1540630 2445
1540640 2443
1540650 2444
1540660 2444
1540670 2446
1540680 2446
1540690 2446
1540700 2445
1540710 2445
1540720 2445
1540730 2445
1540740 2455
1540750 2455
1540760 2455
1540770 2456
1540780 2455
1540790 2455
1540800 2457
1540810 2460
1540820 2460
1540830 2462
1540840 2465
1540850 2465
1540860 2471
1540870 2469
1540880 2469
1540890 2458
1540900 2440
1540910 2440
1540920 2434
1540930 2430
1540940 2430
1540950 2421
1540960 2419
1540970 2419
1540980 2417
1540990 2414
1541000 2414
1541010 2410
1541020 2408
1541030 2408
1541040 2408
1541050 2409
1541060 2412
1541070 2412
1541080 2414
1541090 2416
1541100 2416
1541110 2419
1541120 2429
1541130 2429
1541140 2442
1541150 2444
1541160 2444
1541170 2447
1541180 2455
1541190 2455
1541200 2471
1541210 2489
1541220 2489
1541230 2499
1541240 2507
1541250 2507
1541260 2515
1541270 2521
1541280 2525
1541290 2525
1541300 2528
1541310 2536
1541320 2536
1541330 2540
1541340 2545
1541350 2545
1541360 2556
1541370 2563
1541380 2563
1541390 2567
1541400 2571
1541410 2571
1541420 2576
1541430 2581
1541440 2581
1541450 2584
1541460 2586
1541470 2586
1541480 2587
1541490 2590
1541500 2590
1541510 2602
1541520 2611
1541530 2611
1541540 2611
1541550 2613
1541560 2615
1541570 2615
1541580 2619
1541590 2623
1541600 2623
1541610 2629
1541620 2636
1541630 2636
1541640 2654
1541650 2665
1541660 2665
1541670 2673
1541680 2679
1541690 2679
1541700 2687
1541710 2695
1541720 2695
1541730 2698
1541740 2701
1541750 2701
1541760 2705
1541770 2715
1541780 2723
1541790 2723
1541800 2730
1541810 2727
1541820 2727
1541830 2710
1541840 2692
1541850 2692
1541860 2678
1541870 2661
1541880 2661
1541890 2651
1541900 2643
1541910 2643
1541920 2636
1541930 2632
1541940 2632
1541950 2626
1541960 2621
1541970 2621
1541980 2617
1541990 2612
1542000 2612
1542010 2605
1542020 2599
1542030 2596
1542040 2596
1542050 2594
1542060 2591
1542070 2591
1542080 2588
1542090 2585
1542100 2585
1542110 2583
1542120 2582
1542130 2582
1542140 2580
1542150 2576
1542160 2576
1542170 2572
1542180 2568
1542190 2568
1542200 2562
1542210 2556
1542220 2556
1542230 2553
1542240 2550
1542250 2550
1542260 2547
1542270 2543
1542280 2539
1542290 2539
1542300 2535
1542310 2532
1542320 2532
1542330 2531
1542340 2532
1542350 2532
1542360 2538
1542370 2543
1542380 2543
1542390 2537
1542400 2528
1542410 2528
1542420 2516
1542430 2493
1542440 2493
1542450 2471
1542460 2457
1542470 2457
1542480 2450
1542490 2445
1542500 2445
1542510 2439
1542520 2431
1542530 2422
1542540 2422
1542550 2411
1542560 2399
1542570 2399
1542580 2389
1542590 2384
1542600 2384
1542610 2380
1542620 2375
1542630 2375
1542640 2372
1542650 2368
1542660 2368
1542670 2365
1542680 2362
1542690 2362
1542700 2359
1542710 2357
1542720 2357
1542730 2358
1542740 2357
1542750 2357
1542760 2352
1542770 2346
1542780 2343
1542790 2343
1542800 2342
1542810 2339
1542820 2339
1542830 2336
1542840 2333
1542850 2333
1542860 2330
1542870 2326
1542880 2326
1542890 2323
1542900 2319
1542910 2319
1542920 2316
1542930 2313
1542940 2313
1542950 2312
1542960 2308
1542970 2308
1542980 2303
1542990 2297
1543000 2297
1543010 2293
1543020 2289
1543030 2287
1543040 2287
1543050 2283
1543060 2277
1543070 2277
1543080 2270
1543090 2263
1543100 2263
1543110 2255
1543120 2250
1543130 2250
1543140 2244
1543150 2240
1543160 2240
1543170 2239
1543180 2239
1543190 2239
1543200 2236
1543210 2232
1543220 2232
1543230 2229
1543240 2227
1543250 2227
1543260 2223
1543270 2219
1543280 2214
1543290 2214
1543300 2210
1543310 2205
1543320 2205
1543330 2200
1543340 2194
1543350 2194
1543360 2188
1543370 2183
1543380 2183
1543390 2177
1543400 2171
1543410 2171
1543420 2166
1543430 2161
1543440 2161
1543450 2156
1543460 2152
1543470 2152
1543480 2149
1543490 2146
1543500 2146
1543510 2140
1543520 2138
1543530 2138
1543540 2138
1543550 2138
1543560 2135
1543570 2135
1543580 2127
1543590 2117
1543600 2117
1543610 2106
1543620 2098
1543630 2098
1543640 2092
1543650 2088
1543660 2088
1543670 2086
1543680 2081
1543690 2081
1543700 2075
1543710 2071
1543720 2071
1543730 2063
1543740 2058
1543750 2058
1543760 2053
1543770 2050
1543780 2048
1543790 2048
1543800 2045
1543810 2042
1543820 2042
1543830 2037
1543840 2032
1543850 2032
1543860 2026
1543870 2020
1543880 2020
1543890 2015
1543900 2013
1543910 2013
1543920 2012
1543930 2010
1543940 2010
1543950 2006
1543960 2000
1543970 2000
1543980 1995
1543990 1989
1544000 1989
1544010 1981
1544020 1972
1544030 1962
1544040 1962
1544050 1953
1544060 1935
1544070 1935
1544080 1916
1544090 1904
1544100 1904
1544110 1900
1544120 1903
1544130 1903
1544140 1904
1544150 1904
1544160 1904
1544170 1904
1544180 1903
1544190 1903
1544200 1900
1544210 1896
1544220 1896
1544230 1890
1544240 1885
1544250 1885
1544260 1882
1544270 1879
1544280 1876
1544290 1876
1544300 1872
1544310 1866
1544320 1866
1544330 1855
1544340 1845
1544350 1845
1544360 1841
1544370 1839
1544380 1839
1544390 1837
1544400 1835
1544410 1835
1544420 1832
1544430 1829
1544440 1829
1544450 1823
1544460 1815
1544470 1815
1544480 1815
1544490 1813
1544500 1813
1544510 1810
1544520 1804
1544530 1797
1544540 1797
1544550 1785
1544560 1776
1544570 1776
1544580 1779
1544590 1775
1544600 1775
1544610 1767
1544620 1758
1544630 1758
1544640 1756
1544650 1753
1544660 1753
1544670 1749
1544680 1744
1544690 1744
1544700 1740
1544710 1737
1544720 1737
1544730 1735
1544740 1731
1544750 1731
1544760 1730
1544770 1728
1544780 1724
1544790 1724
1544800 1716
1544810 1710
1544820 1710
1544830 1704
1544840 1700
1544850 1700
1544860 1696
1544870 1692
1544880 1692
1544890 1689
1544900 1686
1544910 1686
1544920 1684
1544930 1684
1544940 1684
1544950 1683
1544960 1682
1544970 1682
1544980 1681
1544990 1679
1545000 1679
1545010 1679
1545020 1678
1545030 1677
1545040 1677
1545050 1677
1545060 1676
1545070 1676
1545080 1675
1545090 1673
1545100 1673
1545110 1671
1545120 1675
1545130 1675
1545140 1674
1545150 1674
1545160 1674
1545170 1672
1545180 1667
1545190 1667
1545200 1664
1545210 1659
1545220 1659
1545230 1653
1545240 1649
1545250 1649
1545260 1649
1545270 1649
1545280 1650
1545290 1650
1545300 1651
1545310 1652
1545320 1652
1545330 1653
1545340 1658
1545350 1658
1545360 1661
1545370 1662
1545380 1662
1545390 1663
1545400 1665
1545410 1665
1545420 1667
1545430 1669
1545440 1669
1545450 1671
1545460 1674
1545470 1674
1545480 1675
1545490 1677
1545500 1681
1545510 1681
1545520 1684
1545530 1686
1545540 1686
1545550 1688
1545560 1690
1545570 1690
1545580 1692
1545590 1694
1545600 1694
1545610 1696
1545620 1698
1545630 1698
1545640 1701
1545650 1703
1545660 1703
1545670 1706
1545680 1709
1545690 1709
1545700 1712
1545710 1714
1545720 1714
1545730 1717
1545740 1719
1545750 1720
1545760 1720
1545770 1722
1545780 1722
1545790 1722
1545800 1721
1545810 1720
1545820 1720
1545830 1727
1545840 1734
1545850 1734
1545860 1740
1545870 1744
1545880 1744
1545890 1746
1545900 1750
1545910 1750
1545920 1755
1545930 1759
1545940 1759
1545950 1759
1545960 1763
1545970 1763
1545980 1769
1545990 1775
1546000 1780
1546010 1780
1546020 1785
1546030 1788
1546040 1788
1546050 1792
1546060 1797
1546070 1797
1546080 1803
1546090 1810
1546100 1810
1546110 1817
1546120 1823
1546130 1823
1546140 1829
1546150 1835
1546160 1835
1546170 1839
1546180 1845
1546190 1845
1546200 1850
1546210 1855
1546220 1855
1546230 1862
1546240 1870
1546250 1875
1546260 1875
1546270 1882
1546280 1888
1546290 1888
1546300 1893
1546310 1898
1546320 1898
1546330 1903
1546340 1908
1546350 1908
1546360 1913
1546370 1919
1546380 1919
1546390 1924
1546400 1929
1546410 1929
1546420 1935
1546430 1941
1546440 1941
1546450 1949
1546460 1955
1546470 1955
1546480 1961
1546490 1969
1546500 1976
1546510 1976
1546520 1984
1546530 1990
1546540 1990
1546550 1994
1546560 2000
1546570 2000
1546580 2005
1546590 2010
1546600 2010
1546610 2017
1546620 2023
1546630 2023
1546640 2030
1546650 2037
1546660 2037
1546670 2044
1546680 2051
1546690 2051
1546700 2059
1546710 2067
1546720 2067
1546730 2074
1546740 2078
1546750 2084
1546760 2084
1546770 2091
1546780 2098
1546790 2098
1546800 2103
1546810 2109
1546820 2109
1546830 2114
1546840 2118
1546850 2118
1546860 2124
1546870 2129
1546880 2129
1546890 2134
1546900 2141
1546910 2141
1546920 2146
1546930 2151
1546940 2151
1546950 2156
1546960 2163
1546970 2163
1546980 2168
1546990 2173
1547000 2177
1547010 2177
1547020 2182
1547030 2182
1547040 2182
1547050 2177
1547060 2170
1547070 2170
1547080 2163
1547090 2155
1547100 2155
1547110 2147
1547120 2138
1547130 2138
1547140 2127
1547150 2113
1547160 2113
1547170 2095
1547180 2082
1547190 2082
1547200 2070
1547210 2062
1547220 2062
1547230 2057
1547240 2047
1547250 2035
1547260 2035
1547270 2028
1547280 2020
1547290 2020
1547300 2012
1547310 2003
1547320 2003
1547330 1996
1547340 1991
1547350 1991
1547360 1986
1547370 1981
1547380 1981
1547390 1975
1547400 1970
1547410 1970
1547420 1966
1547430 1962
1547440 1962
1547450 1957
1547460 1951
1547470 1951
1547480 1946
1547490 1943
1547500 1939
1547510 1939
1547520 1935
1547530 1930
1547540 1930
1547550 1923
1547560 1917
1547570 1917
1547580 1911
1547590 1904
1547600 1904
1547610 1897
1547620 1890
1547630 1890
1547640 1885
1547650 1880
1547660 1880
1547670 1874
1547680 1866
1547690 1866
1547700 1856
1547710 1846
1547720 1846
1547730 1837
1547740 1829
1547750 1826
1547760 1826
1547770 1811
1547780 1800
1547790 1800
1547800 1791
1547810 1783
1547820 1783
1547830 1776
1547840 1770
1547850 1770
1547860 1767
1547870 1761
1547880 1761
1547890 1754
1547900 1750
1547910 1750
1547920 1748
1547930 1744
1547940 1744
1547950 1740
1547960 1737
1547970 1737
1547980 1733
1547990 1730
1548000 1726
1548010 1726
1548020 1723
1548030 1719
1548040 1719
1548050 1716
1548060 1713
1548070 1713
1548080 1709
1548090 1706
1548100 1706
1548110 1703
1548120 1699
1548130 1699
1548140 1695
1548150 1692
1548160 1692
1548170 1687
1548180 1682
1548190 1682
1548200 1679
1548210 1676
1548220 1676
1548230 1671
1548240 1667
1548250 1663
1548260 1663
1548270 1659
1548280 1656
1548290 1656
1548300 1652
1548310 1650
1548320 1650
1548330 1650
1548340 1651
1548350 1651
1548360 1653
1548370 1654
1548380 1654
1548390 1655
1548400 1655
1548410 1655
1548420 1655
1548430 1657
1548440 1657
1548450 1663
1548460 1668
1548470 1668
1548480 1673
1548490 1678
1548500 1684
1548510 1684
1548520 1689
1548530 1693
1548540 1693
1548550 1698
1548560 1704
1548570 1704
1548580 1710
1548590 1715
1548600 1715
1548610 1719
1548620 1722
1548630 1722
1548640 1726
1548650 1729
1548660 1729
1548670 1733
1548680 1736
1548690 1736
1548700 1740
1548710 1745
1548720 1745
1548730 1749
1548740 1754
1548750 1758
1548760 1758
1548770 1762
1548780 1765
1548790 1765
1548800 1768
1548810 1772
1548820 1772
1548830 1776
1548840 1780
1548850 1780
1548860 1785
1548870 1790
1548880 1790
1548890 1795
1548900 1797
1548910 1797
1548920 1799
1548930 1802
1548940 1802
1548950 1806
1548960 1812
1548970 1812
1548980 1819
1548990 1826
1549000 1834
1549010 1834
1549020 1842
1549030 1849
1549040 1849
1549050 1856
1549060 1863
1549070 1863
1549080 1871
1549090 1878
1549100 1878
1549110 1886
1549120 1893
1549130 1893
1549140 1901
1549150 1907
1549160 1907
1549170 1912
1549180 1922
1549190 1922
1549200 1927
1549210 1932
1549220 1932
1549230 1937
1549240 1937
1549250 1937
1549260 1937
1549270 1937
1549280 1938
1549290 1938
1549300 1938
1549310 1937
1549320 1937
1549330 1942
1549340 1951
1549350 1951
1549360 1959
1549370 1967
1549380 1967
1549390 1975
1549400 1983
1549410 1983
1549420 1991
1549430 1998
1549440 1998
1549450 2005
1549460 2012
1549470 2012
1549480 2018
1549490 2022
1549500 2023
1549510 2023
1549520 2024
1549530 2023
1549540 2023
1549550 2022
1549560 2022
1549570 2022
1549580 2021
1549590 2020
1549600 2020
1549610 2021
1549620 2022
1549630 2022
1549640 2023
1549650 2023
1549660 2023
1549670 2024
1549680 2027
1549690 2027
1549700 2029
1549710 2032
1549720 2032
1549730 2034
1549740 2037
1549750 2038
1549760 2038
1549770 2038
1549780 2038
1549790 2038
1549800 2044
1549810 2049
1549820 2049
1549830 2052
1549840 2053
1549850 2053
1549860 2054
1549870 2057
1549880 2057
1549890 2059
1549900 2060
1549910 2060
1549920 2059
1549930 2061
1549940 2061
1549950 2064
1549960 2068
1549970 2068
1549980 2073
1549990 2077
1550000 2082
1550010 2082
1550020 2088
1550030 2094
1550040 2094
1550050 2101
1550060 2109
1550070 2109
1550080 2116
1550090 2124
1550100 2124
1550110 2132
1550120 2140
1550130 2140
1550140 2149
1550150 2159
1550160 2159
1550170 2172
1550180 2181
1550190 2181
1550200 2195
1550210 2210
1550220 2210
1550230 2217
1550240 2221
1550250 2226
1550260 2226
1550270 2232
1550280 2241
1550290 2241
1550300 2250
1550310 2259
1550320 2259
1550330 2270
1550340 2279
1550350 2279
1550360 2286
1550370 2293
1550380 2293
1550390 2299
1550400 2306
1550410 2306
1550420 2312
1550430 2319
1550440 2319
1550450 2326
1550460 2335
1550470 2335
1550480 2344
1550490 2353
1550500 2360
1550510 2360
1550520 2366
1550530 2369
1550540 2369
1550550 2364
1550560 2355
1550570 2355
1550580 2349
1550590 2347
1550600 2347
1550610 2345
1550620 2345
1550630 2345
1550640 2348
1550650 2347
1550660 2347
1550670 2343
1550680 2339
1550690 2339
1550700 2336
1550710 2329
1550720 2329
1550730 2320
1550740 2317
1550750 2310
1550760 2310
1550770 2299
1550780 2289
1550790 2289
1550800 2282
1550810 2276
1550820 2276
1550830 2267
1550840 2262
1550850 2262
1550860 2259
1550870 2255
1550880 2255
1550890 2251
1550900 2246
1550910 2246
1550920 2243
1550930 2239
1550940 2239
1550950 2235
1550960 2230
1550970 2230
1550980 2226
1550990 2223
1551000 2220
1551010 2220
1551020 2216
1551030 2212
1551040 2212
1551050 2209
1551060 2206
1551070 2206
1551080 2205
1551090 2204
1551100 2204
1551110 2205
1551120 2198
1551130 2198
1551140 2199
1551150 2201
1551160 2201
1551170 2204
1551180 2210
1551190 2210
1551200 2214
1551210 2216
1551220 2216
1551230 2215
1551240 2209
1551250 2206
1551260 2206
1551270 2202
1551280 2197
1551290 2197
1551300 2191
1551310 2186
1551320 2186
1551330 2181
1551340 2176
1551350 2176
1551360 2168
1551370 2159
1551380 2159
1551390 2149
1551400 2140
1551410 2140
1551420 2133
1551430 2127
1551440 2127
1551450 2124
1551460 2120
1551470 2120
1551480 2117
1551490 2115
1551500 2112
1551510 2112
1551520 2111
1551530 2108
1551540 2108
1551550 2105
1551560 2102
1551570 2102
1551580 2100
1551590 2099
1551600 2099
1551610 2100
1551620 2100
1551630 2100
1551640 2100
1551650 2100
1551660 2100
1551670 2098
1551680 2096
1551690 2096
1551700 2094
1551710 2093
1551720 2093
1551730 2090
1551740 2087
1551750 2085
1551760 2085
1551770 2084
1551780 2083
1551790 2083
1551800 2082
1551810 2082
1551820 2082
1551830 2082
1551840 2082
1551850 2082
1551860 2082
1551870 2081
1551880 2081
1551890 2078
1551900 2075
1551910 2075
1551920 2072
1551930 2071
1551940 2071
1551950 2070
1551960 2071
1551970 2071
1551980 2070
1551990 2064
1552000 2055
1552010 2055
1552020 2050
1552030 2047
1552040 2047
1552050 2047
1552060 2047
1552070 2047
1552080 2048
1552090 2051
1552100 2051
1552110 2054
1552120 2055
1552130 2055
1552140 2057
1552150 2060
1552160 2060
1552170 2062
1552180 2062
1552190 2062
1552200 2062
1552210 2058
1552220 2058
1552230 2054
1552240 2047
1552250 2044
1552260 2044
1552270 2043
1552280 2045
1552290 2045
1552300 2048
1552310 2047
1552320 2047
1552330 2044
1552340 2042
1552350 2042
1552360 2043
1552370 2046
1552380 2046
1552390 2049
1552400 2051
1552410 2051
1552420 2053
1552430 2054
1552440 2054
1552450 2055
1552460 2056
1552470 2056
1552480 2054
1552490 2051
1552500 2046
1552510 2046
1552520 2042
1552530 2040
1552540 2040
1552550 2037
1552560 2033
1552570 2033
1552580 2030
1552590 2026
1552600 2026
1552610 2023
1552620 2019
1552630 2019
1552640 2015
1552650 2008
1552660 2008
1552670 1997
1552680 1988
1552690 1988
1552700 1982
1552710 1975
1552720 1975
1552730 1969
1552740 1964
1552750 1960
1552760 1960
1552770 1955
1552780 1951
1552790 1951
1552800 1948
1552810 1946
1552820 1946
1552830 1945
1552840 1945
1552850 1945
1552860 1946
1552870 1947
1552880 1947
1552890 1947
1552900 1945
1552910 1945
1552920 1942
1552930 1940
1552940 1940
1552950 1937
1552960 1936
1552970 1936
1552980 1936
1552990 1933
1553000 1930
1553010 1932
1553020 1930
1553030 1928
1553040 1928
1553050 1925
1553060 1923
1553070 1923
1553080 1920
1553090 1918
1553100 1918
1553110 1914
1553120 1910
1553130 1910
1553140 1907
1553150 1904
1553160 1904
1553170 1901
1553180 1895
1553190 1895
1553200 1891
1553210 1887
1553220 1887
1553230 1884
1553240 1880
1553250 1876
1553260 1876
1553270 1874
1553280 1872
1553290 1872
1553300 1871
1553310 1870
1553320 1870
1553330 1870
1553340 1868
1553350 1868
1553360 1867
1553370 1867
1553380 1867
1553390 1864
1553400 1860
1553410 1860
1553420 1856
1553430 1852
1553440 1852
1553450 1848
1553460 1845
1553470 1845
1553480 1842
1553490 1840
1553500 1838
1553510 1838
1553520 1835
1553530 1830
1553540 1830
1553550 1826
1553560 1822
1553570 1822
1553580 1818
1553590 1813
1553600 1813
1553610 1809
1553620 1804
1553630 1804
1553640 1801
1553650 1797
1553660 1797
1553670 1793
1553680 1788
1553690 1788
1553700 1784
1553710 1782
1553720 1782
1553730 1780
1553740 1780
1553750 1780
1553760 1780
1553770 1780
1553780 1780
1553790 1780
1553800 1778
1553810 1777
1553820 1777
1553830 1776
1553840 1773
1553850 1773
1553860 1771
1553870 1768
1553880 1768
1553890 1766
1553900 1761
1553910 1761
1553920 1758
1553930 1757
1553940 1757
1553950 1756
1553960 1757
1553970 1757
1553980 1760
1553990 1760
1554000 1759
1554010 1759
1554020 1758
1554030 1757
1554040 1757
1554050 1756
1554060 1753
1554070 1753
1554080 1749
1554090 1745
1554100 1745
1554110 1740
1554120 1736
1554130 1736
1554140 1733
1554150 1730
1554160 1730
1554170 1726
1554180 1724
1554190 1724
1554200 1724
1554210 1725
1554220 1725
1554230 1724
1554240 1723
1554250 1723
1554260 1723
1554270 1724
1554280 1724
1554290 1724
1554300 1723
1554310 1723
1554320 1723
1554330 1725
1554340 1725
1554350 1725
1554360 1725
1554370 1725
1554380 1725
1554390 1724
1554400 1724
1554410 1724
1554420 1723
1554430 1722
1554440 1722
1554450 1720
1554460 1720
1554470 1720
1554480 1719
1554490 1718
1554500 1716
1554510 1716
1554520 1714
1554530 1712
1554540 1712
1554550 1709
1554560 1705
1554570 1705
1554580 1701
1554590 1696
1554600 1696
1554610 1690
1554620 1681
1554630 1681
1554640 1672
1554650 1662
1554660 1662
1554670 1654
1554680 1646
1554690 1646
1554700 1640
1554710 1634
1554720 1626
1554730 1626
1554740 1618
1554750 1612
1554760 1612
1554770 1605
1554780 1598
1554790 1598
1554800 1593
1554810 1592
1554820 1592
1554830 1591
1554840 1588
1554850 1583
1554860 1579
1554870 1573
1554880 1573
1554890 1568
1554900 1562
1554910 1562
1554920 1554
1554930 1546
1554940 1546
1554950 1537
1554960 1528
1554970 1519
1554980 1519
1554990 1511
1555000 1501
1555010 1501
1555020 1491
1555030 1482
1555040 1482
1555050 1472
1555060 1464
1555070 1464
1555080 1457
1555090 1451
1555100 1451
1555110 1445
1555120 1440
1555130 1440
1555140 1434
1555150 1428
1555160 1428
1555170 1422
1555180 1415
1555190 1415
1555200 1409
1555210 1404
1555220 1399
1555230 1399
1555240 1397
1555250 1397
1555260 1397
1555270 1398
1555280 1396
1555290 1396
1555300 1391
1555310 1388
1555320 1388
1555330 1385
1555340 1382
1555350 1382
1555360 1382
1555370 1382
1555380 1382
1555390 1381
1555400 1381
1555410 1381
1555420 1381
1555430 1381
1555440 1381
1555450 1380
1555460 1380
1555470 1380
1555480 1380
1555490 1381
1555500 1381
1555510 1381
1555520 1381
1555530 1381
1555540 1381
1555550 1381
1555560 1381
1555570 1381
1555580 1380
1555590 1380
1555600 1380
1555610 1380
1555620 1380
1555630 1380
1555640 1380
1555650 1381
1555660 1381
1555670 1382
1555680 1384
1555690 1384
1555700 1386
1555710 1387
1555720 1388
1555730 1388
1555740 1390
1555750 1392
1555760 1392
1555770 1395
1555780 1398
1555790 1398
1555800 1400
1555810 1402
1555820 1402
1555830 1405
1555840 1409
1555850 1409
1555860 1413
1555870 1417
1555880 1417
1555890 1421
1555900 1425
1555910 1425
1555920 1429
1555930 1434
1555940 1434
1555950 1438
1555960 1443
1555970 1447
1555980 1447
1555990 1452
1556000 1454
1556010 1454
1556020 1458
1556030 1464
1556040 1464
1556050 1469
1556060 1473
1556070 1473
1556080 1477
1556090 1482
1556100 1482
1556110 1488
1556120 1495
1556130 1495
1556140 1502
1556150 1509
1556160 1509
1556170 1517
1556180 1522
1556190 1522
1556200 1530
1556210 1536
1556220 1543
1556230 1543
1556240 1549
1556250 1555
1556260 1555
1556270 1560
1556280 1566
1556290 1566
1556300 1573
1556310 1581
1556320 1581
1556330 1591
1556340 1599
1556350 1599
1556360 1606
1556370 1614
1556380 1614
1556390 1622
1556400 1629
1556410 1629
1556420 1637
1556430 1645
1556440 1645
1556450 1653
1556460 1661
1556470 1670
1556480 1670
1556490 1676
1556500 1685
1556510 1685
1556520 1694
1556530 1701
1556540 1701
1556550 1709
1556560 1718
1556570 1718
1556580 1725
1556590 1733
1556600 1733
1556610 1741
1556620 1750
1556630 1750
1556640 1758
1556650 1766
1556660 1766
1556670 1774
1556680 1781
1556690 1781
1556700 1788
1556710 1795
1556720 1800
1556730 1800
1556740 1803
1556750 1806
1556760 1806
1556770 1808
1556780 1810
1556790 1810
1556800 1812
1556810 1812
1556820 1812
1556830 1812
1556840 1810
1556850 1810
1556860 1809
1556870 1806
1556880 1806
1556890 1803
1556900 1800
1556910 1800
1556920 1797
1556930 1793
1556940 1793
1556950 1791
1556960 1788
1556970 1784
1556980 1784
1556990 1782
1557000 1780
1557010 1780
1557020 1778
1557030 1777
1557040 1777
1557050 1775
1557060 1774
1557070 1774
1557080 1773
1557090 1771
1557100 1771
1557110 1770
1557120 1768
1557130 1768
1557140 1764
1557150 1760
1557160 1760
1557170 1763
1557180 1767
1557190 1767
1557200 1768
1557210 1768
1557220 1768
1557230 1768
1557240 1767
1557250 1766
1557260 1766
1557270 1768
1557280 1775
1557290 1775
1557300 1779
1557310 1785
1557320 1785
1557330 1791
1557340 1796
1557350 1796
1557360 1801
1557370 1806
1557380 1806
1557390 1810
1557400 1814
1557410 1814
1557420 1818
1557430 1822
1557440 1822
1557450 1826
1557460 1830
1557470 1834
1557480 1834
1557490 1839
1557500 1846
1557510 1846
1557520 1851
1557530 1855
1557540 1855
1557550 1860
1557560 1865
1557570 1865
1557580 1869
1557590 1874
1557600 1874
1557610 1879
1557620 1884
1557630 1884
1557640 1888
1557650 1893
1557660 1893
1557670 1898
1557680 1904
1557690 1904
1557700 1910
1557710 1915
1557720 1920
1557730 1920
1557740 1927
1557750 1933
1557760 1933
1557770 1939
1557780 1944
1557790 1944
1557800 1950
1557810 1956
1557820 1956
1557830 1962
1557840 1968
1557850 1968
1557860 1974
1557870 1981
1557880 1981
1557890 1987
1557900 1993
1557910 1993
1557920 1999
1557930 2005
1557940 2005
1557950 2011
1557960 2018
1557970 2024
1557980 2024
1557990 2029
1558000 2035
1558010 2035
1558020 2041
1558030 2048
1558040 2048
1558050 2053
1558060 2059
1558070 2059
1558080 2065
1558090 2072
1558100 2072
1558110 2077
1558120 2082
1558130 2082
1558140 2088
1558150 2094
1558160 2094
1558170 2099
1558180 2104
1558190 2104
1558200 2110
1558210 2115
1558220 2119
1558230 2119
1558240 2125
1558250 2131
1558260 2131
1558270 2138
1558280 2144
1558290 2144
1558300 2150
1558310 2157
1558320 2157
1558330 2164
1558340 2171
1558350 2171
1558360 2178
1558370 2185
1558380 2182
1558390 2189
1558400 2197
1558410 2197
1558420 2204
1558430 2209
1558440 2209
1558450 2215
1558460 2221
1558470 2224
1558480 2224
1558490 2227
1558500 2229
1558510 2229
1558520 2231
1558530 2232
1558540 2232
1558550 2232
1558560 2231
1558570 2231
1558580 2233
1558590 2237
1558600 2237
1558610 2242
1558620 2248
1558630 2248
1558640 2254
1558650 2260
1558660 2260
1558670 2265
1558680 2269
1558690 2269
1558700 2274
1558710 2281
1558720 2287
1558730 2287
1558740 2293
1558750 2299
1558760 2299
1558770 2305
1558780 2312
1558790 2312
1558800 2318
1558810 2323
1558820 2323
1558830 2329
1558840 2335
1558850 2335
1558860 2341
1558870 2348
1558880 2348
1558890 2356
1558900 2359
1558910 2359
1558920 2360
1558930 2360
1558940 2360
1558950 2359
1558960 2358
1558970 2357
1558980 2357
1558990 2355
1559000 2353
1559010 2353
1559020 2352
1559030 2350
1559040 2350
1559050 2348
1559060 2345
1559070 2345
1559080 2343
1559090 2340
1559100 2340
1559110 2338
1559120 2335
1559130 2335
1559140 2333
1559150 2333
1559160 2333
1559170 2333
1559180 2332
1559190 2332
1559200 2331
1559210 2330
1559220 2327
1559230 2327
1559240 2324
1559250 2321
1559260 2321
1559270 2318
1559280 2314
1559290 2314
1559300 2311
1559310 2306
1559320 2306
1559330 2301
1559340 2299
1559350 2299
1559360 2297
1559370 2296
1559380 2296
1559390 2296
1559400 2296
1559410 2296
1559420 2296
1559430 2295
1559440 2295
1559450 2294
1559460 2294
1559470 2294
1559480 2294
1559490 2295
1559500 2296
1559510 2296
1559520 2297
1559530 2299
1559540 2299
1559550 2301
1559560 2303
1559570 2303
1559580 2302
1559590 2303
1559600 2303
1559610 2305
1559620 2308
1559630 2308
1559640 2312
1559650 2317
1559660 2317
1559670 2323
1559680 2329
1559690 2329
1559700 2334
1559710 2339
1559720 2345
1559730 2345
1559740 2351
1559750 2358
1559760 2358
1559770 2366
1559780 2376
1559790 2376
1559800 2384
1559810 2392
1559820 2392
1559830 2399
1559840 2406
1559850 2406
1559860 2414
1559870 2423
1559880 2423
1559890 2432
1559900 2442
1559910 2442
1559920 2447
1559930 2451
1559940 2451
1559950 2451
1559960 2447
1559970 2442
1559980 2442
1559990 2442
