1540000 2407
1540010 2411
1540020 2415
1540030 2415
1540040 2420
1540050 2424
1540060 2428
1540070 2428
1540080 2433
1540090 2437
1540100 2437
1540110 2441
1540120 2445
1540130 2445
1540140 2449
1540150 2453
1540160 2453
1540170 2456
1540180 2460
1540190 2460
1540200 2465
1540210 2470
1540220 2470
1540230 2474
1540240 2479
1540250 2479
1540260 2482
1540270 2485
1540280 2485
1540290 2488
1540300 2492
1540310 2493
1540320 2493
1540330 2491
1540340 2490
1540350 2490
1540360 2490
1540370 2488
1540380 2488
1540390 2492
1540400 2493
1540410 2493
1540420 2487
1540430 2480
1540440 2480
1540450 2474
1540460 2471
1540470 2471
1540480 2468
1540490 2465
1540500 2465
1540510 2466
1540520 2467
1540530 2467
1540540 2464
1540550 2464
1540560 2471
1540570 2471
1540580 2477
1540590 2475
1540600 2475
1540610 2474
1540620 2474
1540630 2474
1540640 2474
1540650 2475
1540660 2475
1540670 2474
1540680 2472
1540690 2472
1540700 2471
1540710 2470
1540720 2470
1540730 2468
1540740 2466
1540750 2466
1540760 2465
1540770 2465
1540780 2465
1540790 2464
1540800 2462
1540810 2460
1540820 2460
1540830 2457
1540840 2456
1540850 2456
1540860 2455
1540870 2452
1540880 2452
1540890 2451
1540900 2453
1540910 2453
1540920 2450
1540930 2448
1540940 2448
1540950 2448
1540960 2447
1540970 2447
1540980 2445
1540990 2442
1541000 2442
1541010 2440
1541020 2438
1541030 2438
1541040 2434
1541050 2429
1541060 2429
1541070 2429
1541080 2430
1541090 2434
1541100 2434
1541110 2434
1541120 2435
1541130 2435
1541140 2441
1541150 2444
1541160 2444
1541170 2447
1541180 2451
1541190 2451
1541200 2456
1541210 2460
1541220 2460
1541230 2466
1541240 2471
1541250 2471
1541260 2477
1541270 2483
1541280 2483
1541290 2489
1541300 2493
1541310 2497
1541320 2497
1541330 2503
1541340 2510
1541350 2510
1541360 2515
1541370 2517
1541380 2517
1541390 2519
1541400 2522
1541410 2522
1541420 2525
1541430 2528
1541440 2528
1541450 2532
1541460 2536
1541470 2536
1541480 2538
1541490 2540
1541500 2540
1541510 2544
1541520 2548
1541530 2548
1541540 2552
1541550 2557
1541560 2561
1541570 2561
1541580 2564
1541590 2568
1541600 2568
1541610 2573
1541620 2579
1541630 2579
1541640 2592
1541650 2605
1541660 2605
1541670 2610
1541680 2615
1541690 2615
1541700 2630
1541710 2642
1541720 2642
1541730 2648
1541740 2654
1541750 2654
1541760 2662
1541770 2670
1541780 2670
1541790 2678
1541800 2686
1541810 2693
1541820 2693
1541830 2701
1541840 2710
1541850 2710
1541860 2710
1541870 2700
1541880 2700
1541890 2687
1541900 2686
1541910 2686
1541920 2683
1541930 2673
1541940 2673
1541950 2673
1541960 2670
1541970 2670
1541980 2662
1541990 2651
1542000 2651
1542010 2643
1542020 2638
1542030 2638
1542040 2642
1542050 2637
1542060 2634
1542070 2634
1542080 2632
1542090 2628
1542100 2628
1542110 2626
1542120 2624
1542130 2624
1542140 2622
1542150 2621
1542160 2621
1542170 2621
1542180 2621
1542190 2621
1542200 2621
1542210 2617
1542220 2617
1542230 2608
1542240 2599
1542250 2599
1542260 2588
1542270 2576
1542280 2576
1542290 2565
1542300 2557
1542310 2540
1542320 2540
1542330 2513
1542340 2493
1542350 2493
1542360 2482
1542370 2475
1542380 2475
1542390 2468
1542400 2461
1542410 2461
1542420 2453
1542430 2447
1542440 2447
1542450 2440
1542460 2433
1542470 2433
1542480 2427
1542490 2421
1542500 2421
1542510 2416
1542520 2411
1542530 2411
1542540 2405
1542550 2398
1542560 2392
1542570 2392
1542580 2388
1542590 2384
1542600 2384
1542610 2380
1542620 2375
1542630 2375
1542640 2371
1542650 2368
1542660 2368
1542670 2366
1542680 2366
1542690 2366
1542700 2365
1542710 2365
1542720 2365
1542730 2365
1542740 2363
1542750 2363
1542760 2358
1542770 2353
1542780 2353
1542790 2349
1542800 2344
1542810 2340
1542820 2340
1542830 2335
1542840 2330
1542850 2330
1542860 2328
1542870 2326
1542880 2326
1542890 2323
1542900 2318
1542910 2318
1542920 2315
1542930 2312
1542940 2312
1542950 2310
1542960 2308
1542970 2308
1542980 2305
1542990 2302
1543000 2302
1543010 2297
1543020 2291
1543030 2291
1543040 2285
1543050 2279
1543060 2273
1543070 2273
1543080 2265
1543090 2259
1543100 2259
1543110 2254
1543120 2250
1543130 2250
1543140 2245
1543150 2241
1543160 2241
1543170 2237
1543180 2235
1543190 2235
1543200 2233
1543210 2233
1543220 2233
1543230 2231
1543240 2230
1543250 2230
1543260 2227
1543270 2221
1543280 2221
1543290 2217
1543300 2212
1543310 2208
1543320 2208
1543330 2205
1543340 2200
1543350 2200
1543360 2192
1543370 2183
1543380 2183
1543390 2174
1543400 2168
1543410 2168
1543420 2163
1543430 2159
1543440 2159
1543450 2156
1543460 2154
1543470 2154
1543480 2152
1543490 2151
1543500 2151
1543510 2147
1543520 2144
1543530 2144
1543540 2140
1543550 2137
1543560 2133
1543570 2133
1543580 2129
1543590 2124
1543600 2124
1543610 2120
1543620 2116
1543630 2116
1543640 2111
1543650 2106
1543660 2106
1543670 2100
1543680 2093
1543690 2093
1543700 2086
1543710 2080
1543720 2080
1543730 2073
1543740 2066
1543750 2066
1543760 2061
1543770 2056
1543780 2056
1543790 2051
1543800 2044
1543810 2039
1543820 2039
1543830 2037
1543840 2036
1543850 2036
1543860 2033
1543870 2028
1543880 2028
1543890 2023
1543900 2018
1543910 2018
1543920 2013
1543930 2004
1543940 2004
1543950 1992
1543960 1980
1543970 1980
1543980 1965
1543990 1951
1544000 1951
1544010 1944
1544020 1941
1544030 1941
1544040 1938
1544050 1940
1544060 1942
1544070 1942
1544080 1940
1544090 1939
1544100 1939
1544110 1939
1544120 1939
1544130 1939
1544140 1939
1544150 1937
1544160 1937
1544170 1933
1544180 1927
1544190 1927
1544200 1920
1544210 1914
1544220 1916
1544230 1910
1544240 1906
1544250 1906
1544260 1902
1544270 1900
1544280 1900
1544290 1898
1544300 1894
1544310 1889
1544320 1889
1544330 1885
1544340 1883
1544350 1883
1544360 1880
1544370 1876
1544380 1876
1544390 1875
1544400 1874
1544410 1874
1544420 1875
1544430 1874
1544440 1874
1544450 1875
1544460 1869
1544470 1869
1544480 1861
1544490 1869
1544500 1869
1544510 1869
1544520 1861
1544530 1861
1544540 1855
1544550 1853
1544560 1848
1544570 1848
1544580 1844
1544590 1840
1544600 1840
1544610 1830
1544620 1825
1544630 1825
1544640 1821
1544650 1823
1544660 1823
1544670 1820
1544680 1814
1544690 1814
1544700 1808
1544710 1803
1544720 1803
1544730 1798
1544740 1792
1544750 1792
1544760 1783
1544770 1773
1544780 1763
1544790 1763
1544800 1753
1544810 1745
1544820 1745
1544830 1737
1544840 1732
1544850 1732
1544860 1727
1544870 1725
1544880 1725
1544890 1724
1544900 1722
1544910 1722
1544920 1719
1544930 1717
1544940 1717
1544950 1715
1544960 1713
1544970 1713
1544980 1710
1544990 1708
1545000 1708
1545010 1703
1545020 1699
1545030 1696
1545040 1696
1545050 1693
1545060 1691
1545070 1691
1545080 1688
1545090 1684
1545100 1684
1545110 1680
1545120 1678
1545130 1678
1545140 1676
1545150 1672
1545160 1672
1545170 1668
1545180 1665
1545190 1665
1545200 1665
1545210 1667
1545220 1667
1545230 1670
1545240 1672
1545250 1672
1545260 1673
1545270 1673
1545280 1670
1545290 1670
1545300 1672
1545310 1675
1545320 1675
1545330 1676
1545340 1676
1545350 1676
1545360 1678
1545370 1679
1545380 1679
1545390 1679
1545400 1681
1545410 1681
1545420 1684
1545430 1688
1545440 1688
1545450 1690
1545460 1692
1545470 1692
1545480 1694
1545490 1696
1545500 1696
1545510 1698
1545520 1700
1545530 1702
1545540 1702
1545550 1704
1545560 1706
1545570 1706
1545580 1708
1545590 1710
1545600 1710
1545610 1712
1545620 1715
1545630 1715
1545640 1717
1545650 1718
1545660 1718
1545670 1720
1545680 1723
1545690 1723
1545700 1725
1545710 1729
1545720 1729
1545730 1733
1545740 1736
1545750 1736
1545760 1739
1545770 1742
1545780 1746
1545790 1746
1545800 1749
1545810 1752
1545820 1752
1545830 1756
1545840 1757
1545850 1757
1545860 1757
1545870 1758
1545880 1758
1545890 1762
1545900 1769
1545910 1769
1545920 1774
1545930 1778
1545940 1778
1545950 1781
1545960 1785
1545970 1785
1545980 1791
1545990 1796
1546000 1796
1546010 1801
1546020 1805
1546030 1812
1546040 1812
1546050 1819
1546060 1826
1546070 1826
1546080 1833
1546090 1840
1546100 1840
1546110 1848
1546120 1855
1546130 1855
1546140 1861
1546150 1866
1546160 1866
1546170 1871
1546180 1877
1546190 1877
1546200 1882
1546210 1885
1546220 1885
1546230 1890
1546240 1894
1546250 1894
1546260 1899
1546270 1904
1546280 1908
1546290 1908
1546300 1914
1546310 1919
1546320 1923
1546330 1929
1546340 1933
1546350 1933
1546360 1938
1546370 1943
1546380 1943
1546390 1949
1546400 1956
1546410 1956
1546420 1965
1546430 1971
1546440 1971
1546450 1978
1546460 1987
1546470 1987
1546480 1994
1546490 2002
1546500 2002
1546510 2011
1546520 2017
1546530 2023
1546540 2023
1546550 2031
1546560 2039
1546570 2039
1546580 2048
1546590 2054
1546600 2054
1546610 2062
1546620 2068
1546630 2068
1546640 2076
1546650 2084
1546660 2084
1546670 2092
1546680 2100
1546690 2100
1546700 2109
1546710 2115
1546720 2115
1546730 2121
1546740 2127
1546750 2127
1546760 2132
1546770 2138
1546780 2144
1546790 2144
1546800 2149
1546810 2153
1546820 2153
1546830 2157
1546840 2162
1546850 2162
1546860 2166
1546870 2170
1546880 2170
1546890 2175
1546900 2179
1546910 2179
1546920 2182
1546930 2186
1546940 2186
1546950 2192
1546960 2195
1546970 2195
1546980 2191
1546990 2186
1547000 2186
1547010 2180
1547020 2173
1547030 2166
1547040 2166
1547050 2159
1547060 2151
1547070 2151
1547080 2144
1547090 2137
1547100 2137
1547110 2131
1547120 2125
1547130 2125
1547140 2117
1547150 2109
1547160 2109
1547170 2100
1547180 2092
1547190 2092
1547200 2082
1547210 2066
1547220 2066
1547230 2047
1547240 2029
1547250 2029
1547260 2020
1547270 2014
1547280 2008
1547290 2008
1547300 2002
1547310 1996
1547320 1996
1547330 1990
1547340 1983
1547350 1983
1547360 1975
1547370 1966
1547380 1966
1547390 1958
1547400 1952
1547410 1952
1547420 1947
1547430 1943
1547440 1943
1547450 1937
1547460 1931
1547470 1931
1547480 1927
1547490 1923
1547500 1923
1547510 1919
1547520 1916
1547530 1911
1547540 1911
1547550 1907
1547560 1902
1547570 1902
1547580 1895
1547590 1888
1547600 1888
1547610 1881
1547620 1873
1547630 1873
1547640 1864
1547650 1857
1547660 1857
1547670 1851
1547680 1847
1547690 1847
1547700 1841
1547710 1834
1547720 1834
1547730 1824
1547740 1816
1547750 1816
1547760 1806
1547770 1798
1547780 1787
1547790 1787
1547800 1779
1547810 1771
1547820 1771
1547830 1762
1547840 1755
1547850 1755
1547860 1749
1547870 1743
1547880 1743
1547890 1739
1547900 1735
1547910 1735
1547920 1732
1547930 1729
1547940 1729
1547950 1725
1547960 1722
1547970 1722
1547980 1718
1547990 1716
1548000 1716
1548010 1716
1548020 1714
1548030 1711
1548040 1711
1548050 1707
1548060 1703
1548070 1703
1548080 1699
1548090 1697
1548100 1697
1548110 1693
1548120 1690
1548130 1690
1548140 1686
1548150 1681
1548160 1681
1548170 1678
1548180 1674
1548190 1674
1548200 1671
1548210 1667
1548220 1667
1548230 1662
1548240 1659
1548250 1659
1548260 1656
1548270 1655
1548280 1655
1548290 1655
1548300 1655
1548310 1654
1548320 1654
1548330 1653
1548340 1655
1548350 1655
1548360 1656
1548370 1656
1548380 1656
1548390 1659
1548400 1665
1548410 1665
1548420 1671
1548430 1675
1548440 1675
1548450 1679
1548460 1680
1548470 1680
1548480 1681
1548490 1685
1548500 1685
1548510 1693
1548520 1700
1548530 1707
1548540 1707
1548550 1712
1548560 1718
1548570 1718
1548580 1724
1548590 1728
1548600 1728
1548610 1732
1548620 1735
1548630 1735
1548640 1739
1548650 1742
1548660 1742
1548670 1745
1548680 1749
1548690 1749
1548700 1753
1548710 1757
1548720 1757
1548730 1761
1548740 1765
1548750 1765
1548760 1768
1548770 1772
1548780 1775
1548790 1775
1548800 1780
1548810 1784
1548820 1784
1548830 1788
1548840 1793
1548850 1793
1548860 1797
1548870 1801
1548880 1801
1548890 1806
1548900 1810
1548910 1810
1548920 1815
1548930 1820
1548940 1820
1548950 1826
1548960 1834
1548970 1834
1548980 1842
1548990 1849
1549000 1849
1549010 1857
1549020 1864
1549030 1871
1549040 1871
1549050 1878
1549060 1885
1549070 1885
1549080 1892
1549090 1900
1549100 1900
1549110 1908
1549120 1916
1549130 1916
1549140 1924
1549150 1932
1549160 1932
1549170 1939
1549180 1946
1549190 1946
1549200 1953
1549210 1960
1549220 1960
1549230 1967
1549240 1972
1549250 1972
1549260 1976
1549270 1977
1549280 1977
1549290 1977
1549300 1978
1549310 1979
1549320 1979
1549330 1980
1549340 1981
1549350 1981
1549360 1980
1549370 1978
1549380 1978
1549390 1981
1549400 1988
1549410 1988
1549420 1995
1549430 2003
1549440 2003
1549450 2010
1549460 2018
1549470 2018
1549480 2026
1549490 2034
1549500 2034
1549510 2042
1549520 2051
1549530 2056
1549540 2056
1549550 2057
1549560 2058
1549570 2058
1549580 2058
1549590 2057
1549600 2057
1549610 2055
1549620 2053
1549630 2053
1549640 2051
1549650 2050
1549660 2050
1549670 2050
1549680 2050
1549690 2050
1549700 2050
1549710 2052
1549720 2052
1549730 2054
1549740 2055
1549750 2055
1549760 2057
1549770 2059
1549780 2061
1549790 2061
1549800 2063
1549810 2068
1549820 2068
1549830 2071
1549840 2072
1549850 2072
1549860 2073
1549870 2073
1549880 2073
1549890 2075
1549900 2077
1549910 2077
1549920 2079
1549930 2081
1549940 2081
1549950 2084
1549960 2089
1549970 2089
1549980 2092
1549990 2095
1550000 2095
1550010 2097
1550020 2097
1550030 2100
1550040 2100
1550050 2107
1550060 2114
1550070 2114
1550080 2121
1550090 2128
1550100 2128
1550110 2133
1550120 2138
1550130 2138
1550140 2144
1550150 2150
1550160 2150
1550170 2157
1550180 2168
1550190 2168
1550200 2179
1550210 2193
1550220 2193
1550230 2207
1550240 2217
1550250 2217
1550260 2226
1550270 2234
1550280 2239
1550290 2239
1550300 2248
1550310 2255
1550320 2255
1550330 2272
1550340 2282
1550350 2282
1550360 2290
1550370 2297
1550380 2297
1550390 2304
1550400 2307
1550410 2307
1550420 2307
1550430 2310
1550440 2310
1550450 2311
1550460 2310
1550470 2310
1550480 2308
1550490 2305
1550500 2305
1550510 2303
1550520 2297
1550530 2290
1550540 2290
1550550 2288
1550560 2284
1550570 2284
1550580 2281
1550590 2280
1550600 2280
1550610 2278
1550620 2278
1550630 2278
1550640 2283
1550650 2286
1550660 2286
1550670 2282
1550680 2282
1550690 2282
1550700 2283
1550710 2276
1550720 2276
1550730 2271
1550740 2265
1550750 2265
1550760 2255
1550770 2247
1550780 2240
1550790 2240
1550800 2235
1550810 2231
1550820 2231
1550830 2224
1550840 2219
1550850 2219
1550860 2216
1550870 2214
1550880 2214
1550890 2213
1550900 2211
1550910 2211
1550920 2207
1550930 2204
1550940 2204
1550950 2200
1550960 2197
1550970 2197
1550980 2194
1550990 2190
1551000 2190
1551010 2187
1551020 2183
1551030 2180
1551040 2180
1551050 2177
1551060 2175
1551070 2175
1551080 2174
1551090 2173
1551100 2173
1551110 2172
1551120 2170
1551130 2170
1551140 2166
1551150 2166
1551160 2166
1551170 2168
1551180 2171
1551190 2171
1551200 2174
1551210 2176
1551220 2176
1551230 2179
1551240 2181
1551250 2181
1551260 2184
1551270 2186
1551280 2188
1551290 2188
1551300 2189
1551310 2192
1551320 2192
1551330 2188
1551340 2180
1551350 2180
1551360 2173
1551370 2165
1551380 2165
1551390 2161
1551400 2156
1551410 2156
1551420 2152
1551430 2149
1551440 2149
1551450 2146
1551460 2142
1551470 2142
1551480 2140
1551490 2137
1551500 2137
1551510 2135
1551520 2133
1551530 2131
1551540 2131
1551550 2129
1551560 2129
1551570 2129
1551580 2128
1551590 2129
1551600 2129
1551610 2128
1551620 2129
1551630 2129
1551640 2128
1551650 2126
1551660 2126
1551670 2122
1551680 2119
1551690 2119
1551700 2120
1551710 2120
1551720 2120
1551730 2118
1551740 2114
1551750 2114
1551760 2111
1551770 2107
1551780 2105
1551790 2105
1551800 2104
1551810 2105
1551820 2105
1551830 2106
1551840 2107
1551850 2107
1551860 2108
1551870 2108
1551880 2108
1551890 2109
1551900 2111
1551910 2111
1551920 2112
1551930 2112
1551940 2112
1551950 2109
1551960 2105
1551970 2105
1551980 2099
1551990 2098
1552000 2098
1552010 2093
1552020 2088
1552030 2085
1552040 2085
1552050 2081
1552060 2085
1552070 2085
1552080 2085
1552090 2087
1552100 2087
1552110 2088
1552120 2090
1552130 2090
1552140 2090
1552150 2091
1552160 2091
1552170 2089
1552180 2088
1552190 2088
1552200 2087
1552210 2086
1552220 2093
1552230 2092
1552240 2092
1552250 2092
1552260 2092
1552270 2093
1552280 2093
1552290 2093
1552300 2091
1552310 2090
1552320 2090
1552330 2092
1552340 2095
1552350 2095
1552360 2096
1552370 2098
1552380 2098
1552390 2100
1552400 2104
1552410 2104
1552420 2104
1552430 2102
1552440 2102
1552450 2104
1552460 2104
1552470 2104
1552480 2101
1552490 2098
1552500 2098
1552510 2093
1552520 2083
1552530 2076
1552540 2076
1552550 2074
1552560 2069
1552570 2069
1552580 2065
1552590 2062
1552600 2062
1552610 2056
1552620 2051
1552630 2051
1552640 2046
1552650 2041
1552660 2041
1552670 2036
1552680 2030
1552690 2030
1552700 2025
1552710 2021
1552720 2021
1552730 2016
1552740 2010
1552750 2010
1552760 2005
1552770 1997
1552780 1992
1552790 1992
1552800 1987
1552810 1983
1552820 1983
1552830 1978
1552840 1974
1552850 1974
1552860 1970
1552870 1966
1552880 1966
1552890 1962
1552900 1956
1552910 1956
1552920 1951
1552930 1946
1552940 1946
1552950 1943
1552960 1939
1552970 1939
1552980 1937
1552990 1935
1553000 1935
1553010 1934
1553020 1932
1553030 1931
1553040 1931
1553050 1934
1553060 1936
1553070 1936
1553080 1935
1553090 1932
1553100 1932
1553110 1929
1553120 1925
1553130 1925
1553140 1919
1553150 1915
1553160 1915
1553170 1909
1553180 1904
1553190 1904
1553200 1902
1553210 1902
1553220 1902
1553230 1902
1553240 1901
1553250 1901
1553260 1900
1553270 1898
1553280 1898
1553290 1898
1553300 1896
1553310 1894
1553320 1894
1553330 1891
1553340 1888
1553350 1888
1553360 1887
1553370 1887
1553380 1887
1553390 1886
1553400 1882
1553410 1882
1553420 1875
1553430 1871
1553440 1871
1553450 1868
1553460 1865
1553470 1865
1553480 1861
1553490 1857
1553500 1857
1553510 1852
1553520 1848
1553530 1844
1553540 1844
1553550 1840
1553560 1836
1553570 1836
1553580 1832
1553590 1827
1553600 1827
1553610 1823
1553620 1819
1553630 1819
1553640 1814
1553650 1809
1553660 1809
1553670 1804
1553680 1799
1553690 1799
1553700 1795
1553710 1790
1553720 1790
1553730 1787
1553740 1784
1553750 1784
1553760 1782
1553770 1779
1553780 1777
1553790 1777
1553800 1773
1553810 1771
1553820 1771
1553830 1769
1553840 1767
1553850 1767
1553860 1766
1553870 1765
1553880 1765
1553890 1765
1553900 1763
1553910 1763
1553920 1760
1553930 1757
1553940 1757
1553950 1752
1553960 1746
1553970 1746
1553980 1738
1553990 1730
1554000 1730
1554010 1725
1554020 1725
1554030 1727
1554040 1727
1554050 1728
1554060 1726
1554070 1721
1554080 1718
1554090 1715
1554100 1715
1554110 1711
1554120 1707
1554130 1707
1554140 1705
1554150 1704
1554160 1704
1554170 1705
1554180 1706
1554190 1706
1554200 1706
1554210 1704
1554220 1704
1554230 1704
1554240 1707
1554250 1707
1554260 1709
1554270 1709
1554280 1707
1554290 1707
1554300 1704
1554310 1705
1554320 1705
1554330 1705
1554340 1706
1554350 1706
1554360 1707
1554370 1707
1554380 1707
1554390 1707
1554400 1707
1554410 1707
1554420 1704
1554430 1699
1554440 1699
1554450 1694
1554460 1690
1554470 1690
1554480 1688
1554490 1684
1554500 1684
1554510 1682
1554520 1681
1554530 1679
1554540 1679
1554550 1678
1554560 1679
1554570 1679
1554580 1678
1554590 1677
1554600 1677
1554610 1674
1554620 1661
1554630 1661
1554640 1652
1554650 1643
1554660 1643
1554670 1635
1554680 1627
1554690 1627
1554700 1619
1554710 1613
1554720 1613
1554730 1609
1554740 1604
1554750 1604
1554760 1600
1554770 1595
1554780 1589
1554790 1589
1554800 1583
1554810 1577
1554820 1577
1554830 1570
1554840 1563
1554850 1563
1554860 1555
1554870 1548
1554880 1548
1554890 1538
1554900 1529
1554910 1529
1554920 1523
1554930 1518
1554940 1518
1554950 1514
1554960 1509
1554970 1509
1554980 1502
1554990 1493
1555000 1493
1555010 1484
1555020 1475
1555030 1467
1555040 1467
1555050 1460
1555060 1453
1555070 1453
1555080 1446
1555090 1439
1555100 1439
1555110 1432
1555120 1426
1555130 1426
1555140 1420
1555150 1415
1555160 1415
1555170 1412
1555180 1409
1555190 1409
1555200 1406
1555210 1402
1555220 1402
1555230 1400
1555240 1399
1555250 1399
1555260 1395
1555270 1393
1555280 1393
1555290 1393
1555300 1390
1555310 1385
1555320 1385
1555330 1383
1555340 1384
1555350 1384
1555360 1384
1555370 1384
1555380 1384
1555390 1385
1555400 1385
1555410 1385
1555420 1385
1555430 1385
1555440 1385
1555450 1384
1555460 1383
1555470 1383
1555480 1383
1555490 1384
1555500 1384
1555510 1383
1555520 1383
1555530 1384
1555540 1384
1555550 1384
1555560 1384
1555570 1384
1555580 1384
1555590 1383
1555600 1383
1555610 1384
1555620 1384
1555630 1384
1555640 1384
1555650 1384
1555660 1384
1555670 1385
1555680 1386
1555690 1386
1555700 1387
1555710 1388
1555720 1388
1555730 1389
1555740 1390
1555750 1390
1555760 1393
1555770 1397
1555780 1400
1555790 1400
1555800 1404
1555810 1408
1555820 1408
1555830 1413
1555840 1418
1555850 1418
1555860 1422
1555870 1425
1555880 1427
1555890 1432
1555900 1437
1555910 1437
1555920 1440
1555930 1443
1555940 1443
1555950 1448
1555960 1453
1555970 1453
1555980 1459
1555990 1464
1556000 1468
1556010 1468
1556020 1473
1556030 1478
1556040 1478
1556050 1484
1556060 1490
1556070 1490
1556080 1496
1556090 1502
1556100 1502
1556110 1507
1556120 1513
1556130 1513
1556140 1519
1556150 1524
1556160 1524
1556170 1529
1556180 1534
1556190 1534
1556200 1541
1556210 1547
1556220 1547
1556230 1553
1556240 1558
1556250 1564
1556260 1564
1556270 1571
1556280 1578
1556290 1578
1556300 1585
1556310 1592
1556320 1592
1556330 1601
1556340 1609
1556350 1609
1556360 1616
1556370 1623
1556380 1623
1556390 1631
1556400 1638
1556410 1638
1556420 1644
1556430 1651
1556440 1651
1556450 1659
1556460 1668
1556470 1668
1556480 1676
1556490 1685
1556500 1692
1556510 1692
1556520 1701
1556530 1709
1556540 1709
1556550 1717
1556560 1725
1556570 1725
1556580 1732
1556590 1740
1556600 1740
1556610 1747
1556620 1754
1556630 1754
1556640 1762
1556650 1768
1556660 1768
1556670 1775
1556680 1782
1556690 1782
1556700 1789
1556710 1796
1556720 1796
1556730 1803
1556740 1810
1556750 1816
1556760 1816
1556770 1822
1556780 1825
1556790 1825
1556800 1828
1556810 1830
1556820 1830
1556830 1832
1556840 1833
1556850 1833
1556860 1832
1556870 1831
1556880 1831
1556890 1828
1556900 1826
1556910 1826
1556920 1823
1556930 1820
1556940 1820
1556950 1817
1556960 1814
1556970 1814
1556980 1812
1556990 1810
1557000 1809
1557010 1809
1557020 1807
1557030 1805
1557040 1805
1557050 1802
1557060 1799
1557070 1799
1557080 1798
1557090 1797
1557100 1797
1557110 1795
1557120 1794
1557130 1794
1557140 1792
1557150 1787
1557160 1787
1557170 1788
1557180 1793
1557190 1793
1557200 1796
1557210 1799
1557220 1799
1557230 1800
1557240 1801
1557250 1802
1557260 1802
1557270 1802
1557280 1805
1557290 1805
1557300 1807
1557310 1810
1557320 1810
1557330 1811
1557340 1814
1557350 1814
1557360 1815
1557370 1817
1557380 1817
1557390 1819
1557400 1822
1557410 1822
1557420 1825
1557430 1828
1557440 1828
1557450 1829
1557460 1832
1557470 1832
1557480 1834
1557490 1836
1557500 1837
1557510 1837
1557520 1839
1557530 1841
1557540 1841
1557550 1844
1557560 1846
1557570 1846
1557580 1849
1557590 1854
1557600 1854
1557610 1858
1557620 1863
1557630 1863
1557640 1868
1557650 1871
1557660 1871
1557670 1875
1557680 1881
1557690 1881
1557700 1886
1557710 1890
1557720 1890
1557730 1896
1557740 1901
1557750 1907
1557760 1907
1557770 1913
1557780 1919
1557790 1919
1557800 1925
1557810 1930
1557820 1930
1557830 1937
1557840 1942
1557850 1942
1557860 1948
1557870 1954
1557880 1954
1557890 1959
1557900 1964
1557910 1964
1557920 1970
1557930 1974
1557940 1974
1557950 1980
1557960 1986
1557970 1986
1557980 1994
1557990 1999
1558000 2004
1558010 2004
1558020 2011
1558030 2016
1558040 2016
1558050 2021
1558060 2028
1558070 2028
1558080 2033
1558090 2038
1558100 2038
1558110 2043
1558120 2048
1558130 2048
1558140 2054
1558150 2060
1558160 2060
1558170 2066
1558180 2073
1558190 2073
1558200 2081
1558210 2088
1558220 2088
1558230 2096
1558240 2103
1558250 2110
1558260 2110
1558270 2117
1558280 2124
1558290 2124
1558300 2131
1558310 2138
1558320 2138
1558330 2145
1558340 2153
1558350 2153
1558360 2160
1558370 2168
1558380 2168
1558390 2175
1558400 2183
1558410 2183
1558420 2190
1558430 2198
1558440 2198
1558450 2206
1558460 2213
1558470 2213
1558480 2220
1558490 2227
1558500 2234
1558510 2234
1558520 2243
1558530 2251
1558540 2251
1558550 2257
1558560 2262
1558570 2262
1558580 2266
1558590 2268
1558600 2268
1558610 2269
1558620 2273
1558630 2273
1558640 2281
1558650 2288
1558660 2288
1558670 2294
1558680 2300
1558690 2300
1558700 2306
1558710 2311
1558720 2311
1558730 2317
1558740 2323
1558750 2329
1558760 2329
1558770 2336
1558780 2343
1558790 2343
1558800 2350
1558810 2357
1558820 2357
1558830 2362
1558840 2367
1558850 2367
1558860 2373
1558870 2380
1558880 2380
1558890 2385
1558900 2392
1558910 2392
1558920 2395
1558930 2394
1558940 2394
1558950 2393
1558960 2391
1558970 2391
1558980 2388
1558990 2386
1559000 2383
1559010 2383
1559020 2380
1559030 2377
1559040 2377
1559050 2375
1559060 2371
1559070 2371
1559080 2369
1559090 2366
1559100 2366
1559110 2364
1559120 2362
1559130 2362
1559140 2362
1559150 2362
1559160 2362
1559170 2361
1559180 2361
1559190 2361
1559200 2360
1559210 2359
1559220 2359
1559230 2359
1559240 2358
1559250 2358
1559260 2358
1559270 2357
1559280 2355
1559290 2355
1559300 2352
1559310 2349
1559320 2349
1559330 2346
1559340 2341
1559350 2341
1559360 2336
1559370 2339
1559380 2339
1559390 2337
1559400 2336
1559410 2336
1559420 2335
1559430 2333
1559440 2333
1559450 2330
1559460 2327
1559470 2327
1559480 2323
1559490 2321
1559500 2322
1559510 2322
1559520 2324
1559530 2327
1559540 2327
1559550 2331
1559560 2334
1559570 2334
1559580 2337
1559590 2340
1559600 2340
1559610 2343
1559620 2346
1559630 2346
1559640 2347
1559650 2348
1559660 2348
1559670 2349
1559680 2351
1559690 2351
1559700 2355
1559710 2360
1559720 2360
1559730 2365
1559740 2371
1559750 2376
1559760 2376
1559770 2380
1559780 2385
1559790 2385
1559800 2387
1559810 2390
1559820 2390
1559830 2378
1559840 2376
1559850 2376
1559860 2383
1559870 2392
1559880 2392
1559890 2395
1559900 2398
1559910 2398
1559920 2400
1559930 2402
1559940 2402
1559950 2398
1559960 2396
1559970 2396
1559980 2389
1559990 2386
