1540000 2244
1540010 2243
1540020 2242
1540030 2242
1540040 2242
1540050 2242
1540060 2242
1540070 2242
1540080 2241
1540090 2241
1540100 2241
1540110 2241
1540120 2241
1540130 2243
1540140 2245
1540150 2245
1540160 2246
1540170 2247
1540180 2247
1540190 2246
1540200 2246
1540210 2246
1540220 2245
1540230 2243
1540240 2240
1540250 2240
1540260 2237
1540270 2236
1540280 2236
1540290 2234
1540300 2231
1540310 2231
1540320 2227
1540330 2225
1540340 2225
1540350 2222
1540360 2222
1540370 2222
1540380 2219
1540390 2219
1540400 2219
1540410 2220
1540420 2222
1540430 2222
1540440 2223
1540450 2225
1540460 2225
1540470 2227
1540480 2229
1540490 2230
1540500 2230
1540510 2230
1540520 2230
1540530 2230
1540540 2232
1540550 2235
1540560 2235
1540570 2240
1540580 2243
1540590 2243
1540600 2246
1540610 2249
1540620 2249
1540630 2252
1540640 2253
1540650 2253
1540660 2256
1540670 2260
1540680 2260
1540690 2263
1540700 2267
1540710 2267
1540720 2271
1540730 2274
1540740 2278
1540750 2278
1540760 2282
1540770 2286
1540780 2286
1540790 2290
1540800 2294
1540810 2294
1540820 2296
1540830 2299
1540840 2299
1540850 2302
1540860 2305
1540870 2305
1540880 2309
1540890 2313
1540900 2313
1540910 2315
1540920 2319
1540930 2319
1540940 2323
1540950 2326
1540960 2326
1540970 2330
1540980 2335
1540990 2338
1541000 2338
1541010 2341
1541020 2344
1541030 2344
1541040 2348
1541050 2352
1541060 2352
1541070 2355
1541080 2357
1541090 2357
1541100 2361
1541110 2365
1541120 2365
1541130 2368
1541140 2369
1541150 2369
1541160 2370
1541170 2373
1541180 2373
1541190 2376
1541200 2379
1541210 2379
1541220 2381
1541230 2384
1541240 2388
1541250 2388
1541260 2392
1541270 2397
1541280 2397
1541290 2402
1541300 2407
1541310 2407
1541320 2412
1541330 2417
1541340 2417
1541350 2422
1541360 2426
1541370 2426
1541380 2427
1541390 2433
1541400 2433
1541410 2438
1541420 2443
1541430 2443
1541440 2447
1541450 2453
1541460 2453
1541470 2459
1541480 2465
1541490 2472
1541500 2472
1541510 2479
1541520 2486
1541530 2486
1541540 2496
1541550 2507
1541560 2507
1541570 2515
1541580 2522
1541590 2522
1541600 2532
1541610 2540
1541620 2540
1541630 2548
1541640 2559
1541650 2559
1541660 2568
1541670 2574
1541680 2574
1541690 2580
1541700 2584
1541710 2584
1541720 2595
1541730 2605
1541740 2613
1541750 2613
1541760 2614
1541770 2608
1541780 2608
1541790 2603
1541800 2597
1541810 2597
1541820 2592
1541830 2588
1541840 2588
1541850 2585
1541860 2583
1541870 2583
1541880 2581
1541890 2577
1541900 2577
1541910 2573
1541920 2568
1541930 2568
1541940 2563
1541950 2561
1541960 2561
1541970 2558
1541980 2556
1541990 2553
1542000 2553
1542010 2548
1542020 2540
1542030 2540
1542040 2531
1542050 2522
1542060 2522
1542070 2516
1542080 2509
1542090 2509
1542100 2502
1542110 2495
1542120 2495
1542130 2489
1542140 2483
1542150 2483
1542160 2475
1542170 2468
1542180 2468
1542190 2459
1542200 2453
1542210 2453
1542220 2446
1542230 2442
1542240 2440
1542250 2440
1542260 2439
1542270 2438
1542280 2438
1542290 2439
1542300 2443
1542310 2443
1542320 2447
1542330 2450
1542340 2450
1542350 2451
1542360 2451
1542370 2451
1542380 2450
1542390 2448
1542400 2448
1542410 2446
1542420 2445
1542430 2445
1542440 2444
1542450 2444
1542460 2444
1542470 2444
1542480 2446
1542490 2453
1542500 2453
1542510 2461
1542520 2469
1542530 2469
1542540 2475
1542550 2478
1542560 2478
1542570 2481
1542580 2483
1542590 2483
1542600 2485
1542610 2486
1542620 2486
1542630 2488
1542640 2492
1542650 2492
1542660 2497
1542670 2502
1542680 2502
1542690 2508
1542700 2513
1542710 2513
1542720 2519
1542730 2524
1542740 2522
1542750 2522
1542760 2501
1542770 2480
1542780 2480
1542790 2460
1542800 2441
1542810 2441
1542820 2430
1542830 2419
1542840 2419
1542850 2410
1542860 2396
1542870 2396
1542880 2372
1542890 2354
1542900 2354
1542910 2346
1542920 2339
1542930 2339
1542940 2333
1542950 2327
1542960 2327
1542970 2321
1542980 2314
1542990 2306
1543000 2306
1543010 2299
1543020 2292
1543030 2292
1543040 2285
1543050 2280
1543060 2280
1543070 2275
1543080 2270
1543090 2270
1543100 2267
1543110 2261
1543120 2261
1543130 2255
1543140 2249
1543150 2249
1543160 2244
1543170 2240
1543180 2240
1543190 2236
1543200 2231
1543210 2231
1543220 2225
1543230 2220
1543240 2215
1543250 2215
1543260 2210
1543270 2202
1543280 2202
1543290 2194
1543300 2186
1543310 2186
1543320 2179
1543330 2175
1543340 2175
1543350 2173
1543360 2172
1543370 2172
1543380 2171
1543390 2170
1543400 2170
1543410 2170
1543420 2172
1543430 2172
1543440 2173
1543450 2176
1543460 2176
1543470 2176
1543480 2177
1543490 2177
1543500 2177
1543510 2177
1543520 2178
1543530 2178
1543540 2179
1543550 2180
1543560 2180
1543570 2180
1543580 2179
1543590 2179
1543600 2180
1543610 2180
1543620 2180
1543630 2180
1543640 2179
1543650 2179
1543660 2178
1543670 2177
1543680 2183
1543690 2184
1543700 2184
1543710 2184
1543720 2181
1543730 2178
1543740 2174
1543750 2174
1543760 2173
1543770 2174
1543780 2174
1543790 2174
1543800 2175
1543810 2175
1543820 2176
1543830 2178
1543840 2178
1543850 2179
1543860 2178
1543870 2178
1543880 2178
1543890 2176
1543900 2176
1543910 2176
1543920 2176
1543930 2176
1543940 2173
1543950 2170
1543960 2170
1543970 2169
1543980 2168
1543990 2166
1544000 2166
1544010 2162
1544020 2159
1544030 2159
1544040 2158
1544050 2157
1544060 2157
1544070 2156
1544080 2153
1544090 2153
1544100 2150
1544110 2148
1544120 2148
1544130 2147
1544140 2144
1544150 2144
1544160 2141
1544170 2139
1544180 2139
1544190 2139
1544200 2136
1544210 2136
1544220 2131
1544230 2128
1544240 2128
1544250 2128
1544260 2128
1544270 2128
1544280 2128
1544290 2129
1544300 2129
1544310 2129
1544320 2129
1544330 2128
1544340 2128
1544350 2123
1544360 2118
1544370 2118
1544380 2110
1544390 2103
1544400 2103
1544410 2094
1544420 2086
1544430 2086
1544440 2081
1544450 2076
1544460 2076
1544470 2072
1544480 2065
1544490 2053
1544500 2053
1544510 2043
1544520 2037
1544530 2037
1544540 2029
1544550 2023
1544560 2023
1544570 2016
1544580 2011
1544590 2011
1544600 2004
1544610 1995
1544620 1995
1544630 1986
1544640 1971
1544650 1971
1544660 1956
1544670 1941
1544680 1941
1544690 1926
1544700 1914
1544710 1914
1544720 1904
1544730 1894
1544740 1883
1544750 1883
1544760 1869
1544770 1855
1544780 1855
1544790 1847
1544800 1839
1544810 1839
1544820 1831
1544830 1823
1544840 1823
1544850 1816
1544860 1810
1544870 1810
1544880 1804
1544890 1798
1544900 1798
1544910 1794
1544920 1788
1544930 1788
1544940 1783
1544950 1778
1544960 1778
1544970 1773
1544980 1769
1544990 1764
1545000 1764
1545010 1760
1545020 1755
1545030 1755
1545040 1751
1545050 1747
1545060 1747
1545070 1746
1545080 1745
1545090 1745
1545100 1744
1545110 1742
1545120 1742
1545130 1741
1545140 1738
1545150 1738
1545160 1734
1545170 1731
1545180 1731
1545190 1732
1545200 1734
1545210 1734
1545220 1736
1545230 1739
1545240 1742
1545250 1742
1545260 1744
1545270 1745
1545280 1745
1545290 1746
1545300 1747
1545310 1747
1545320 1749
1545330 1751
1545340 1751
1545350 1752
1545360 1754
1545370 1754
1545380 1754
1545390 1756
1545400 1756
1545410 1757
1545420 1759
1545430 1759
1545440 1762
1545450 1765
1545460 1765
1545470 1769
1545480 1773
1545490 1777
1545500 1777
1545510 1782
1545520 1787
1545530 1787
1545540 1791
1545550 1794
1545560 1794
1545570 1799
1545580 1803
1545590 1803
1545600 1808
1545610 1813
1545620 1813
1545630 1818
1545640 1823
1545650 1823
1545660 1828
1545670 1832
1545680 1832
1545690 1836
1545700 1842
1545710 1842
1545720 1849
1545730 1856
1545740 1862
1545750 1862
1545760 1868
1545770 1874
1545780 1874
1545790 1879
1545800 1887
1545810 1887
1545820 1891
1545830 1895
1545840 1895
1545850 1899
1545860 1905
1545870 1905
1545880 1910
1545890 1917
1545900 1917
1545910 1923
1545920 1929
1545930 1929
1545940 1934
1545950 1939
1545960 1939
1545970 1945
1545980 1952
1545990 1957
1546000 1957
1546010 1962
1546020 1967
1546030 1967
1546040 1973
1546050 1978
1546060 1978
1546070 1983
1546080 1988
1546090 1988
1546100 1993
1546110 1998
1546120 1998
1546130 2003
1546140 2008
1546150 2008
1546160 2013
1546170 2018
1546180 2018
1546190 2023
1546200 2028
1546210 2028
1546220 2032
1546230 2037
1546240 2040
1546250 2040
1546260 2044
1546270 2050
1546280 2050
1546290 2056
1546300 2061
1546310 2061
1546320 2067
1546330 2073
1546340 2073
1546350 2078
1546360 2085
1546370 2085
1546380 2090
1546390 2095
1546400 2095
1546410 2099
1546420 2105
1546430 2105
1546440 2111
1546450 2116
1546460 2116
1546470 2121
1546480 2126
1546490 2133
1546500 2133
1546510 2142
1546520 2151
1546530 2151
1546540 2158
1546550 2165
1546560 2165
1546570 2170
1546580 2175
1546590 2175
1546600 2182
1546610 2191
1546620 2191
1546630 2199
1546640 2206
1546650 2206
1546660 2213
1546670 2218
1546680 2218
1546690 2224
1546700 2230
1546710 2230
1546720 2238
1546730 2245
1546740 2252
1546750 2252
1546760 2252
1546770 2244
1546780 2244
1546790 2236
1546800 2229
1546810 2229
1546820 2225
1546830 2222
1546840 2222
1546850 2214
1546860 2204
1546870 2204
1546880 2196
1546890 2187
1546900 2187
1546910 2179
1546920 2171
1546930 2171
1546940 2165
1546950 2160
1546960 2160
1546970 2158
1546980 2152
1546990 2143
1547000 2143
1547010 2131
1547020 2116
1547030 2116
1547040 2102
1547050 2089
1547060 2089
1547070 2077
1547080 2067
1547090 2067
1547100 2059
1547110 2054
1547120 2054
1547130 2049
1547140 2045
1547150 2045
1547160 2041
1547170 2033
1547180 2033
1547190 2022
1547200 2010
1547210 2010
1547220 1997
1547230 1984
1547240 1973
1547250 1973
1547260 1964
1547270 1957
1547280 1957
1547290 1948
1547300 1940
1547310 1940
1547320 1931
1547330 1921
1547340 1921
1547350 1912
1547360 1904
1547370 1904
1547380 1897
1547390 1889
1547400 1889
1547410 1881
1547420 1863
1547430 1863
1547440 1842
1547450 1834
1547460 1834
1547470 1822
1547480 1814
1547490 1810
1547500 1810
1547510 1806
1547520 1800
1547530 1800
1547540 1794
1547550 1787
1547560 1787
1547570 1781
1547580 1774
1547590 1774
1547600 1768
1547610 1763
1547620 1763
1547630 1757
1547640 1752
1547650 1752
1547660 1746
1547670 1741
1547680 1741
1547690 1736
1547700 1732
1547710 1732
1547720 1727
1547730 1722
1547740 1719
1547750 1719
1547760 1715
1547770 1711
1547780 1711
1547790 1708
1547800 1704
1547810 1704
1547820 1701
1547830 1698
1547840 1698
1547850 1695
1547860 1693
1547870 1693
1547880 1690
1547890 1688
1547900 1688
1547910 1686
1547920 1684
1547930 1684
1547940 1682
1547950 1680
1547960 1680
1547970 1680
1547980 1680
1547990 1681
1548000 1681
1548010 1681
1548020 1682
1548030 1682
1548040 1683
1548050 1684
1548060 1684
1548070 1685
1548080 1686
1548090 1686
1548100 1687
1548110 1689
1548120 1689
1548130 1690
1548140 1691
1548150 1691
1548160 1693
1548170 1695
1548180 1695
1548190 1697
1548200 1699
1548210 1699
1548220 1701
1548230 1703
1548240 1705
1548250 1705
1548260 1709
1548270 1714
1548280 1714
1548290 1719
1548300 1724
1548310 1724
1548320 1728
1548330 1732
1548340 1732
1548350 1736
1548360 1738
1548370 1738
1548380 1739
1548390 1741
1548400 1741
1548410 1744
1548420 1748
1548430 1748
1548440 1754
1548450 1762
1548460 1762
1548470 1768
1548480 1773
1548490 1778
1548500 1778
1548510 1780
1548520 1783
1548530 1783
1548540 1787
1548550 1791
1548560 1791
1548570 1794
1548580 1797
1548590 1797
1548600 1800
1548610 1804
1548620 1804
1548630 1808
1548640 1810
1548650 1810
1548660 1813
1548670 1818
1548680 1818
1548690 1826
1548700 1832
1548710 1832
1548720 1840
1548730 1849
1548740 1854
1548750 1854
1548760 1858
1548770 1864
1548780 1864
1548790 1870
1548800 1875
1548810 1875
1548820 1880
1548830 1882
1548840 1882
1548850 1881
1548860 1883
1548870 1883
1548880 1886
1548890 1890
1548900 1890
1548910 1894
1548920 1896
1548930 1896
1548940 1896
1548950 1903
1548960 1903
1548970 1911
1548980 1920
1548990 1928
1549000 1928
1549010 1936
1549020 1944
1549030 1944
1549040 1951
1549050 1957
1549060 1957
1549070 1963
1549080 1970
1549090 1970
1549100 1978
1549110 1986
1549120 1986
1549130 1993
1549140 2000
1549150 2000
1549160 2007
1549170 2014
1549180 2014
1549190 2021
1549200 2027
1549210 2027
1549220 2033
1549230 2042
1549240 2050
1549250 2050
1549260 2058
1549270 2065
1549280 2065
1549290 2072
1549300 2079
1549310 2079
1549320 2085
1549330 2092
1549340 2092
1549350 2098
1549360 2105
1549370 2105
1549380 2112
1549390 2118
1549400 2118
1549410 2124
1549420 2131
1549430 2131
1549440 2138
1549450 2144
1549460 2144
1549470 2151
1549480 2157
1549490 2165
1549500 2165
1549510 2171
1549520 2179
1549530 2179
1549540 2185
1549550 2190
1549560 2190
1549570 2196
1549580 2201
1549590 2201
1549600 2207
1549610 2213
1549620 2213
1549630 2220
1549640 2225
1549650 2225
1549660 2232
1549670 2238
1549680 2238
1549690 2243
1549700 2249
1549710 2249
1549720 2254
1549730 2258
1549740 2262
1549750 2262
1549760 2266
1549770 2270
1549780 2270
1549790 2273
1549800 2276
1549810 2276
1549820 2280
1549830 2282
1549840 2282
1549850 2282
1549860 2283
1549870 2283
1549880 2282
1549890 2281
1549900 2281
1549910 2280
1549920 2277
1549930 2277
1549940 2273
1549950 2269
1549960 2269
1549970 2264
1549980 2258
1549990 2248
1550000 2248
1550010 2241
1550020 2237
1550030 2237
1550040 2235
1550050 2233
1550060 2233
1550070 2231
1550080 2232
1550090 2232
1550100 2232
1550110 2232
1550120 2232
1550130 2232
1550140 2232
1550150 2232
1550160 2232
1550170 2233
1550180 2233
1550190 2235
1550200 2237
1550210 2237
1550220 2240
1550230 2244
1550240 2247
1550250 2247
1550260 2250
1550270 2254
1550280 2254
1550290 2257
1550300 2262
1550310 2262
1550320 2268
1550330 2273
1550340 2273
1550350 2282
1550360 2293
1550370 2293
1550380 2303
1550390 2305
1550400 2305
1550410 2298
1550420 2292
1550430 2292
1550440 2288
1550450 2287
1550460 2287
1550470 2286
1550480 2280
1550490 2274
1550500 2274
1550510 2266
1550520 2256
1550530 2256
1550540 2247
1550550 2239
1550560 2239
1550570 2231
1550580 2223
1550590 2223
1550600 2218
1550610 2208
1550620 2208
1550630 2201
1550640 2195
1550650 2195
1550660 2186
1550670 2176
1550680 2176
1550690 2167
1550700 2159
1550710 2159
1550720 2153
1550730 2148
1550740 2144
1550750 2144
1550760 2142
1550770 2138
1550780 2138
1550790 2128
1550800 2117
1550810 2117
1550820 2107
1550830 2099
1550840 2099
1550850 2091
1550860 2084
1550870 2084
1550880 2080
1550890 2075
1550900 2075
1550910 2071
1550920 2065
1550930 2065
1550940 2059
1550950 2056
1550960 2056
1550970 2054
1550980 2053
1550990 2051
1551000 2051
1551010 2051
1551020 2050
1551030 2050
1551040 2052
1551050 2051
1551060 2051
1551070 2050
1551080 2047
1551090 2047
1551100 2046
1551110 2045
1551120 2045
1551130 2046
1551140 2047
1551150 2047
1551160 2047
1551170 2047
1551180 2047
1551190 2048
1551200 2049
1551210 2049
1551220 2051
1551230 2054
1551240 2056
1551250 2056
1551260 2057
1551270 2058
1551280 2058
1551290 2058
1551300 2057
1551310 2057
1551320 2056
1551330 2056
1551340 2056
1551350 2057
1551360 2058
1551370 2058
1551380 2058
1551390 2059
1551400 2059
1551410 2060
1551420 2061
1551430 2061
1551440 2061
1551450 2059
1551460 2059
1551470 2056
1551480 2055
1551490 2052
1551500 2052
1551510 2049
1551520 2047
1551530 2047
1551540 2045
1551550 2041
1551560 2041
1551570 2038
1551580 2035
1551590 2035
1551600 2033
1551610 2031
1551620 2031
1551630 2028
1551640 2025
1551650 2025
1551660 2022
1551670 2023
1551680 2023
1551690 2022
1551700 2019
1551710 2019
1551720 2017
1551730 2017
1551740 2016
1551750 2016
1551760 2019
1551770 2018
1551780 2018
1551790 2015
1551800 2013
1551810 2013
1551820 2011
1551830 2006
1551840 2006
1551850 2002
1551860 1998
1551870 1998
1551880 1997
1551890 1998
1551900 1998
1551910 2000
1551920 2000
1551930 2000
1551940 1998
1551950 1997
1551960 1997
1551970 1995
1551980 1993
1551990 1989
1552000 1989
1552010 1986
1552020 1982
1552030 1982
1552040 1980
1552050 1979
1552060 1979
1552070 1979
1552080 1980
1552090 1980
1552100 1981
1552110 1981
1552120 1981
1552130 1984
1552140 1987
1552150 1987
1552160 1987
1552170 1987
1552180 1987
1552190 1987
1552200 1986
1552210 1986
1552220 1985
1552230 1986
1552240 1990
1552250 1990
1552260 1995
1552270 2001
1552280 2001
1552290 2007
1552300 2014
1552310 2014
1552320 2020
1552330 2025
1552340 2025
1552350 2030
1552360 2036
1552370 2036
1552380 2043
1552390 2050
1552400 2050
1552410 2057
1552420 2062
1552430 2062
1552440 2067
1552450 2071
1552460 2071
1552470 2075
1552480 2078
1552490 2080
1552500 2080
1552510 2083
1552520 2088
1552530 2088
1552540 2093
1552550 2099
1552560 2099
1552570 2102
1552580 2101
1552590 2101
1552600 2097
1552610 2093
1552620 2093
1552630 2092
1552640 2094
1552650 2094
1552660 2095
1552670 2097
1552680 2097
1552690 2098
1552700 2099
1552710 2099
1552720 2098
1552730 2096
1552740 2095
1552750 2095
1552760 2094
1552770 2093
1552780 2093
1552790 2092
1552800 2092
1552810 2092
1552820 2092
1552830 2091
1552840 2091
1552850 2090
1552860 2090
1552870 2090
1552880 2089
1552890 2086
1552900 2086
1552910 2079
1552920 2075
1552930 2075
1552940 2073
1552950 2072
1552960 2072
1552970 2070
1552980 2068
1552990 2063
1553000 2063
1553010 2054
1553020 2047
1553030 2047
1553040 2036
1553050 2028
1553060 2028
1553070 2024
1553080 2015
1553090 2015
1553100 2006
1553110 1997
1553120 1997
1553130 1986
1553140 1974
1553150 1974
1553160 1965
1553170 1960
1553180 1960
1553190 1955
1553200 1951
1553210 1951
1553220 1942
1553230 1932
1553240 1920
1553250 1920
1553260 1911
1553270 1901
1553280 1901
1553290 1893
1553300 1886
1553310 1886
1553320 1878
1553330 1868
1553340 1868
1553350 1857
1553360 1848
1553370 1848
1553380 1838
1553390 1826
1553400 1826
1553410 1816
1553420 1808
1553430 1808
1553440 1803
1553450 1802
1553460 1802
1553470 1798
1553480 1794
1553490 1791
1553500 1791
1553510 1788
1553520 1785
1553530 1785
1553540 1784
1553550 1784
1553560 1784
1553570 1783
1553580 1779
1553590 1779
1553600 1776
1553610 1764
1553620 1764
1553630 1760
1553640 1754
1553650 1754
1553660 1751
1553670 1747
1553680 1747
1553690 1743
1553700 1745
1553710 1745
1553720 1746
1553730 1744
1553740 1738
1553750 1738
1553760 1731
1553770 1728
1553780 1728
1553790 1726
1553800 1725
1553810 1725
1553820 1723
1553830 1719
1553840 1719
1553850 1716
1553860 1711
1553870 1711
1553880 1706
1553890 1692
1553900 1692
1553910 1676
1553920 1664
1553930 1664
1553940 1653
1553950 1645
1553960 1645
1553970 1636
1553980 1628
1553990 1619
1554000 1619
1554010 1612
1554020 1606
1554030 1606
1554040 1602
1554050 1600
1554060 1600
1554070 1598
1554080 1595
1554090 1595
1554100 1593
1554110 1592
1554120 1592
1554130 1596
1554140 1601
1554150 1601
1554160 1601
1554170 1600
1554180 1600
1554190 1599
1554200 1597
1554210 1597
1554220 1596
1554230 1594
1554240 1592
1554250 1592
1554260 1591
1554270 1591
1554280 1591
1554290 1591
1554300 1591
1554310 1591
1554320 1591
1554330 1592
1554340 1592
1554350 1592
1554360 1592
1554370 1592
1554380 1591
1554390 1591
1554400 1591
1554410 1591
1554420 1590
1554430 1590
1554440 1589
1554450 1590
1554460 1590
1554470 1590
1554480 1590
1554490 1589
1554500 1589
1554510 1588
1554520 1585
1554530 1585
1554540 1581
1554550 1576
1554560 1576
1554570 1572
1554580 1567
1554590 1567
1554600 1563
1554610 1558
1554620 1558
1554630 1553
1554640 1548
1554650 1548
1554660 1543
1554670 1537
1554680 1537
1554690 1532
1554700 1526
1554710 1526
1554720 1521
1554730 1515
1554740 1509
1554750 1509
1554760 1503
1554770 1498
1554780 1498
1554790 1491
1554800 1486
1554810 1486
1554820 1482
1554830 1476
1554840 1476
1554850 1470
1554860 1462
1554870 1462
1554880 1455
1554890 1450
1554900 1450
1554910 1446
1554920 1442
1554930 1442
1554940 1439
1554950 1435
1554960 1435
1554970 1433
1554980 1430
1554990 1426
1555000 1426
1555010 1422
1555020 1417
1555030 1417
1555040 1410
1555050 1404
1555060 1404
1555070 1404
1555080 1404
1555090 1404
1555100 1405
1555110 1403
1555120 1403
1555130 1403
1555140 1402
1555150 1402
1555160 1402
1555170 1403
1555180 1403
1555190 1402
1555200 1402
1555210 1402
1555220 1402
1555230 1402
1555240 1402
1555250 1402
1555260 1402
1555270 1402
1555280 1402
1555290 1402
1555300 1402
1555310 1402
1555320 1403
1555330 1403
1555340 1403
1555350 1405
1555360 1405
1555370 1405
1555380 1406
1555390 1407
1555400 1407
1555410 1409
1555420 1410
1555430 1410
1555440 1412
1555450 1414
1555460 1414
1555470 1416
1555480 1418
1555490 1420
1555500 1420
1555510 1422
1555520 1423
1555530 1423
1555540 1425
1555550 1427
1555560 1427
1555570 1429
1555580 1430
1555590 1430
1555600 1432
1555610 1433
1555620 1433
1555630 1436
1555640 1438
1555650 1438
1555660 1441
1555670 1444
1555680 1444
1555690 1447
1555700 1451
1555710 1451
1555720 1456
1555730 1460
1555740 1464
1555750 1464
1555760 1467
1555770 1471
1555780 1471
1555790 1475
1555800 1479
1555810 1479
1555820 1484
1555830 1488
1555840 1488
1555850 1491
1555860 1494
1555870 1494
1555880 1498
1555890 1501
1555900 1501
1555910 1504
1555920 1508
1555930 1508
1555940 1513
1555950 1518
1555960 1518
1555970 1524
1555980 1531
1555990 1538
1556000 1538
1556010 1545
1556020 1553
1556030 1553
1556040 1560
1556050 1567
1556060 1567
1556070 1574
1556080 1581
1556090 1581
1556100 1586
1556110 1591
1556120 1591
1556130 1598
1556140 1604
1556150 1604
1556160 1611
1556170 1617
1556180 1617
1556190 1623
1556200 1628
1556210 1628
1556220 1633
1556230 1637
1556240 1641
1556250 1641
1556260 1646
1556270 1651
1556280 1651
1556290 1656
1556300 1663
1556310 1663
1556320 1670
1556330 1677
1556340 1677
1556350 1683
1556360 1689
1556370 1689
1556380 1696
1556390 1703
1556400 1703
1556410 1712
1556420 1721
1556430 1721
1556440 1730
1556450 1738
1556460 1738
1556470 1745
1556480 1752
1556490 1759
1556500 1759
1556510 1767
1556520 1774
1556530 1774
1556540 1781
1556550 1786
1556560 1786
1556570 1790
1556580 1794
1556590 1794
1556600 1799
1556610 1806
1556620 1806
1556630 1811
1556640 1816
1556650 1816
1556660 1820
1556670 1826
1556680 1826
1556690 1834
1556700 1841
1556710 1841
1556720 1848
1556730 1856
1556740 1864
1556750 1864
1556760 1871
1556770 1879
1556780 1879
1556790 1887
1556800 1894
1556810 1894
1556820 1902
1556830 1909
1556840 1909
1556850 1917
1556860 1924
1556870 1924
1556880 1932
1556890 1939
1556900 1939
1556910 1948
1556920 1957
1556930 1957
1556940 1964
1556950 1971
1556960 1971
1556970 1976
1556980 1979
1556990 1983
1557000 1983
1557010 1986
1557020 1989
1557030 1989
1557040 1991
1557050 1990
1557060 1990
1557070 1989
1557080 1988
1557090 1988
1557100 1986
1557110 1983
1557120 1983
1557130 1981
1557140 1979
1557150 1979
1557160 1977
1557170 1975
1557180 1975
1557190 1973
1557200 1971
1557210 1978
1557220 1976
1557230 1974
1557240 1973
1557250 1973
1557260 1977
1557270 1982
1557280 1982
1557290 1987
1557300 1992
1557310 1992
1557320 1996
1557330 2000
1557340 2000
1557350 2005
1557360 2010
1557370 2010
1557380 2015
1557390 2020
1557400 2020
1557410 2025
1557420 2029
1557430 2029
1557440 2034
1557450 2038
1557460 2038
1557470 2043
1557480 2048
1557490 2053
1557500 2053
1557510 2057
1557520 2062
1557530 2062
1557540 2067
1557550 2072
1557560 2072
1557570 2076
1557580 2078
1557590 2078
1557600 2080
1557610 2083
1557620 2083
1557630 2085
1557640 2088
1557650 2088
1557660 2090
1557670 2092
1557680 2092
1557690 2094
1557700 2095
1557710 2095
1557720 2095
1557730 2094
1557740 2095
1557750 2095
1557760 2095
1557770 2094
1557780 2094
1557790 2094
1557800 2094
1557810 2094
1557820 2094
1557830 2094
1557840 2094
1557850 2094
1557860 2095
1557870 2095
1557880 2097
1557890 2098
1557900 2098
1557910 2097
1557920 2098
1557930 2098
1557940 2102
1557950 2104
1557960 2104
1557970 2106
1557980 2108
1557990 2110
1558000 2110
1558010 2112
1558020 2118
1558030 2118
1558040 2125
1558050 2131
1558060 2131
1558070 2136
1558080 2140
1558090 2140
1558100 2145
1558110 2149
1558120 2149
1558130 2153
1558140 2157
1558150 2157
1558160 2160
1558170 2164
1558180 2164
1558190 2168
1558200 2171
1558210 2171
1558220 2175
1558230 2179
1558240 2182
1558250 2182
1558260 2185
1558270 2189
1558280 2189
1558290 2193
1558300 2197
1558310 2197
1558320 2202
1558330 2207
1558340 2207
1558350 2212
1558360 2217
1558370 2217
1558380 2223
1558390 2229
1558400 2229
1558410 2235
1558420 2242
1558430 2242
1558440 2248
1558450 2255
1558460 2255
1558470 2261
1558480 2268
1558490 2273
1558500 2273
1558510 2278
1558520 2283
1558530 2283
1558540 2288
1558550 2293
1558560 2293
1558570 2298
1558580 2305
1558590 2305
1558600 2311
1558610 2317
1558620 2317
1558630 2322
1558640 2328
1558650 2328
1558660 2333
1558670 2338
1558680 2338
1558690 2343
1558700 2347
1558710 2347
1558720 2352
1558730 2357
1558740 2363
1558750 2363
1558760 2369
1558770 2376
1558780 2376
1558790 2382
1558800 2388
1558810 2388
1558820 2393
1558830 2398
1558840 2398
1558850 2403
1558860 2410
1558870 2410
1558880 2416
1558890 2423
1558900 2423
1558910 2429
1558920 2435
1558930 2435
1558940 2444
1558950 2450
1558960 2450
1558970 2455
1558980 2460
1558990 2464
1559000 2464
1559010 2468
1559020 2471
1559030 2471
1559040 2472
1559050 2471
1559060 2471
1559070 2465
1559080 2458
1559090 2458
1559100 2456
1559110 2455
1559120 2455
1559130 2444
1559140 2432
1559150 2432
1559160 2422
1559170 2412
1559180 2412
1559190 2405
1559200 2400
1559210 2400
1559220 2392
1559230 2383
1559240 2374
1559250 2374
1559260 2366
1559270 2360
1559280 2360
1559290 2356
1559300 2351
1559310 2351
1559320 2345
1559330 2339
1559340 2339
1559350 2333
1559360 2327
1559370 2327
1559380 2321
1559390 2316
1559400 2316
1559410 2311
1559420 2305
1559430 2305
1559440 2298
1559450 2292
1559460 2292
1559470 2286
1559480 2282
1559490 2277
1559500 2277
1559510 2272
1559520 2265
1559530 2265
1559540 2255
1559550 2233
1559560 2233
1559570 2208
1559580 2185
1559590 2185
1559600 2180
1559610 2176
1559620 2176
1559630 2172
1559640 2167
1559650 2167
1559660 2162
1559670 2157
1559680 2157
1559690 2153
1559700 2149
1559710 2149
1559720 2145
1559730 2140
1559740 2136
1559750 2136
1559760 2132
1559770 2128
1559780 2128
1559790 2125
1559800 2122
1559810 2122
1559820 2118
1559830 2114
1559840 2114
1559850 2111
1559860 2109
1559870 2109
1559880 2107
1559890 2105
1559900 2105
1559910 2103
1559920 2100
1559930 2100
1559940 2097
1559950 2093
1559960 2093
1559970 2090
1559980 2089
1559990 2087
