1540000 2204
1540010 2199
1540020 2196
1540030 2196
1540040 2191
1540050 2187
1540060 2187
1540070 2191
1540080 2193
1540090 2193
1540100 2198
1540110 2203
1540120 2203
1540130 2213
1540140 2215
1540150 2215
1540160 2206
1540170 2200
1540180 2200
1540190 2193
1540200 2184
1540210 2184
1540220 2175
1540230 2181
1540240 2181
1540250 2185
1540260 2177
1540270 2174
1540280 2174
1540290 2166
1540300 2158
1540310 2158
1540320 2151
1540330 2147
1540340 2147
1540350 2142
1540360 2139
1540370 2139
1540380 2133
1540390 2120
1540400 2120
1540410 2115
1540420 2115
1540430 2115
1540440 2112
1540450 2102
1540460 2102
1540470 2096
1540480 2087
1540490 2087
1540500 2073
1540510 2066
1540520 2065
1540530 2065
1540540 2067
1540550 2063
1540560 2063
1540570 2067
1540580 2066
1540590 2066
1540600 2052
1540610 2037
1540620 2037
1540630 2032
1540640 2028
1540650 2028
1540660 2026
1540670 2025
1540680 2025
1540690 2025
1540700 2023
1540710 2023
1540720 2022
1540730 2019
1540740 2019
1540750 2016
1540760 2013
1540770 2013
1540780 2010
1540790 2008
1540800 2006
1540810 2006
1540820 2007
1540830 2008
1540840 2008
1540850 2009
1540860 2011
1540870 2011
1540880 2010
1540890 2011
1540900 2011
1540910 2012
1540920 2013
1540930 2013
1540940 2013
1540950 2013
1540960 2013
1540970 2015
1540980 2016
1540990 2016
1541000 2018
1541010 2025
1541020 2025
1541030 2033
1541040 2037
1541050 2039
1541060 2039
1541070 2036
1541080 2029
1541090 2029
1541100 2023
1541110 2016
1541120 2016
1541130 2010
1541140 2002
1541150 2002
1541160 1998
1541170 1995
1541180 1995
1541190 1992
1541200 1990
1541210 1990
1541220 1987
1541230 1986
1541240 1986
1541250 1985
1541260 1984
1541270 1984
1541280 1983
1541290 1980
1541300 1978
1541310 1978
1541320 1974
1541330 1973
1541340 1968
1541350 1966
1541360 1964
1541370 1964
1541380 1960
1541390 1955
1541400 1955
1541410 1951
1541420 1946
1541430 1946
1541440 1942
1541450 1939
1541460 1939
1541470 1939
1541480 1939
1541490 1939
1541500 1939
1541510 1939
1541520 1939
1541530 1939
1541540 1939
1541550 1939
1541560 1939
1541570 1939
1541580 1939
1541590 1939
1541600 1939
1541610 1939
1541620 1939
1541630 1939
1541640 1939
1541650 1939
1541660 1939
1541670 1939
1541680 1939
1541690 1939
1541700 1939
1541710 1939
1541720 1939
1541730 1939
1541740 1939
1541750 1939
1541760 1939
1541770 1939
1541780 1941
1541790 1946
1541800 1950
1541810 1950
1541820 1955
1541830 1959
1541840 1959
1541850 1964
1541860 1969
1541870 1969
1541880 1974
1541890 1983
1541900 1983
1541910 1994
1541920 1998
1541930 1998
1541940 2001
1541950 2005
1541960 2005
1541970 2010
1541980 2015
1541990 2015
1542000 2021
1542010 2029
1542020 2029
1542030 2036
1542040 2051
1542050 2059
1542060 2059
1542070 2064
1542080 2067
1542090 2067
1542100 2072
1542110 2080
1542120 2080
1542130 2084
1542140 2085
1542150 2085
1542160 2085
1542170 2087
1542180 2087
1542190 2090
1542200 2091
1542210 2091
1542220 2093
1542230 2093
1542240 2093
1542250 2094
1542260 2093
1542270 2093
1542280 2092
1542290 2091
1542300 2091
1542310 2091
1542320 2090
1542330 2089
1542340 2089
1542350 2089
1542360 2088
1542370 2088
1542380 2086
1542390 2086
1542400 2086
1542410 2085
1542420 2084
1542430 2084
1542440 2084
1542450 2084
1542460 2084
1542470 2084
1542480 2083
1542490 2083
1542500 2083
1542510 2083
1542520 2083
1542530 2084
1542540 2084
1542550 2084
1542560 2084
1542570 2084
1542580 2085
1542590 2085
1542600 2086
1542610 2086
1542620 2086
1542630 2085
1542640 2083
1542650 2083
1542660 2080
1542670 2078
1542680 2078
1542690 2077
1542700 2078
1542710 2078
1542720 2079
1542730 2080
1542740 2080
1542750 2082
1542760 2085
1542770 2085
1542780 2089
1542790 2095
1542800 2095
1542810 2101
1542820 2108
1542830 2118
1542840 2118
1542850 2137
1542860 2155
1542870 2155
1542880 2166
1542890 2178
1542900 2178
1542910 2191
1542920 2206
1542930 2206
1542940 2214
1542950 2218
1542960 2218
1542970 2220
1542980 2221
1542990 2221
1543000 2223
1543010 2222
1543020 2222
1543030 2224
1543040 2226
1543050 2226
1543060 2225
1543070 2216
1543080 2216
1543090 2216
1543100 2235
1543110 2257
1543120 2257
1543130 2265
1543140 2269
1543150 2269
1543160 2274
1543170 2278
1543180 2278
1543190 2281
1543200 2282
1543210 2282
1543220 2286
1543230 2290
1543240 2290
1543250 2295
1543260 2301
1543270 2301
1543280 2306
1543290 2313
1543300 2313
1543310 2325
1543320 2334
1543330 2339
1543340 2339
1543350 2341
1543360 2342
1543370 2342
1543380 2347
1543390 2353
1543400 2353
1543410 2357
1543420 2365
1543430 2365
1543440 2372
1543450 2391
1543460 2391
1543470 2410
1543480 2419
1543490 2419
1543500 2427
1543510 2435
1543520 2435
1543530 2440
1543540 2432
1543550 2432
1543560 2424
1543570 2412
1543580 2404
1543590 2404
1543600 2396
1543610 2387
1543620 2387
1543630 2380
1543640 2375
1543650 2375
1543660 2369
1543670 2365
1543680 2365
1543690 2359
1543700 2352
1543710 2352
1543720 2346
1543730 2340
1543740 2340
1543750 2333
1543760 2325
1543770 2325
1543780 2317
1543790 2309
1543800 2309
1543810 2300
1543820 2290
1543830 2281
1543840 2281
1543850 2270
1543860 2260
1543870 2260
1543880 2249
1543890 2241
1543900 2241
1543910 2232
1543920 2225
1543930 2225
1543940 2220
1543950 2214
1543960 2214
1543970 2200
1543980 2186
1543990 2186
1544000 2181
1544010 2175
1544020 2175
1544030 2169
1544040 2164
1544050 2164
1544060 2159
1544070 2154
1544080 2149
1544090 2149
1544100 2143
1544110 2137
1544120 2137
1544130 2131
1544140 2127
1544150 2127
1544160 2123
1544170 2118
1544180 2118
1544190 2113
1544200 2109
1544210 2109
1544220 2104
1544230 2099
1544240 2099
1544250 2093
1544260 2088
1544270 2088
1544280 2081
1544290 2065
1544300 2065
1544310 2042
1544320 2025
1544330 2015
1544340 2015
1544350 2007
1544360 1999
1544370 1999
1544380 1992
1544390 1986
1544400 1986
1544410 1981
1544420 1975
1544430 1975
1544440 1971
1544450 1968
1544460 1968
1544470 1966
1544480 1964
1544490 1964
1544500 1961
1544510 1960
1544520 1960
1544530 1962
1544540 1964
1544550 1964
1544560 1966
1544570 1967
1544580 1968
1544590 1968
1544600 1968
1544610 1971
1544620 1971
1544630 1975
1544640 1979
1544650 1979
1544660 1982
1544670 1984
1544680 1984
1544690 1988
1544700 1992
1544710 1992
1544720 1995
1544730 1996
1544740 1996
1544750 1997
1544760 1998
1544770 1998
1544780 1999
1544790 2001
1544800 2001
1544810 2003
1544820 2006
1544830 2006
1544840 2008
1544850 2008
1544860 2007
1544870 2007
1544880 2005
1544890 2005
1544900 2005
1544910 2005
1544920 2005
1544930 2005
1544940 2005
1544950 2004
1544960 2004
1544970 2005
1544980 2006
1544990 2006
1545000 2006
1545010 2005
1545020 2005
1545030 2005
1545040 2004
1545050 2004
1545060 2004
1545070 2003
1545080 2003
1545090 2003
1545100 2004
1545110 2006
1545120 2006
1545130 2008
1545140 2010
1545150 2010
1545160 2010
1545170 2011
1545180 2011
1545190 2013
1545200 2015
1545210 2015
1545220 2018
1545230 2021
1545240 2021
1545250 2025
1545260 2030
1545270 2030
1545280 2035
1545290 2039
1545300 2039
1545310 2043
1545320 2048
1545330 2048
1545340 2053
1545350 2058
1545360 2065
1545370 2065
1545380 2074
1545390 2086
1545400 2086
1545410 2095
1545420 2103
1545430 2103
1545440 2120
1545450 2133
1545460 2133
1545470 2138
1545480 2137
1545490 2137
1545500 2138
1545510 2153
1545520 2153
1545530 2170
1545540 2178
1545550 2178
1545560 2188
1545570 2197
1545580 2197
1545590 2203
1545600 2211
1545610 2220
1545620 2220
1545630 2230
1545640 2240
1545650 2240
1545660 2253
1545670 2259
1545680 2259
1545690 2262
1545700 2268
1545710 2268
1545720 2276
1545730 2285
1545740 2285
1545750 2296
1545760 2304
1545770 2304
1545780 2311
1545790 2317
1545800 2317
1545810 2323
1545820 2327
1545830 2327
1545840 2331
1545850 2337
1545860 2342
1545870 2342
1545880 2346
1545890 2341
1545900 2341
1545910 2334
1545920 2328
1545930 2328
1545940 2322
1545950 2315
1545960 2315
1545970 2306
1545980 2299
1545990 2299
1546000 2293
1546010 2285
1546020 2285
1546030 2277
1546040 2269
1546050 2269
1546060 2261
1546070 2254
1546080 2254
1546090 2245
1546100 2237
1546110 2227
1546120 2227
1546130 2216
1546140 2207
1546150 2207
1546160 2199
1546170 2192
1546180 2192
1546190 2183
1546200 2173
1546210 2173
1546220 2161
1546230 2151
1546240 2151
1546250 2135
1546260 2126
1546270 2126
1546280 2119
1546290 2109
1546300 2109
1546310 2094
1546320 2085
1546330 2085
1546340 2079
1546350 2074
1546360 2065
1546370 2065
1546380 2057
1546390 2050
1546400 2050
1546410 2042
1546420 2035
1546430 2035
1546440 2024
1546450 2007
1546460 2007
1546470 1989
1546480 1981
1546490 1981
1546500 1975
1546510 1973
1546520 1973
1546530 1966
1546540 1960
1546550 1960
1546560 1947
1546570 1938
1546580 1938
1546590 1933
1546600 1929
1546610 1924
1546620 1924
1546630 1919
1546640 1914
1546650 1914
1546660 1909
1546670 1904
1546680 1904
1546690 1900
1546700 1896
1546710 1896
1546720 1891
1546730 1888
1546740 1888
1546750 1885
1546760 1883
1546770 1883
1546780 1881
1546790 1880
1546800 1880
1546810 1879
1546820 1879
1546830 1879
1546840 1879
1546850 1879
1546860 1879
1546870 1879
1546880 1879
1546890 1879
1546900 1879
1546910 1879
1546920 1879
1546930 1879
1546940 1879
1546950 1879
1546960 1879
1546970 1879
1546980 1879
1546990 1879
1547000 1879
1547010 1880
1547020 1880
1547030 1885
1547040 1889
1547050 1889
1547060 1891
1547070 1893
1547080 1893
1547090 1895
1547100 1898
1547110 1898
1547120 1901
1547130 1903
1547140 1905
1547150 1905
1547160 1906
1547170 1908
1547180 1908
1547190 1909
1547200 1912
1547210 1912
1547220 1914
1547230 1915
1547240 1915
1547250 1916
1547260 1918
1547270 1918
1547280 1921
1547290 1925
1547300 1925
1547310 1929
1547320 1933
1547330 1933
1547340 1937
1547350 1940
1547360 1940
1547370 1942
1547380 1944
1547390 1945
1547400 1945
1547410 1947
1547420 1950
1547430 1950
1547440 1954
1547450 1957
1547460 1957
1547470 1961
1547480 1966
1547490 1966
1547500 1971
1547510 1976
1547520 1976
1547530 1980
1547540 1986
1547550 1986
1547560 1993
1547570 2001
1547580 2001
1547590 2010
1547600 2021
1547610 2021
1547620 2036
1547630 2053
1547640 2059
1547650 2059
1547660 2065
1547670 2067
1547680 2067
1547690 2068
1547700 2069
1547710 2067
1547720 2069
1547730 2069
1547740 2069
1547750 2069
1547760 2068
1547770 2068
1547780 2067
1547790 2070
1547800 2070
1547810 2071
1547820 2072
1547830 2072
1547840 2073
1547850 2076
1547860 2076
1547870 2080
1547880 2079
1547890 2078
1547900 2078
1547910 2079
1547920 2079
1547930 2079
1547940 2081
1547950 2084
1547960 2084
1547970 2085
1547980 2087
1547990 2087
1548000 2090
1548010 2091
1548020 2091
1548030 2092
1548040 2095
1548050 2095
1548060 2096
1548070 2097
1548080 2097
1548090 2099
1548100 2101
1548110 2101
1548120 2104
1548130 2107
1548140 2113
1548150 2113
1548160 2117
1548170 2121
1548180 2121
1548190 2124
1548200 2127
1548210 2127
1548220 2130
1548230 2133
1548240 2133
1548250 2136
1548260 2139
1548270 2139
1548280 2144
1548290 2148
1548300 2148
1548310 2151
1548320 2154
1548330 2154
1548340 2156
1548350 2158
1548360 2158
1548370 2161
1548380 2163
1548390 2164
1548400 2164
1548410 2165
1548420 2168
1548430 2168
1548440 2171
1548450 2173
1548460 2173
1548470 2176
1548480 2178
1548490 2178
1548500 2180
1548510 2182
1548520 2182
1548530 2185
1548540 2187
1548550 2187
1548560 2189
1548570 2192
1548580 2192
1548590 2195
1548600 2198
1548610 2198
1548620 2201
1548630 2204
1548640 2207
1548650 2207
1548660 2212
1548670 2217
1548680 2217
1548690 2222
1548700 2228
1548710 2228
1548720 2233
1548730 2239
1548740 2239
1548750 2247
1548760 2257
1548770 2257
1548780 2266
1548790 2276
1548800 2276
1548810 2287
1548820 2295
1548830 2295
1548840 2303
1548850 2309
1548860 2309
1548870 2313
1548880 2320
1548890 2320
1548900 2321
1548910 2327
1548920 2333
1548930 2333
1548940 2338
1548950 2344
1548960 2344
1548970 2351
1548980 2351
1548990 2351
1549000 2345
1549010 2340
1549020 2340
1549030 2336
1549040 2333
1549050 2333
1549060 2331
1549070 2332
1549080 2332
1549090 2330
1549100 2325
1549110 2325
1549120 2321
1549130 2318
1549140 2318
1549150 2314
1549160 2312
1549170 2311
1549180 2311
1549190 2309
1549200 2306
1549210 2306
1549220 2303
1549230 2302
1549240 2302
1549250 2302
1549260 2303
1549270 2303
1549280 2304
1549290 2305
1549300 2305
1549310 2307
1549320 2309
1549330 2309
1549340 2310
1549350 2315
1549360 2315
1549370 2321
1549380 2322
1549390 2322
1549400 2324
1549410 2328
1549420 2334
1549430 2334
1549440 2349
1549450 2361
1549460 2361
1549470 2376
1549480 2399
1549490 2399
1549500 2407
1549510 2403
1549520 2403
1549530 2396
1549540 2387
1549550 2387
1549560 2376
1549570 2356
1549580 2356
1549590 2335
1549600 2320
1549610 2320
1549620 2309
1549630 2299
1549640 2299
1549650 2288
1549660 2279
1549670 2271
1549680 2271
1549690 2262
1549700 2251
1549710 2251
1549720 2244
1549730 2237
1549740 2237
1549750 2231
1549760 2225
1549770 2225
1549780 2220
1549790 2216
1549800 2216
1549810 2213
1549820 2210
1549830 2210
1549840 2209
1549850 2208
1549860 2208
1549870 2208
1549880 2209
1549890 2209
1549900 2210
1549910 2210
1549920 2207
1549930 2207
1549940 2205
1549950 2205
1549960 2205
1549970 2203
1549980 2196
1549990 2196
1550000 2190
1550010 2185
1550020 2185
1550030 2181
1550040 2180
1550050 2180
1550060 2177
1550070 2173
1550080 2173
1550090 2171
1550100 2170
1550110 2170
1550120 2169
1550130 2168
1550140 2168
1550150 2166
1550160 2164
1550170 2164
1550180 2164
1550190 2162
1550200 2160
1550210 2160
1550220 2161
1550230 2163
1550240 2163
1550250 2165
1550260 2168
1550270 2168
1550280 2170
1550290 2170
1550300 2170
1550310 2173
1550320 2178
1550330 2178
1550340 2183
1550350 2191
1550360 2191
1550370 2199
1550380 2206
1550390 2206
1550400 2213
1550410 2217
1550420 2220
1550430 2220
1550440 2222
1550450 2225
1550460 2225
1550470 2228
1550480 2231
1550490 2231
1550500 2234
1550510 2237
1550520 2237
1550530 2240
1550540 2242
1550550 2242
1550560 2246
1550570 2250
1550580 2250
1550590 2254
1550600 2258
1550610 2258
1550620 2262
1550630 2265
1550640 2265
1550650 2266
1550660 2264
1550670 2261
1550680 2261
1550690 2257
1550700 2253
1550710 2253
1550720 2249
1550730 2246
1550740 2246
1550750 2243
1550760 2240
1550770 2240
1550780 2237
1550790 2235
1550800 2235
1550810 2232
1550820 2225
1550830 2225
1550840 2210
1550850 2200
1550860 2200
1550870 2192
1550880 2184
1550890 2184
1550900 2176
1550910 2167
1550920 2167
1550930 2158
1550940 2150
1550950 2142
1550960 2142
1550970 2136
1550980 2128
1550990 2128
1551000 2119
1551010 2110
1551020 2110
1551030 2100
1551040 2090
1551050 2090
1551060 2079
1551070 2064
1551080 2064
1551090 2050
1551100 2038
1551110 2038
1551120 2024
1551130 2013
1551140 2013
1551150 2005
1551160 1997
1551170 1997
1551180 1990
1551190 1984
1551200 1978
1551210 1978
1551220 1973
1551230 1967
1551240 1967
1551250 1962
1551260 1957
1551270 1957
1551280 1952
1551290 1949
1551300 1949
1551310 1946
1551320 1942
1551330 1942
1551340 1938
1551350 1934
1551360 1934
1551370 1931
1551380 1927
1551390 1927
1551400 1922
1551410 1917
1551420 1917
1551430 1913
1551440 1908
1551450 1903
1551460 1903
1551470 1897
1551480 1893
1551490 1893
1551500 1888
1551510 1884
1551520 1884
1551530 1881
1551540 1879
1551550 1879
1551560 1879
1551570 1878
1551580 1878
1551590 1877
1551600 1877
1551610 1877
1551620 1877
1551630 1878
1551640 1878
1551650 1878
1551660 1879
1551670 1879
1551680 1879
1551690 1879
1551700 1879
1551710 1879
1551720 1880
1551730 1880
1551740 1880
1551750 1880
1551760 1880
1551770 1880
1551780 1881
1551790 1881
1551800 1881
1551810 1882
1551820 1884
1551830 1884
1551840 1887
1551850 1889
1551860 1889
1551870 1891
1551880 1894
1551890 1894
1551900 1899
1551910 1905
1551920 1905
1551930 1910
1551940 1917
1551950 1923
1551960 1923
1551970 1930
1551980 1936
1551990 1936
1552000 1943
1552010 1948
1552020 1948
1552030 1954
1552040 1961
1552050 1961
1552060 1967
1552070 1973
1552080 1973
1552090 1979
1552100 1984
1552110 1984
1552120 1990
1552130 1995
1552140 1995
1552150 2000
1552160 2005
1552170 2005
1552180 2010
1552190 2016
1552200 2021
1552210 2021
1552220 2026
1552230 2031
1552240 2031
1552250 2036
1552260 2041
1552270 2041
1552280 2046
1552290 2050
1552300 2050
1552310 2053
1552320 2056
1552330 2056
1552340 2059
1552350 2062
1552360 2062
1552370 2065
1552380 2068
1552390 2068
1552400 2072
1552410 2075
1552420 2075
1552430 2077
1552440 2079
1552450 2080
1552460 2080
1552470 2082
1552480 2084
1552490 2084
1552500 2087
1552510 2089
1552520 2089
1552530 2091
1552540 2093
1552550 2093
1552560 2095
1552570 2096
1552580 2096
1552590 2095
1552600 2091
1552610 2091
1552620 2086
1552630 2081
1552640 2081
1552650 2075
1552660 2069
1552670 2069
1552680 2062
1552690 2055
1552700 2050
1552710 2050
1552720 2046
1552730 2038
1552740 2038
1552750 2031
1552760 2026
1552770 2026
1552780 2022
1552790 2018
1552800 2018
1552810 2015
1552820 2014
1552830 2014
1552840 2016
1552850 2018
1552860 2018
1552870 2021
1552880 2025
1552890 2025
1552900 2029
1552910 2033
1552920 2033
1552930 2037
1552940 2037
1552950 2037
1552960 2035
1552970 2033
1552980 2029
1552990 2029
1553000 2026
1553010 2026
1553020 2026
1553030 2026
1553040 2027
1553050 2027
1553060 2024
1553070 2016
1553080 2016
1553090 2006
1553100 1998
1553110 1998
1553120 1989
1553130 1981
1553140 1981
1553150 1973
1553160 1963
1553170 1963
1553180 1954
1553190 1946
1553200 1946
1553210 1938
1553220 1931
1553230 1924
1553240 1924
1553250 1918
1553260 1912
1553270 1912
1553280 1907
1553290 1903
1553300 1903
1553310 1901
1553320 1899
1553330 1899
1553340 1897
1553350 1895
1553360 1895
1553370 1894
1553380 1894
1553390 1894
1553400 1894
1553410 1893
1553420 1893
1553430 1891
1553440 1891
1553450 1891
1553460 1892
1553470 1893
1553480 1896
1553490 1896
1553500 1901
1553510 1905
1553520 1905
1553530 1908
1553540 1910
1553550 1910
1553560 1912
1553570 1914
1553580 1914
1553590 1915
1553600 1918
1553610 1918
1553620 1922
1553630 1927
1553640 1927
1553650 1931
1553660 1934
1553670 1934
1553680 1940
1553690 1945
1553700 1945
1553710 1952
1553720 1961
1553730 1971
1553740 1971
1553750 1984
1553760 1999
1553770 1999
1553780 2012
1553790 2026
1553800 2026
1553810 2041
1553820 2047
1553830 2047
1553840 2055
1553850 2063
1553860 2063
1553870 2069
1553880 2075
1553890 2075
1553900 2082
1553910 2093
1553920 2093
1553930 2106
1553940 2114
1553950 2114
1553960 2121
1553970 2127
1553980 2134
1553990 2134
1554000 2141
1554010 2147
1554020 2147
1554030 2152
1554040 2156
1554050 2156
1554060 2157
1554070 2156
1554080 2156
1554090 2154
1554100 2153
1554110 2153
1554120 2151
1554130 2149
1554140 2149
1554150 2146
1554160 2143
1554170 2143
1554180 2138
1554190 2134
1554200 2134
1554210 2131
1554220 2127
1554230 2124
1554240 2124
1554250 2120
1554260 2116
1554270 2116
1554280 2111
1554290 2106
1554300 2106
1554310 2097
1554320 2086
1554330 2086
1554340 2077
1554350 2068
1554360 2068
1554370 2061
1554380 2054
1554390 2054
1554400 2048
1554410 2041
1554420 2041
1554430 2035
1554440 2029
1554450 2029
1554460 2024
1554470 2017
1554480 2010
1554490 2010
1554500 2002
1554510 1993
1554520 1993
1554530 1985
1554540 1978
1554550 1978
1554560 1970
1554570 1964
1554580 1964
1554590 1958
1554600 1950
1554610 1950
1554620 1943
1554630 1936
1554640 1936
1554650 1928
1554660 1920
1554670 1920
1554680 1913
1554690 1906
1554700 1906
1554710 1901
1554720 1895
1554730 1888
1554740 1888
1554750 1879
1554760 1871
1554770 1871
1554780 1861
1554790 1849
1554800 1849
1554810 1836
1554820 1827
1554830 1827
1554840 1817
1554850 1807
1554860 1807
1554870 1799
1554880 1793
1554890 1793
1554900 1789
1554910 1784
1554920 1784
1554930 1780
1554940 1775
1554950 1775
1554960 1770
1554970 1765
1554980 1760
1554990 1760
1555000 1755
1555010 1750
1555020 1750
1555030 1744
1555040 1738
1555050 1738
1555060 1729
1555070 1723
1555080 1723
1555090 1719
1555100 1713
1555110 1713
1555120 1705
1555130 1699
1555140 1699
1555150 1693
1555160 1686
1555170 1686
1555180 1677
1555190 1668
1555200 1668
1555210 1660
1555220 1654
1555230 1654
1555240 1649
1555250 1643
1555260 1638
1555270 1638
1555280 1633
1555290 1629
1555300 1629
1555310 1626
1555320 1623
1555330 1625
1555340 1622
1555350 1619
1555360 1619
1555370 1617
1555380 1614
1555390 1614
1555400 1610
1555410 1605
1555420 1605
1555430 1598
1555440 1594
1555450 1594
1555460 1593
1555470 1591
1555480 1591
1555490 1590
1555500 1588
1555510 1589
1555520 1589
1555530 1592
1555540 1597
1555550 1597
1555560 1599
1555570 1600
1555580 1600
1555590 1602
1555600 1604
1555610 1604
1555620 1605
1555630 1607
1555640 1607
1555650 1609
1555660 1611
1555670 1611
1555680 1612
1555690 1614
1555700 1614
1555710 1616
1555720 1619
1555730 1619
1555740 1621
1555750 1623
1555760 1625
1555770 1625
1555780 1628
1555790 1632
1555800 1632
1555810 1634
1555820 1637
1555830 1637
1555840 1639
1555850 1642
1555860 1642
1555870 1645
1555880 1648
1555890 1648
1555900 1651
1555910 1654
1555920 1654
1555930 1658
1555940 1661
1555950 1661
1555960 1666
1555970 1674
1555980 1674
1555990 1680
1556000 1687
1556010 1694
1556020 1694
1556030 1700
1556040 1707
1556050 1707
1556060 1715
1556070 1722
1556080 1722
1556090 1730
1556100 1738
1556110 1738
1556120 1746
1556130 1752
1556140 1752
1556150 1759
1556160 1766
1556170 1766
1556180 1772
1556190 1779
1556200 1779
1556210 1785
1556220 1790
1556230 1790
1556240 1794
1556250 1798
1556260 1804
1556270 1804
1556280 1808
1556290 1813
1556300 1813
1556310 1821
1556320 1830
1556330 1830
1556340 1838
1556350 1843
1556360 1843
1556370 1850
1556380 1854
1556390 1854
1556400 1855
1556410 1857
1556420 1857
1556430 1863
1556440 1869
1556450 1869
1556460 1877
1556470 1881
1556480 1881
1556490 1882
1556500 1886
1556510 1890
1556520 1890
1556530 1894
1556540 1897
1556550 1897
1556560 1902
1556570 1907
1556580 1907
1556590 1914
1556600 1920
1556610 1920
1556620 1930
1556630 1936
1556640 1936
1556650 1942
1556660 1947
1556670 1947
1556680 1953
1556690 1959
1556700 1959
1556710 1965
1556720 1971
1556730 1971
1556740 1978
1556750 1984
1556760 1990
1556770 1990
1556780 1997
1556790 2003
1556800 2003
1556810 2009
1556820 2015
1556830 2015
1556840 2022
1556850 2029
1556860 2029
1556870 2036
1556880 2043
1556890 2043
1556900 2051
1556910 2060
1556920 2060
1556930 2068
1556940 2075
1556950 2075
1556960 2083
1556970 2090
1556980 2090
1556990 2098
1557000 2105
1557010 2114
1557020 2114
1557030 2123
1557040 2130
1557050 2130
1557060 2138
1557070 2145
1557080 2145
1557090 2152
1557100 2159
1557110 2163
1557120 2170
1557130 2178
1557140 2178
1557150 2185
1557160 2191
1557170 2191
1557180 2198
1557190 2206
1557200 2206
1557210 2212
1557220 2217
1557230 2217
1557240 2223
1557250 2226
1557260 2226
1557270 2227
1557280 2226
1557290 2225
1557300 2225
1557310 2225
1557320 2224
1557330 2224
1557340 2223
1557350 2222
1557360 2222
1557370 2220
1557380 2219
1557390 2219
1557400 2218
1557410 2218
1557420 2218
1557430 2219
1557440 2217
1557450 2217
1557460 2216
1557470 2214
1557480 2214
1557490 2215
1557500 2214
1557510 2214
1557520 2212
1557530 2212
1557540 2219
1557550 2219
1557560 2220
1557570 2220
1557580 2220
1557590 2224
1557600 2227
1557610 2227
1557620 2228
1557630 2228
1557640 2228
1557650 2229
1557660 2231
1557670 2231
1557680 2231
1557690 2230
1557700 2230
1557710 2231
1557720 2231
1557730 2231
1557740 2231
1557750 2232
1557760 2232
1557770 2232
1557780 2233
1557790 2234
1557800 2234
1557810 2235
1557820 2237
1557830 2237
1557840 2238
1557850 2239
1557860 2239
1557870 2239
1557880 2239
1557890 2239
1557900 2241
1557910 2242
1557920 2242
1557930 2243
1557940 2245
1557950 2245
1557960 2245
1557970 2245
1557980 2245
1557990 2245
1558000 2247
1558010 2247
1558020 2252
1558030 2254
1558040 2258
1558050 2258
1558060 2260
1558070 2262
1558080 2262
1558090 2264
1558100 2268
1558110 2268
1558120 2272
1558130 2276
1558140 2276
1558150 2279
1558160 2283
1558170 2283
1558180 2287
1558190 2291
1558200 2291
1558210 2295
1558220 2299
1558230 2299
1558240 2302
1558250 2306
1558260 2306
1558270 2309
1558280 2314
1558290 2318
1558300 2318
1558310 2322
1558320 2326
1558330 2326
1558340 2330
1558350 2334
1558360 2334
1558370 2338
1558380 2343
1558390 2343
1558400 2350
1558410 2355
1558420 2355
1558430 2361
1558440 2367
1558450 2367
1558460 2373
1558470 2379
1558480 2379
1558490 2385
1558500 2392
1558510 2392
1558520 2398
1558530 2404
1558540 2409
1558550 2409
1558560 2415
1558570 2421
1558580 2421
1558590 2428
1558600 2434
1558610 2434
1558620 2441
1558630 2447
1558640 2447
1558650 2453
1558660 2459
1558670 2459
1558680 2464
1558690 2471
1558700 2471
1558710 2477
1558720 2483
1558730 2483
1558740 2482
1558750 2477
1558760 2477
1558770 2463
1558780 2455
1558790 2454
1558800 2454
1558810 2449
1558820 2440
1558830 2440
1558840 2414
1558850 2396
1558860 2396
1558870 2385
1558880 2379
1558890 2379
1558900 2372
1558910 2365
1558920 2365
1558930 2358
1558940 2351
1558950 2351
1558960 2345
1558970 2339
1558980 2339
1558990 2331
1559000 2322
1559010 2322
1559020 2316
1559030 2311
1559040 2305
1559050 2305
1559060 2299
1559070 2293
1559080 2293
1559090 2286
1559100 2280
1559110 2280
1559120 2273
1559130 2266
1559140 2266
1559150 2258
1559160 2251
1559170 2251
1559180 2244
1559190 2235
1559200 2235
1559210 2226
1559220 2219
1559230 2219
1559240 2213
1559250 2207
1559260 2207
1559270 2200
1559280 2194
1559290 2194
1559300 2187
1559310 2181
1559320 2175
1559330 2175
1559340 2169
1559350 2164
1559360 2164
1559370 2159
1559380 2154
1559390 2154
1559400 2149
1559410 2144
1559420 2144
1559430 2140
1559440 2135
1559450 2135
1559460 2131
1559470 2127
1559480 2127
1559490 2123
1559500 2119
1559510 2119
1559520 2114
1559530 2110
1559540 2110
1559550 2106
1559560 2103
1559570 2099
1559580 2099
1559590 2096
1559600 2094
1559610 2094
1559620 2093
1559630 2090
1559640 2090
1559650 2089
1559660 2089
1559670 2089
1559680 2087
1559690 2085
1559700 2085
1559710 2082
1559720 2080
1559730 2080
1559740 2077
1559750 2076
1559760 2076
1559770 2073
1559780 2068
1559790 2068
1559800 2063
1559810 2062
1559820 2061
1559830 2061
1559840 2058
1559850 2055
1559860 2055
1559870 2051
1559880 2048
1559890 2048
1559900 2044
1559910 2041
1559920 2041
1559930 2037
1559940 2032
1559950 2032
1559960 2025
1559970 2018
1559980 2018
1559990 2012
