1540000 1882
1540010 1881
1540020 1881
1540030 1881
1540040 1879
1540050 1879
1540060 1876
1540070 1873
1540080 1873
1540090 1872
1540100 1872
1540110 1872
1540120 1871
1540130 1871
1540140 1871
1540150 1869
1540160 1868
1540170 1868
1540180 1866
1540190 1864
1540200 1861
1540210 1861
1540220 1858
1540230 1855
1540240 1855
1540250 1852
1540260 1851
1540270 1851
1540280 1850
1540290 1848
1540300 1848
1540310 1847
1540320 1846
1540330 1846
1540340 1848
1540350 1850
1540360 1850
1540370 1854
1540380 1858
1540390 1858
1540400 1859
1540410 1851
1540420 1851
1540430 1848
1540440 1846
1540450 1845
1540460 1845
1540470 1845
1540480 1847
1540490 1847
1540500 1853
1540510 1855
1540520 1855
1540530 1855
1540540 1854
1540550 1854
1540560 1854
1540570 1854
1540580 1854
1540590 1854
1540600 1853
1540610 1853
1540620 1852
1540630 1851
1540640 1851
1540650 1849
1540660 1845
1540670 1845
1540680 1843
1540690 1844
1540700 1844
1540710 1842
1540720 1840
1540730 1837
1540740 1837
1540750 1832
1540760 1830
1540770 1830
1540780 1830
1540790 1829
1540800 1829
1540810 1829
1540820 1828
1540830 1828
1540840 1827
1540850 1829
1540860 1829
1540870 1830
1540880 1830
1540890 1830
1540900 1831
1540910 1833
1540920 1833
1540930 1834
1540940 1837
1540950 1837
1540960 1842
1540970 1847
1540980 1853
1540990 1853
1541000 1860
1541010 1868
1541020 1868
1541030 1875
1541040 1883
1541050 1883
1541060 1895
1541070 1920
1541080 1920
1541090 1944
1541100 1950
1541110 1950
1541120 1953
1541130 1954
1541140 1954
1541150 1954
1541160 1951
1541170 1951
1541180 1945
1541190 1939
1541200 1939
1541210 1934
1541220 1934
1541230 1939
1541240 1939
1541250 1946
1541260 1954
1541270 1954
1541280 1967
1541290 1978
1541300 1978
1541310 1986
1541320 1994
1541330 1994
1541340 2007
1541350 2020
1541360 2020
1541370 2033
1541380 2042
1541390 2042
1541400 2046
1541410 2049
1541420 2049
1541430 2054
1541440 2057
1541450 2057
1541460 2058
1541470 2061
1541480 2063
1541490 2063
1541500 2064
1541510 2067
1541520 2067
1541530 2071
1541540 2077
1541550 2077
1541560 2082
1541570 2086
1541580 2086
1541590 2088
1541600 2090
1541610 2090
1541620 2093
1541630 2097
1541640 2097
1541650 2104
1541660 2109
1541670 2109
1541680 2112
1541690 2117
1541700 2117
1541710 2123
1541720 2129
1541730 2136
1541740 2136
1541750 2144
1541760 2151
1541770 2151
1541780 2158
1541790 2163
1541800 2163
1541810 2168
1541820 2173
1541830 2173
1541840 2178
1541850 2182
1541860 2182
1541870 2185
1541880 2188
1541890 2188
1541900 2191
1541910 2194
1541920 2194
1541930 2196
1541940 2198
1541950 2198
1541960 2200
1541970 2203
1541980 2205
1541990 2205
1542000 2206
1542010 2207
1542020 2207
1542030 2206
1542040 2205
1542050 2205
1542060 2205
1542070 2207
1542080 2207
1542090 2210
1542100 2212
1542110 2212
1542120 2212
1542130 2213
1542140 2213
1542150 2212
1542160 2212
1542170 2212
1542180 2214
1542190 2219
1542200 2219
1542210 2220
1542220 2221
1542230 2221
1542240 2225
1542250 2226
1542260 2225
1542270 2225
1542280 2225
1542290 2227
1542300 2227
1542310 2230
1542320 2230
1542330 2230
1542340 2231
1542350 2236
1542360 2236
1542370 2240
1542380 2243
1542390 2243
1542400 2245
1542410 2248
1542420 2248
1542430 2251
1542440 2253
1542450 2253
1542460 2254
1542470 2254
1542480 2254
1542490 2258
1542500 2262
1542510 2262
1542520 2262
1542530 2264
1542540 2268
1542550 2268
1542560 2271
1542570 2274
1542580 2274
1542590 2276
1542600 2279
1542610 2279
1542620 2284
1542630 2289
1542640 2289
1542650 2292
1542660 2293
1542670 2293
1542680 2294
1542690 2294
1542700 2294
1542710 2293
1542720 2291
1542730 2291
1542740 2289
1542750 2288
1542760 2289
1542770 2289
1542780 2290
1542790 2292
1542800 2292
1542810 2292
1542820 2294
1542830 2294
1542840 2299
1542850 2304
1542860 2304
1542870 2310
1542880 2314
1542890 2314
1542900 2318
1542910 2323
1542920 2323
1542930 2327
1542940 2332
1542950 2332
1542960 2339
1542970 2343
1542980 2343
1542990 2346
1543000 2350
1543010 2353
1543020 2353
1543030 2355
1543040 2355
1543050 2355
1543060 2357
1543070 2361
1543080 2361
1543090 2365
1543100 2368
1543110 2368
1543120 2373
1543130 2377
1543140 2377
1543150 2381
1543160 2384
1543170 2384
1543180 2388
1543190 2392
1543200 2392
1543210 2395
1543220 2398
1543230 2398
1543240 2402
1543250 2407
1543260 2414
1543270 2414
1543280 2419
1543290 2425
1543300 2425
1543310 2430
1543320 2433
1543330 2433
1543340 2436
1543350 2436
1543360 2436
1543370 2432
1543380 2426
1543390 2426
1543400 2418
1543410 2411
1543420 2411
1543430 2404
1543440 2397
1543450 2397
1543460 2388
1543470 2380
1543480 2380
1543490 2373
1543500 2366
1543510 2359
1543520 2359
1543530 2352
1543540 2344
1543550 2344
1543560 2336
1543570 2329
1543580 2329
1543590 2321
1543600 2314
1543610 2314
1543620 2306
1543630 2299
1543640 2299
1543650 2292
1543660 2286
1543670 2286
1543680 2279
1543690 2273
1543700 2273
1543710 2267
1543720 2260
1543730 2260
1543740 2254
1543750 2247
1543760 2241
1543770 2241
1543780 2235
1543790 2229
1543800 2229
1543810 2223
1543820 2217
1543830 2217
1543840 2210
1543850 2204
1543860 2204
1543870 2199
1543880 2193
1543890 2193
1543900 2187
1543910 2181
1543920 2181
1543930 2175
1543940 2170
1543950 2170
1543960 2165
1543970 2161
1543980 2161
1543990 2155
1544000 2151
1544010 2148
1544020 2148
1544030 2144
1544040 2140
1544050 2140
1544060 2135
1544070 2130
1544080 2130
1544090 2127
1544100 2124
1544110 2124
1544120 2122
1544130 2120
1544140 2120
1544150 2120
1544160 2119
1544170 2119
1544180 2117
1544190 2116
1544200 2116
1544210 2115
1544220 2112
1544230 2112
1544240 2109
1544250 2106
1544260 2106
1544270 2102
1544280 2101
1544290 2099
1544300 2099
1544310 2096
1544320 2094
1544330 2094
1544340 2092
1544350 2089
1544360 2089
1544370 2087
1544380 2084
1544390 2084
1544400 2083
1544410 2088
1544420 2088
1544430 2087
1544440 2086
1544450 2086
1544460 2085
1544470 2084
1544480 2084
1544490 2083
1544500 2082
1544510 2082
1544520 2082
1544530 2083
1544540 2084
1544550 2084
1544560 2085
1544570 2085
1544580 2085
1544590 2087
1544600 2089
1544610 2089
1544620 2091
1544630 2094
1544640 2094
1544650 2095
1544660 2094
1544670 2094
1544680 2094
1544690 2094
1544700 2094
1544710 2096
1544720 2099
1544730 2099
1544740 2103
1544750 2106
1544760 2106
1544770 2108
1544780 2109
1544790 2109
1544800 2109
1544810 2109
1544820 2111
1544830 2111
1544840 2115
1544850 2117
1544860 2117
1544870 2122
1544880 2126
1544890 2126
1544900 2130
1544910 2140
1544920 2140
1544930 2147
1544940 2158
1544950 2158
1544960 2166
1544970 2170
1544980 2170
1544990 2171
1545000 2173
1545010 2173
1545020 2177
1545030 2182
1545040 2184
1545050 2184
1545060 2187
1545070 2190
1545080 2190
1545090 2192
1545100 2195
1545110 2195
1545120 2199
1545130 2202
1545140 2202
1545150 2205
1545160 2208
1545170 2208
1545180 2212
1545190 2216
1545200 2216
1545210 2221
1545220 2227
1545230 2227
1545240 2233
1545250 2240
1545260 2240
1545270 2249
1545280 2259
1545290 2266
1545300 2266
1545310 2275
1545320 2284
1545330 2284
1545340 2290
1545350 2296
1545360 2296
1545370 2301
1545380 2294
1545390 2294
1545400 2285
1545410 2277
1545420 2277
1545430 2268
1545440 2258
1545450 2258
1545460 2250
1545470 2242
1545480 2242
1545490 2235
1545500 2228
1545510 2228
1545520 2222
1545530 2216
1545540 2211
1545550 2211
1545560 2206
1545570 2201
1545580 2201
1545590 2197
1545600 2195
1545610 2195
1545620 2194
1545630 2190
1545640 2190
1545650 2187
1545660 2184
1545670 2184
1545680 2182
1545690 2181
1545700 2181
1545710 2181
1545720 2181
1545730 2181
1545740 2183
1545750 2184
1545760 2184
1545770 2184
1545780 2184
1545790 2184
1545800 2184
1545810 2183
1545820 2182
1545830 2182
1545840 2181
1545850 2179
1545860 2179
1545870 2178
1545880 2176
1545890 2176
1545900 2177
1545910 2174
1545920 2174
1545930 2169
1545940 2163
1545950 2163
1545960 2155
1545970 2148
1545980 2148
1545990 2140
1546000 2133
1546010 2133
1546020 2126
1546030 2121
1546040 2121
1546050 2116
1546060 2110
1546070 2105
1546080 2105
1546090 2101
1546100 2097
1546110 2097
1546120 2094
1546130 2093
1546140 2093
1546150 2090
1546160 2085
1546170 2085
1546180 2081
1546190 2076
1546200 2076
1546210 2070
1546220 2065
1546230 2065
1546240 2061
1546250 2056
1546260 2056
1546270 2056
1546280 2056
1546290 2056
1546300 2056
1546310 2056
1546320 2055
1546330 2055
1546340 2055
1546350 2055
1546360 2055
1546370 2054
1546380 2052
1546390 2052
1546400 2050
1546410 2048
1546420 2048
1546430 2044
1546440 2040
1546450 2040
1546460 2037
1546470 2033
1546480 2033
1546490 2030
1546500 2026
1546510 2026
1546520 2023
1546530 2020
1546540 2020
1546550 2018
1546560 2015
1546570 2012
1546580 2012
1546590 2008
1546600 2003
1546610 2003
1546620 1998
1546630 1993
1546640 1993
1546650 1989
1546660 1985
1546670 1985
1546680 1981
1546690 1976
1546700 1976
1546710 1972
1546720 1970
1546730 1970
1546740 1968
1546750 1966
1546760 1966
1546770 1965
1546780 1965
1546790 1965
1546800 1963
1546810 1962
1546820 1962
1546830 1962
1546840 1960
1546850 1958
1546860 1958
1546870 1957
1546880 1957
1546890 1957
1546900 1957
1546910 1958
1546920 1958
1546930 1961
1546940 1964
1546950 1964
1546960 1967
1546970 1970
1546980 1970
1546990 1971
1547000 1972
1547010 1972
1547020 1972
1547030 1973
1547040 1973
1547050 1975
1547060 1979
1547070 1983
1547080 1983
1547090 1986
1547100 1988
1547110 1988
1547120 1990
1547130 1991
1547140 1991
1547150 1993
1547160 1994
1547170 1994
1547180 1996
1547190 1998
1547200 1998
1547210 2002
1547220 2007
1547230 2007
1547240 2011
1547250 2014
1547260 2014
1547270 2018
1547280 2022
1547290 2022
1547300 2025
1547310 2029
1547320 2033
1547330 2033
1547340 2037
1547350 2041
1547360 2041
1547370 2045
1547380 2050
1547390 2050
1547400 2055
1547410 2060
1547420 2060
1547430 2065
1547440 2071
1547450 2071
1547460 2076
1547470 2081
1547480 2081
1547490 2085
1547500 2089
1547510 2089
1547520 2092
1547530 2095
1547540 2095
1547550 2098
1547560 2100
1547570 2100
1547580 2102
1547590 2104
1547600 2104
1547610 2104
1547620 2105
1547630 2106
1547640 2106
1547650 2109
1547660 2110
1547670 2110
1547680 2110
1547690 2110
1547700 2110
1547710 2109
1547720 2107
1547730 2107
1547740 2104
1547750 2101
1547760 2101
1547770 2099
1547780 2097
1547790 2097
1547800 2096
1547810 2094
1547820 2094
1547830 2092
1547840 2090
1547850 2089
1547860 2089
1547870 2087
1547880 2084
1547890 2084
1547900 2080
1547910 2076
1547920 2076
1547930 2074
1547940 2073
1547950 2073
1547960 2073
1547970 2073
1547980 2073
1547990 2073
1548000 2073
1548010 2073
1548020 2073
1548030 2073
1548040 2073
1548050 2073
1548060 2073
1548070 2073
1548080 2073
1548090 2073
1548100 2073
1548110 2073
1548120 2073
1548130 2075
1548140 2075
1548150 2079
1548160 2084
1548170 2084
1548180 2089
1548190 2094
1548200 2094
1548210 2098
1548220 2102
1548230 2102
1548240 2107
1548250 2111
1548260 2111
1548270 2116
1548280 2121
1548290 2121
1548300 2126
1548310 2131
1548320 2131
1548330 2137
1548340 2144
1548350 2153
1548360 2153
1548370 2162
1548380 2172
1548390 2172
1548400 2184
1548410 2189
1548420 2189
1548430 2193
1548440 2195
1548450 2195
1548460 2197
1548470 2198
1548480 2198
1548490 2199
1548500 2200
1548510 2200
1548520 2200
1548530 2206
1548540 2206
1548550 2207
1548560 2206
1548570 2206
1548580 2202
1548590 2198
1548600 2194
1548610 2194
1548620 2193
1548630 2193
1548640 2193
1548650 2194
1548660 2196
1548670 2196
1548680 2199
1548690 2201
1548700 2201
1548710 2205
1548720 2211
1548730 2211
1548740 2217
1548750 2219
1548760 2219
1548770 2220
1548780 2220
1548790 2220
1548800 2219
1548810 2219
1548820 2219
1548830 2220
1548840 2224
1548850 2230
1548860 2230
1548870 2235
1548880 2243
1548890 2243
1548900 2255
1548910 2262
1548920 2262
1548930 2269
1548940 2261
1548950 2261
1548960 2252
1548970 2246
1548980 2246
1548990 2241
1549000 2237
1549010 2237
1549020 2233
1549030 2228
1549040 2228
1549050 2222
1549060 2215
1549070 2215
1549080 2211
1549090 2210
1549100 2210
1549110 2210
1549120 2209
1549130 2209
1549140 2209
1549150 2208
1549160 2208
1549170 2208
1549180 2206
1549190 2204
1549200 2204
1549210 2203
1549220 2201
1549230 2201
1549240 2199
1549250 2196
1549260 2196
1549270 2195
1549280 2193
1549290 2193
1549300 2193
1549310 2192
1549320 2192
1549330 2185
1549340 2181
1549350 2181
1549360 2180
1549370 2179
1549380 2178
1549390 2178
1549400 2176
1549410 2175
1549420 2175
1549430 2174
1549440 2174
1549450 2174
1549460 2174
1549470 2174
1549480 2174
1549490 2174
1549500 2177
1549510 2177
1549520 2180
1549530 2182
1549540 2182
1549550 2183
1549560 2185
1549570 2185
1549580 2188
1549590 2191
1549600 2191
1549610 2200
1549620 2212
1549630 2219
1549640 2219
1549650 2224
1549660 2228
1549670 2228
1549680 2230
1549690 2229
1549700 2229
1549710 2227
1549720 2225
1549730 2225
1549740 2223
1549750 2218
1549760 2218
1549770 2214
1549780 2213
1549790 2213
1549800 2212
1549810 2211
1549820 2211
1549830 2209
1549840 2209
1549850 2209
1549860 2212
1549870 2215
1549880 2218
1549890 2218
1549900 2216
1549910 2215
1549920 2215
1549930 2214
1549940 2213
1549950 2213
1549960 2211
1549970 2208
1549980 2208
1549990 2205
1550000 2201
1550010 2201
1550020 2197
1550030 2193
1550040 2193
1550050 2189
1550060 2184
1550070 2184
1550080 2179
1550090 2173
1550100 2173
1550110 2168
1550120 2161
1550130 2149
1550140 2149
1550150 2137
1550160 2127
1550170 2127
1550180 2118
1550190 2111
1550200 2111
1550210 2105
1550220 2100
1550230 2100
1550240 2096
1550250 2093
1550260 2093
1550270 2092
1550280 2095
1550290 2095
1550300 2098
1550310 2098
1550320 2098
1550330 2098
1550340 2096
1550350 2096
1550360 2097
1550370 2096
1550380 2093
1550390 2093
1550400 2090
1550410 2087
1550420 2087
1550430 2083
1550440 2080
1550450 2080
1550460 2077
1550470 2075
1550480 2075
1550490 2067
1550500 2065
1550510 2065
1550520 2062
1550530 2056
1550540 2056
1550550 2050
1550560 2044
1550570 2044
1550580 2040
1550590 2034
1550600 2034
1550610 2029
1550620 2022
1550630 2017
1550640 2017
1550650 2012
1550660 2008
1550670 2008
1550680 2005
1550690 1998
1550700 1998
1550710 1994
1550720 1991
1550730 1991
1550740 1986
1550750 1982
1550760 1982
1550770 1977
1550780 1972
1550790 1972
1550800 1965
1550810 1961
1550820 1961
1550830 1956
1550840 1952
1550850 1952
1550860 1949
1550870 1949
1550880 1949
1550890 1948
1550900 1948
1550910 1947
1550920 1947
1550930 1945
1550940 1944
1550950 1944
1550960 1943
1550970 1943
1550980 1943
1550990 1943
1551000 1944
1551010 1944
1551020 1945
1551030 1947
1551040 1947
1551050 1948
1551060 1950
1551070 1950
1551080 1954
1551090 1958
1551100 1958
1551110 1964
1551120 1970
1551130 1970
1551140 1977
1551150 1985
1551160 1994
1551170 1994
1551180 2002
1551190 2019
1551200 2019
1551210 2038
1551220 2057
1551230 2057
1551240 2063
1551250 2067
1551260 2067
1551270 2067
1551280 2067
1551290 2067
1551300 2066
1551310 2065
1551320 2065
1551330 2064
1551340 2063
1551350 2063
1551360 2062
1551370 2058
1551380 2058
1551390 2053
1551400 2048
1551410 2041
1551420 2041
1551430 2033
1551440 2023
1551450 2023
1551460 2016
1551470 2008
1551480 2008
1551490 2000
1551500 1996
1551510 1996
1551520 1991
1551530 1987
1551540 1987
1551550 1983
1551560 1980
1551570 1980
1551580 1978
1551590 1976
1551600 1976
1551610 1977
1551620 1978
1551630 1978
1551640 1980
1551650 1982
1551660 1984
1551670 1984
1551680 1985
1551690 1987
1551700 1987
1551710 1989
1551720 1992
1551730 1992
1551740 1995
1551750 1998
1551760 1998
1551770 2001
1551780 2003
1551790 2003
1551800 2005
1551810 2007
1551820 2007
1551830 2010
1551840 2015
1551850 2015
1551860 2020
1551870 2026
1551880 2026
1551890 2032
1551900 2040
1551910 2048
1551920 2048
1551930 2057
1551940 2070
1551950 2070
1551960 2080
1551970 2085
1551980 2085
1551990 2089
1552000 2091
1552010 2091
1552020 2092
1552030 2097
1552040 2097
1552050 2103
1552060 2110
1552070 2110
1552080 2115
1552090 2120
1552100 2120
1552110 2124
1552120 2125
1552130 2125
1552140 2126
1552150 2128
1552160 2131
1552170 2131
1552180 2134
1552190 2137
1552200 2137
1552210 2141
1552220 2146
1552230 2146
1552240 2151
1552250 2156
1552260 2156
1552270 2162
1552280 2167
1552290 2167
1552300 2173
1552310 2178
1552320 2178
1552330 2185
1552340 2191
1552350 2191
1552360 2198
1552370 2204
1552380 2204
1552390 2212
1552400 2215
1552410 2214
1552420 2214
1552430 2213
1552440 2213
1552450 2213
1552460 2213
1552470 2213
1552480 2213
1552490 2213
1552500 2212
1552510 2212
1552520 2211
1552530 2210
1552540 2210
1552550 2209
1552560 2208
1552570 2208
1552580 2207
1552590 2206
1552600 2206
1552610 2203
1552620 2199
1552630 2199
1552640 2194
1552650 2191
1552660 2191
1552670 2190
1552680 2185
1552690 2181
1552700 2181
1552710 2177
1552720 2175
1552730 2175
1552740 2173
1552750 2172
1552760 2172
1552770 2172
1552780 2172
1552790 2172
1552800 2171
1552810 2171
1552820 2171
1552830 2169
1552840 2166
1552850 2166
1552860 2162
1552870 2157
1552880 2157
1552890 2151
1552900 2142
1552910 2142
1552920 2133
1552930 2122
1552940 2113
1552950 2113
1552960 2103
1552970 2094
1552980 2094
1552990 2087
1553000 2080
1553010 2080
1553020 2074
1553030 2068
1553040 2068
1553050 2062
1553060 2056
1553070 2056
1553080 2051
1553090 2047
1553100 2047
1553110 2043
1553120 2040
1553130 2040
1553140 2036
1553150 2033
1553160 2033
1553170 2028
1553180 2025
1553190 2021
1553200 2021
1553210 2016
1553220 2012
1553230 2012
1553240 2010
1553250 2006
1553260 2006
1553270 2002
1553280 1997
1553290 1997
1553300 1993
1553310 1990
1553320 1990
1553330 1988
1553340 1988
1553350 1988
1553360 1989
1553370 1988
1553380 1988
1553390 1986
1553400 1984
1553410 1984
1553420 1984
1553430 1984
1553440 1983
1553450 1983
1553460 1983
1553470 1983
1553480 1983
1553490 1983
1553500 1983
1553510 1983
1553520 1984
1553530 1985
1553540 1985
1553550 1989
1553560 1993
1553570 1993
1553580 1996
1553590 1999
1553600 1999
1553610 2000
1553620 2003
1553630 2003
1553640 2007
1553650 2009
1553660 2009
1553670 2006
1553680 2006
1553690 2006
1553700 2006
1553710 2006
1553720 2006
1553730 2006
1553740 2009
1553750 2011
1553760 2011
1553770 2014
1553780 2017
1553790 2017
1553800 2019
1553810 2022
1553820 2022
1553830 2025
1553840 2029
1553850 2029
1553860 2033
1553870 2039
1553880 2039
1553890 2045
1553900 2051
1553910 2051
1553920 2058
1553930 2067
1553940 2089
1553950 2089
1553960 2108
1553970 2120
1553980 2120
1553990 2127
1554000 2134
1554010 2134
1554020 2141
1554030 2148
1554040 2148
1554050 2155
1554060 2164
1554070 2164
1554080 2173
1554090 2182
1554100 2182
1554110 2188
1554120 2197
1554130 2197
1554140 2206
1554150 2215
1554160 2215
1554170 2222
1554180 2213
1554190 2213
1554200 2204
1554210 2195
1554220 2188
1554230 2188
1554240 2179
1554250 2173
1554260 2173
1554270 2166
1554280 2158
1554290 2158
1554300 2151
1554310 2143
1554320 2143
1554330 2136
1554340 2129
1554350 2129
1554360 2122
1554370 2115
1554380 2115
1554390 2107
1554400 2101
1554410 2101
1554420 2095
1554430 2089
1554440 2089
1554450 2082
1554460 2072
1554470 2064
1554480 2064
1554490 2057
1554500 2051
1554510 2051
1554520 2044
1554530 2037
1554540 2037
1554550 2029
1554560 2021
1554570 2021
1554580 2013
1554590 2005
1554600 2005
1554610 1998
1554620 1991
1554630 1991
1554640 1980
1554650 1965
1554660 1965
1554670 1956
1554680 1946
1554690 1946
1554700 1938
1554710 1929
1554720 1920
1554730 1920
1554740 1911
1554750 1903
1554760 1903
1554770 1895
1554780 1887
1554790 1887
1554800 1879
1554810 1872
1554820 1872
1554830 1864
1554840 1858
1554850 1858
1554860 1852
1554870 1846
1554880 1846
1554890 1841
1554900 1837
1554910 1837
1554920 1832
1554930 1828
1554940 1828
1554950 1824
1554960 1819
1554970 1815
1554980 1815
1554990 1811
1555000 1807
1555010 1807
1555020 1804
1555030 1801
1555040 1801
1555050 1796
1555060 1792
1555070 1792
1555080 1787
1555090 1782
1555100 1782
1555110 1777
1555120 1773
1555130 1773
1555140 1768
1555150 1764
1555160 1764
1555170 1760
1555180 1756
1555190 1756
1555200 1751
1555210 1747
1555220 1743
1555230 1743
1555240 1738
1555250 1734
1555260 1734
1555270 1729
1555280 1724
1555290 1724
1555300 1720
1555310 1715
1555320 1715
1555330 1710
1555340 1704
1555350 1704
1555360 1699
1555370 1693
1555380 1693
1555390 1689
1555400 1685
1555410 1685
1555420 1681
1555430 1678
1555440 1678
1555450 1677
1555460 1676
1555470 1674
1555480 1674
1555490 1672
1555500 1670
1555510 1670
1555520 1668
1555530 1669
1555540 1669
1555550 1671
1555560 1673
1555570 1673
1555580 1673
1555590 1672
1555600 1672
1555610 1670
1555620 1668
1555630 1668
1555640 1666
1555650 1665
1555660 1665
1555670 1663
1555680 1659
1555690 1659
1555700 1655
1555710 1653
1555720 1653
1555730 1653
1555740 1651
1555750 1649
1555760 1649
1555770 1646
1555780 1642
1555790 1642
1555800 1639
1555810 1639
1555820 1639
1555830 1637
1555840 1634
1555850 1634
1555860 1632
1555870 1630
1555880 1630
1555890 1629
1555900 1631
1555910 1631
1555920 1632
1555930 1633
1555940 1633
1555950 1634
1555960 1635
1555970 1635
1555980 1637
1555990 1638
1556000 1640
1556010 1640
1556020 1641
1556030 1644
1556040 1644
1556050 1647
1556060 1650
1556070 1650
1556080 1654
1556090 1658
1556100 1658
1556110 1662
1556120 1666
1556130 1666
1556140 1670
1556150 1675
1556160 1675
1556170 1680
1556180 1684
1556190 1684
1556200 1688
1556210 1692
1556220 1692
1556230 1696
1556240 1701
1556250 1706
1556260 1706
1556270 1711
1556280 1716
1556290 1716
1556300 1722
1556310 1729
1556320 1729
1556330 1736
1556340 1742
1556350 1742
1556360 1747
1556370 1752
1556380 1752
1556390 1758
1556400 1763
1556410 1763
1556420 1769
1556430 1774
1556440 1774
1556450 1780
1556460 1786
1556470 1786
1556480 1792
1556490 1798
1556500 1804
1556510 1804
1556520 1809
1556530 1814
1556540 1814
1556550 1820
1556560 1825
1556570 1825
1556580 1832
1556590 1838
1556600 1838
1556610 1842
1556620 1848
1556630 1848
1556640 1854
1556650 1860
1556660 1860
1556670 1865
1556680 1869
1556690 1869
1556700 1875
1556710 1882
1556720 1882
1556730 1892
1556740 1900
1556750 1910
1556760 1910
1556770 1916
1556780 1923
1556790 1923
1556800 1928
1556810 1932
1556820 1932
1556830 1936
1556840 1939
1556850 1939
1556860 1941
1556870 1943
1556880 1943
1556890 1946
1556900 1951
1556910 1951
1556920 1956
1556930 1960
1556940 1960
1556950 1965
1556960 1968
1556970 1968
1556980 1971
1556990 1974
1557000 1976
1557010 1976
1557020 1980
1557030 1983
1557040 1983
1557050 1989
1557060 1996
1557070 1996
1557080 2003
1557090 2009
1557100 2009
1557110 2016
1557120 2023
1557130 2023
1557140 2028
1557150 2035
1557160 2035
1557170 2043
1557180 2049
1557190 2049
1557200 2054
1557210 2058
1557220 2058
1557230 2062
1557240 2061
1557250 2065
1557260 2065
1557270 2072
1557280 2078
1557290 2078
1557300 2081
1557310 2084
1557320 2084
1557330 2085
1557340 2087
1557350 2087
1557360 2090
1557370 2095
1557380 2095
1557390 2100
1557400 2106
1557410 2106
1557420 2111
1557430 2116
1557440 2116
1557450 2120
1557460 2126
1557470 2126
1557480 2134
1557490 2147
1557500 2151
1557510 2151
1557520 2151
1557530 2154
1557540 2154
1557550 2157
1557560 2162
1557570 2162
1557580 2169
1557590 2177
1557600 2177
1557610 2185
1557620 2193
1557630 2193
1557640 2200
1557650 2206
1557660 2206
1557670 2211
1557680 2217
1557690 2217
1557700 2222
1557710 2227
1557720 2227
1557730 2231
1557740 2235
1557750 2235
1557760 2241
1557770 2246
1557780 2252
1557790 2252
1557800 2258
1557810 2263
1557820 2260
1557830 2266
1557840 2271
1557850 2271
1557860 2278
1557870 2284
1557880 2284
1557890 2292
1557900 2299
1557910 2299
1557920 2302
1557930 2305
1557940 2305
1557950 2308
1557960 2311
1557970 2311
1557980 2314
1557990 2318
1558000 2318
1558010 2320
1558020 2324
1558030 2328
1558040 2328
1558050 2332
1558060 2338
1558070 2338
1558080 2345
1558090 2352
1558100 2352
1558110 2359
1558120 2365
1558130 2365
1558140 2368
1558150 2371
1558160 2371
1558170 2375
1558180 2380
1558190 2380
1558200 2387
1558210 2390
1558220 2390
1558230 2391
1558240 2391
1558250 2391
1558260 2393
1558270 2399
1558280 2405
1558290 2405
1558300 2408
1558310 2408
1558320 2408
1558330 2407
1558340 2407
1558350 2407
1558360 2409
1558370 2411
1558380 2411
1558390 2413
1558400 2416
1558410 2416
1558420 2418
1558430 2421
1558440 2421
1558450 2422
1558460 2421
1558470 2421
1558480 2418
1558490 2411
1558500 2411
1558510 2405
1558520 2402
1558530 2400
1558540 2400
1558550 2396
1558560 2393
1558570 2393
1558580 2392
1558590 2388
1558600 2388
1558610 2386
1558620 2381
1558630 2381
1558640 2376
1558650 2371
1558660 2371
1558670 2366
1558680 2360
1558690 2360
1558700 2354
1558710 2346
1558720 2346
1558730 2340
1558740 2334
1558750 2334
1558760 2330
1558770 2326
1558780 2321
1558790 2321
1558800 2314
1558810 2307
1558820 2307
1558830 2302
1558840 2298
1558850 2298
1558860 2295
1558870 2294
1558880 2294
1558890 2291
1558900 2288
1558910 2288
1558920 2285
1558930 2283
1558940 2283
1558950 2282
1558960 2280
1558970 2280
1558980 2278
1558990 2274
1559000 2274
1559010 2270
1559020 2265
1559030 2259
1559040 2259
1559050 2252
1559060 2244
1559070 2244
1559080 2237
1559090 2230
1559100 2230
1559110 2224
1559120 2217
1559130 2217
1559140 2211
1559150 2205
1559160 2205
1559170 2198
1559180 2191
1559190 2191
1559200 2185
1559210 2178
1559220 2178
1559230 2171
1559240 2166
1559250 2166
1559260 2163
1559270 2160
1559280 2160
1559290 2159
1559300 2158
1559310 2157
1559320 2157
1559330 2156
1559340 2155
1559350 2155
1559360 2155
1559370 2155
1559380 2155
1559390 2154
1559400 2153
1559410 2153
1559420 2153
1559430 2153
1559440 2153
1559450 2152
1559460 2150
1559470 2150
1559480 2147
1559490 2144
1559500 2144
1559510 2140
1559520 2137
1559530 2140
1559540 2137
1559550 2135
1559560 2134
1559570 2134
1559580 2132
1559590 2129
1559600 2129
1559610 2125
1559620 2120
1559630 2120
1559640 2115
1559650 2110
1559660 2110
1559670 2104
1559680 2098
1559690 2098
1559700 2092
1559710 2087
1559720 2087
1559730 2083
1559740 2080
1559750 2080
1559760 2076
1559770 2072
1559780 2072
1559790 2067
1559800 2062
1559810 2058
1559820 2058
1559830 2054
1559840 2047
1559850 2047
1559860 2040
1559870 2033
1559880 2033
1559890 2027
1559900 2022
1559910 2022
1559920 2017
1559930 2012
1559940 2012
1559950 2007
1559960 2001
1559970 2001
1559980 1996
1559990 1990
