1540000 2264
1540010 2266
1540020 2266
1540030 2268
1540040 2268
1540050 2268
1540060 2268
1540070 2268
1540080 2268
1540090 2269
1540100 2271
1540110 2271
1540120 2273
1540130 2274
1540140 2274
1540150 2275
1540160 2274
1540170 2274
1540180 2270
1540190 2266
1540200 2266
1540210 2262
1540220 2258
1540230 2258
1540240 2255
1540250 2252
1540260 2250
1540270 2250
1540280 2247
1540290 2243
1540300 2243
1540310 2240
1540320 2238
1540330 2238
1540340 2237
1540350 2235
1540360 2235
1540370 2232
1540380 2228
1540390 2228
1540400 2225
1540410 2221
1540420 2221
1540430 2218
1540440 2214
1540450 2214
1540460 2209
1540470 2206
1540480 2206
1540490 2201
1540500 2198
1540510 2196
1540520 2196
1540530 2193
1540540 2190
1540550 2190
1540560 2187
1540570 2185
1540580 2185
1540590 2183
1540600 2182
1540610 2182
1540620 2180
1540630 2178
1540640 2178
1540650 2176
1540660 2174
1540670 2174
1540680 2172
1540690 2170
1540700 2170
1540710 2166
1540720 2163
1540730 2163
1540740 2159
1540750 2155
1540760 2152
1540770 2152
1540780 2150
1540790 2150
1540800 2150
1540810 2152
1540820 2151
1540830 2151
1540840 2151
1540850 2153
1540860 2153
1540870 2154
1540880 2162
1540890 2162
1540900 2172
1540910 2189
1540920 2189
1540930 2204
1540940 2212
1540950 2212
1540960 2216
1540970 2212
1540980 2212
1540990 2219
1541000 2221
1541010 2221
1541020 2221
1541030 2217
1541040 2219
1541050 2219
1541060 2230
1541070 2231
1541080 2231
1541090 2225
1541100 2221
1541110 2221
1541120 2217
1541130 2211
1541140 2211
1541150 2209
1541160 2213
1541170 2213
1541180 2219
1541190 2217
1541200 2217
1541210 2220
1541220 2224
1541230 2224
1541240 2226
1541250 2227
1541260 2227
1541270 2228
1541280 2227
1541290 2225
1541300 2225
1541310 2222
1541320 2217
1541330 2217
1541340 2212
1541350 2207
1541360 2207
1541370 2201
1541380 2197
1541390 2197
1541400 2192
1541410 2188
1541420 2188
1541430 2184
1541440 2181
1541450 2181
1541460 2179
1541470 2177
1541480 2177
1541490 2176
1541500 2175
1541510 2175
1541520 2172
1541530 2169
1541540 2166
1541550 2166
1541560 2161
1541570 2156
1541580 2156
1541590 2150
1541600 2144
1541610 2144
1541620 2138
1541630 2132
1541640 2132
1541650 2126
1541660 2119
1541670 2119
1541680 2111
1541690 2103
1541700 2103
1541710 2095
1541720 2088
1541730 2088
1541740 2080
1541750 2072
1541760 2072
1541770 2066
1541780 2059
1541790 2059
1541800 2052
1541810 2044
1541820 2036
1541830 2036
1541840 2025
1541850 2016
1541860 2016
1541870 2007
1541880 1999
1541890 1999
1541900 1993
1541910 1988
1541920 1988
1541930 1983
1541940 1978
1541950 1978
1541960 1972
1541970 1964
1541980 1964
1541990 1958
1542000 1951
1542010 1951
1542020 1943
1542030 1936
1542040 1937
1542050 1930
1542060 1923
1542070 1917
1542080 1917
1542090 1912
1542100 1904
1542110 1904
1542120 1897
1542130 1890
1542140 1890
1542150 1884
1542160 1879
1542170 1879
1542180 1874
1542190 1871
1542200 1871
1542210 1866
1542220 1860
1542230 1860
1542240 1853
1542250 1845
1542260 1845
1542270 1839
1542280 1836
1542290 1836
1542300 1832
1542310 1826
1542320 1826
1542330 1819
1542340 1813
1542350 1806
1542360 1806
1542370 1800
1542380 1793
1542390 1793
1542400 1787
1542410 1780
1542420 1780
1542430 1773
1542440 1767
1542450 1767
1542460 1761
1542470 1754
1542480 1754
1542490 1746
1542500 1739
1542510 1739
1542520 1733
1542530 1727
1542540 1727
1542550 1721
1542560 1715
1542570 1715
1542580 1709
1542590 1703
1542600 1698
1542610 1698
1542620 1693
1542630 1688
1542640 1688
1542650 1684
1542660 1680
1542670 1680
1542680 1674
1542690 1667
1542700 1667
1542710 1659
1542720 1654
1542730 1654
1542740 1648
1542750 1643
1542760 1643
1542770 1637
1542780 1630
1542790 1630
1542800 1624
1542810 1617
1542820 1617
1542830 1611
1542840 1604
1542850 1598
1542860 1598
1542870 1593
1542880 1588
1542890 1588
1542900 1582
1542910 1575
1542920 1575
1542930 1568
1542940 1565
1542950 1565
1542960 1561
1542970 1558
1542980 1558
1542990 1555
1543000 1551
1543010 1551
1543020 1507
1543030 1463
1543040 1463
1543050 1430
1543060 1413
1543070 1413
1543080 1404
1543090 1394
1543100 1394
1543110 1386
1543120 1379
1543130 1372
1543140 1372
1543150 1367
1543160 1362
1543170 1362
1543180 1357
1543190 1352
1543200 1352
1543210 1347
1543220 1341
1543230 1341
1543240 1335
1543250 1331
1543260 1331
1543270 1329
1543280 1327
1543290 1327
1543300 1323
1543310 1321
1543320 1321
1543330 1321
1543340 1322
1543350 1322
1543360 1319
1543370 1313
1543380 1305
1543390 1305
1543400 1301
1543410 1295
1543420 1295
1543430 1287
1543440 1274
1543450 1274
1543460 1266
1543470 1260
1543480 1260
1543490 1254
1543500 1248
1543510 1248
1543520 1241
1543530 1236
1543540 1236
1543550 1233
1543560 1228
1543570 1228
1543580 1223
1543590 1220
1543600 1220
1543610 1221
1543620 1227
1543630 1227
1543640 1230
1543650 1235
1543660 1240
1543670 1240
1543680 1246
1543690 1252
1543700 1252
1543710 1257
1543720 1261
1543730 1261
1543740 1266
1543750 1273
1543760 1273
1543770 1280
1543780 1287
1543790 1287
1543800 1294
1543810 1301
1543820 1301
1543830 1308
1543840 1315
1543850 1315
1543860 1323
1543870 1330
1543880 1330
1543890 1336
1543900 1346
1543910 1360
1543920 1360
1543930 1377
1543940 1394
1543950 1394
1543960 1412
1543970 1436
1543980 1436
1543990 1456
1544000 1477
1544010 1477
1544020 1525
1544030 1551
1544040 1551
1544050 1571
1544060 1584
1544070 1584
1544080 1600
1544090 1613
1544100 1613
1544110 1625
1544120 1637
1544130 1637
1544140 1649
1544150 1661
1544160 1682
1544170 1682
1544180 1694
1544190 1708
1544200 1708
1544210 1721
1544220 1723
1544230 1723
1544240 1727
1544250 1738
1544260 1738
1544270 1752
1544280 1759
1544290 1759
1544300 1766
1544310 1776
1544320 1776
1544330 1783
1544340 1790
1544350 1790
1544360 1797
1544370 1805
1544380 1805
1544390 1816
1544400 1825
1544410 1825
1544420 1833
1544430 1841
1544440 1848
1544450 1848
1544460 1856
1544470 1864
1544480 1864
1544490 1872
1544500 1879
1544510 1879
1544520 1888
1544530 1896
1544540 1896
1544550 1905
1544560 1915
1544570 1915
1544580 1924
1544590 1932
1544600 1932
1544610 1940
1544620 1947
1544630 1947
1544640 1954
1544650 1961
1544660 1961
1544670 1961
1544680 1948
1544690 1936
1544700 1936
1544710 1927
1544720 1919
1544730 1919
1544740 1907
1544750 1893
1544760 1893
1544770 1884
1544780 1876
1544790 1876
1544800 1865
1544810 1853
1544820 1853
1544830 1841
1544840 1827
1544850 1827
1544860 1812
1544870 1803
1544880 1803
1544890 1790
1544900 1778
1544910 1778
1544920 1769
1544930 1762
1544940 1762
1544950 1755
1544960 1748
1544970 1743
1544980 1743
1544990 1737
1545000 1733
1545010 1733
1545020 1731
1545030 1732
1545040 1732
1545050 1732
1545060 1734
1545070 1734
1545080 1735
1545090 1734
1545100 1734
1545110 1733
1545120 1730
1545130 1730
1545140 1726
1545150 1724
1545160 1724
1545170 1719
1545180 1713
1545190 1713
1545200 1708
1545210 1703
1545220 1697
1545230 1697
1545240 1691
1545250 1686
1545260 1686
1545270 1680
1545280 1672
1545290 1672
1545300 1665
1545310 1658
1545320 1658
1545330 1652
1545340 1646
1545350 1646
1545360 1640
1545370 1634
1545380 1634
1545390 1629
1545400 1623
1545410 1623
1545420 1618
1545430 1613
1545440 1613
1545450 1608
1545460 1603
1545470 1597
1545480 1597
1545490 1591
1545500 1585
1545510 1585
1545520 1579
1545530 1573
1545540 1573
1545550 1567
1545560 1560
1545570 1560
1545580 1554
1545590 1547
1545600 1547
1545610 1541
1545620 1535
1545630 1535
1545640 1530
1545650 1525
1545660 1525
1545670 1519
1545680 1514
1545690 1514
1545700 1509
1545710 1504
1545720 1504
1545730 1499
1545740 1495
1545750 1490
1545760 1490
1545770 1486
1545780 1481
1545790 1481
1545800 1477
1545810 1473
1545820 1473
1545830 1469
1545840 1465
1545850 1465
1545860 1460
1545870 1457
1545880 1457
1545890 1454
1545900 1450
1545910 1450
1545920 1447
1545930 1445
1545940 1445
1545950 1444
1545960 1444
1545970 1444
1545980 1444
1545990 1444
1546000 1444
1546010 1444
1546020 1445
1546030 1447
1546040 1447
1546050 1449
1546060 1450
1546070 1450
1546080 1449
1546090 1449
1546100 1449
1546110 1449
1546120 1450
1546130 1450
1546140 1451
1546150 1452
1546160 1452
1546170 1453
1546180 1454
1546190 1454
1546200 1456
1546210 1459
1546220 1459
1546230 1461
1546240 1463
1546250 1463
1546260 1464
1546270 1467
1546280 1471
1546290 1471
1546300 1476
1546310 1482
1546320 1482
1546330 1488
1546340 1494
1546350 1494
1546360 1501
1546370 1507
1546380 1507
1546390 1513
1546400 1519
1546410 1519
1546420 1525
1546430 1531
1546440 1531
1546450 1536
1546460 1542
1546470 1542
1546480 1548
1546490 1555
1546500 1555
1546510 1563
1546520 1570
1546530 1578
1546540 1578
1546550 1585
1546560 1593
1546570 1593
1546580 1600
1546590 1614
1546600 1614
1546610 1627
1546620 1638
1546630 1638
1546640 1649
1546650 1688
1546660 1688
1546670 1707
1546680 1726
1546690 1726
1546700 1742
1546710 1751
1546720 1751
1546730 1762
1546740 1776
1546750 1776
1546760 1789
1546770 1796
1546780 1800
1546790 1800
1546800 1795
1546810 1801
1546820 1801
1546830 1809
1546840 1815
1546850 1815
1546860 1817
1546870 1821
1546880 1821
1546890 1826
1546900 1835
1546910 1835
1546920 1845
1546930 1856
1546940 1856
1546950 1863
1546960 1872
1546970 1872
1546980 1882
1546990 1893
1547000 1893
1547010 1902
1547020 1913
1547030 1913
1547040 1924
1547050 1933
1547060 1942
1547070 1942
1547080 1957
1547090 1968
1547100 1968
1547110 1978
1547120 1993
1547130 1993
1547140 2009
1547150 2023
1547160 2023
1547170 2037
1547180 2048
1547190 2048
1547200 2057
1547210 2068
1547220 2068
1547230 2082
1547240 2095
1547250 2095
1547260 2107
1547270 2122
1547280 2122
1547290 2141
1547300 2151
1547310 2147
1547320 2147
1547330 2148
1547340 2155
1547350 2155
1547360 2161
1547370 2158
1547380 2158
1547390 2156
1547400 2159
1547410 2159
1547420 2162
1547430 2162
1547440 2162
1547450 2157
1547460 2154
1547470 2154
1547480 2156
1547490 2151
1547500 2151
1547510 2150
1547520 2147
1547530 2147
1547540 2142
1547550 2140
1547560 2140
1547570 2138
1547580 2138
1547590 2138
1547600 2138
1547610 2138
1547620 2138
1547630 2138
1547640 2139
1547650 2142
1547660 2142
1547670 2145
1547680 2147
1547690 2147
1547700 2150
1547710 2152
1547720 2152
1547730 2155
1547740 2159
1547750 2159
1547760 2163
1547770 2168
1547780 2168
1547790 2172
1547800 2176
1547810 2176
1547820 2179
1547830 2184
1547840 2189
1547850 2189
1547860 2208
1547870 2241
1547880 2241
1547890 2257
1547900 2275
1547910 2275
1547920 2282
1547930 2291
1547940 2291
1547950 2299
1547960 2293
1547970 2293
1547980 2285
1547990 2275
1548000 2275
1548010 2268
1548020 2261
1548030 2261
1548040 2256
1548050 2250
1548060 2250
1548070 2244
1548080 2233
1548090 2225
1548100 2225
1548110 2216
1548120 2208
1548130 2208
1548140 2201
1548150 2194
1548160 2194
1548170 2186
1548180 2178
1548190 2178
1548200 2174
1548210 2173
1548220 2173
1548230 2177
1548240 2182
1548250 2182
1548260 2185
1548270 2195
1548280 2195
1548290 2201
1548300 2208
1548310 2208
1548320 2220
1548330 2229
1548340 2225
1548350 2235
1548360 2247
1548370 2258
1548380 2258
1548390 2267
1548400 2278
1548410 2278
1548420 2290
1548430 2303
1548440 2303
1548450 2323
1548460 2342
1548470 2342
1548480 2349
1548490 2359
1548500 2359
1548510 2369
1548520 2377
1548530 2377
1548540 2384
1548550 2391
1548560 2391
1548570 2398
1548580 2404
1548590 2404
1548600 2403
1548610 2395
1548620 2386
1548630 2386
1548640 2377
1548650 2366
1548660 2366
1548670 2355
1548680 2344
1548690 2344
1548700 2336
1548710 2328
1548720 2328
1548730 2320
1548740 2311
1548750 2311
1548760 2301
1548770 2292
1548780 2292
1548790 2275
1548800 2257
1548810 2257
1548820 2243
1548830 2232
1548840 2232
1548850 2222
1548860 2212
1548870 2212
1548880 2203
1548890 2195
1548900 2187
1548910 2187
1548920 2179
1548930 2172
1548940 2172
1548950 2165
1548960 2158
1548970 2158
1548980 2151
1548990 2144
1549000 2144
1549010 2138
1549020 2132
1549030 2132
1549040 2126
1549050 2120
1549060 2120
1549070 2113
1549080 2107
1549090 2107
1549100 2101
1549110 2095
1549120 2095
1549130 2089
1549140 2084
1549150 2079
1549160 2079
1549170 2075
1549180 2070
1549190 2070
1549200 2066
1549210 2062
1549220 2062
1549230 2060
1549240 2057
1549250 2057
1549260 2055
1549270 2053
1549280 2053
1549290 2051
1549300 2051
1549310 2051
1549320 2051
1549330 2052
1549340 2052
1549350 2054
1549360 2053
1549370 2053
1549380 2048
1549390 2041
1549400 2034
1549410 2034
1549420 2031
1549430 2030
1549440 2030
1549450 2030
1549460 2030
1549470 2030
1549480 2030
1549490 2030
1549500 2030
1549510 2030
1549520 2030
1549530 2030
1549540 2031
1549550 2031
1549560 2031
1549570 2031
1549580 2034
1549590 2034
1549600 2039
1549610 2039
1549620 2039
1549630 2040
1549640 2042
1549650 2042
1549660 2044
1549670 2046
1549680 2047
1549690 2047
1549700 2048
1549710 2047
1549720 2047
1549730 2044
1549740 2040
1549750 2040
1549760 2037
1549770 2033
1549780 2033
1549790 2030
1549800 2029
1549810 2029
1549820 2028
1549830 2025
1549840 2025
1549850 2022
1549860 2019
1549870 2019
1549880 2018
1549890 2017
1549900 2017
1549910 2013
1549920 2008
1549930 2003
1549940 2003
1549950 1999
1549960 1997
1549970 1997
1549980 1996
1549990 1996
1550000 1996
1550010 1994
1550020 1991
1550030 1991
1550040 1985
1550050 1981
1550060 1981
1550070 1977
1550080 1973
1550090 1973
1550100 1968
1550110 1962
1550120 1962
1550130 1958
1550140 1954
1550150 1954
1550160 1952
1550170 1949
1550180 1949
1550190 1946
1550200 1944
1550210 1935
1550220 1935
1550230 1925
1550240 1918
1550250 1918
1550260 1911
1550270 1904
1550280 1904
1550290 1897
1550300 1890
1550310 1888
1550320 1882
1550330 1879
1550340 1879
1550350 1878
1550360 1876
1550370 1876
1550380 1874
1550390 1873
1550400 1873
1550410 1872
1550420 1873
1550430 1873
1550440 1872
1550450 1870
1550460 1867
1550470 1867
1550480 1865
1550490 1861
1550500 1861
1550510 1857
1550520 1853
1550530 1853
1550540 1848
1550550 1843
1550560 1843
1550570 1837
1550580 1832
1550590 1832
1550600 1828
1550610 1825
1550620 1825
1550630 1823
1550640 1816
1550650 1816
1550660 1810
1550670 1804
1550680 1804
1550690 1799
1550700 1794
1550710 1788
1550720 1788
1550730 1783
1550740 1778
1550750 1778
1550760 1774
1550770 1769
1550780 1769
1550790 1763
1550800 1758
1550810 1758
1550820 1754
1550830 1748
1550840 1748
1550850 1743
1550860 1737
1550870 1737
1550880 1730
1550890 1723
1550900 1723
1550910 1718
1550920 1712
1550930 1712
1550940 1708
1550950 1702
1550960 1702
1550970 1697
1550980 1692
1550990 1686
1551000 1686
1551010 1681
1551020 1675
1551030 1675
1551040 1669
1551050 1662
1551060 1662
1551070 1657
1551080 1653
1551090 1653
1551100 1648
1551110 1644
1551120 1644
1551130 1639
1551140 1633
1551150 1633
1551160 1625
1551170 1616
1551180 1616
1551190 1609
1551200 1601
1551210 1601
1551220 1592
1551230 1583
1551240 1569
1551250 1569
1551260 1557
1551270 1548
1551280 1548
1551290 1540
1551300 1533
1551310 1533
1551320 1527
1551330 1519
1551340 1519
1551350 1512
1551360 1504
1551370 1504
1551380 1496
1551390 1488
1551400 1488
1551410 1481
1551420 1473
1551430 1473
1551440 1465
1551450 1457
1551460 1457
1551470 1451
1551480 1446
1551490 1446
1551500 1440
1551510 1434
1551520 1429
1551530 1429
1551540 1423
1551550 1419
1551560 1419
1551570 1415
1551580 1410
1551590 1410
1551600 1406
1551610 1404
1551620 1404
1551630 1403
1551640 1403
1551650 1403
1551660 1403
1551670 1403
1551680 1403
1551690 1403
1551700 1405
1551710 1405
1551720 1407
1551730 1409
1551740 1409
1551750 1411
1551760 1413
1551770 1415
1551780 1415
1551790 1418
1551800 1421
1551810 1421
1551820 1424
1551830 1428
1551840 1428
1551850 1430
1551860 1432
1551870 1432
1551880 1435
1551890 1438
1551900 1438
1551910 1443
1551920 1450
1551930 1450
1551940 1456
1551950 1465
1551960 1465
1551970 1474
1551980 1482
1551990 1482
1552000 1489
1552010 1496
1552020 1503
1552030 1503
1552040 1510
1552050 1518
1552060 1518
1552070 1525
1552080 1534
1552090 1534
1552100 1541
1552110 1547
1552120 1547
1552130 1555
1552140 1561
1552150 1561
1552160 1567
1552170 1574
1552180 1574
1552190 1581
1552200 1588
1552210 1588
1552220 1595
1552230 1603
1552240 1603
1552250 1613
1552260 1621
1552270 1621
1552280 1631
1552290 1644
1552300 1656
1552310 1656
1552320 1666
1552330 1675
1552340 1675
1552350 1682
1552360 1691
1552370 1691
1552380 1705
1552390 1718
1552400 1718
1552410 1724
1552420 1732
1552430 1732
1552440 1740
1552450 1748
1552460 1748
1552470 1755
1552480 1762
1552490 1762
1552500 1772
1552510 1779
1552520 1779
1552530 1786
1552540 1796
1552550 1804
1552560 1804
1552570 1811
1552580 1819
1552590 1819
1552600 1827
1552610 1837
1552620 1837
1552630 1846
1552640 1853
1552650 1853
1552660 1861
1552670 1867
1552680 1867
1552690 1874
1552700 1884
1552710 1884
1552720 1894
1552730 1903
1552740 1903
1552750 1915
1552760 1924
1552770 1924
1552780 1932
1552790 1939
1552800 1939
1552810 1944
1552820 1950
1552830 1959
1552840 1959
1552850 1970
1552860 1979
1552870 1979
1552880 1990
1552890 1999
1552900 1999
1552910 2008
1552920 2014
1552930 2014
1552940 2021
1552950 2027
1552960 2027
1552970 2034
1552980 2040
1552990 2040
1553000 2047
1553010 2055
1553020 2055
1553030 2067
1553040 2078
1553050 2078
1553060 2089
1553070 2099
1553080 2109
1553090 2109
1553100 2118
1553110 2126
1553120 2126
1553130 2136
1553140 2143
1553150 2143
1553160 2147
1553170 2152
1553180 2152
1553190 2161
1553200 2169
1553210 2169
1553220 2179
1553230 2188
1553240 2188
1553250 2194
1553260 2202
1553270 2202
1553280 2212
1553290 2223
1553300 2223
1553310 2234
1553320 2244
1553330 2253
1553340 2253
1553350 2264
1553360 2274
1553370 2274
1553380 2283
1553390 2274
1553400 2274
1553410 2265
1553420 2257
1553430 2257
1553440 2250
1553450 2244
1553460 2244
1553470 2237
1553480 2228
1553490 2228
1553500 2218
1553510 2196
1553520 2196
1553530 2179
1553540 2167
1553550 2167
1553560 2148
1553570 2132
1553580 2132
1553590 2125
1553600 2118
1553610 2111
1553620 2111
1553630 2105
1553640 2100
1553650 2100
1553660 2095
1553670 2091
1553680 2091
1553690 2087
1553700 2083
1553710 2083
1553720 2079
1553730 2075
1553740 2075
1553750 2071
1553760 2066
1553770 2066
1553780 2061
1553790 2057
1553800 2057
1553810 2055
1553820 2053
1553830 2053
1553840 2055
1553850 2058
1553860 2059
1553870 2059
1553880 2061
1553890 2061
1553900 2061
1553910 2062
1553920 2064
1553930 2064
1553940 2068
1553950 2073
1553960 2073
1553970 2082
1553980 2093
1553990 2093
1554000 2104
1554010 2114
1554020 2114
1554030 2129
1554040 2150
1554050 2150
1554060 2171
1554070 2184
1554080 2175
1554090 2186
1554100 2193
1554110 2193
1554120 2200
1554130 2208
1554140 2212
1554150 2212
1554160 2218
1554170 2224
1554180 2224
1554190 2230
1554200 2233
1554210 2233
1554220 2235
1554230 2239
1554240 2239
1554250 2242
1554260 2247
1554270 2247
1554280 2251
1554290 2258
1554300 2258
1554310 2264
1554320 2270
1554330 2270
1554340 2273
1554350 2281
1554360 2281
1554370 2289
1554380 2294
1554390 2299
1554400 2299
1554410 2305
1554420 2312
1554430 2312
1554440 2319
1554450 2325
1554460 2325
1554470 2333
1554480 2338
1554490 2338
1554500 2346
1554510 2354
1554520 2354
1554530 2363
1554540 2368
1554550 2368
1554560 2366
1554570 2358
1554580 2358
1554590 2353
1554600 2354
1554610 2354
1554620 2354
1554630 2357
1554640 2361
1554650 2361
1554660 2367
1554670 2371
1554680 2371
1554690 2375
1554700 2380
1554710 2380
1554720 2385
1554730 2389
1554740 2389
1554750 2393
1554760 2395
1554770 2395
1554780 2396
1554790 2400
1554800 2400
1554810 2406
1554820 2410
1554830 2410
1554840 2415
1554850 2420
1554860 2420
1554870 2426
1554880 2431
1554890 2431
1554900 2438
1554910 2444
1554920 2448
1554930 2448
1554940 2455
1554950 2453
1554960 2453
1554970 2447
1554980 2439
1554990 2439
1555000 2432
1555010 2427
1555020 2427
1555030 2422
1555040 2417
1555050 2417
1555060 2411
1555070 2404
1555080 2404
1555090 2392
1555100 2385
1555110 2385
1555120 2380
1555130 2375
1555140 2375
1555150 2370
1555160 2365
1555170 2359
1555180 2359
1555190 2351
1555200 2344
1555210 2344
1555220 2339
1555230 2334
1555240 2334
1555250 2329
1555260 2324
1555270 2324
1555280 2320
1555290 2316
1555300 2316
1555310 2314
1555320 2313
1555330 2313
1555340 2311
1555350 2307
1555360 2307
1555370 2304
1555380 2301
1555390 2301
1555400 2299
1555410 2298
1555420 2298
1555430 2295
1555440 2292
1555450 2290
1555460 2290
1555470 2288
1555480 2286
1555490 2286
1555500 2282
1555510 2276
1555520 2276
1555530 2268
1555540 2262
1555550 2262
1555560 2256
1555570 2249
1555580 2249
1555590 2240
1555600 2225
1555610 2225
1555620 2209
1555630 2199
1555640 2199
1555650 2190
1555660 2184
1555670 2184
1555680 2180
1555690 2175
1555700 2168
1555710 2168
1555720 2162
1555730 2159
1555740 2159
1555750 2156
1555760 2153
1555770 2153
1555780 2149
1555790 2146
1555800 2146
1555810 2141
1555820 2137
1555830 2137
1555840 2130
1555850 2126
1555860 2126
1555870 2125
1555880 2126
1555890 2133
1555900 2133
1555910 2133
1555920 2133
1555930 2135
1555940 2136
1555950 2137
1555960 2137
1555970 2137
1555980 2136
1555990 2136
1556000 2136
1556010 2137
1556020 2137
1556030 2138
1556040 2139
1556050 2139
1556060 2141
1556070 2143
1556080 2143
1556090 2145
1556100 2149
1556110 2149
1556120 2154
1556130 2160
1556140 2160
1556150 2164
1556160 2167
1556170 2167
1556180 2169
1556190 2173
1556200 2173
1556210 2176
1556220 2179
1556230 2180
1556240 2180
1556250 2181
1556260 2181
1556270 2181
1556280 2181
1556290 2180
1556300 2180
1556310 2181
1556320 2181
1556330 2181
1556340 2181
1556350 2181
1556360 2181
1556370 2181
1556380 2182
1556390 2182
1556400 2184
1556410 2185
1556420 2185
1556430 2187
1556440 2191
1556450 2191
1556460 2195
1556470 2197
1556480 2203
1556490 2203
1556500 2206
1556510 2210
1556520 2210
1556530 2214
1556540 2216
1556550 2216
1556560 2218
1556570 2217
1556580 2217
1556590 2217
1556600 2217
1556610 2217
1556620 2215
1556630 2214
1556640 2214
1556650 2214
1556660 2214
1556670 2214
1556680 2214
1556690 2215
1556700 2215
1556710 2215
1556720 2217
1556730 2217
1556740 2220
1556750 2223
1556760 2225
1556770 2225
1556780 2228
1556790 2231
1556800 2231
1556810 2233
1556820 2235
1556830 2235
1556840 2238
1556850 2239
1556860 2239
1556870 2238
1556880 2230
1556890 2230
1556900 2224
1556910 2221
1556920 2221
1556930 2217
1556940 2214
1556950 2214
1556960 2210
1556970 2208
1556980 2208
1556990 2206
1557000 2203
1557010 2201
1557020 2201
1557030 2199
1557040 2195
1557050 2195
1557060 2192
1557070 2189
1557080 2189
1557090 2186
1557100 2184
1557110 2184
1557120 2181
1557130 2178
1557140 2178
1557150 2176
1557160 2175
1557170 2175
1557180 2174
1557190 2174
1557200 2174
1557210 2174
1557220 2177
1557230 2177
1557240 2179
1557250 2182
1557260 2184
1557270 2184
1557280 2188
1557290 2192
1557300 2192
1557310 2195
1557320 2196
1557330 2196
1557340 2195
1557350 2194
1557360 2194
1557370 2194
1557380 2189
1557390 2189
1557400 2184
1557410 2180
1557420 2180
1557430 2174
1557440 2165
1557450 2165
1557460 2157
1557470 2154
1557480 2154
1557490 2152
1557500 2150
1557510 2150
1557520 2146
1557530 2144
1557540 2140
1557550 2140
1557560 2136
1557570 2135
1557580 2135
1557590 2134
1557600 2133
1557610 2133
1557620 2132
1557630 2130
1557640 2130
1557650 2128
1557660 2118
1557670 2118
1557680 2117
1557690 2115
1557700 2115
1557710 2112
1557720 2111
1557730 2111
1557740 2109
1557750 2107
1557760 2107
1557770 2106
1557780 2104
1557790 2101
1557800 2101
1557810 2099
1557820 2095
1557830 2095
1557840 2092
1557850 2089
1557860 2089
1557870 2084
1557880 2080
1557890 2080
1557900 2078
1557910 2079
1557920 2079
1557930 2077
1557940 2075
1557950 2075
1557960 2074
1557970 2070
1557980 2070
1557990 2068
1558000 2064
1558010 2064
1558020 2061
1558030 2054
1558040 2054
1558050 2041
1558060 2025
1558070 2010
1558080 2010
1558090 2003
1558100 1998
1558110 1998
1558120 1991
1558130 1986
1558140 1986
1558150 1983
1558160 1977
1558170 1977
1558180 1971
1558190 1968
1558200 1968
1558210 1967
1558220 1967
1558230 1967
1558240 1968
1558250 1968
1558260 1968
1558270 1967
1558280 1966
1558290 1966
1558300 1963
1558310 1959
1558320 1955
1558330 1955
1558340 1952
1558350 1949
1558360 1949
1558370 1948
1558380 1946
1558390 1946
1558400 1944
1558410 1942
1558420 1942
1558430 1940
1558440 1938
1558450 1938
1558460 1935
1558470 1930
1558480 1930
1558490 1925
1558500 1920
1558510 1920
1558520 1915
1558530 1909
1558540 1909
1558550 1903
1558560 1897
1558570 1891
1558580 1891
1558590 1886
1558600 1882
1558610 1882
1558620 1879
1558630 1876
1558640 1876
1558650 1873
1558660 1871
1558670 1871
1558680 1869
1558690 1867
1558700 1867
1558710 1863
1558720 1859
1558730 1859
1558740 1856
1558750 1851
1558760 1851
1558770 1847
1558780 1845
1558790 1845
1558800 1842
1558810 1840
1558820 1840
1558830 1835
1558840 1829
1558850 1825
1558860 1825
1558870 1822
1558880 1819
1558890 1819
1558900 1816
1558910 1814
1558920 1814
1558930 1814
1558940 1812
1558950 1812
1558960 1810
1558970 1806
1558980 1806
1558990 1803
1559000 1799
1559010 1799
1559020 1794
1559030 1790
1559040 1790
1559050 1786
1559060 1782
1559070 1782
1559080 1777
1559090 1772
1559100 1766
1559110 1766
1559120 1760
1559130 1755
1559140 1755
1559150 1750
1559160 1744
1559170 1744
1559180 1739
1559190 1735
1559200 1735
1559210 1731
1559220 1728
1559230 1728
1559240 1726
1559250 1726
1559260 1726
1559270 1725
1559280 1722
1559290 1722
1559300 1719
1559310 1717
1559320 1717
1559330 1713
1559340 1709
1559350 1709
1559360 1705
1559370 1702
1559380 1701
1559390 1701
1559400 1698
1559410 1696
1559420 1696
1559430 1696
1559440 1697
1559450 1697
1559460 1701
1559470 1706
1559480 1706
1559490 1707
1559500 1703
1559510 1703
1559520 1701
1559530 1697
1559540 1697
1559550 1694
1559560 1696
1559570 1696
1559580 1700
1559590 1705
1559600 1705
1559610 1707
1559620 1704
1559630 1700
1559640 1700
1559650 1700
1559660 1699
1559670 1699
1559680 1700
1559690 1704
1559700 1704
1559710 1709
1559720 1714
1559730 1714
1559740 1720
1559750 1728
1559760 1728
1559770 1733
1559780 1734
1559790 1734
1559800 1734
1559810 1735
1559820 1735
1559830 1738
1559840 1740
1559850 1740
1559860 1741
1559870 1744
1559880 1746
1559890 1746
1559900 1749
1559910 1747
1559920 1747
1559930 1748
1559940 1749
1559950 1749
1559960 1754
1559970 1760
1559980 1760
1559990 1762
