1540000 2244
1540010 2238
1540020 2232
1540030 2232
1540040 2225
1540050 2221
1540060 2221
1540070 2215
1540080 2209
1540090 2209
1540100 2204
1540110 2199
1540120 2199
1540130 2196
1540140 2191
1540150 2191
1540160 2183
1540170 2173
1540180 2173
1540190 2164
1540200 2158
1540210 2158
1540220 2154
1540230 2149
1540240 2149
1540250 2141
1540260 2136
1540270 2127
1540280 2127
1540290 2118
1540300 2112
1540310 2112
1540320 2106
1540330 2095
1540340 2095
1540350 2083
1540360 2072
1540370 2072
1540380 2059
1540390 2043
1540400 2043
1540410 2022
1540420 2007
1540430 2007
1540440 2008
1540450 1994
1540460 1994
1540470 1980
1540480 1973
1540490 1973
1540500 1967
1540510 1960
1540520 1960
1540530 1955
1540540 1950
1540550 1946
1540560 1946
1540570 1942
1540580 1938
1540590 1938
1540600 1933
1540610 1929
1540620 1929
1540630 1925
1540640 1921
1540650 1921
1540660 1916
1540670 1912
1540680 1912
1540690 1909
1540700 1905
1540710 1905
1540720 1902
1540730 1899
1540740 1899
1540750 1896
1540760 1892
1540770 1892
1540780 1889
1540790 1886
1540800 1882
1540810 1882
1540820 1878
1540830 1873
1540840 1873
1540850 1867
1540860 1859
1540870 1859
1540880 1853
1540890 1848
1540900 1848
1540910 1845
1540920 1841
1540930 1841
1540940 1835
1540950 1829
1540960 1829
1540970 1822
1540980 1814
1540990 1814
1541000 1809
1541010 1804
1541020 1804
1541030 1800
1541040 1796
1541050 1796
1541060 1789
1541070 1782
1541080 1764
1541090 1764
1541100 1712
1541110 1694
1541120 1694
1541130 1691
1541140 1687
1541150 1687
1541160 1672
1541170 1652
1541180 1652
1541190 1645
1541200 1641
1541210 1641
1541220 1644
1541230 1645
1541240 1645
1541250 1621
1541260 1606
1541270 1606
1541280 1599
1541290 1593
1541300 1593
1541310 1588
1541320 1584
1541330 1578
1541340 1578
1541350 1573
1541360 1568
1541370 1568
1541380 1563
1541390 1559
1541400 1559
1541410 1554
1541420 1548
1541430 1548
1541440 1545
1541450 1540
1541460 1540
1541470 1535
1541480 1530
1541490 1530
1541500 1525
1541510 1521
1541520 1521
1541530 1517
1541540 1513
1541550 1513
1541560 1509
1541570 1506
1541580 1506
1541590 1502
1541600 1498
1541610 1495
1541620 1495
1541630 1492
1541640 1489
1541650 1489
1541660 1486
1541670 1484
1541680 1484
1541690 1481
1541700 1478
1541710 1478
1541720 1476
1541730 1472
1541740 1472
1541750 1469
1541760 1465
1541770 1465
1541780 1462
1541790 1459
1541800 1459
1541810 1456
1541820 1454
1541830 1454
1541840 1451
1541850 1448
1541860 1444
1541870 1444
1541880 1441
1541890 1438
1541900 1438
1541910 1436
1541920 1433
1541930 1433
1541940 1430
1541950 1428
1541960 1428
1541970 1427
1541980 1425
1541990 1425
1542000 1421
1542010 1418
1542020 1418
1542030 1416
1542040 1415
1542050 1415
1542060 1415
1542070 1415
1542080 1415
1542090 1414
1542100 1415
1542110 1415
1542120 1416
1542130 1416
1542140 1416
1542150 1416
1542160 1417
1542170 1416
1542180 1416
1542190 1416
1542200 1417
1542210 1417
1542220 1416
1542230 1416
1542240 1416
1542250 1416
1542260 1415
1542270 1415
1542280 1413
1542290 1413
1542300 1413
1542310 1412
1542320 1413
1542330 1413
1542340 1414
1542350 1415
1542360 1415
1542370 1417
1542380 1418
1542390 1418
1542400 1418
1542410 1419
1542420 1421
1542430 1421
1542440 1423
1542450 1425
1542460 1425
1542470 1425
1542480 1425
1542490 1425
1542500 1425
1542510 1424
1542520 1424
1542530 1423
1542540 1423
1542550 1423
1542560 1425
1542570 1425
1542580 1425
1542590 1425
1542600 1425
1542610 1425
1542620 1427
1542630 1428
1542640 1428
1542650 1429
1542660 1427
1542670 1422
1542680 1429
1542690 1429
1542700 1428
1542710 1428
1542720 1425
1542730 1424
1542740 1424
1542750 1424
1542760 1424
1542770 1424
1542780 1424
1542790 1423
1542800 1423
1542810 1424
1542820 1422
1542830 1422
1542840 1422
1542850 1422
1542860 1422
1542870 1421
1542880 1419
1542890 1419
1542900 1416
1542910 1414
1542920 1415
1542930 1415
1542940 1416
1542950 1416
1542960 1416
1542970 1416
1542980 1415
1542990 1415
1543000 1414
1543010 1413
1543020 1413
1543030 1412
1543040 1411
1543050 1411
1543060 1409
1543070 1407
1543080 1407
1543090 1403
1543100 1404
1543110 1404
1543120 1406
1543130 1403
1543140 1403
1543150 1398
1543160 1398
1543170 1398
1543180 1397
1543190 1393
1543200 1390
1543210 1390
1543220 1389
1543230 1386
1543240 1386
1543250 1382
1543260 1379
1543270 1379
1543280 1375
1543290 1368
1543300 1368
1543310 1359
1543320 1359
1543330 1359
1543340 1361
1543350 1359
1543360 1359
1543370 1355
1543380 1350
1543390 1350
1543400 1345
1543410 1341
1543420 1341
1543430 1337
1543440 1332
1543450 1327
1543460 1327
1543470 1321
1543480 1317
1543490 1317
1543500 1312
1543510 1307
1543520 1307
1543530 1301
1543540 1296
1543550 1296
1543560 1290
1543570 1285
1543580 1285
1543590 1279
1543600 1274
1543610 1274
1543620 1268
1543630 1261
1543640 1261
1543650 1251
1543660 1244
1543670 1244
1543680 1237
1543690 1229
1543700 1223
1543710 1223
1543720 1216
1543730 1210
1543740 1210
1543750 1205
1543760 1200
1543770 1200
1543780 1195
1543790 1191
1543800 1191
1543810 1190
1543820 1190
1543830 1190
1543840 1189
1543850 1186
1543860 1186
1543870 1182
1543880 1178
1543890 1178
1543900 1174
1543910 1170
1543920 1170
1543930 1166
1543940 1164
1543950 1164
1543960 1164
1543970 1164
1543980 1164
1543990 1164
1544000 1164
1544010 1164
1544020 1164
1544030 1164
1544040 1164
1544050 1164
1544060 1164
1544070 1164
1544080 1164
1544090 1164
1544100 1164
1544110 1164
1544120 1164
1544130 1164
1544140 1164
1544150 1164
1544160 1164
1544170 1164
1544180 1164
1544190 1164
1544200 1164
1544210 1164
1544220 1164
1544230 1164
1544240 1164
1544250 1164
1544260 1164
1544270 1164
1544280 1164
1544290 1164
1544300 1164
1544310 1164
1544320 1164
1544330 1164
1544340 1164
1544350 1164
1544360 1164
1544370 1164
1544380 1164
1544390 1164
1544400 1164
1544410 1166
1544420 1166
1544430 1167
1544440 1168
1544450 1168
1544460 1169
1544470 1170
1544480 1170
1544490 1170
1544500 1171
1544510 1172
1544520 1172
1544530 1172
1544540 1173
1544550 1173
1544560 1173
1544570 1174
1544580 1174
1544590 1175
1544600 1175
1544610 1175
1544620 1176
1544630 1177
1544640 1177
1544650 1178
1544660 1178
1544670 1178
1544680 1178
1544690 1181
1544700 1181
1544710 1182
1544720 1182
1544730 1182
1544740 1184
1544750 1186
1544760 1187
1544770 1187
1544780 1187
1544790 1188
1544800 1188
1544810 1188
1544820 1188
1544830 1187
1544840 1187
1544850 1191
1544860 1191
1544870 1198
1544880 1206
1544890 1206
1544900 1212
1544910 1216
1544920 1216
1544930 1220
1544940 1224
1544950 1224
1544960 1228
1544970 1232
1544980 1232
1544990 1235
1545000 1238
1545010 1238
1545020 1241
1545030 1246
1545040 1251
1545050 1251
1545060 1256
1545070 1262
1545080 1262
1545090 1267
1545100 1272
1545110 1272
1545120 1276
1545130 1280
1545140 1280
1545150 1283
1545160 1284
1545170 1284
1545180 1283
1545190 1285
1545200 1285
1545210 1288
1545220 1291
1545230 1291
1545240 1295
1545250 1300
1545260 1300
1545270 1306
1545280 1312
1545290 1319
1545300 1319
1545310 1324
1545320 1330
1545330 1330
1545340 1336
1545350 1342
1545360 1342
1545370 1350
1545380 1356
1545390 1356
1545400 1363
1545410 1370
1545420 1370
1545430 1376
1545440 1381
1545450 1381
1545460 1386
1545470 1391
1545480 1391
1545490 1397
1545500 1403
1545510 1403
1545520 1410
1545530 1417
1545540 1417
1545550 1422
1545560 1427
1545570 1432
1545580 1432
1545590 1436
1545600 1441
1545610 1441
1545620 1445
1545630 1449
1545640 1449
1545650 1453
1545660 1458
1545670 1458
1545680 1463
1545690 1468
1545700 1468
1545710 1473
1545720 1479
1545730 1479
1545740 1484
1545750 1490
1545760 1490
1545770 1495
1545780 1501
1545790 1501
1545800 1507
1545810 1513
1545820 1519
1545830 1519
1545840 1524
1545850 1531
1545860 1531
1545870 1537
1545880 1544
1545890 1544
1545900 1549
1545910 1553
1545920 1553
1545930 1557
1545940 1562
1545950 1562
1545960 1566
1545970 1571
1545980 1571
1545990 1575
1546000 1579
1546010 1579
1546020 1583
1546030 1588
1546040 1588
1546050 1593
1546060 1598
1546070 1598
1546080 1604
1546090 1609
1546100 1616
1546110 1616
1546120 1622
1546130 1628
1546140 1628
1546150 1635
1546160 1640
1546170 1640
1546180 1645
1546190 1652
1546200 1652
1546210 1661
1546220 1669
1546230 1669
1546240 1677
1546250 1684
1546260 1684
1546270 1690
1546280 1698
1546290 1698
1546300 1707
1546310 1716
1546320 1716
1546330 1726
1546340 1736
1546350 1746
1546360 1746
1546370 1759
1546380 1768
1546390 1768
1546400 1777
1546410 1787
1546420 1787
1546430 1790
1546440 1797
1546450 1797
1546460 1805
1546470 1812
1546480 1812
1546490 1819
1546500 1825
1546510 1825
1546520 1834
1546530 1845
1546540 1845
1546550 1855
1546560 1861
1546570 1861
1546580 1864
1546590 1868
1546600 1868
1546610 1872
1546620 1878
1546630 1885
1546640 1885
1546650 1894
1546660 1903
1546670 1903
1546680 1911
1546690 1922
1546700 1922
1546710 1931
1546720 1931
1546730 1931
1546740 1933
1546750 1939
1546760 1939
1546770 1946
1546780 1950
1546790 1950
1546800 1953
1546810 1956
1546820 1956
1546830 1960
1546840 1967
1546850 1967
1546860 1977
1546870 1984
1546880 1986
1546890 1986
1546900 1989
1546910 2003
1546920 2003
1546930 2010
1546940 2015
1546950 2015
1546960 2021
1546970 2030
1546980 2030
1546990 2040
1547000 2049
1547010 2049
1547020 2061
1547030 2071
1547040 2071
1547050 2079
1547060 2086
1547070 2086
1547080 2099
1547090 2106
1547100 2106
1547110 2116
1547120 2130
1547130 2130
1547140 2147
1547150 2158
1547160 2164
1547170 2164
1547180 2171
1547190 2176
1547200 2176
1547210 2180
1547220 2184
1547230 2184
1547240 2188
1547250 2193
1547260 2193
1547270 2198
1547280 2203
1547290 2203
1547300 2209
1547310 2214
1547320 2214
1547330 2219
1547340 2224
1547350 2224
1547360 2230
1547370 2235
1547380 2235
1547390 2241
1547400 2247
1547410 2253
1547420 2253
1547430 2258
1547440 2264
1547450 2264
1547460 2269
1547470 2274
1547480 2274
1547490 2277
1547500 2280
1547510 2280
1547520 2283
1547530 2287
1547540 2287
1547550 2291
1547560 2295
1547570 2295
1547580 2297
1547590 2294
1547600 2294
1547610 2287
1547620 2282
1547630 2282
1547640 2276
1547650 2268
1547660 2268
1547670 2265
1547680 2259
1547690 2253
1547700 2253
1547710 2250
1547720 2242
1547730 2242
1547740 2233
1547750 2225
1547760 2225
1547770 2217
1547780 2209
1547790 2209
1547800 2204
1547810 2199
1547820 2199
1547830 2186
1547840 2172
1547850 2172
1547860 2164
1547870 2161
1547880 2161
1547890 2158
1547900 2155
1547910 2155
1547920 2153
1547930 2150
1547940 2146
1547950 2146
1547960 2143
1547970 2141
1547980 2141
1547990 2139
1548000 2136
1548010 2136
1548020 2135
1548030 2133
1548040 2133
1548050 2131
1548060 2128
1548070 2128
1548080 2125
1548090 2123
1548100 2123
1548110 2120
1548120 2116
1548130 2116
1548140 2113
1548150 2110
1548160 2110
1548170 2107
1548180 2106
1548190 2106
1548200 2102
1548210 2098
1548220 2094
1548230 2094
1548240 2091
1548250 2088
1548260 2088
1548270 2084
1548280 2088
1548290 2088
1548300 2090
1548310 2089
1548320 2089
1548330 2087
1548340 2087
1548350 2087
1548360 2089
1548370 2089
1548380 2089
1548390 2087
1548400 2084
1548410 2084
1548420 2080
1548430 2077
1548440 2077
1548450 2073
1548460 2070
1548470 2068
1548480 2068
1548490 2065
1548500 2062
1548510 2062
1548520 2059
1548530 2056
1548540 2056
1548550 2053
1548560 2051
1548570 2051
1548580 2053
1548590 2054
1548600 2054
1548610 2053
1548620 2051
1548630 2051
1548640 2048
1548650 2046
1548660 2046
1548670 2044
1548680 2042
1548690 2042
1548700 2039
1548710 2038
1548720 2038
1548730 2038
1548740 2039
1548750 2037
1548760 2037
1548770 2035
1548780 2033
1548790 2033
1548800 2031
1548810 2028
1548820 2028
1548830 2024
1548840 2020
1548850 2020
1548860 2015
1548870 2010
1548880 2010
1548890 2006
1548900 2004
1548910 2004
1548920 1996
1548930 1992
1548940 1992
1548950 1989
1548960 1988
1548970 1988
1548980 1987
1548990 1983
1549000 1975
1549010 1975
1549020 1969
1549030 1966
1549040 1966
1549050 1966
1549060 1964
1549070 1964
1549080 1961
1549090 1958
1549100 1958
1549110 1954
1549120 1951
1549130 1951
1549140 1947
1549150 1943
1549160 1943
1549170 1940
1549180 1937
1549190 1937
1549200 1933
1549210 1926
1549220 1926
1549230 1922
1549240 1919
1549250 1919
1549260 1917
1549270 1916
1549280 1914
1549290 1914
1549300 1910
1549310 1908
1549320 1908
1549330 1906
1549340 1905
1549350 1905
1549360 1905
1549370 1903
1549380 1903
1549390 1899
1549400 1894
1549410 1894
1549420 1891
1549430 1887
1549440 1887
1549450 1883
1549460 1879
1549470 1879
1549480 1874
1549490 1869
1549500 1869
1549510 1866
1549520 1864
1549530 1859
1549540 1859
1549550 1856
1549560 1852
1549570 1852
1549580 1848
1549590 1844
1549600 1844
1549610 1840
1549620 1835
1549630 1835
1549640 1826
1549650 1816
1549660 1816
1549670 1804
1549680 1796
1549690 1796
1549700 1791
1549710 1786
1549720 1786
1549730 1781
1549740 1775
1549750 1775
1549760 1769
1549770 1763
1549780 1763
1549790 1756
1549800 1748
1549810 1741
1549820 1741
1549830 1733
1549840 1725
1549850 1725
1549860 1717
1549870 1710
1549880 1710
1549890 1702
1549900 1695
1549910 1695
1549920 1688
1549930 1681
1549940 1681
1549950 1674
1549960 1666
1549970 1666
1549980 1658
1549990 1651
1550000 1651
1550010 1644
1550020 1637
1550030 1637
1550040 1631
1550050 1623
1550060 1616
1550070 1616
1550080 1608
1550090 1602
1550100 1602
1550110 1596
1550120 1588
1550130 1588
1550140 1579
1550150 1573
1550160 1573
1550170 1569
1550180 1564
1550190 1564
1550200 1559
1550210 1554
1550220 1554
1550230 1550
1550240 1547
1550250 1547
1550260 1544
1550270 1539
1550280 1539
1550290 1535
1550300 1531
1550310 1531
1550320 1528
1550330 1524
1550340 1520
1550350 1520
1550360 1518
1550370 1518
1550380 1518
1550390 1518
1550400 1516
1550410 1516
1550420 1514
1550430 1513
1550440 1513
1550450 1511
1550460 1509
1550470 1509
1550480 1508
1550490 1506
1550500 1506
1550510 1505
1550520 1505
1550530 1505
1550540 1505
1550550 1505
1550560 1505
1550570 1502
1550580 1496
1550590 1491
1550600 1491
1550610 1487
1550620 1484
1550630 1484
1550640 1482
1550650 1479
1550660 1479
1550670 1474
1550680 1469
1550690 1469
1550700 1464
1550710 1459
1550720 1459
1550730 1454
1550740 1449
1550750 1449
1550760 1446
1550770 1443
1550780 1443
1550790 1440
1550800 1436
1550810 1436
1550820 1434
1550830 1430
1550840 1430
1550850 1426
1550860 1421
1550870 1416
1550880 1416
1550890 1412
1550900 1407
1550910 1407
1550920 1403
1550930 1399
1550940 1399
1550950 1395
1550960 1390
1550970 1390
1550980 1386
1550990 1380
1551000 1380
1551010 1374
1551020 1368
1551030 1368
1551040 1362
1551050 1357
1551060 1357
1551070 1352
1551080 1346
1551090 1346
1551100 1339
1551110 1334
1551120 1327
1551130 1327
1551140 1321
1551150 1316
1551160 1316
1551170 1312
1551180 1308
1551190 1308
1551200 1304
1551210 1301
1551220 1301
1551230 1296
1551240 1290
1551250 1290
1551260 1288
1551270 1288
1551280 1288
1551290 1290
1551300 1292
1551310 1292
1551320 1294
1551330 1297
1551340 1297
1551350 1298
1551360 1300
1551370 1300
1551380 1302
1551390 1304
1551400 1307
1551410 1307
1551420 1309
1551430 1311
1551440 1311
1551450 1314
1551460 1317
1551470 1317
1551480 1320
1551490 1322
1551500 1322
1551510 1325
1551520 1327
1551530 1327
1551540 1330
1551550 1333
1551560 1333
1551570 1335
1551580 1335
1551590 1335
1551600 1339
1551610 1342
1551620 1342
1551630 1344
1551640 1349
1551650 1354
1551660 1354
1551670 1360
1551680 1365
1551690 1365
1551700 1371
1551710 1376
1551720 1376
1551730 1382
1551740 1388
1551750 1388
1551760 1393
1551770 1399
1551780 1399
1551790 1405
1551800 1410
1551810 1410
1551820 1411
1551830 1413
1551840 1413
1551850 1416
1551860 1421
1551870 1421
1551880 1429
1551890 1439
1551900 1439
1551910 1448
1551920 1458
1551930 1468
1551940 1468
1551950 1476
1551960 1479
1551970 1479
1551980 1486
1551990 1500
1552000 1500
1552010 1515
1552020 1532
1552030 1532
1552040 1543
1552050 1552
1552060 1552
1552070 1560
1552080 1566
1552090 1566
1552100 1574
1552110 1583
1552120 1583
1552130 1593
1552140 1604
1552150 1604
1552160 1611
1552170 1616
1552180 1622
1552190 1622
1552200 1630
1552210 1635
1552220 1635
1552230 1642
1552240 1653
1552250 1653
1552260 1667
1552270 1678
1552280 1678
1552290 1688
1552300 1696
1552310 1696
1552320 1707
1552330 1715
1552340 1715
1552350 1723
1552360 1732
1552370 1732
1552380 1741
1552390 1751
1552400 1751
1552410 1761
1552420 1773
1552430 1773
1552440 1784
1552450 1791
1552460 1801
1552470 1801
1552480 1807
1552490 1810
1552500 1810
1552510 1816
1552520 1819
1552530 1819
1552540 1822
1552550 1827
1552560 1827
1552570 1829
1552580 1834
1552590 1834
1552600 1845
1552610 1860
1552620 1860
1552630 1870
1552640 1871
1552650 1871
1552660 1875
1552670 1881
1552680 1881
1552690 1888
1552700 1894
1552710 1900
1552720 1900
1552730 1908
1552740 1917
1552750 1917
1552760 1932
1552770 1939
1552780 1939
1552790 1949
1552800 1957
1552810 1957
1552820 1967
1552830 1977
1552840 1977
1552850 1985
1552860 1997
1552870 1997
1552880 2010
1552890 2020
1552900 2020
1552910 2033
1552920 2044
1552930 2044
1552940 2053
1552950 2059
1552960 2059
1552970 2064
1552980 2067
1552990 2070
1553000 2070
1553010 2073
1553020 2079
1553030 2079
1553040 2086
1553050 2095
1553060 2095
1553070 2104
1553080 2113
1553090 2113
1553100 2123
1553110 2134
1553120 2134
1553130 2143
1553140 2141
1553150 2141
1553160 2135
1553170 2126
1553180 2126
1553190 2118
1553200 2109
1553210 2109
1553220 2100
1553230 2091
1553240 2083
1553250 2083
1553260 2075
1553270 2067
1553280 2067
1553290 2059
1553300 2052
1553310 2052
1553320 2044
1553330 2037
1553340 2037
1553350 2031
1553360 2024
1553370 2024
1553380 2017
1553390 2010
1553400 2010
1553410 2003
1553420 1995
1553430 1995
1553440 1989
1553450 1983
1553460 1983
1553470 1978
1553480 1972
1553490 1966
1553500 1966
1553510 1960
1553520 1953
1553530 1953
1553540 1946
1553550 1942
1553560 1942
1553570 1939
1553580 1932
1553590 1932
1553600 1924
1553610 1919
1553620 1919
1553630 1915
1553640 1910
1553650 1910
1553660 1905
1553670 1900
1553680 1900
1553690 1894
1553700 1886
1553710 1886
1553720 1879
1553730 1874
1553740 1874
1553750 1870
1553760 1866
1553770 1861
1553780 1861
1553790 1857
1553800 1852
1553810 1852
1553820 1848
1553830 1846
1553840 1846
1553850 1844
1553860 1843
1553870 1843
1553880 1841
1553890 1841
1553900 1841
1553910 1842
1553920 1842
1553930 1842
1553940 1838
1553950 1833
1553960 1833
1553970 1827
1553980 1821
1553990 1821
1554000 1815
1554010 1811
1554020 1809
1554030 1809
1554040 1810
1554050 1807
1554060 1807
1554070 1800
1554080 1795
1554090 1795
1554100 1795
1554110 1797
1554120 1797
1554130 1801
1554140 1804
1554150 1804
1554160 1801
1554170 1799
1554180 1799
1554190 1797
1554200 1796
1554210 1796
1554220 1796
1554230 1796
1554240 1796
1554250 1798
1554260 1800
1554270 1800
1554280 1803
1554290 1805
1554300 1809
1554310 1809
1554320 1812
1554330 1816
1554340 1816
1554350 1821
1554360 1827
1554370 1827
1554380 1834
1554390 1842
1554400 1842
1554410 1849
1554420 1857
1554430 1857
1554440 1865
1554450 1872
1554460 1872
1554470 1880
1554480 1886
1554490 1886
1554500 1894
1554510 1902
1554520 1902
1554530 1910
1554540 1923
1554550 1947
1554560 1947
1554570 1972
1554580 1983
1554590 1983
1554600 1993
1554610 1999
1554620 1999
1554630 2006
1554640 2013
1554650 2013
1554660 2019
1554670 2026
1554680 2026
1554690 2033
1554700 2040
1554710 2040
1554720 2049
1554730 2053
1554740 2053
1554750 2055
1554760 2057
1554770 2057
1554780 2058
1554790 2057
1554800 2057
1554810 2058
1554820 2061
1554830 2063
1554840 2063
1554850 2066
1554860 2072
1554870 2072
1554880 2077
1554890 2080
1554900 2080
1554910 2082
1554920 2084
1554930 2084
1554940 2086
1554950 2086
1554960 2086
1554970 2087
1554980 2087
1554990 2087
1555000 2088
1555010 2089
1555020 2089
1555030 2090
1555040 2092
1555050 2092
1555060 2092
1555070 2093
1555080 2096
1555090 2096
1555100 2098
1555110 2099
1555120 2099
1555130 2103
1555140 2106
1555150 2106
1555160 2108
1555170 2110
1555180 2110
1555190 2113
1555200 2118
1555210 2118
1555220 2120
1555230 2122
1555240 2122
1555250 2125
1555260 2128
1555270 2128
1555280 2131
1555290 2135
1555300 2135
1555310 2139
1555320 2144
1555330 2144
1555340 2148
1555350 2153
1555360 2158
1555370 2158
1555380 2164
1555390 2171
1555400 2171
1555410 2179
1555420 2186
1555430 2186
1555440 2193
1555450 2200
1555460 2200
1555470 2207
1555480 2215
1555490 2215
1555500 2223
1555510 2233
1555520 2233
1555530 2246
1555540 2259
1555550 2259
1555560 2268
1555570 2275
1555580 2275
1555590 2284
1555600 2295
1555610 2301
1555620 2301
1555630 2296
1555640 2289
1555650 2289
1555660 2284
1555670 2279
1555680 2279
1555690 2275
1555700 2271
1555710 2271
1555720 2268
1555730 2265
1555740 2265
1555750 2262
1555760 2260
1555770 2260
1555780 2258
1555790 2255
1555800 2255
1555810 2252
1555820 2249
1555830 2249
1555840 2246
1555850 2244
1555860 2244
1555870 2242
1555880 2240
1555890 2238
1555900 2238
1555910 2237
1555920 2235
1555930 2235
1555940 2231
1555950 2227
1555960 2227
1555970 2223
1555980 2218
1555990 2218
1556000 2212
1556010 2206
1556020 2206
1556030 2201
1556040 2195
1556050 2195
1556060 2190
1556070 2185
1556080 2185
1556090 2179
1556100 2170
1556110 2170
1556120 2160
1556130 2151
1556140 2142
1556150 2142
1556160 2135
1556170 2128
1556180 2128
1556190 2121
1556200 2115
1556210 2115
1556220 2107
1556230 2100
1556240 2100
1556250 2092
1556260 2084
1556270 2084
1556280 2075
1556290 2068
1556300 2068
1556310 2059
1556320 2051
1556330 2051
1556340 2043
1556350 2037
1556360 2037
1556370 2032
1556380 2028
1556390 2028
1556400 2022
1556410 2022
1556420 2022
1556430 2022
1556440 2021
1556450 2019
1556460 2019
1556470 2018
1556480 2014
1556490 2014
1556500 2012
1556510 2010
1556520 2010
1556530 2008
1556540 2004
1556550 2004
1556560 1999
1556570 1994
1556580 1994
1556590 1988
1556600 1982
1556610 1982
1556620 1978
1556630 1974
1556640 1974
1556650 1971
1556660 1966
1556670 1963
1556680 1963
1556690 1960
1556700 1957
1556710 1957
1556720 1955
1556730 1953
1556740 1953
1556750 1952
1556760 1950
1556770 1950
1556780 1949
1556790 1950
1556800 1950
1556810 1950
1556820 1948
1556830 1948
1556840 1946
1556850 1944
1556860 1944
1556870 1942
1556880 1939
1556890 1939
1556900 1936
1556910 1933
1556920 1933
1556930 1930
1556940 1928
1556950 1927
1556960 1927
1556970 1924
1556980 1922
1556990 1922
1557000 1920
1557010 1919
1557020 1919
1557030 1918
1557040 1917
1557050 1917
1557060 1916
1557070 1915
1557080 1915
1557090 1915
1557100 1915
1557110 1915
1557120 1915
1557130 1915
1557140 1915
1557150 1915
1557160 1915
1557170 1915
1557180 1915
1557190 1915
1557200 1915
1557210 1915
1557220 1915
1557230 1915
1557240 1915
1557250 1915
1557260 1915
1557270 1915
1557280 1915
1557290 1915
1557300 1915
1557310 1915
1557320 1915
1557330 1915
1557340 1915
1557350 1915
1557360 1915
1557370 1915
1557380 1915
1557390 1915
1557400 1915
1557410 1915
1557420 1915
1557430 1916
1557440 1916
1557450 1916
1557460 1917
1557470 1918
1557480 1919
1557490 1919
1557500 1919
1557510 1920
1557520 1920
1557530 1922
1557540 1924
1557550 1924
1557560 1928
1557570 1931
1557580 1931
1557590 1935
1557600 1935
1557610 1935
1557620 1932
1557630 1931
1557640 1931
1557650 1929
1557660 1929
1557670 1929
1557680 1926
1557690 1923
1557700 1923
1557710 1918
1557720 1910
1557730 1904
1557740 1904
1557750 1901
1557760 1899
1557770 1899
1557780 1897
1557790 1896
1557800 1896
1557810 1894
1557820 1889
1557830 1889
1557840 1883
1557850 1878
1557860 1878
1557870 1879
1557880 1875
1557890 1875
1557900 1870
1557910 1867
1557920 1867
1557930 1864
1557940 1860
1557950 1860
1557960 1855
1557970 1851
1557980 1851
1557990 1849
1558000 1848
1558010 1847
1558020 1847
1558030 1846
1558040 1846
1558050 1846
1558060 1846
1558070 1846
1558080 1846
1558090 1845
1558100 1844
1558110 1844
1558120 1842
1558130 1841
1558140 1841
1558150 1838
1558160 1840
1558170 1840
1558180 1836
1558190 1835
1558200 1835
1558210 1833
1558220 1832
1558230 1832
1558240 1832
1558250 1830
1558260 1830
1558270 1830
1558280 1829
1558290 1827
1558300 1827
1558310 1825
1558320 1823
1558330 1823
1558340 1822
1558350 1821
1558360 1821
1558370 1819
1558380 1817
1558390 1817
1558400 1814
1558410 1809
1558420 1809
1558430 1806
1558440 1803
1558450 1803
1558460 1799
1558470 1796
1558480 1796
1558490 1793
1558500 1790
1558510 1790
1558520 1787
1558530 1782
1558540 1778
1558550 1778
1558560 1776
1558570 1774
1558580 1774
1558590 1772
1558600 1768
1558610 1768
1558620 1764
1558630 1760
1558640 1760
1558650 1756
1558660 1752
1558670 1752
1558680 1746
1558690 1743
1558700 1743
1558710 1741
1558720 1739
1558730 1739
1558740 1734
1558750 1730
1558760 1730
1558770 1725
1558780 1719
1558790 1713
1558800 1713
1558810 1707
1558820 1700
1558830 1700
1558840 1700
1558850 1704
1558860 1704
1558870 1703
1558880 1702
1558890 1702
1558900 1700
1558910 1697
1558920 1697
1558930 1695
1558940 1693
1558950 1693
1558960 1692
1558970 1690
1558980 1690
1558990 1688
1559000 1688
1559010 1688
1559020 1689
1559030 1688
1559040 1688
1559050 1689
1559060 1690
1559070 1688
1559080 1688
1559090 1686
1559100 1684
1559110 1684
1559120 1683
1559130 1680
1559140 1680
1559150 1680
1559160 1679
1559170 1679
1559180 1678
1559190 1677
1559200 1677
1559210 1676
1559220 1676
1559230 1676
1559240 1675
1559250 1673
1559260 1673
1559270 1669
1559280 1667
1559290 1667
1559300 1665
1559310 1664
1559320 1662
1559330 1662
1559340 1662
1559350 1660
1559360 1660
1559370 1657
1559380 1654
1559390 1654
1559400 1652
1559410 1649
1559420 1649
1559430 1655
1559440 1658
1559450 1658
1559460 1655
1559470 1653
1559480 1653
1559490 1653
1559500 1651
1559510 1651
1559520 1648
1559530 1649
1559540 1649
1559550 1651
1559560 1652
1559570 1652
1559580 1650
1559590 1647
1559600 1644
1559610 1644
1559620 1640
1559630 1635
1559640 1635
1559650 1625
1559660 1617
1559670 1617
1559680 1613
1559690 1610
1559700 1610
1559710 1606
1559720 1603
1559730 1603
1559740 1599
1559750 1594
1559760 1594
1559770 1590
1559780 1588
1559790 1588
1559800 1586
1559810 1582
1559820 1582
1559830 1581
1559840 1580
1559850 1578
1559860 1578
1559870 1576
1559880 1573
1559890 1573
1559900 1569
1559910 1566
1559920 1566
1559930 1563
1559940 1561
1559950 1561
1559960 1560
1559970 1558
1559980 1558
1559990 1557
