1540000 2329
1540010 2329
1540020 2339
1540030 2343
1540040 2343
1540050 2348
1540060 2336
1540070 2336
1540080 2367
1540090 2367
1540100 2367
1540110 2338
1540120 2324
1540130 2318
1540140 2318
1540150 2316
1540160 2314
1540170 2314
1540180 2310
1540190 2305
1540200 2305
1540210 2301
1540220 2299
1540230 2299
1540240 2298
1540250 2285
1540260 2285
1540270 2276
1540280 2270
1540290 2270
1540300 2263
1540310 2257
1540320 2257
1540330 2253
1540340 2248
1540350 2248
1540360 2242
1540370 2237
1540380 2237
1540390 2231
1540400 2225
1540410 2221
1540420 2221
1540430 2216
1540440 2211
1540450 2211
1540460 2206
1540470 2201
1540480 2201
1540490 2196
1540500 2191
1540510 2191
1540520 2186
1540530 2180
1540540 2180
1540550 2175
1540560 2171
1540570 2171
1540580 2168
1540590 2165
1540600 2165
1540610 2161
1540620 2157
1540630 2157
1540640 2152
1540650 2148
1540660 2143
1540670 2143
1540680 2139
1540690 2135
1540700 2135
1540710 2131
1540720 2126
1540730 2126
1540740 2122
1540750 2118
1540760 2118
1540770 2115
1540780 2111
1540790 2111
1540800 2107
1540810 2107
1540820 2107
1540830 2103
1540840 2100
1540850 2100
1540860 2098
1540870 2095
1540880 2095
1540890 2092
1540900 2089
1540910 2089
1540920 2086
1540930 2083
1540940 2080
1540950 2080
1540960 2078
1540970 2075
1540980 2075
1540990 2072
1541000 2068
1541010 2068
1541020 2065
1541030 2061
1541040 2061
1541050 2058
1541060 2055
1541070 2055
1541080 2051
1541090 2046
1541100 2046
1541110 2039
1541120 2033
1541130 2033
1541140 2028
1541150 2022
1541160 2022
1541170 2017
1541180 2011
1541190 2007
1541200 2007
1541210 2004
1541220 2000
1541230 2000
1541240 1995
1541250 1990
1541260 1990
1541270 1986
1541280 1982
1541290 1982
1541300 1979
1541310 1976
1541320 1976
1541330 1974
1541340 1973
1541350 1973
1541360 1972
1541370 1971
1541380 1971
1541390 1971
1541400 1973
1541410 1973
1541420 1973
1541430 1972
1541440 1972
1541450 1972
1541460 1971
1541470 1970
1541480 1970
1541490 1969
1541500 1967
1541510 1967
1541520 1966
1541530 1966
1541540 1966
1541550 1969
1541560 1974
1541570 1974
1541580 1990
1541590 2017
1541600 2017
1541610 2035
1541620 2050
1541630 2050
1541640 2045
1541650 2040
1541660 2040
1541670 2036
1541680 2031
1541690 2031
1541700 2027
1541710 2021
1541720 2013
1541730 2013
1541740 2004
1541750 1997
1541760 1997
1541770 1991
1541780 1984
1541790 1984
1541800 1982
1541810 1980
1541820 1980
1541830 1980
1541840 1978
1541850 1978
1541860 1976
1541870 1975
1541880 1975
1541890 1969
1541900 1958
1541910 1958
1541920 1942
1541930 1926
1541940 1926
1541950 1918
1541960 1906
1541970 1906
1541980 1896
1541990 1883
1542000 1872
1542010 1872
1542020 1863
1542030 1860
1542040 1860
1542050 1858
1542060 1856
1542070 1856
1542080 1851
1542090 1845
1542100 1845
1542110 1836
1542120 1827
1542130 1827
1542140 1821
1542150 1816
1542160 1816
1542170 1815
1542180 1817
1542190 1817
1542200 1814
1542210 1809
1542220 1809
1542230 1807
1542240 1808
1542250 1811
1542260 1811
1542270 1812
1542280 1812
1542290 1812
1542300 1811
1542310 1811
1542320 1811
1542330 1811
1542340 1811
1542350 1811
1542360 1812
1542370 1814
1542380 1814
1542390 1818
1542400 1823
1542410 1823
1542420 1829
1542430 1834
1542440 1834
1542450 1839
1542460 1842
1542470 1842
1542480 1862
1542490 1880
1542500 1880
1542510 1891
1542520 1899
1542530 1908
1542540 1908
1542550 1919
1542560 1932
1542570 1932
1542580 1943
1542590 1956
1542600 1956
1542610 1970
1542620 1973
1542630 1973
1542640 1970
1542650 1969
1542660 1969
1542670 1970
1542680 1975
1542690 1975
1542700 1977
1542710 1977
1542720 1977
1542730 1975
1542740 1972
1542750 1972
1542760 1969
1542770 1966
1542780 1966
1542790 1963
1542800 1958
1542810 1957
1542820 1957
1542830 1956
1542840 1959
1542850 1959
1542860 1962
1542870 1964
1542880 1964
1542890 1967
1542900 1972
1542910 1972
1542920 1977
1542930 1981
1542940 1981
1542950 1976
1542960 1966
1542970 1966
1542980 1957
1542990 1949
1543000 1949
1543010 1942
1543020 1935
1543030 1941
1543040 1934
1543050 1927
1543060 1921
1543070 1921
1543080 1913
1543090 1906
1543100 1906
1543110 1901
1543120 1896
1543130 1896
1543140 1891
1543150 1884
1543160 1884
1543170 1876
1543180 1868
1543190 1868
1543200 1859
1543210 1854
1543220 1854
1543230 1849
1543240 1845
1543250 1845
1543260 1840
1543270 1833
1543280 1833
1543290 1826
1543300 1819
1543310 1819
1543320 1811
1543330 1804
1543340 1797
1543350 1797
1543360 1789
1543370 1779
1543380 1779
1543390 1770
1543400 1761
1543410 1761
1543420 1753
1543430 1746
1543440 1746
1543450 1739
1543460 1731
1543470 1731
1543480 1724
1543490 1717
1543500 1717
1543510 1706
1543520 1697
1543530 1697
1543540 1686
1543550 1675
1543560 1675
1543570 1671
1543580 1659
1543590 1646
1543600 1646
1543610 1634
1543620 1623
1543630 1623
1543640 1608
1543650 1597
1543660 1597
1543670 1589
1543680 1581
1543690 1581
1543700 1576
1543710 1570
1543720 1570
1543730 1564
1543740 1556
1543750 1556
1543760 1546
1543770 1536
1543780 1536
1543790 1524
1543800 1512
1543810 1512
1543820 1504
1543830 1496
1543840 1496
1543850 1489
1543860 1483
1543870 1476
1543880 1476
1543890 1469
1543900 1462
1543910 1462
1543920 1455
1543930 1449
1543940 1449
1543950 1442
1543960 1437
1543970 1437
1543980 1432
1543990 1427
1544000 1427
1544010 1423
1544020 1418
1544030 1418
1544040 1412
1544050 1405
1544060 1405
1544070 1399
1544080 1391
1544090 1391
1544100 1384
1544110 1376
1544120 1367
1544130 1367
1544140 1356
1544150 1345
1544160 1345
1544170 1336
1544180 1327
1544190 1327
1544200 1315
1544210 1304
1544220 1304
1544230 1295
1544240 1285
1544250 1285
1544260 1275
1544270 1266
1544280 1266
1544290 1257
1544300 1249
1544310 1249
1544320 1241
1544330 1233
1544340 1233
1544350 1224
1544360 1214
1544370 1214
1544380 1208
1544390 1203
1544400 1199
1544410 1199
1544420 1195
1544430 1193
1544440 1193
1544450 1190
1544460 1189
1544470 1189
1544480 1188
1544490 1187
1544500 1187
1544510 1186
1544520 1185
1544530 1185
1544540 1186
1544550 1188
1544560 1188
1544570 1191
1544580 1195
1544590 1195
1544600 1197
1544610 1197
1544620 1197
1544630 1198
1544640 1197
1544650 1197
1544660 1197
1544670 1197
1544680 1195
1544690 1195
1544700 1192
1544710 1188
1544720 1188
1544730 1184
1544740 1182
1544750 1182
1544760 1179
1544770 1177
1544780 1177
1544790 1177
1544800 1177
1544810 1177
1544820 1173
1544830 1163
1544840 1163
1544850 1156
1544860 1153
1544870 1153
1544880 1152
1544890 1149
1544900 1149
1544910 1148
1544920 1152
1544930 1160
1544940 1160
1544950 1168
1544960 1175
1544970 1175
1544980 1176
1544990 1178
1545000 1178
1545010 1179
1545020 1181
1545030 1181
1545040 1182
1545050 1181
1545060 1181
1545070 1179
1545080 1178
1545090 1178
1545100 1177
1545110 1176
1545120 1176
1545130 1175
1545140 1175
1545150 1175
1545160 1175
1545170 1167
1545180 1166
1545190 1166
1545200 1168
1545210 1171
1545220 1171
1545230 1172
1545240 1173
1545250 1173
1545260 1174
1545270 1177
1545280 1177
1545290 1179
1545300 1181
1545310 1181
1545320 1183
1545330 1183
1545340 1183
1545350 1186
1545360 1188
1545370 1188
1545380 1191
1545390 1194
1545400 1194
1545410 1196
1545420 1199
1545430 1199
1545440 1201
1545450 1203
1545460 1206
1545470 1206
1545480 1208
1545490 1211
1545500 1211
1545510 1214
1545520 1217
1545530 1217
1545540 1221
1545550 1225
1545560 1225
1545570 1229
1545580 1232
1545590 1232
1545600 1235
1545610 1236
1545620 1236
1545630 1238
1545640 1240
1545650 1240
1545660 1245
1545670 1252
1545680 1252
1545690 1260
1545700 1268
1545710 1268
1545720 1276
1545730 1283
1545740 1292
1545750 1292
1545760 1302
1545770 1311
1545780 1311
1545790 1319
1545800 1325
1545810 1325
1545820 1332
1545830 1338
1545840 1338
1545850 1344
1545860 1349
1545870 1349
1545880 1360
1545890 1370
1545900 1370
1545910 1380
1545920 1388
1545930 1388
1545940 1399
1545950 1412
1545960 1412
1545970 1424
1545980 1436
1545990 1450
1546000 1450
1546010 1461
1546020 1469
1546030 1469
1546040 1477
1546050 1483
1546060 1483
1546070 1491
1546080 1499
1546090 1499
1546100 1506
1546110 1513
1546120 1513
1546130 1520
1546140 1526
1546150 1526
1546160 1530
1546170 1537
1546180 1537
1546190 1539
1546200 1541
1546210 1541
1546220 1551
1546230 1560
1546240 1560
1546250 1568
1546260 1572
1546270 1569
1546280 1569
1546290 1571
1546300 1569
1546310 1569
1546320 1578
1546330 1584
1546340 1584
1546350 1586
1546360 1587
1546370 1587
1546380 1586
1546390 1583
1546400 1583
1546410 1581
1546420 1581
1546430 1581
1546440 1582
1546450 1586
1546460 1586
1546470 1598
1546480 1605
1546490 1605
1546500 1609
1546510 1615
1546520 1622
1546530 1622
1546540 1628
1546550 1637
1546560 1637
1546570 1649
1546580 1656
1546590 1656
1546600 1661
1546610 1664
1546620 1664
1546630 1672
1546640 1682
1546650 1682
1546660 1697
1546670 1716
1546680 1716
1546690 1733
1546700 1740
1546710 1740
1546720 1736
1546730 1750
1546740 1750
1546750 1759
1546760 1767
1546770 1767
1546780 1769
1546790 1778
1546800 1785
1546810 1785
1546820 1790
1546830 1798
1546840 1798
1546850 1807
1546860 1822
1546870 1822
1546880 1833
1546890 1845
1546900 1845
1546910 1860
1546920 1871
1546930 1871
1546940 1881
1546950 1890
1546960 1890
1546970 1900
1546980 1911
1546990 1911
1547000 1920
1547010 1934
1547020 1934
1547030 1951
1547040 1972
1547050 1988
1547060 1988
1547070 1992
1547080 1999
1547090 1999
1547100 2012
1547110 2025
1547120 2025
1547130 2038
1547140 2051
1547150 2051
1547160 2068
1547170 2085
1547180 2085
1547190 2100
1547200 2107
1547210 2107
1547220 2115
1547230 2123
1547240 2116
1547250 2124
1547260 2133
1547270 2133
1547280 2140
1547290 2148
1547300 2148
1547310 2158
1547320 2169
1547330 2180
1547340 2180
1547350 2190
1547360 2200
1547370 2200
1547380 2210
1547390 2220
1547400 2220
1547410 2231
1547420 2240
1547430 2240
1547440 2247
1547450 2253
1547460 2253
1547470 2258
1547480 2262
1547490 2262
1547500 2267
1547510 2271
1547520 2271
1547530 2275
1547540 2280
1547550 2280
1547560 2285
1547570 2290
1547580 2294
1547590 2294
1547600 2298
1547610 2303
1547620 2303
1547630 2307
1547640 2310
1547650 2310
1547660 2314
1547670 2318
1547680 2318
1547690 2321
1547700 2324
1547710 2324
1547720 2326
1547730 2327
1547740 2327
1547750 2329
1547760 2324
1547770 2324
1547780 2317
1547790 2311
1547800 2311
1547810 2304
1547820 2298
1547830 2298
1547840 2291
1547850 2282
1547860 2275
1547870 2275
1547880 2263
1547890 2250
1547900 2250
1547910 2236
1547920 2228
1547930 2228
1547940 2222
1547950 2216
1547960 2216
1547970 2211
1547980 2205
1547990 2205
1548000 2200
1548010 2198
1548020 2198
1548030 2195
1548040 2191
1548050 2191
1548060 2186
1548070 2182
1548080 2182
1548090 2178
1548100 2173
1548110 2168
1548120 2168
1548130 2164
1548140 2159
1548150 2159
1548160 2154
1548170 2150
1548180 2150
1548190 2146
1548200 2143
1548210 2143
1548220 2142
1548230 2142
1548240 2142
1548250 2141
1548260 2138
1548270 2138
1548280 2134
1548290 2131
1548300 2131
1548310 2130
1548320 2128
1548330 2128
1548340 2126
1548350 2125
1548360 2125
1548370 2124
1548380 2123
1548390 2120
1548400 2120
1548410 2117
1548420 2113
1548430 2113
1548440 2109
1548450 2105
1548460 2105
1548470 2100
1548480 2097
1548490 2097
1548500 2097
1548510 2096
1548520 2096
1548530 2093
1548540 2090
1548550 2090
1548560 2088
1548570 2086
1548580 2086
1548590 2084
1548600 2080
1548610 2080
1548620 2075
1548630 2070
1548640 2070
1548650 2066
1548660 2062
1548670 2058
1548680 2058
1548690 2056
1548700 2054
1548710 2054
1548720 2052
1548730 2049
1548740 2049
1548750 2047
1548760 2045
1548770 2045
1548780 2041
1548790 2039
1548800 2039
1548810 2037
1548820 2034
1548830 2034
1548840 2029
1548850 2024
1548860 2024
1548870 2020
1548880 2016
1548890 2016
1548900 2012
1548910 2008
1548920 2006
1548930 2006
1548940 2004
1548950 2000
1548960 2000
1548970 1996
1548980 1991
1548990 1991
1549000 1985
1549010 1978
1549020 1978
1549030 1973
1549040 1969
1549050 1969
1549060 1966
1549070 1963
1549080 1963
1549090 1960
1549100 1957
1549110 1957
1549120 1955
1549130 1954
1549140 1954
1549150 1955
1549160 1955
1549170 1955
1549180 1956
1549190 1955
1549200 1954
1549210 1954
1549220 1950
1549230 1946
1549240 1949
1549250 1945
1549260 1941
1549270 1941
1549280 1935
1549290 1931
1549300 1931
1549310 1925
1549320 1917
1549330 1917
1549340 1911
1549350 1904
1549360 1904
1549370 1895
1549380 1889
1549390 1889
1549400 1881
1549410 1874
1549420 1874
1549430 1867
1549440 1859
1549450 1853
1549460 1853
1549470 1847
1549480 1837
1549490 1837
1549500 1828
1549510 1819
1549520 1819
1549530 1811
1549540 1803
1549550 1803
1549560 1795
1549570 1787
1549580 1787
1549590 1779
1549600 1772
1549610 1772
1549620 1765
1549630 1757
1549640 1757
1549650 1750
1549660 1742
1549670 1742
1549680 1735
1549690 1729
1549700 1729
1549710 1723
1549720 1717
1549730 1710
1549740 1710
1549750 1704
1549760 1699
1549770 1699
1549780 1694
1549790 1688
1549800 1688
1549810 1682
1549820 1676
1549830 1676
1549840 1669
1549850 1663
1549860 1663
1549870 1656
1549880 1649
1549890 1649
1549900 1642
1549910 1637
1549920 1637
1549930 1632
1549940 1627
1549950 1627
1549960 1623
1549970 1619
1549980 1614
1549990 1614
1550000 1610
1550010 1605
1550020 1605
1550030 1598
1550040 1590
1550050 1590
1550060 1583
1550070 1579
1550080 1579
1550090 1577
1550100 1575
1550110 1575
1550120 1571
1550130 1566
1550140 1566
1550150 1562
1550160 1557
1550170 1557
1550180 1552
1550190 1548
1550200 1548
1550210 1543
1550220 1538
1550230 1538
1550240 1533
1550250 1528
1550260 1524
1550270 1524
1550280 1520
1550290 1516
1550300 1516
1550310 1511
1550320 1506
1550330 1506
1550340 1501
1550350 1494
1550360 1494
1550370 1486
1550380 1479
1550390 1479
1550400 1473
1550410 1465
1550420 1465
1550430 1458
1550440 1450
1550450 1450
1550460 1443
1550470 1435
1550480 1435
1550490 1429
1550500 1424
1550510 1423
1550520 1423
1550530 1423
1550540 1424
1550550 1424
1550560 1427
1550570 1430
1550580 1430
1550590 1429
1550600 1423
1550610 1423
1550620 1417
1550630 1410
1550640 1410
1550650 1404
1550660 1398
1550670 1398
1550680 1392
1550690 1387
1550700 1387
1550710 1382
1550720 1377
1550730 1377
1550740 1371
1550750 1364
1550760 1364
1550770 1356
1550780 1350
1550790 1344
1550800 1344
1550810 1338
1550820 1333
1550830 1333
1550840 1328
1550850 1323
1550860 1323
1550870 1319
1550880 1314
1550890 1314
1550900 1309
1550910 1303
1550920 1303
1550930 1298
1550940 1293
1550950 1293
1550960 1290
1550970 1286
1550980 1286
1550990 1282
1551000 1280
1551010 1280
1551020 1278
1551030 1274
1551040 1274
1551050 1272
1551060 1270
1551070 1268
1551080 1268
1551090 1266
1551100 1263
1551110 1263
1551120 1260
1551130 1258
1551140 1258
1551150 1256
1551160 1254
1551170 1254
1551180 1253
1551190 1251
1551200 1251
1551210 1250
1551220 1248
1551230 1248
1551240 1247
1551250 1246
1551260 1246
1551270 1244
1551280 1241
1551290 1241
1551300 1241
1551310 1241
1551320 1241
1551330 1241
1551340 1240
1551350 1241
1551360 1241
1551370 1241
1551380 1241
1551390 1241
1551400 1241
1551410 1242
1551420 1242
1551430 1242
1551440 1243
1551450 1243
1551460 1245
1551470 1246
1551480 1246
1551490 1250
1551500 1255
1551510 1255
1551520 1260
1551530 1265
1551540 1265
1551550 1271
1551560 1276
1551570 1276
1551580 1280
1551590 1286
1551600 1293
1551610 1293
1551620 1300
1551630 1306
1551640 1306
1551650 1311
1551660 1316
1551670 1316
1551680 1322
1551690 1328
1551700 1328
1551710 1334
1551720 1341
1551730 1341
1551740 1349
1551750 1356
1551760 1356
1551770 1365
1551780 1372
1551790 1372
1551800 1383
1551810 1393
1551820 1393
1551830 1404
1551840 1424
1551850 1435
1551860 1435
1551870 1446
1551880 1460
1551890 1460
1551900 1473
1551910 1482
1551920 1482
1551930 1489
1551940 1496
1551950 1496
1551960 1504
1551970 1511
1551980 1511
1551990 1519
1552000 1528
1552010 1528
1552020 1536
1552030 1545
1552040 1545
1552050 1555
1552060 1568
1552070 1568
1552080 1579
1552090 1589
1552100 1589
1552110 1596
1552120 1603
1552130 1609
1552140 1609
1552150 1616
1552160 1624
1552170 1624
1552180 1634
1552190 1639
1552200 1639
1552210 1645
1552220 1653
1552230 1653
1552240 1661
1552250 1667
1552260 1667
1552270 1674
1552280 1682
1552290 1682
1552300 1692
1552310 1702
1552320 1702
1552330 1711
1552340 1720
1552350 1720
1552360 1731
1552370 1743
1552380 1754
1552390 1754
1552400 1764
1552410 1776
1552420 1776
1552430 1796
1552440 1801
1552450 1801
1552460 1810
1552470 1821
1552480 1821
1552490 1825
1552500 1826
1552510 1826
1552520 1828
1552530 1833
1552540 1833
1552550 1840
1552560 1855
1552570 1855
1552580 1874
1552590 1881
1552600 1881
1552610 1894
1552620 1900
1552630 1900
1552640 1906
1552650 1910
1552660 1913
1552670 1913
1552680 1919
1552690 1927
1552700 1927
1552710 1933
1552720 1938
1552730 1938
1552740 1944
1552750 1954
1552760 1954
1552770 1963
1552780 1970
1552790 1970
1552800 1977
1552810 1984
1552820 1984
1552830 1988
1552840 1994
1552850 1994
1552860 2003
1552870 2009
1552880 2009
1552890 2008
1552900 2001
1552910 1991
1552920 1991
1552930 1982
1552940 1975
1552950 1975
1552960 1969
1552970 1961
1552980 1961
1552990 1953
1553000 1946
1553010 1946
1553020 1941
1553030 1933
1553040 1933
1553050 1924
1553060 1919
1553070 1915
1553080 1910
1553090 1902
1553100 1902
1553110 1894
1553120 1884
1553130 1884
1553140 1875
1553150 1867
1553160 1867
1553170 1860
1553180 1853
1553190 1846
1553200 1846
1553210 1838
1553220 1829
1553230 1829
1553240 1820
1553250 1813
1553260 1813
1553270 1805
1553280 1797
1553290 1797
1553300 1785
1553310 1777
1553320 1777
1553330 1768
1553340 1756
1553350 1756
1553360 1747
1553370 1741
1553380 1741
1553390 1736
1553400 1729
1553410 1729
1553420 1722
1553430 1715
1553440 1714
1553450 1714
1553460 1713
1553470 1710
1553480 1710
1553490 1707
1553500 1705
1553510 1705
1553520 1702
1553530 1700
1553540 1700
1553550 1699
1553560 1700
1553570 1700
1553580 1701
1553590 1700
1553600 1700
1553610 1699
1553620 1700
1553630 1700
1553640 1701
1553650 1704
1553660 1704
1553670 1708
1553680 1722
1553690 1722
1553700 1729
1553710 1731
1553720 1733
1553730 1733
1553740 1736
1553750 1743
1553760 1743
1553770 1752
1553780 1754
1553790 1754
1553800 1754
1553810 1752
1553820 1752
1553830 1751
1553840 1750
1553850 1750
1553860 1749
1553870 1747
1553880 1747
1553890 1745
1553900 1743
1553910 1743
1553920 1743
1553930 1741
1553940 1741
1553950 1738
1553960 1735
1553970 1735
1553980 1732
1553990 1729
1554000 1726
1554010 1726
1554020 1723
1554030 1719
1554040 1719
1554050 1713
1554060 1712
1554070 1712
1554080 1714
1554090 1717
1554100 1717
1554110 1720
1554120 1725
1554130 1725
1554140 1730
1554150 1734
1554160 1734
1554170 1739
1554180 1745
1554190 1745
1554200 1752
1554210 1759
1554220 1759
1554230 1766
1554240 1774
1554250 1782
1554260 1782
1554270 1789
1554280 1801
1554290 1801
1554300 1820
1554310 1833
1554320 1833
1554330 1842
1554340 1851
1554350 1851
1554360 1860
1554370 1872
1554380 1872
1554390 1884
1554400 1893
1554410 1893
1554420 1901
1554430 1913
1554440 1913
1554450 1928
1554460 1937
1554470 1937
1554480 1946
1554490 1954
1554500 1954
1554510 1962
1554520 1970
1554530 1978
1554540 1978
1554550 1986
1554560 1995
1554570 1995
1554580 2002
1554590 2011
1554600 2011
1554610 2019
1554620 2026
1554630 2026
1554640 2032
1554650 2038
1554660 2038
1554670 2044
1554680 2051
1554690 2051
1554700 2058
1554710 2064
1554720 2064
1554730 2070
1554740 2074
1554750 2074
1554760 2080
1554770 2086
1554780 2092
1554790 2092
1554800 2098
1554810 2104
1554820 2104
1554830 2110
1554840 2117
1554850 2117
1554860 2126
1554870 2135
1554880 2135
1554890 2144
1554900 2155
1554910 2155
1554920 2164
1554930 2170
1554940 2170
1554950 2178
1554960 2186
1554970 2186
1554980 2197
1554990 2210
1555000 2210
1555010 2219
1555020 2227
1555030 2227
1555040 2235
1555050 2246
1555060 2254
1555070 2254
1555080 2265
1555090 2274
1555100 2274
1555110 2279
1555120 2282
1555130 2282
1555140 2285
1555150 2287
1555160 2287
1555170 2292
1555180 2297
1555190 2297
1555200 2302
1555210 2307
1555220 2307
1555230 2311
1555240 2317
1555250 2317
1555260 2322
1555270 2326
1555280 2326
1555290 2332
1555300 2338
1555310 2342
1555320 2342
1555330 2346
1555340 2349
1555350 2349
1555360 2354
1555370 2360
1555380 2360
1555390 2366
1555400 2372
1555410 2372
1555420 2375
1555430 2377
1555440 2377
1555450 2377
1555460 2376
1555470 2376
1555480 2375
1555490 2374
1555500 2374
1555510 2373
1555520 2372
1555530 2372
1555540 2369
1555550 2368
1555560 2368
1555570 2367
1555580 2366
1555590 2365
1555600 2365
1555610 2365
1555620 2365
1555630 2365
1555640 2366
1555650 2367
1555660 2367
1555670 2369
1555680 2367
1555690 2367
1555700 2357
1555710 2349
1555720 2349
1555730 2339
1555740 2329
1555750 2329
1555760 2314
1555770 2298
1555780 2298
1555790 2280
1555800 2271
1555810 2271
1555820 2264
1555830 2257
1555840 2250
1555850 2250
1555860 2243
1555870 2237
1555880 2237
1555890 2231
1555900 2226
1555910 2226
1555920 2224
1555930 2221
1555940 2221
1555950 2217
1555960 2214
1555970 2214
1555980 2211
1555990 2210
1556000 2210
1556010 2211
1556020 2213
1556030 2213
1556040 2215
1556050 2218
1556060 2218
1556070 2221
1556080 2225
1556090 2225
1556100 2227
1556110 2231
1556120 2235
1556130 2235
1556140 2239
1556150 2242
1556160 2242
1556170 2246
1556180 2251
1556190 2251
1556200 2256
1556210 2259
1556220 2259
1556230 2263
1556240 2266
1556250 2266
1556260 2270
1556270 2278
1556280 2278
1556290 2281
1556300 2286
1556310 2286
1556320 2306
1556330 2309
1556340 2309
1556350 2315
1556360 2320
1556370 2320
1556380 2321
1556390 2322
1556400 2323
1556410 2323
1556420 2327
1556430 2330
1556440 2330
1556450 2333
1556460 2335
1556470 2335
1556480 2335
1556490 2336
1556500 2336
1556510 2336
1556520 2335
1556530 2335
1556540 2335
1556550 2335
1556560 2335
1556570 2335
1556580 2336
1556590 2336
1556600 2337
1556610 2338
1556620 2338
1556630 2342
1556640 2345
1556650 2349
1556660 2349
1556670 2350
1556680 2348
1556690 2348
1556700 2356
1556710 2357
1556720 2357
1556730 2363
1556740 2370
1556750 2370
1556760 2369
1556770 2364
1556780 2364
1556790 2359
1556800 2360
1556810 2360
1556820 2364
1556830 2375
1556840 2375
1556850 2377
1556860 2379
1556870 2379
1556880 2378
1556890 2379
1556900 2379
1556910 2379
1556920 2375
1556930 2375
1556940 2375
1556950 2374
1556960 2374
1556970 2374
1556980 2375
1556990 2373
1557000 2373
1557010 2376
1557020 2377
1557030 2377
1557040 2375
1557050 2374
1557060 2374
1557070 2371
1557080 2369
1557090 2369
1557100 2366
1557110 2364
1557120 2364
1557130 2362
1557140 2359
1557150 2359
1557160 2357
1557170 2355
1557180 2354
1557190 2354
1557200 2354
1557210 2353
1557220 2353
1557230 2353
1557240 2354
1557250 2354
1557260 2356
1557270 2357
1557280 2357
1557290 2358
1557300 2358
1557310 2358
1557320 2357
1557330 2358
1557340 2358
1557350 2355
1557360 2357
1557370 2357
1557380 2357
1557390 2353
1557400 2353
1557410 2349
1557420 2348
1557430 2348
1557440 2345
1557450 2343
1557460 2342
1557470 2342
1557480 2337
1557490 2336
1557500 2336
1557510 2333
1557520 2327
1557530 2327
1557540 2317
1557550 2320
1557560 2320
1557570 2338
1557580 2343
1557590 2343
1557600 2344
1557610 2337
1557620 2337
1557630 2333
1557640 2330
1557650 2330
1557660 2325
1557670 2319
1557680 2319
1557690 2314
1557700 2311
1557710 2309
1557720 2309
1557730 2306
1557740 2304
1557750 2304
1557760 2301
1557770 2301
1557780 2301
1557790 2300
1557800 2296
1557810 2296
1557820 2292
1557830 2288
1557840 2288
1557850 2286
1557860 2285
1557870 2285
1557880 2287
1557890 2288
1557900 2288
1557910 2285
1557920 2281
1557930 2281
1557940 2277
1557950 2275
1557960 2275
1557970 2272
1557980 2269
1557990 2266
1558000 2266
1558010 2260
1558020 2252
1558030 2252
1558040 2241
1558050 2231
1558060 2231
1558070 2223
1558080 2214
1558090 2214
1558100 2206
1558110 2200
1558120 2200
1558130 2197
1558140 2194
1558150 2194
1558160 2194
1558170 2196
1558180 2196
1558190 2193
1558200 2187
1558210 2187
1558220 2179
1558230 2171
1558240 2167
1558250 2167
1558260 2160
1558270 2155
1558280 2155
1558290 2151
1558300 2147
1558310 2147
1558320 2144
1558330 2140
1558340 2140
1558350 2139
1558360 2139
1558370 2139
1558380 2136
1558390 2128
1558400 2128
1558410 2121
1558420 2119
1558430 2119
1558440 2146
1558450 2140
1558460 2140
1558470 2141
1558480 2144
1558490 2144
1558500 2149
1558510 2147
1558520 2146
1558530 2146
1558540 2144
1558550 2140
1558560 2140
1558570 2138
1558580 2146
1558590 2146
1558600 2152
1558610 2157
1558620 2157
1558630 2153
1558640 2152
1558650 2152
1558660 2155
1558670 2155
1558680 2155
1558690 2151
1558700 2151
1558710 2151
1558720 2157
1558730 2158
1558740 2158
1558750 2160
1558760 2162
1558770 2160
1558780 2160
1558790 2161
1558800 2164
1558810 2164
1558820 2163
1558830 2162
1558840 2162
1558850 2160
1558860 2161
1558870 2161
1558880 2163
1558890 2163
1558900 2163
1558910 2162
1558920 2161
1558930 2161
1558940 2161
1558950 2160
1558960 2160
1558970 2159
1558980 2158
1558990 2158
1559000 2158
1559010 2156
1559020 2156
1559030 2156
1559040 2156
1559050 2156
1559060 2156
1559070 2156
1559080 2156
1559090 2156
1559100 2155
1559110 2155
1559120 2155
1559130 2154
1559140 2153
1559150 2153
1559160 2152
1559170 2151
1559180 2151
1559190 2150
1559200 2148
1559210 2148
1559220 2146
1559230 2143
1559240 2143
1559250 2142
1559260 2139
1559270 2139
1559280 2136
1559290 2132
1559300 2132
1559310 2129
1559320 2126
1559330 2122
1559340 2122
1559350 2118
1559360 2113
1559370 2113
1559380 2108
1559390 2102
1559400 2102
1559410 2095
1559420 2088
1559430 2088
1559440 2081
1559450 2073
1559460 2073
1559470 2065
1559480 2056
1559490 2056
1559500 2046
1559510 2036
1559520 2036
1559530 2026
1559540 2018
1559550 2018
1559560 2012
1559570 2005
1559580 1997
1559590 1997
1559600 1990
1559610 1983
1559620 1983
1559630 1975
1559640 1967
1559650 1967
1559660 1960
1559670 1951
1559680 1951
1559690 1942
1559700 1933
1559710 1933
1559720 1924
1559730 1916
1559740 1916
1559750 1909
1559760 1901
1559770 1901
1559780 1894
1559790 1891
1559800 1891
1559810 1888
1559820 1885
1559830 1885
1559840 1883
1559850 1880
1559860 1875
1559870 1875
1559880 1870
1559890 1865
1559900 1865
1559910 1857
1559920 1851
1559930 1851
1559940 1843
1559950 1832
1559960 1832
1559970 1821
1559980 1816
1559990 1816
