1540000 2245
1540010 2246
1540020 2246
1540030 2250
1540040 2253
1540050 2253
1540060 2257
1540070 2262
1540080 2262
1540090 2268
1540100 2274
1540110 2274
1540120 2283
1540130 2297
1540140 2297
1540150 2311
1540160 2329
1540170 2329
1540180 2362
1540190 2379
1540200 2379
1540210 2388
1540220 2401
1540230 2414
1540240 2414
1540250 2425
1540260 2433
1540270 2433
1540280 2443
1540290 2454
1540300 2454
1540310 2464
1540320 2473
1540330 2473
1540340 2481
1540350 2486
1540360 2486
1540370 2493
1540380 2499
1540390 2499
1540400 2507
1540410 2515
1540420 2515
1540430 2525
1540440 2524
1540450 2524
1540460 2517
1540470 2510
1540480 2504
1540490 2504
1540500 2499
1540510 2493
1540520 2493
1540530 2485
1540540 2479
1540550 2479
1540560 2473
1540570 2471
1540580 2471
1540590 2470
1540600 2471
1540610 2471
1540620 2469
1540630 2468
1540640 2468
1540650 2468
1540660 2463
1540670 2463
1540680 2452
1540690 2405
1540700 2405
1540710 2376
1540720 2368
1540730 2368
1540740 2362
1540750 2349
1540760 2338
1540770 2338
1540780 2331
1540790 2325
1540800 2325
1540810 2319
1540820 2313
1540830 2313
1540840 2307
1540850 2303
1540860 2303
1540870 2298
1540880 2294
1540890 2294
1540900 2287
1540910 2282
1540920 2282
1540930 2276
1540940 2270
1540950 2270
1540960 2265
1540970 2259
1540980 2259
1540990 2253
1541000 2247
1541010 2247
1541020 2240
1541030 2231
1541040 2222
1541050 2222
1541060 2217
1541070 2210
1541080 2210
1541090 2203
1541100 2198
1541110 2198
1541120 2194
1541130 2188
1541140 2188
1541150 2184
1541160 2180
1541170 2180
1541180 2177
1541190 2176
1541200 2176
1541210 2175
1541220 2175
1541230 2175
1541240 2173
1541250 2170
1541260 2170
1541270 2166
1541280 2164
1541290 2164
1541300 2157
1541310 2137
1541320 2119
1541330 2119
1541340 2124
1541350 2106
1541360 2106
1541370 2091
1541380 2084
1541390 2084
1541400 2076
1541410 2069
1541420 2069
1541430 2061
1541440 2052
1541450 2052
1541460 2043
1541470 2034
1541480 2034
1541490 2026
1541500 2019
1541510 2019
1541520 2011
1541530 2002
1541540 2002
1541550 1995
1541560 1989
1541570 1983
1541580 1983
1541590 1977
1541600 1971
1541610 1971
1541620 1966
1541630 1959
1541640 1959
1541650 1954
1541660 1948
1541670 1948
1541680 1942
1541690 1935
1541700 1935
1541710 1921
1541720 1903
1541730 1903
1541740 1896
1541750 1889
1541760 1889
1541770 1883
1541780 1878
1541790 1878
1541800 1872
1541810 1866
1541820 1866
1541830 1861
1541840 1855
1541850 1848
1541860 1848
1541870 1838
1541880 1825
1541890 1825
1541900 1816
1541910 1810
1541920 1810
1541930 1794
1541940 1780
1541950 1780
1541960 1763
1541970 1749
1541980 1749
1541990 1738
1542000 1731
1542010 1731
1542020 1732
1542030 1735
1542040 1735
1542050 1740
1542060 1749
1542070 1749
1542080 1756
1542090 1751
1542100 1751
1542110 1734
1542120 1729
1542130 1717
1542140 1717
1542150 1706
1542160 1698
1542170 1698
1542180 1693
1542190 1682
1542200 1682
1542210 1676
1542220 1675
1542230 1675
1542240 1669
1542250 1660
1542260 1660
1542270 1646
1542280 1637
1542290 1637
1542300 1639
1542310 1626
1542320 1626
1542330 1615
1542340 1610
1542350 1610
1542360 1607
1542370 1602
1542380 1602
1542390 1602
1542400 1600
1542410 1595
1542420 1595
1542430 1592
1542440 1594
1542450 1594
1542460 1599
1542470 1603
1542480 1603
1542490 1605
1542500 1601
1542510 1601
1542520 1588
1542530 1579
1542540 1579
1542550 1570
1542560 1567
1542570 1567
1542580 1567
1542590 1567
1542600 1567
1542610 1566
1542620 1564
1542630 1564
1542640 1562
1542650 1560
1542660 1560
1542670 1558
1542680 1557
1542690 1556
1542700 1556
1542710 1557
1542720 1556
1542730 1556
1542740 1558
1542750 1558
1542760 1558
1542770 1556
1542780 1555
1542790 1555
1542800 1555
1542810 1552
1542820 1552
1542830 1550
1542840 1549
1542850 1549
1542860 1550
1542870 1549
1542880 1549
1542890 1549
1542900 1548
1542910 1548
1542920 1548
1542930 1551
1542940 1555
1542950 1555
1542960 1556
1542970 1549
1542980 1549
1542990 1546
1543000 1550
1543010 1550
1543020 1557
1543030 1564
1543040 1564
1543050 1570
1543060 1578
1543070 1578
1543080 1587
1543090 1598
1543100 1598
1543110 1607
1543120 1608
1543130 1608
1543140 1593
1543150 1589
1543160 1589
1543170 1597
1543180 1610
1543190 1610
1543200 1619
1543210 1626
1543220 1625
1543230 1625
1543240 1614
1543250 1617
1543260 1617
1543270 1622
1543280 1631
1543290 1631
1543300 1642
1543310 1647
1543320 1647
1543330 1652
1543340 1665
1543350 1665
1543360 1675
1543370 1683
1543380 1683
1543390 1685
1543400 1691
1543410 1691
1543420 1698
1543430 1702
1543440 1702
1543450 1707
1543460 1712
1543470 1712
1543480 1715
1543490 1718
1543500 1719
1543510 1719
1543520 1719
1543530 1719
1543540 1719
1543550 1724
1543560 1726
1543570 1726
1543580 1726
1543590 1727
1543600 1727
1543610 1726
1543620 1723
1543630 1723
1543640 1731
1543650 1741
1543660 1741
1543670 1747
1543680 1753
1543690 1753
1543700 1757
1543710 1760
1543720 1760
1543730 1763
1543740 1769
1543750 1769
1543760 1775
1543770 1783
1543780 1790
1543790 1790
1543800 1801
1543810 1808
1543820 1808
1543830 1812
1543840 1806
1543850 1806
1543860 1809
1543870 1814
1543880 1814
1543890 1819
1543900 1833
1543910 1833
1543920 1838
1543930 1832
1543940 1832
1543950 1827
1543960 1833
1543970 1833
1543980 1837
1543990 1834
1544000 1834
1544010 1838
1544020 1850
1544030 1861
1544040 1861
1544050 1871
1544060 1869
1544070 1869
1544080 1859
1544090 1849
1544100 1846
1544110 1835
1544120 1826
1544130 1826
1544140 1828
1544150 1832
1544160 1832
1544170 1836
1544180 1844
1544190 1844
1544200 1846
1544210 1836
1544220 1836
1544230 1825
1544240 1813
1544250 1813
1544260 1800
1544270 1789
1544280 1789
1544290 1779
1544300 1770
1544310 1764
1544320 1764
1544330 1756
1544340 1745
1544350 1745
1544360 1733
1544370 1721
1544380 1721
1544390 1717
1544400 1714
1544410 1714
1544420 1708
1544430 1702
1544440 1702
1544450 1707
1544460 1724
1544470 1724
1544480 1726
1544490 1717
1544500 1717
1544510 1708
1544520 1700
1544530 1700
1544540 1691
1544550 1681
1544560 1681
1544570 1671
1544580 1663
1544590 1655
1544600 1655
1544610 1646
1544620 1636
1544630 1636
1544640 1630
1544650 1629
1544660 1629
1544670 1617
1544680 1611
1544690 1611
1544700 1626
1544710 1646
1544720 1646
1544730 1655
1544740 1657
1544750 1657
1544760 1651
1544770 1644
1544780 1644
1544790 1638
1544800 1627
1544810 1627
1544820 1618
1544830 1612
1544840 1612
1544850 1606
1544860 1601
1544870 1595
1544880 1595
1544890 1590
1544900 1585
1544910 1585
1544920 1579
1544930 1573
1544940 1573
1544950 1565
1544960 1558
1544970 1558
1544980 1550
1544990 1543
1545000 1543
1545010 1536
1545020 1529
1545030 1529
1545040 1522
1545050 1513
1545060 1513
1545070 1501
1545080 1491
1545090 1491
1545100 1484
1545110 1479
1545120 1472
1545130 1472
1545140 1459
1545150 1450
1545160 1450
1545170 1443
1545180 1437
1545190 1437
1545200 1432
1545210 1426
1545220 1426
1545230 1421
1545240 1414
1545250 1414
1545260 1406
1545270 1399
1545280 1399
1545290 1393
1545300 1389
1545310 1389
1545320 1387
1545330 1380
1545340 1380
1545350 1368
1545360 1359
1545370 1359
1545380 1351
1545390 1344
1545400 1335
1545410 1335
1545420 1326
1545430 1319
1545440 1319
1545450 1311
1545460 1304
1545470 1304
1545480 1297
1545490 1290
1545500 1290
1545510 1282
1545520 1275
1545530 1275
1545540 1268
1545550 1261
1545560 1261
1545570 1254
1545580 1247
1545590 1247
1545600 1239
1545610 1231
1545620 1231
1545630 1222
1545640 1214
1545650 1214
1545660 1207
1545670 1199
1545680 1192
1545690 1192
1545700 1185
1545710 1178
1545720 1178
1545730 1171
1545740 1164
1545750 1164
1545760 1157
1545770 1150
1545780 1150
1545790 1143
1545800 1137
1545810 1137
1545820 1130
1545830 1124
1545840 1124
1545850 1118
1545860 1112
1545870 1112
1545880 1106
1545890 1100
1545900 1100
1545910 1094
1545920 1089
1545930 1089
1545940 1085
1545950 1082
1545960 1080
1545970 1080
1545980 1078
1545990 1076
1546000 1076
1546010 1074
1546020 1072
1546030 1072
1546040 1070
1546050 1068
1546060 1068
1546070 1067
1546080 1067
1546090 1067
1546100 1066
1546110 1065
1546120 1065
1546130 1065
1546140 1065
1546150 1065
1546160 1065
1546170 1063
1546180 1063
1546190 1062
1546200 1062
1546210 1062
1546220 1062
1546230 1062
1546240 1061
1546250 1061
1546260 1061
1546270 1062
1546280 1062
1546290 1062
1546300 1062
1546310 1062
1546320 1063
1546330 1064
1546340 1064
1546350 1065
1546360 1066
1546370 1066
1546380 1067
1546390 1068
1546400 1068
1546410 1069
1546420 1070
1546430 1070
1546440 1071
1546450 1073
1546460 1073
1546470 1074
1546480 1076
1546490 1078
1546500 1078
1546510 1079
1546520 1081
1546530 1081
1546540 1082
1546550 1084
1546560 1084
1546570 1085
1546580 1086
1546590 1086
1546600 1088
1546610 1089
1546620 1089
1546630 1090
1546640 1091
1546650 1091
1546660 1093
1546670 1097
1546680 1097
1546690 1105
1546700 1113
1546710 1113
1546720 1120
1546730 1128
1546740 1128
1546750 1141
1546760 1155
1546770 1162
1546780 1162
1546790 1170
1546800 1176
1546810 1176
1546820 1187
1546830 1201
1546840 1201
1546850 1213
1546860 1224
1546870 1224
1546880 1234
1546890 1244
1546900 1244
1546910 1252
1546920 1262
1546930 1262
1546940 1276
1546950 1288
1546960 1288
1546970 1296
1546980 1305
1546990 1305
1547000 1318
1547010 1330
1547020 1330
1547030 1341
1547040 1349
1547050 1356
1547060 1356
1547070 1364
1547080 1374
1547090 1374
1547100 1385
1547110 1396
1547120 1396
1547130 1408
1547140 1425
1547150 1425
1547160 1445
1547170 1468
1547180 1468
1547190 1471
1547200 1471
1547210 1471
1547220 1468
1547230 1463
1547240 1463
1547250 1461
1547260 1470
1547270 1470
1547280 1478
1547290 1487
1547300 1487
1547310 1497
1547320 1508
1547330 1522
1547340 1522
1547350 1530
1547360 1532
1547370 1532
1547380 1527
1547390 1526
1547400 1526
1547410 1538
1547420 1548
1547430 1548
1547440 1556
1547450 1568
1547460 1568
1547470 1586
1547480 1598
1547490 1598
1547500 1605
1547510 1611
1547520 1611
1547530 1618
1547540 1625
1547550 1625
1547560 1630
1547570 1633
1547580 1633
1547590 1640
1547600 1656
1547610 1670
1547620 1670
1547630 1679
1547640 1686
1547650 1686
1547660 1695
1547670 1706
1547680 1706
1547690 1718
1547700 1727
1547710 1727
1547720 1738
1547730 1750
1547740 1750
1547750 1758
1547760 1765
1547770 1765
1547780 1771
1547790 1779
1547800 1779
1547810 1788
1547820 1799
1547830 1799
1547840 1809
1547850 1819
1547860 1830
1547870 1830
1547880 1831
1547890 1836
1547900 1836
1547910 1849
1547920 1868
1547930 1868
1547940 1887
1547950 1897
1547960 1897
1547970 1908
1547980 1916
1547990 1916
1548000 1926
1548010 1938
1548020 1938
1548030 1953
1548040 1973
1548050 1973
1548060 1996
1548070 2025
1548080 2025
1548090 2042
1548100 2050
1548110 2050
1548120 2056
1548130 2063
1548140 2072
1548150 2072
1548160 2081
1548170 2076
1548180 2076
1548190 2069
1548200 2075
1548210 2075
1548220 2079
1548230 2086
1548240 2079
1548250 2084
1548260 2087
1548270 2087
1548280 2092
1548290 2102
1548300 2102
1548310 2108
1548320 2110
1548330 2110
1548340 2117
1548350 2122
1548360 2122
1548370 2129
1548380 2136
1548390 2136
1548400 2144
1548410 2155
1548420 2164
1548430 2164
1548440 2170
1548450 2178
1548460 2178
1548470 2186
1548480 2194
1548490 2194
1548500 2204
1548510 2213
1548520 2213
1548530 2222
1548540 2230
1548550 2230
1548560 2238
1548570 2244
1548580 2244
1548590 2250
1548600 2257
1548610 2257
1548620 2262
1548630 2268
1548640 2268
1548650 2273
1548660 2278
1548670 2278
1548680 2281
1548690 2275
1548700 2265
1548710 2265
1548720 2256
1548730 2247
1548740 2247
1548750 2242
1548760 2238
1548770 2238
1548780 2232
1548790 2224
1548800 2224
1548810 2215
1548820 2207
1548830 2207
1548840 2203
1548850 2195
1548860 2195
1548870 2187
1548880 2180
1548890 2180
1548900 2167
1548910 2157
1548920 2157
1548930 2149
1548940 2142
1548950 2134
1548960 2134
1548970 2127
1548980 2119
1548990 2119
1549000 2110
1549010 2100
1549020 2100
1549030 2093
1549040 2085
1549050 2085
1549060 2074
1549070 2063
1549080 2063
1549090 2053
1549100 2043
1549110 2043
1549120 2031
1549130 2020
1549140 2020
1549150 2011
1549160 2003
1549170 2003
1549180 1994
1549190 1988
1549200 1988
1549210 1981
1549220 1973
1549230 1964
1549240 1964
1549250 1954
1549260 1944
1549270 1944
1549280 1937
1549290 1929
1549300 1929
1549310 1921
1549320 1913
1549330 1913
1549340 1906
1549350 1899
1549360 1899
1549370 1893
1549380 1888
1549390 1888
1549400 1883
1549410 1878
1549420 1878
1549430 1872
1549440 1867
1549450 1867
1549460 1861
1549470 1855
1549480 1855
1549490 1848
1549500 1843
1549510 1836
1549520 1836
1549530 1830
1549540 1824
1549550 1824
1549560 1818
1549570 1812
1549580 1812
1549590 1806
1549600 1799
1549610 1799
1549620 1793
1549630 1787
1549640 1787
1549650 1781
1549660 1775
1549670 1775
1549680 1769
1549690 1762
1549700 1762
1549710 1753
1549720 1740
1549730 1740
1549740 1728
1549750 1721
1549760 1721
1549770 1713
1549780 1708
1549790 1703
1549800 1703
1549810 1698
1549820 1692
1549830 1692
1549840 1686
1549850 1681
1549860 1681
1549870 1676
1549880 1670
1549890 1670
1549900 1665
1549910 1660
1549920 1660
1549930 1655
1549940 1649
1549950 1649
1549960 1642
1549970 1635
1549980 1635
1549990 1628
1550000 1620
1550010 1620
1550020 1613
1550030 1607
1550040 1607
1550050 1601
1550060 1595
1550070 1591
1550080 1591
1550090 1585
1550100 1580
1550110 1580
1550120 1578
1550130 1574
1550140 1574
1550150 1569
1550160 1565
1550170 1565
1550180 1561
1550190 1556
1550200 1556
1550210 1544
1550220 1540
1550230 1540
1550240 1535
1550250 1529
1550260 1529
1550270 1523
1550280 1516
1550290 1516
1550300 1508
1550310 1501
1550320 1496
1550330 1496
1550340 1491
1550350 1486
1550360 1486
1550370 1482
1550380 1479
1550390 1479
1550400 1473
1550410 1469
1550420 1469
1550430 1465
1550440 1461
1550450 1461
1550460 1458
1550470 1453
1550480 1453
1550490 1447
1550500 1443
1550510 1443
1550520 1439
1550530 1435
1550540 1435
1550550 1431
1550560 1429
1550570 1429
1550580 1426
1550590 1423
1550600 1420
1550610 1420
1550620 1417
1550630 1412
1550640 1412
1550650 1407
1550660 1403
1550670 1403
1550680 1397
1550690 1391
1550700 1391
1550710 1385
1550720 1378
1550730 1378
1550740 1371
1550750 1366
1550760 1366
1550770 1361
1550780 1355
1550790 1355
1550800 1348
1550810 1343
1550820 1343
1550830 1339
1550840 1340
1550850 1340
1550860 1343
1550870 1344
1550880 1344
1550890 1344
1550900 1342
1550910 1335
1550920 1335
1550930 1328
1550940 1319
1550950 1319
1550960 1310
1550970 1301
1550980 1301
1550990 1292
1551000 1283
1551010 1283
1551020 1275
1551030 1267
1551040 1267
1551050 1259
1551060 1250
1551070 1250
1551080 1242
1551090 1234
1551100 1234
1551110 1228
1551120 1222
1551130 1222
1551140 1218
1551150 1215
1551160 1213
1551170 1213
1551180 1210
1551190 1207
1551200 1207
1551210 1205
1551220 1202
1551230 1202
1551240 1200
1551250 1198
1551260 1198
1551270 1195
1551280 1192
1551290 1192
1551300 1189
1551310 1187
1551320 1187
1551330 1184
1551340 1181
1551350 1181
1551360 1179
1551370 1176
1551380 1176
1551390 1173
1551400 1171
1551410 1170
1551420 1170
1551430 1167
1551440 1165
1551450 1165
1551460 1162
1551470 1159
1551480 1159
1551490 1155
1551500 1153
1551510 1153
1551520 1152
1551530 1152
1551540 1152
1551550 1151
1551560 1151
1551570 1151
1551580 1150
1551590 1150
1551600 1150
1551610 1150
1551620 1150
1551630 1150
1551640 1150
1551650 1150
1551660 1150
1551670 1150
1551680 1152
1551690 1155
1551700 1155
1551710 1159
1551720 1164
1551730 1164
1551740 1169
1551750 1175
1551760 1175
1551770 1181
1551780 1186
1551790 1186
1551800 1191
1551810 1196
1551820 1196
1551830 1200
1551840 1209
1551850 1209
1551860 1220
1551870 1231
1551880 1231
1551890 1240
1551900 1247
1551910 1247
1551920 1250
1551930 1251
1551940 1251
1551950 1250
1551960 1253
1551970 1255
1551980 1255
1551990 1259
1552000 1264
1552010 1264
1552020 1269
1552030 1274
1552040 1274
1552050 1278
1552060 1285
1552070 1285
1552080 1292
1552090 1298
1552100 1298
1552110 1304
1552120 1303
1552130 1303
1552140 1308
1552150 1314
1552160 1314
1552170 1319
1552180 1326
1552190 1326
1552200 1332
1552210 1338
1552220 1338
1552230 1342
1552240 1347
1552250 1353
1552260 1353
1552270 1358
1552280 1363
1552290 1363
1552300 1368
1552310 1374
1552320 1374
1552330 1378
1552340 1380
1552350 1380
1552360 1380
1552370 1379
1552380 1379
1552390 1377
1552400 1375
1552410 1375
1552420 1368
1552430 1359
1552440 1359
1552450 1350
1552460 1341
1552470 1341
1552480 1334
1552490 1326
1552500 1326
1552510 1318
1552520 1312
1552530 1305
1552540 1305
1552550 1296
1552560 1286
1552570 1286
1552580 1280
1552590 1280
1552600 1280
1552610 1284
1552620 1289
1552630 1289
1552640 1292
1552650 1298
1552660 1298
1552670 1304
1552680 1309
1552690 1309
1552700 1313
1552710 1320
1552720 1320
1552730 1327
1552740 1334
1552750 1334
1552760 1341
1552770 1350
1552780 1357
1552790 1357
1552800 1365
1552810 1371
1552820 1371
1552830 1378
1552840 1386
1552850 1386
1552860 1392
1552870 1396
1552880 1396
1552890 1402
1552900 1408
1552910 1408
1552920 1413
1552930 1421
1552940 1421
1552950 1429
1552960 1436
1552970 1436
1552980 1444
1552990 1453
1553000 1453
1553010 1461
1553020 1469
1553030 1469
1553040 1475
1553050 1480
1553060 1487
1553070 1487
1553080 1493
1553090 1501
1553100 1501
1553110 1508
1553120 1515
1553130 1515
1553140 1520
1553150 1525
1553160 1525
1553170 1531
1553180 1535
1553190 1535
1553200 1542
1553210 1550
1553220 1550
1553230 1560
1553240 1569
1553250 1569
1553260 1577
1553270 1583
1553280 1583
1553290 1590
1553300 1597
1553310 1597
1553320 1604
1553330 1612
1553340 1621
1553350 1621
1553360 1627
1553370 1637
1553380 1637
1553390 1650
1553400 1660
1553410 1660
1553420 1666
1553430 1673
1553440 1673
1553450 1680
1553460 1687
1553470 1687
1553480 1694
1553490 1701
1553500 1701
1553510 1707
1553520 1713
1553530 1713
1553540 1719
1553550 1726
1553560 1726
1553570 1733
1553580 1738
1553590 1738
1553600 1744
1553610 1749
1553620 1754
1553630 1754
1553640 1758
1553650 1762
1553660 1762
1553670 1767
1553680 1771
1553690 1771
1553700 1775
1553710 1779
1553720 1779
1553730 1783
1553740 1786
1553750 1786
1553760 1790
1553770 1795
1553780 1795
1553790 1799
1553800 1804
1553810 1804
1553820 1809
1553830 1814
1553840 1814
1553850 1818
1553860 1823
1553870 1823
1553880 1828
1553890 1833
1553900 1838
1553910 1838
1553920 1843
1553930 1848
1553940 1848
1553950 1853
1553960 1858
1553970 1858
1553980 1859
1553990 1864
1554000 1864
1554010 1869
1554020 1874
1554030 1874
1554040 1879
1554050 1885
1554060 1885
1554070 1889
1554080 1894
1554090 1894
1554100 1899
1554110 1905
1554120 1905
1554130 1910
1554140 1915
1554150 1921
1554160 1921
1554170 1926
1554180 1931
1554190 1931
1554200 1936
1554210 1942
1554220 1942
1554230 1947
1554240 1953
1554250 1953
1554260 1959
1554270 1965
1554280 1965
1554290 1971
1554300 1977
1554310 1977
1554320 1983
1554330 1989
1554340 1989
1554350 1995
1554360 2001
1554370 2001
1554380 2007
1554390 2013
1554400 2013
1554410 2019
1554420 2024
1554430 2030
1554440 2030
1554450 2036
1554460 2041
1554470 2041
1554480 2046
1554490 2050
1554500 2050
1554510 2054
1554520 2059
1554530 2059
1554540 2065
1554550 2071
1554560 2071
1554570 2077
1554580 2084
1554590 2084
1554600 2090
1554610 2097
1554620 2097
1554630 2104
1554640 2110
1554650 2110
1554660 2115
1554670 2120
1554680 2120
1554690 2124
1554700 2128
1554710 2132
1554720 2132
1554730 2136
1554740 2141
1554750 2141
1554760 2146
1554770 2151
1554780 2151
1554790 2157
1554800 2163
1554810 2163
1554820 2170
1554830 2177
1554840 2177
1554850 2185
1554860 2193
1554870 2193
1554880 2201
1554890 2209
1554900 2209
1554910 2217
1554920 2226
1554930 2226
1554940 2235
1554950 2244
1554960 2244
1554970 2251
1554980 2254
1554990 2259
1555000 2259
1555010 2265
1555020 2272
1555030 2272
1555040 2278
1555050 2286
1555060 2286
1555070 2295
1555080 2305
1555090 2305
1555100 2314
1555110 2325
1555120 2325
1555130 2336
1555140 2344
1555150 2344
1555160 2354
1555170 2366
1555180 2366
1555190 2374
1555200 2382
1555210 2382
1555220 2390
1555230 2397
1555240 2403
1555250 2403
1555260 2410
1555270 2417
1555280 2417
1555290 2421
1555300 2424
1555310 2424
1555320 2427
1555330 2433
1555340 2433
1555350 2440
1555360 2447
1555370 2447
1555380 2456
1555390 2466
1555400 2466
1555410 2477
1555420 2485
1555430 2485
1555440 2487
1555450 2475
1555460 2475
1555470 2465
1555480 2461
1555490 2461
1555500 2455
1555510 2451
1555520 2446
1555530 2446
1555540 2444
1555550 2441
1555560 2441
1555570 2437
1555580 2433
1555590 2433
1555600 2428
1555610 2426
1555620 2426
1555630 2426
1555640 2426
1555650 2426
1555660 2424
1555670 2425
1555680 2425
1555690 2424
1555700 2422
1555710 2422
1555720 2422
1555730 2422
1555740 2422
1555750 2421
1555760 2421
1555770 2421
1555780 2421
1555790 2422
1555800 2413
1555810 2413
1555820 2410
1555830 2408
1555840 2408
1555850 2406
1555860 2401
1555870 2401
1555880 2395
1555890 2388
1555900 2388
1555910 2382
1555920 2380
1555930 2380
1555940 2379
1555950 2378
1555960 2378
1555970 2381
1555980 2383
1555990 2383
1556000 2389
1556010 2395
1556020 2395
1556030 2402
1556040 2409
1556050 2409
1556060 2414
1556070 2413
1556080 2402
1556090 2402
1556100 2390
1556110 2380
1556120 2380
1556130 2371
1556140 2363
1556150 2363
1556160 2359
1556170 2354
1556180 2354
1556190 2349
1556200 2343
1556210 2343
1556220 2336
1556230 2329
1556240 2329
1556250 2324
1556260 2320
1556270 2320
1556280 2315
1556290 2310
1556300 2310
1556310 2305
1556320 2299
1556330 2299
1556340 2294
1556350 2289
1556360 2284
1556370 2284
1556380 2278
1556390 2273
1556400 2273
1556410 2268
1556420 2264
1556430 2264
1556440 2259
1556450 2255
1556460 2255
1556470 2252
1556480 2247
1556490 2247
1556500 2242
1556510 2237
1556520 2237
1556530 2232
1556540 2226
1556550 2226
1556560 2221
1556570 2217
1556580 2217
1556590 2213
1556600 2211
1556610 2209
1556620 2209
1556630 2210
1556640 2213
1556650 2213
1556660 2213
1556670 2215
1556680 2215
1556690 2221
1556700 2226
1556710 2226
1556720 2235
1556730 2241
1556740 2241
1556750 2249
1556760 2256
1556770 2256
1556780 2262
1556790 2266
1556800 2266
1556810 2262
1556820 2250
1556830 2250
1556840 2238
1556850 2230
1556860 2230
1556870 2222
1556880 2211
1556890 2196
1556900 2196
1556910 2185
1556920 2176
1556930 2176
1556940 2169
1556950 2162
1556960 2162
1556970 2157
1556980 2152
1556990 2152
1557000 2141
1557010 2128
1557020 2128
1557030 2121
1557040 2115
1557050 2115
1557060 2108
1557070 2101
1557080 2101
1557090 2094
1557100 2089
1557110 2089
1557120 2082
1557130 2076
1557140 2076
1557150 2069
1557160 2064
1557170 2059
1557180 2059
1557190 2054
1557200 2048
1557210 2048
1557220 2045
1557230 2043
1557240 2043
1557250 2042
1557260 2041
1557270 2041
1557280 2040
1557290 2038
1557300 2038
1557310 2036
1557320 2035
1557330 2035
1557340 2036
1557350 2033
1557360 2033
1557370 2030
1557380 2027
1557390 2027
1557400 2027
1557410 2026
1557420 2026
1557430 2023
1557440 2023
1557450 2022
1557460 2022
1557470 2019
1557480 2016
1557490 2016
1557500 2016
1557510 2015
1557520 2015
1557530 2012
1557540 2007
1557550 2007
1557560 2002
1557570 1996
1557580 1996
1557590 1989
1557600 1979
1557610 1979
1557620 1967
1557630 1955
1557640 1955
1557650 1948
1557660 1944
1557670 1944
1557680 1938
1557690 1932
1557700 1932
1557710 1928
1557720 1923
1557730 1918
1557740 1918
1557750 1914
1557760 1910
1557770 1910
1557780 1905
1557790 1901
1557800 1901
1557810 1897
1557820 1894
1557830 1894
1557840 1891
1557850 1888
1557860 1888
1557870 1885
1557880 1883
1557890 1883
1557900 1881
1557910 1879
1557920 1879
1557930 1878
1557940 1877
1557950 1877
1557960 1874
1557970 1871
1557980 1868
1557990 1868
1558000 1864
1558010 1860
1558020 1860
1558030 1855
1558040 1853
1558050 1853
1558060 1851
1558070 1848
1558080 1848
1558090 1845
1558100 1842
1558110 1842
1558120 1839
1558130 1836
1558140 1836
1558150 1832
1558160 1828
1558170 1828
1558180 1825
1558190 1823
1558200 1823
1558210 1821
1558220 1817
1558230 1817
1558240 1814
1558250 1812
1558260 1810
1558270 1810
1558280 1809
1558290 1806
1558300 1806
1558310 1803
1558320 1801
1558330 1801
1558340 1799
1558350 1798
1558360 1798
1558370 1797
1558380 1797
1558390 1797
1558400 1797
1558410 1796
1558420 1796
1558430 1796
1558440 1796
1558450 1796
1558460 1796
1558470 1795
1558480 1795
1558490 1795
1558500 1793
1558510 1793
1558520 1792
1558530 1790
1558540 1790
1558550 1790
1558560 1788
1558570 1785
1558580 1785
1558590 1782
1558600 1779
1558610 1779
1558620 1778
1558630 1777
1558640 1777
1558650 1775
1558660 1774
1558670 1774
1558680 1774
1558690 1774
1558700 1774
1558710 1774
1558720 1774
1558730 1774
1558740 1775
1558750 1775
1558760 1775
1558770 1774
1558780 1773
1558790 1773
1558800 1772
1558810 1770
1558820 1768
1558830 1768
1558840 1765
1558850 1762
1558860 1762
1558870 1760
1558880 1762
1558890 1762
1558900 1764
1558910 1765
1558920 1765
1558930 1763
1558940 1761
1558950 1761
1558960 1761
1558970 1761
1558980 1761
1558990 1761
1559000 1761
1559010 1761
1559020 1764
1559030 1768
1559040 1768
1559050 1770
1559060 1772
1559070 1773
1559080 1773
1559090 1774
1559100 1773
1559110 1773
1559120 1774
1559130 1777
1559140 1777
1559150 1779
1559160 1780
1559170 1780
1559180 1782
1559190 1784
1559200 1784
1559210 1784
1559220 1785
1559230 1785
1559240 1789
1559250 1793
1559260 1793
1559270 1796
1559280 1802
1559290 1806
1559300 1812
1559310 1820
1559320 1820
1559330 1828
1559340 1835
1559350 1841
1559360 1841
1559370 1847
1559380 1854
1559390 1854
1559400 1863
1559410 1870
1559420 1870
1559430 1874
1559440 1875
1559450 1875
1559460 1880
1559470 1890
1559480 1890
1559490 1895
1559500 1896
1559510 1896
1559520 1899
1559530 1907
1559540 1907
1559550 1913
1559560 1914
1559570 1914
1559580 1917
1559590 1923
1559600 1923
1559610 1932
1559620 1939
1559630 1946
1559640 1946
1559650 1951
1559660 1951
1559670 1951
1559680 1953
1559690 1956
1559700 1956
1559710 1960
1559720 1965
1559730 1965
1559740 1972
1559750 1979
1559760 1979
1559770 1985
1559780 1991
1559790 1991
1559800 1998
1559810 2003
1559820 2003
1559830 2008
1559840 2014
1559850 2014
1559860 2021
1559870 2027
1559880 2027
1559890 2031
1559900 2033
1559910 2034
1559920 2034
1559930 2032
1559940 2027
1559950 2027
1559960 2020
1559970 2013
1559980 2013
1559990 2006
