1540000 2458
1540010 2459
1540020 2461
1540030 2461
1540040 2463
1540050 2464
1540060 2465
1540070 2465
1540080 2466
1540090 2469
1540100 2469
1540110 2471
1540120 2472
1540130 2472
1540140 2476
1540150 2478
1540160 2478
1540170 2479
1540180 2482
1540190 2482
1540200 2486
1540210 2489
1540220 2489
1540230 2493
1540240 2488
1540250 2488
1540260 2471
1540270 2458
1540280 2458
1540290 2434
1540300 2431
1540310 2431
1540320 2422
1540330 2412
1540340 2402
1540350 2402
1540360 2393
1540370 2386
1540380 2386
1540390 2379
1540400 2371
1540410 2371
1540420 2362
1540430 2355
1540440 2355
1540450 2348
1540460 2341
1540470 2341
1540480 2334
1540490 2328
1540500 2328
1540510 2326
1540520 2325
1540530 2325
1540540 2322
1540550 2316
1540560 2316
1540570 2312
1540580 2307
1540590 2307
1540600 2303
1540610 2301
1540620 2300
1540630 2300
1540640 2300
1540650 2301
1540660 2301
1540670 2301
1540680 2300
1540690 2300
1540700 2296
1540710 2292
1540720 2292
1540730 2286
1540740 2277
1540750 2277
1540760 2270
1540770 2267
1540780 2267
1540790 2264
1540800 2263
1540810 2263
1540820 2267
1540830 2268
1540840 2268
1540850 2266
1540860 2280
1540870 2280
1540880 2287
1540890 2286
1540900 2282
1540910 2282
1540920 2278
1540930 2275
1540940 2275
1540950 2274
1540960 2270
1540970 2270
1540980 2264
1540990 2256
1541000 2256
1541010 2248
1541020 2241
1541030 2241
1541040 2234
1541050 2224
1541060 2224
1541070 2218
1541080 2212
1541090 2212
1541100 2202
1541110 2193
1541120 2193
1541130 2186
1541140 2181
1541150 2181
1541160 2176
1541170 2173
1541180 2171
1541190 2171
1541200 2170
1541210 2171
1541220 2171
1541230 2171
1541240 2171
1541250 2171
1541260 2172
1541270 2172
1541280 2172
1541290 2171
1541300 2167
1541310 2167
1541320 2164
1541330 2161
1541340 2161
1541350 2157
1541360 2148
1541370 2148
1541380 2138
1541390 2131
1541400 2131
1541410 2124
1541420 2118
1541430 2118
1541440 2110
1541450 2101
1541460 2096
1541470 2096
1541480 2088
1541490 2082
1541500 2082
1541510 2076
1541520 2070
1541530 2070
1541540 2060
1541550 2051
1541560 2051
1541570 2043
1541580 2038
1541590 2038
1541600 2034
1541610 2031
1541620 2031
1541630 2024
1541640 2017
1541650 2017
1541660 2009
1541670 2001
1541680 2001
1541690 1994
1541700 1988
1541710 1982
1541720 1982
1541730 1977
1541740 1973
1541750 1973
1541760 1969
1541770 1965
1541780 1965
1541790 1962
1541800 1959
1541810 1959
1541820 1957
1541830 1954
1541840 1954
1541850 1951
1541860 1948
1541870 1948
1541880 1942
1541890 1936
1541900 1936
1541910 1930
1541920 1925
1541930 1925
1541940 1920
1541950 1913
1541960 1913
1541970 1909
1541980 1903
1541990 1899
1542000 1899
1542010 1897
1542020 1893
1542030 1893
1542040 1889
1542050 1884
1542060 1884
1542070 1879
1542080 1872
1542090 1872
1542100 1863
1542110 1852
1542120 1852
1542130 1846
1542140 1839
1542150 1839
1542160 1832
1542170 1825
1542180 1825
1542190 1818
1542200 1810
1542210 1810
1542220 1802
1542230 1797
1542240 1797
1542250 1791
1542260 1786
1542270 1781
1542280 1781
1542290 1773
1542300 1766
1542310 1766
1542320 1760
1542330 1754
1542340 1754
1542350 1749
1542360 1743
1542370 1743
1542380 1738
1542390 1731
1542400 1731
1542410 1724
1542420 1718
1542430 1718
1542440 1709
1542450 1702
1542460 1702
1542470 1697
1542480 1693
1542490 1693
1542500 1689
1542510 1685
1542520 1685
1542530 1683
1542540 1682
1542550 1677
1542560 1677
1542570 1669
1542580 1661
1542590 1661
1542600 1653
1542610 1646
1542620 1646
1542630 1644
1542640 1645
1542650 1645
1542660 1645
1542670 1642
1542680 1642
1542690 1640
1542700 1636
1542710 1636
1542720 1640
1542730 1637
1542740 1637
1542750 1634
1542760 1638
1542770 1638
1542780 1639
1542790 1642
1542800 1642
1542810 1645
1542820 1649
1542830 1653
1542840 1653
1542850 1658
1542860 1661
1542870 1661
1542880 1665
1542890 1665
1542900 1665
1542910 1668
1542920 1670
1542930 1670
1542940 1675
1542950 1675
1542960 1675
1542970 1676
1542980 1676
1542990 1676
1543000 1681
1543010 1685
1543020 1685
1543030 1686
1543040 1686
1543050 1686
1543060 1686
1543070 1685
1543080 1693
1543090 1691
1543100 1686
1543110 1679
1543120 1679
1543130 1673
1543140 1667
1543150 1667
1543160 1664
1543170 1662
1543180 1662
1543190 1658
1543200 1654
1543210 1654
1543220 1648
1543230 1643
1543240 1643
1543250 1640
1543260 1646
1543270 1646
1543280 1653
1543290 1662
1543300 1662
1543310 1670
1543320 1676
1543330 1676
1543340 1676
1543350 1673
1543360 1673
1543370 1673
1543380 1674
1543390 1671
1543400 1671
1543410 1664
1543420 1659
1543430 1659
1543440 1657
1543450 1659
1543460 1659
1543470 1658
1543480 1649
1543490 1649
1543500 1638
1543510 1627
1543520 1627
1543530 1627
1543540 1633
1543550 1633
1543560 1637
1543570 1639
1543580 1639
1543590 1639
1543600 1641
1543610 1641
1543620 1644
1543630 1647
1543640 1648
1543650 1648
1543660 1646
1543670 1643
1543680 1643
1543690 1638
1543700 1636
1543710 1636
1543720 1637
1543730 1641
1543740 1641
1543750 1641
1543760 1637
1543770 1637
1543780 1636
1543790 1636
1543800 1636
1543810 1636
1543820 1635
1543830 1635
1543840 1632
1543850 1625
1543860 1625
1543870 1613
1543880 1614
1543890 1614
1543900 1622
1543910 1623
1543920 1623
1543930 1623
1543940 1622
1543950 1623
1543960 1623
1543970 1622
1543980 1622
1543990 1622
1544000 1623
1544010 1623
1544020 1623
1544030 1622
1544040 1622
1544050 1622
1544060 1623
1544070 1622
1544080 1622
1544090 1622
1544100 1622
1544110 1622
1544120 1621
1544130 1621
1544140 1621
1544150 1621
1544160 1620
1544170 1620
1544180 1619
1544190 1616
1544200 1615
1544210 1615
1544220 1615
1544230 1617
1544240 1617
1544250 1617
1544260 1617
1544270 1617
1544280 1616
1544290 1617
1544300 1617
1544310 1617
1544320 1617
1544330 1617
1544340 1616
1544350 1615
1544360 1615
1544370 1612
1544380 1610
1544390 1610
1544400 1606
1544410 1603
1544420 1603
1544430 1601
1544440 1597
1544450 1597
1544460 1593
1544470 1589
1544480 1585
1544490 1585
1544500 1581
1544510 1578
1544520 1578
1544530 1575
1544540 1573
1544550 1573
1544560 1570
1544570 1568
1544580 1568
1544590 1571
1544600 1572
1544610 1572
1544620 1571
1544630 1567
1544640 1567
1544650 1563
1544660 1557
1544670 1557
1544680 1548
1544690 1541
1544700 1541
1544710 1540
1544720 1542
1544730 1542
1544740 1547
1544750 1548
1544760 1548
1544770 1548
1544780 1549
1544790 1549
1544800 1549
1544810 1547
1544820 1545
1544830 1545
1544840 1541
1544850 1538
1544860 1538
1544870 1535
1544880 1531
1544890 1531
1544900 1527
1544910 1523
1544920 1523
1544930 1516
1544940 1508
1544950 1508
1544960 1506
1544970 1506
1544980 1506
1544990 1507
1545000 1510
1545010 1510
1545020 1515
1545030 1518
1545040 1518
1545050 1518
1545060 1519
1545070 1519
1545080 1519
1545090 1520
1545100 1520
1545110 1520
1545120 1520
1545130 1521
1545140 1521
1545150 1522
1545160 1522
1545170 1522
1545180 1521
1545190 1519
1545200 1519
1545210 1519
1545220 1523
1545230 1523
1545240 1520
1545250 1520
1545260 1520
1545270 1521
1545280 1523
1545290 1521
1545300 1521
1545310 1522
1545320 1522
1545330 1522
1545340 1520
1545350 1519
1545360 1519
1545370 1519
1545380 1520
1545390 1520
1545400 1521
1545410 1521
1545420 1521
1545430 1523
1545440 1524
1545450 1524
1545460 1523
1545470 1521
1545480 1521
1545490 1520
1545500 1517
1545510 1517
1545520 1513
1545530 1510
1545540 1510
1545550 1506
1545560 1502
1545570 1499
1545580 1499
1545590 1494
1545600 1489
1545610 1489
1545620 1483
1545630 1477
1545640 1477
1545650 1472
1545660 1469
1545670 1469
1545680 1466
1545690 1462
1545700 1462
1545710 1459
1545720 1454
1545730 1454
1545740 1449
1545750 1445
1545760 1445
1545770 1439
1545780 1433
1545790 1433
1545800 1425
1545810 1419
1545820 1419
1545830 1412
1545840 1405
1545850 1396
1545860 1396
1545870 1385
1545880 1374
1545890 1374
1545900 1364
1545910 1358
1545920 1358
1545930 1349
1545940 1336
1545950 1336
1545960 1330
1545970 1323
1545980 1323
1545990 1310
1546000 1300
1546010 1300
1546020 1290
1546030 1282
1546040 1282
1546050 1269
1546060 1259
1546070 1259
1546080 1248
1546090 1237
1546100 1237
1546110 1227
1546120 1217
1546130 1207
1546140 1207
1546150 1198
1546160 1190
1546170 1190
1546180 1180
1546190 1169
1546200 1169
1546210 1160
1546220 1151
1546230 1151
1546240 1143
1546250 1137
1546260 1137
1546270 1130
1546280 1125
1546290 1125
1546300 1120
1546310 1113
1546320 1113
1546330 1107
1546340 1101
1546350 1101
1546360 1096
1546370 1091
1546380 1091
1546390 1085
1546400 1079
1546410 1073
1546420 1073
1546430 1067
1546440 1061
1546450 1061
1546460 1057
1546470 1055
1546480 1055
1546490 1056
1546500 1057
1546510 1057
1546520 1057
1546530 1056
1546540 1056
1546550 1055
1546560 1056
1546570 1056
1546580 1055
1546590 1054
1546600 1054
1546610 1054
1546620 1054
1546630 1054
1546640 1054
1546650 1054
1546660 1054
1546670 1053
1546680 1054
1546690 1054
1546700 1054
1546710 1054
1546720 1054
1546730 1054
1546740 1054
1546750 1055
1546760 1055
1546770 1054
1546780 1054
1546790 1054
1546800 1054
1546810 1054
1546820 1054
1546830 1054
1546840 1055
1546850 1055
1546860 1055
1546870 1055
1546880 1055
1546890 1055
1546900 1056
1546910 1056
1546920 1056
1546930 1056
1546940 1056
1546950 1056
1546960 1058
1546970 1061
1546980 1061
1546990 1066
1547000 1071
1547010 1071
1547020 1076
1547030 1083
1547040 1083
1547050 1090
1547060 1099
1547070 1099
1547080 1107
1547090 1131
1547100 1131
1547110 1150
1547120 1165
1547130 1165
1547140 1180
1547150 1191
1547160 1191
1547170 1209
1547180 1220
1547190 1220
1547200 1230
1547210 1242
1547220 1253
1547230 1253
1547240 1265
1547250 1278
1547260 1278
1547270 1291
1547280 1303
1547290 1296
1547300 1308
1547310 1322
1547320 1322
1547330 1331
1547340 1339
1547350 1339
1547360 1349
1547370 1355
1547380 1355
1547390 1362
1547400 1369
1547410 1369
1547420 1377
1547430 1384
1547440 1384
1547450 1395
1547460 1412
1547470 1412
1547480 1422
1547490 1430
1547500 1441
1547510 1441
1547520 1451
1547530 1459
1547540 1459
1547550 1462
1547560 1467
1547570 1467
1547580 1475
1547590 1486
1547600 1486
1547610 1500
1547620 1509
1547630 1509
1547640 1515
1547650 1521
1547660 1521
1547670 1534
1547680 1549
1547690 1549
1547700 1546
1547710 1549
1547720 1549
1547730 1560
1547740 1567
1547750 1567
1547760 1569
1547770 1569
1547780 1570
1547790 1570
1547800 1575
1547810 1586
1547820 1586
1547830 1598
1547840 1608
1547850 1608
1547860 1613
1547870 1620
1547880 1620
1547890 1629
1547900 1643
1547910 1643
1547920 1652
1547930 1654
1547940 1654
1547950 1661
1547960 1670
1547970 1670
1547980 1676
1547990 1681
1548000 1681
1548010 1687
1548020 1693
1548030 1693
1548040 1695
1548050 1703
1548060 1718
1548070 1718
1548080 1727
1548090 1726
1548100 1726
1548110 1721
1548120 1715
1548130 1715
1548140 1704
1548150 1699
1548160 1699
1548170 1712
1548180 1712
1548190 1712
1548200 1708
1548210 1709
1548220 1709
1548230 1717
1548240 1727
1548250 1727
1548260 1737
1548270 1746
1548280 1746
1548290 1754
1548300 1761
1548310 1761
1548320 1769
1548330 1777
1548340 1785
1548350 1785
1548360 1792
1548370 1799
1548380 1799
1548390 1806
1548400 1812
1548410 1812
1548420 1817
1548430 1823
1548440 1823
1548450 1825
1548460 1822
1548470 1822
1548480 1818
1548490 1817
1548500 1817
1548510 1813
1548520 1809
1548530 1809
1548540 1806
1548550 1799
1548560 1799
1548570 1796
1548580 1792
1548590 1792
1548600 1786
1548610 1778
1548620 1771
1548630 1771
1548640 1771
1548650 1776
1548660 1776
1548670 1777
1548680 1773
1548690 1773
1548700 1771
1548710 1773
1548720 1773
1548730 1774
1548740 1769
1548750 1769
1548760 1757
1548770 1753
1548780 1753
1548790 1755
1548800 1758
1548810 1758
1548820 1766
1548830 1772
1548840 1772
1548850 1757
1548860 1739
1548870 1741
1548880 1741
1548890 1740
1548900 1751
1548910 1751
1548920 1752
1548930 1743
1548940 1743
1548950 1745
1548960 1752
1548970 1752
1548980 1762
1548990 1760
1549000 1760
1549010 1747
1549020 1739
1549030 1739
1549040 1738
1549050 1742
1549060 1742
1549070 1748
1549080 1754
1549090 1754
1549100 1756
1549110 1760
1549120 1760
1549130 1762
1549140 1765
1549150 1774
1549160 1774
1549170 1775
1549180 1770
1549190 1770
1549200 1765
1549210 1761
1549220 1761
1549230 1755
1549240 1748
1549250 1748
1549260 1726
1549270 1709
1549280 1709
1549290 1694
1549300 1685
1549310 1685
1549320 1679
1549330 1673
1549340 1673
1549350 1667
1549360 1663
1549370 1663
1549380 1662
1549390 1662
1549400 1662
1549410 1662
1549420 1662
1549430 1663
1549440 1663
1549450 1662
1549460 1661
1549470 1661
1549480 1662
1549490 1664
1549500 1664
1549510 1665
1549520 1667
1549530 1667
1549540 1668
1549550 1671
1549560 1671
1549570 1677
1549580 1683
1549590 1683
1549600 1690
1549610 1696
1549620 1696
1549630 1703
1549640 1711
1549650 1711
1549660 1719
1549670 1730
1549680 1730
1549690 1743
1549700 1755
1549710 1768
1549720 1768
1549730 1781
1549740 1793
1549750 1793
1549760 1818
1549770 1832
1549780 1832
1549790 1837
1549800 1845
1549810 1845
1549820 1859
1549830 1871
1549840 1871
1549850 1887
1549860 1907
1549870 1907
1549880 1916
1549890 1931
1549900 1931
1549910 1937
1549920 1939
1549930 1939
1549940 1942
1549950 1945
1549960 1945
1549970 1944
1549980 1938
1549990 1931
1550000 1931
1550010 1924
1550020 1917
1550030 1917
1550040 1909
1550050 1901
1550060 1901
1550070 1892
1550080 1885
1550090 1885
1550100 1876
1550110 1868
1550120 1868
1550130 1860
1550140 1853
1550150 1853
1550160 1845
1550170 1838
1550180 1838
1550190 1832
1550200 1825
1550210 1825
1550220 1818
1550230 1812
1550240 1812
1550250 1806
1550260 1799
1550270 1793
1550280 1793
1550290 1787
1550300 1781
1550310 1781
1550320 1775
1550330 1769
1550340 1769
1550350 1764
1550360 1758
1550370 1758
1550380 1753
1550390 1747
1550400 1747
1550410 1742
1550420 1736
1550430 1736
1550440 1729
1550450 1722
1550460 1722
1550470 1715
1550480 1708
1550490 1708
1550500 1699
1550510 1691
1550520 1683
1550530 1683
1550540 1674
1550550 1666
1550560 1666
1550570 1657
1550580 1650
1550590 1650
1550600 1641
1550610 1631
1550620 1631
1550630 1624
1550640 1618
1550650 1618
1550660 1611
1550670 1604
1550680 1604
1550690 1597
1550700 1590
1550710 1590
1550720 1584
1550730 1579
1550740 1579
1550750 1574
1550760 1568
1550770 1568
1550780 1564
1550790 1561
1550800 1556
1550810 1556
1550820 1551
1550830 1546
1550840 1546
1550850 1541
1550860 1539
1550870 1539
1550880 1535
1550890 1531
1550900 1531
1550910 1527
1550920 1522
1550930 1522
1550940 1517
1550950 1515
1550960 1515
1550970 1511
1550980 1505
1550990 1505
1551000 1498
1551010 1490
1551020 1490
1551030 1484
1551040 1480
1551050 1480
1551060 1473
1551070 1467
1551080 1462
1551090 1462
1551100 1457
1551110 1452
1551120 1452
1551130 1447
1551140 1442
1551150 1442
1551160 1437
1551170 1431
1551180 1431
1551190 1425
1551200 1419
1551210 1419
1551220 1413
1551230 1411
1551240 1411
1551250 1406
1551260 1402
1551270 1402
1551280 1398
1551290 1395
1551300 1395
1551310 1389
1551320 1381
1551330 1381
1551340 1375
1551350 1368
1551360 1362
1551370 1362
1551380 1357
1551390 1353
1551400 1353
1551410 1347
1551420 1338
1551430 1338
1551440 1330
1551450 1321
1551460 1321
1551470 1309
1551480 1300
1551490 1300
1551500 1292
1551510 1279
1551520 1279
1551530 1270
1551540 1262
1551550 1262
1551560 1248
1551570 1233
1551580 1233
1551590 1223
1551600 1216
1551610 1216
1551620 1207
1551630 1197
1551640 1189
1551650 1189
1551660 1181
1551670 1174
1551680 1174
1551690 1167
1551700 1157
1551710 1157
1551720 1147
1551730 1139
1551740 1139
1551750 1131
1551760 1125
1551770 1125
1551780 1121
1551790 1119
1551800 1119
1551810 1121
1551820 1125
1551830 1125
1551840 1124
1551850 1125
1551860 1125
1551870 1124
1551880 1124
1551890 1124
1551900 1126
1551910 1130
1551920 1132
1551930 1132
1551940 1133
1551950 1135
1551960 1135
1551970 1137
1551980 1138
1551990 1138
1552000 1139
1552010 1140
1552020 1140
1552030 1140
1552040 1140
1552050 1140
1552060 1142
1552070 1144
1552080 1144
1552090 1146
1552100 1146
1552110 1146
1552120 1145
1552130 1146
1552140 1146
1552150 1147
1552160 1148
1552170 1148
1552180 1149
1552190 1150
1552200 1152
1552210 1152
1552220 1156
1552230 1158
1552240 1158
1552250 1161
1552260 1163
1552270 1163
1552280 1165
1552290 1168
1552300 1168
1552310 1171
1552320 1176
1552330 1176
1552340 1180
1552350 1185
1552360 1185
1552370 1190
1552380 1196
1552390 1196
1552400 1203
1552410 1209
1552420 1209
1552430 1215
1552440 1221
1552450 1227
1552460 1227
1552470 1234
1552480 1238
1552490 1238
1552500 1246
1552510 1253
1552520 1253
1552530 1260
1552540 1269
1552550 1269
1552560 1277
1552570 1285
1552580 1285
1552590 1293
1552600 1300
1552610 1300
1552620 1307
1552630 1314
1552640 1314
1552650 1323
1552660 1334
1552670 1334
1552680 1342
1552690 1353
1552700 1353
1552710 1365
1552720 1374
1552730 1382
1552740 1382
1552750 1387
1552760 1394
1552770 1394
1552780 1402
1552790 1412
1552800 1412
1552810 1425
1552820 1439
1552830 1439
1552840 1451
1552850 1461
1552860 1461
1552870 1472
1552880 1482
1552890 1482
1552900 1496
1552910 1510
1552920 1510
1552930 1520
1552940 1531
1552950 1531
1552960 1541
1552970 1547
1552980 1547
1552990 1552
1553000 1557
1553010 1564
1553020 1564
1553030 1572
1553040 1579
1553050 1579
1553060 1585
1553070 1590
1553080 1590
1553090 1596
1553100 1601
1553110 1601
1553120 1612
1553130 1616
1553140 1616
1553150 1621
1553160 1625
1553170 1625
1553180 1629
1553190 1634
1553200 1634
1553210 1640
1553220 1646
1553230 1646
1553240 1652
1553250 1658
1553260 1658
1553270 1665
1553280 1673
1553290 1683
1553300 1683
1553310 1688
1553320 1693
1553330 1693
1553340 1700
1553350 1708
1553360 1708
1553370 1719
1553380 1729
1553390 1729
1553400 1738
1553410 1747
1553420 1747
1553430 1759
1553440 1762
1553450 1762
1553460 1766
1553470 1769
1553480 1769
1553490 1769
1553500 1765
1553510 1765
1553520 1765
1553530 1767
1553540 1767
1553550 1770
1553560 1773
1553570 1776
1553580 1776
1553590 1776
1553600 1774
1553610 1774
1553620 1774
1553630 1775
1553640 1775
1553650 1777
1553660 1780
1553670 1780
1553680 1783
1553690 1786
1553700 1786
1553710 1790
1553720 1794
1553730 1794
1553740 1799
1553750 1803
1553760 1803
1553770 1809
1553780 1814
1553790 1814
1553800 1819
1553810 1823
1553820 1823
1553830 1828
1553840 1833
1553850 1837
1553860 1837
1553870 1841
1553880 1845
1553890 1845
1553900 1850
1553910 1854
1553920 1854
1553930 1858
1553940 1862
1553950 1862
1553960 1866
1553970 1870
1553980 1870
1553990 1874
1554000 1879
1554010 1879
1554020 1885
1554030 1891
1554040 1891
1554050 1896
1554060 1901
1554070 1901
1554080 1906
1554090 1910
1554100 1910
1554110 1915
1554120 1919
1554130 1924
1554140 1924
1554150 1929
1554160 1933
1554170 1933
1554180 1937
1554190 1941
1554200 1941
1554210 1945
1554220 1950
1554230 1950
1554240 1956
1554250 1961
1554260 1961
1554270 1967
1554280 1973
1554290 1973
1554300 1978
1554310 1984
1554320 1984
1554330 1990
1554340 1996
1554350 1996
1554360 2002
1554370 2007
1554380 2013
1554390 2013
1554400 2017
1554410 2021
1554420 2021
1554430 2024
1554440 2027
1554450 2027
1554460 2031
1554470 2034
1554480 2034
1554490 2037
1554500 2040
1554510 2040
1554520 2044
1554530 2048
1554540 2048
1554550 2052
1554560 2055
1554570 2055
1554580 2058
1554590 2062
1554600 2062
1554610 2065
1554620 2068
1554630 2068
1554640 2071
1554650 2074
1554660 2077
1554670 2077
1554680 2079
1554690 2081
1554700 2081
1554710 2083
1554720 2086
1554730 2086
1554740 2087
1554750 2089
1554760 2089
1554770 2091
1554780 2095
1554790 2095
1554800 2100
1554810 2104
1554820 2104
1554830 2108
1554840 2111
1554850 2111
1554860 2115
1554870 2119
1554880 2119
1554890 2123
1554900 2126
1554910 2126
1554920 2131
1554930 2134
1554940 2138
1554950 2144
1554960 2148
1554970 2153
1554980 2153
1554990 2160
1555000 2168
1555010 2168
1555020 2175
1555030 2182
1555040 2182
1555050 2189
1555060 2197
1555070 2197
1555080 2204
1555090 2211
1555100 2211
1555110 2218
1555120 2225
1555130 2225
1555140 2232
1555150 2240
1555160 2240
1555170 2247
1555180 2255
1555190 2255
1555200 2263
1555210 2271
1555220 2279
1555230 2279
1555240 2287
1555250 2294
1555260 2294
1555270 2301
1555280 2308
1555290 2308
1555300 2314
1555310 2319
1555320 2319
1555330 2324
1555340 2320
1555350 2320
1555360 2306
1555370 2297
1555380 2297
1555390 2289
1555400 2280
1555410 2280
1555420 2267
1555430 2259
1555440 2259
1555450 2254
1555460 2241
1555470 2241
1555480 2234
1555490 2229
1555500 2225
1555510 2225
1555520 2222
1555530 2219
1555540 2219
1555550 2216
1555560 2214
1555570 2214
1555580 2213
1555590 2213
1555600 2213
1555610 2213
1555620 2211
1555630 2211
1555640 2209
1555650 2207
1555660 2207
1555670 2203
1555680 2200
1555690 2200
1555700 2196
1555710 2192
1555720 2192
1555730 2189
1555740 2186
1555750 2186
1555760 2183
1555770 2181
1555780 2177
1555790 2177
1555800 2174
1555810 2172
1555820 2172
1555830 2169
1555840 2166
1555850 2166
1555860 2164
1555870 2163
1555880 2163
1555890 2162
1555900 2162
1555910 2162
1555920 2162
1555930 2162
1555940 2162
1555950 2161
1555960 2159
1555970 2159
1555980 2157
1555990 2156
1556000 2156
1556010 2154
1556020 2151
1556030 2151
1556040 2147
1556050 2142
1556060 2133
1556070 2133
1556080 2124
1556090 2113
1556100 2113
1556110 2091
1556120 2054
1556130 2054
1556140 2042
1556150 2032
1556160 2032
1556170 2019
1556180 2007
1556190 2007
1556200 1996
1556210 1987
1556220 1987
1556230 1979
1556240 1972
1556250 1972
1556260 1964
1556270 1956
1556280 1956
1556290 1948
1556300 1940
1556310 1933
1556320 1933
1556330 1924
1556340 1916
1556350 1916
1556360 1907
1556370 1899
1556380 1899
1556390 1891
1556400 1884
1556410 1884
1556420 1876
1556430 1868
1556440 1868
1556450 1860
1556460 1851
1556470 1851
1556480 1843
1556490 1836
1556500 1836
1556510 1830
1556520 1824
1556530 1824
1556540 1818
1556550 1811
1556560 1811
1556570 1804
1556580 1798
1556590 1791
1556600 1791
1556610 1785
1556620 1780
1556630 1780
1556640 1774
1556650 1769
1556660 1769
1556670 1764
1556680 1759
1556690 1759
1556700 1754
1556710 1750
1556720 1750
1556730 1746
1556740 1740
1556750 1740
1556760 1736
1556770 1734
1556780 1734
1556790 1733
1556800 1732
1556810 1732
1556820 1731
1556830 1728
1556840 1728
1556850 1725
1556860 1722
1556870 1719
1556880 1719
1556890 1718
1556900 1717
1556910 1717
1556920 1716
1556930 1714
1556940 1714
1556950 1713
1556960 1713
1556970 1713
1556980 1712
1556990 1712
1557000 1712
1557010 1713
1557020 1713
1557030 1713
1557040 1715
1557050 1719
1557060 1719
1557070 1724
1557080 1729
1557090 1729
1557100 1731
1557110 1731
1557120 1731
1557130 1731
1557140 1732
1557150 1732
1557160 1732
1557170 1735
1557180 1737
1557190 1737
1557200 1736
1557210 1736
1557220 1736
1557230 1737
1557240 1740
1557250 1740
1557260 1741
1557270 1741
1557280 1741
1557290 1741
1557300 1739
1557310 1739
1557320 1737
1557330 1736
1557340 1736
1557350 1735
1557360 1733
1557370 1733
1557380 1733
1557390 1734
1557400 1734
1557410 1736
1557420 1740
1557430 1744
1557440 1744
1557450 1748
1557460 1753
1557470 1753
1557480 1759
1557490 1765
1557500 1765
1557510 1770
1557520 1775
1557530 1775
1557540 1780
1557550 1785
1557560 1785
1557570 1791
1557580 1800
1557590 1800
1557600 1815
1557610 1834
1557620 1834
1557630 1845
1557640 1853
1557650 1853
1557660 1862
1557670 1871
1557680 1871
1557690 1879
1557700 1887
1557710 1896
1557720 1896
1557730 1907
1557740 1918
1557750 1918
1557760 1931
1557770 1939
1557780 1939
1557790 1946
1557800 1954
1557810 1954
1557820 1963
1557830 1972
1557840 1972
1557850 1980
1557860 1988
1557870 1988
1557880 1996
1557890 2004
1557900 2004
1557910 2013
1557920 2022
1557930 2022
1557940 2030
1557950 2039
1557960 2048
1557970 2048
1557980 2056
1557990 2065
1558000 2065
1558010 2074
1558020 2083
1558030 2083
1558040 2090
1558050 2097
1558060 2097
1558070 2102
1558080 2107
1558090 2107
1558100 2111
1558110 2111
1558120 2111
1558130 2107
1558140 2098
1558150 2098
1558160 2090
1558170 2084
1558180 2084
1558190 2079
1558200 2078
1558210 2078
1558220 2079
1558230 2082
1558240 2083
1558250 2083
1558260 2076
1558270 2068
1558280 2068
1558290 2060
1558300 2051
1558310 2051
1558320 2044
1558330 2038
1558340 2038
1558350 2034
1558360 2029
1558370 2029
1558380 2026
1558390 2025
1558400 2025
1558410 2022
1558420 2017
1558430 2017
1558440 2012
1558450 2007
1558460 2007
1558470 2002
1558480 1988
1558490 1988
1558500 1981
1558510 1975
1558520 1969
1558530 1969
1558540 1965
1558550 1963
1558560 1963
1558570 1959
1558580 1956
1558590 1956
1558600 1952
1558610 1947
1558620 1947
1558630 1943
1558640 1937
1558650 1937
1558660 1932
1558670 1928
1558680 1928
1558690 1924
1558700 1920
1558710 1920
1558720 1918
1558730 1916
1558740 1916
1558750 1913
1558760 1909
1558770 1909
1558780 1906
1558790 1903
1558800 1899
1558810 1899
1558820 1895
1558830 1890
1558840 1890
1558850 1885
1558860 1879
1558870 1879
1558880 1873
1558890 1869
1558900 1869
1558910 1864
1558920 1860
1558930 1860
1558940 1856
1558950 1851
1558960 1851
1558970 1847
1558980 1841
1558990 1841
1559000 1835
1559010 1829
1559020 1829
1559030 1824
1559040 1819
1559050 1819
1559060 1813
1559070 1807
1559080 1803
1559090 1803
1559100 1800
1559110 1794
1559120 1794
1559130 1788
1559140 1781
1559150 1781
1559160 1774
1559170 1766
1559180 1766
1559190 1759
1559200 1757
1559210 1757
1559220 1754
1559230 1749
1559240 1749
1559250 1745
1559260 1745
1559270 1745
1559280 1746
1559290 1745
1559300 1745
1559310 1744
1559320 1743
1559330 1743
1559340 1741
1559350 1737
1559360 1737
1559370 1737
1559380 1738
1559390 1738
1559400 1738
1559410 1740
1559420 1742
1559430 1742
1559440 1744
1559450 1745
1559460 1745
1559470 1744
1559480 1744
1559490 1744
1559500 1744
1559510 1744
1559520 1744
1559530 1745
1559540 1748
1559550 1748
1559560 1751
1559570 1755
1559580 1755
1559590 1759
1559600 1764
1559610 1764
1559620 1771
1559630 1782
1559640 1791
1559650 1791
1559660 1798
1559670 1806
1559680 1806
1559690 1814
1559700 1822
1559710 1822
1559720 1831
1559730 1840
1559740 1840
1559750 1848
1559760 1857
1559770 1857
1559780 1867
1559790 1877
1559800 1877
1559810 1884
1559820 1889
1559830 1889
1559840 1894
1559850 1899
1559860 1899
1559870 1903
1559880 1907
1559890 1911
1559900 1911
1559910 1916
1559920 1919
1559930 1919
1559940 1923
1559950 1927
1559960 1927
1559970 1930
1559980 1934
1559990 1934
