1540000 2452
1540010 2436
1540020 2416
1540030 2416
1540040 2404
1540050 2394
1540060 2394
1540070 2390
1540080 2387
1540090 2387
1540100 2384
1540110 2380
1540120 2380
1540130 2375
1540140 2366
1540150 2366
1540160 2358
1540170 2348
1540180 2348
1540190 2330
1540200 2314
1540210 2314
1540220 2299
1540230 2289
1540240 2289
1540250 2277
1540260 2268
1540270 2260
1540280 2260
1540290 2254
1540300 2247
1540310 2247
1540320 2241
1540330 2234
1540340 2234
1540350 2228
1540360 2222
1540370 2222
1540380 2217
1540390 2212
1540400 2212
1540410 2207
1540420 2202
1540430 2202
1540440 2196
1540450 2190
1540460 2190
1540470 2185
1540480 2179
1540490 2179
1540500 2171
1540510 2162
1540520 2162
1540530 2157
1540540 2153
1540550 2150
1540560 2150
1540570 2142
1540580 2135
1540590 2135
1540600 2125
1540610 2117
1540620 2117
1540630 2112
1540640 2110
1540650 2110
1540660 2108
1540670 2107
1540680 2107
1540690 2102
1540700 2099
1540710 2099
1540720 2095
1540730 2089
1540740 2089
1540750 2087
1540760 2085
1540770 2085
1540780 2083
1540790 2081
1540800 2081
1540810 2080
1540820 2078
1540830 2074
1540840 2074
1540850 2067
1540860 2063
1540870 2063
1540880 2051
1540890 2036
1540900 2036
1540910 2025
1540920 2019
1540930 2019
1540940 2014
1540950 2009
1540960 2009
1540970 2003
1540980 1995
1540990 1995
1541000 1986
1541010 1980
1541020 1980
1541030 1977
1541040 1974
1541050 1974
1541060 1969
1541070 1966
1541080 1966
1541090 1963
1541100 1960
1541110 1958
1541120 1958
1541130 1956
1541140 1953
1541150 1953
1541160 1948
1541170 1942
1541180 1942
1541190 1937
1541200 1934
1541210 1934
1541220 1932
1541230 1930
1541240 1930
1541250 1928
1541260 1923
1541270 1923
1541280 1923
1541290 1924
1541300 1924
1541310 1925
1541320 1928
1541330 1928
1541340 1931
1541350 1934
1541360 1934
1541370 1938
1541380 1942
1541390 1945
1541400 1945
1541410 1947
1541420 1956
1541430 1956
1541440 1971
1541450 1974
1541460 1974
1541470 1971
1541480 1961
1541490 1961
1541500 1951
1541510 1935
1541520 1935
1541530 1921
1541540 1914
1541550 1914
1541560 1909
1541570 1909
1541580 1909
1541590 1905
1541600 1885
1541610 1885
1541620 1857
1541630 1839
1541640 1839
1541650 1814
1541660 1795
1541670 1767
1541680 1767
1541690 1744
1541700 1736
1541710 1736
1541720 1728
1541730 1722
1541740 1722
1541750 1716
1541760 1712
1541770 1712
1541780 1709
1541790 1706
1541800 1706
1541810 1705
1541820 1704
1541830 1704
1541840 1702
1541850 1701
1541860 1701
1541870 1700
1541880 1699
1541890 1699
1541900 1699
1541910 1698
1541920 1698
1541930 1696
1541940 1692
1541950 1681
1541960 1681
1541970 1669
1541980 1666
1541990 1666
1542000 1664
1542010 1662
1542020 1662
1542030 1659
1542040 1656
1542050 1656
1542060 1655
1542070 1655
1542080 1655
1542090 1656
1542100 1656
1542110 1656
1542120 1654
1542130 1651
1542140 1651
1542150 1639
1542160 1624
1542170 1624
1542180 1623
1542190 1637
1542200 1637
1542210 1642
1542220 1639
1542230 1639
1542240 1639
1542250 1636
1542260 1638
1542270 1638
1542280 1632
1542290 1592
1542300 1592
1542310 1576
1542320 1567
1542330 1567
1542340 1559
1542350 1551
1542360 1551
1542370 1543
1542380 1534
1542390 1534
1542400 1526
1542410 1517
1542420 1517
1542430 1517
1542440 1519
1542450 1519
1542460 1519
1542470 1521
1542480 1521
1542490 1526
1542500 1534
1542510 1542
1542520 1542
1542530 1544
1542540 1544
1542550 1544
1542560 1544
1542570 1546
1542580 1546
1542590 1550
1542600 1553
1542610 1553
1542620 1551
1542630 1547
1542640 1547
1542650 1546
1542660 1552
1542670 1552
1542680 1555
1542690 1560
1542700 1560
1542710 1564
1542720 1568
1542730 1568
1542740 1574
1542750 1579
1542760 1579
1542770 1584
1542780 1590
1542790 1596
1542800 1596
1542810 1602
1542820 1609
1542830 1609
1542840 1616
1542850 1621
1542860 1621
1542870 1625
1542880 1629
1542890 1629
1542900 1633
1542910 1637
1542920 1637
1542930 1642
1542940 1647
1542950 1647
1542960 1654
1542970 1659
1542980 1659
1542990 1664
1543000 1670
1543010 1670
1543020 1674
1543030 1680
1543040 1680
1543050 1686
1543060 1693
1543070 1700
1543080 1700
1543090 1705
1543100 1708
1543110 1708
1543120 1708
1543130 1710
1543140 1710
1543150 1711
1543160 1713
1543170 1713
1543180 1715
1543190 1718
1543200 1718
1543210 1724
1543220 1730
1543230 1730
1543240 1737
1543250 1743
1543260 1743
1543270 1749
1543280 1754
1543290 1754
1543300 1760
1543310 1765
1543320 1765
1543330 1766
1543340 1767
1543350 1767
1543360 1767
1543370 1768
1543380 1770
1543390 1770
1543400 1771
1543410 1773
1543420 1773
1543430 1777
1543440 1780
1543450 1780
1543460 1782
1543470 1784
1543480 1784
1543490 1787
1543500 1788
1543510 1788
1543520 1790
1543530 1791
1543540 1791
1543550 1793
1543560 1794
1543570 1794
1543580 1795
1543590 1796
1543600 1796
1543610 1798
1543620 1800
1543630 1801
1543640 1801
1543650 1803
1543660 1805
1543670 1805
1543680 1806
1543690 1807
1543700 1807
1543710 1808
1543720 1808
1543730 1808
1543740 1811
1543750 1815
1543760 1815
1543770 1819
1543780 1823
1543790 1823
1543800 1828
1543810 1834
1543820 1834
1543830 1839
1543840 1845
1543850 1845
1543860 1852
1543870 1859
1543880 1859
1543890 1866
1543900 1872
1543910 1878
1543920 1878
1543930 1885
1543940 1891
1543950 1891
1543960 1897
1543970 1902
1543980 1902
1543990 1906
1544000 1911
1544010 1911
1544020 1916
1544030 1921
1544040 1921
1544050 1926
1544060 1931
1544070 1931
1544080 1936
1544090 1941
1544100 1941
1544110 1946
1544120 1951
1544130 1951
1544140 1956
1544150 1961
1544160 1961
1544170 1966
1544180 1970
1544190 1975
1544200 1975
1544210 1979
1544220 1984
1544230 1984
1544240 1989
1544250 1993
1544260 1993
1544270 1997
1544280 2001
1544290 2001
1544300 2005
1544310 2008
1544320 2008
1544330 2009
1544340 2010
1544350 2010
1544360 2010
1544370 2010
1544380 2010
1544390 2011
1544400 2013
1544410 2013
1544420 2013
1544430 2013
1544440 2013
1544450 2011
1544460 2006
1544470 2004
1544480 2004
1544490 2003
1544500 2002
1544510 2002
1544520 2000
1544530 1998
1544540 1998
1544550 1995
1544560 1991
1544570 1991
1544580 1989
1544590 1987
1544600 1987
1544610 1985
1544620 1983
1544630 1983
1544640 1982
1544650 1980
1544660 1980
1544670 1977
1544680 1974
1544690 1974
1544700 1972
1544710 1972
1544720 1972
1544730 1970
1544740 1969
1544750 1966
1544760 1966
1544770 1965
1544780 1964
1544790 1964
1544800 1962
1544810 1959
1544820 1959
1544830 1958
1544840 1958
1544850 1958
1544860 1959
1544870 1959
1544880 1959
1544890 1959
1544900 1958
1544910 1958
1544920 1958
1544930 1959
1544940 1959
1544950 1960
1544960 1957
1544970 1957
1544980 1957
1544990 1958
1545000 1958
1545010 1958
1545020 1954
1545030 1950
1545040 1950
1545050 1949
1545060 1949
1545070 1949
1545080 1951
1545090 1950
1545100 1950
1545110 1953
1545120 1955
1545130 1955
1545140 1958
1545150 1959
1545160 1959
1545170 1960
1545180 1966
1545190 1966
1545200 1971
1545210 1975
1545220 1975
1545230 1979
1545240 1980
1545250 1980
1545260 1982
1545270 1985
1545280 1985
1545290 1988
1545300 1992
1545310 1995
1545320 1995
1545330 1996
1545340 2000
1545350 2000
1545360 2006
1545370 2011
1545380 2011
1545390 2016
1545400 2020
1545410 2020
1545420 2026
1545430 2032
1545440 2032
1545450 2039
1545460 2054
1545470 2054
1545480 2071
1545490 2087
1545500 2087
1545510 2090
1545520 2091
1545530 2091
1545540 2093
1545550 2107
1545560 2107
1545570 2109
1545580 2103
1545590 2097
1545600 2097
1545610 2091
1545620 2085
1545630 2085
1545640 2079
1545650 2073
1545660 2073
1545670 2068
1545680 2063
1545690 2063
1545700 2058
1545710 2055
1545720 2055
1545730 2054
1545740 2055
1545750 2055
1545760 2058
1545770 2060
1545780 2060
1545790 2062
1545800 2065
1545810 2065
1545820 2069
1545830 2072
1545840 2072
1545850 2076
1545860 2080
1545870 2083
1545880 2083
1545890 2085
1545900 2083
1545910 2083
1545920 2079
1545930 2075
1545940 2075
1545950 2073
1545960 2070
1545970 2070
1545980 2066
1545990 2062
1546000 2062
1546010 2057
1546020 2052
1546030 2052
1546040 2046
1546050 2039
1546060 2039
1546070 2033
1546080 2026
1546090 2026
1546100 2019
1546110 2011
1546120 2011
1546130 2004
1546140 1997
1546150 1991
1546160 1991
1546170 1984
1546180 1981
1546190 1981
1546200 1981
1546210 1984
1546220 1984
1546230 1993
1546240 1995
1546250 1995
1546260 1994
1546270 1990
1546280 1990
1546290 1985
1546300 1980
1546310 1980
1546320 1974
1546330 1969
1546340 1969
1546350 1963
1546360 1959
1546370 1959
1546380 1955
1546390 1952
1546400 1952
1546410 1949
1546420 1945
1546430 1941
1546440 1941
1546450 1936
1546460 1930
1546470 1930
1546480 1924
1546490 1919
1546500 1919
1546510 1917
1546520 1913
1546530 1913
1546540 1916
1546550 1924
1546560 1924
1546570 1928
1546580 1927
1546590 1927
1546600 1927
1546610 1928
1546620 1928
1546630 1927
1546640 1933
1546650 1933
1546660 1939
1546670 1947
1546680 1947
1546690 1954
1546700 1959
1546710 1962
1546720 1962
1546730 1968
1546740 1978
1546750 1978
1546760 1986
1546770 1994
1546780 1994
1546790 2000
1546800 2003
1546810 2003
1546820 2006
1546830 2010
1546840 2010
1546850 2016
1546860 2020
1546870 2020
1546880 2028
1546890 2037
1546900 2037
1546910 2045
1546920 2044
1546930 2044
1546940 2033
1546950 2024
1546960 2024
1546970 2023
1546980 2031
1546990 2040
1547000 2040
1547010 2040
1547020 2039
1547030 2039
1547040 2040
1547050 2039
1547060 2039
1547070 2040
1547080 2047
1547090 2047
1547100 2066
1547110 2079
1547120 2079
1547130 2071
1547140 2062
1547150 2062
1547160 2051
1547170 2045
1547180 2045
1547190 2043
1547200 2045
1547210 2045
1547220 2053
1547230 2048
1547240 2048
1547250 2039
1547260 2026
1547270 2016
1547280 2016
1547290 2007
1547300 1997
1547310 1997
1547320 1983
1547330 1978
1547340 1978
1547350 1976
1547360 1974
1547370 1974
1547380 1974
1547390 1978
1547400 1978
1547410 1982
1547420 1979
1547430 1979
1547440 1977
1547450 1971
1547460 1971
1547470 1976
1547480 1982
1547490 1982
1547500 1987
1547510 1987
1547520 1987
1547530 1979
1547540 1969
1547550 1960
1547560 1960
1547570 1951
1547580 1942
1547590 1942
1547600 1934
1547610 1926
1547620 1926
1547630 1920
1547640 1912
1547650 1914
1547660 1905
1547670 1898
1547680 1898
1547690 1893
1547700 1887
1547710 1887
1547720 1880
1547730 1878
1547740 1878
1547750 1877
1547760 1870
1547770 1870
1547780 1864
1547790 1856
1547800 1856
1547810 1849
1547820 1847
1547830 1845
1547840 1845
1547850 1845
1547860 1847
1547870 1847
1547880 1847
1547890 1841
1547900 1841
1547910 1834
1547920 1826
1547930 1826
1547940 1817
1547950 1807
1547960 1807
1547970 1798
1547980 1788
1547990 1788
1548000 1774
1548010 1765
1548020 1765
1548030 1756
1548040 1747
1548050 1747
1548060 1740
1548070 1732
1548080 1732
1548090 1723
1548100 1713
1548110 1705
1548120 1705
1548130 1695
1548140 1687
1548150 1687
1548160 1680
1548170 1672
1548180 1672
1548190 1664
1548200 1653
1548210 1653
1548220 1648
1548230 1643
1548240 1643
1548250 1642
1548260 1639
1548270 1639
1548280 1632
1548290 1624
1548300 1624
1548310 1615
1548320 1605
1548330 1605
1548340 1596
1548350 1597
1548360 1597
1548370 1596
1548380 1596
1548390 1595
1548400 1595
1548410 1600
1548420 1606
1548430 1606
1548440 1610
1548450 1609
1548460 1609
1548470 1611
1548480 1616
1548490 1616
1548500 1619
1548510 1623
1548520 1623
1548530 1625
1548540 1629
1548550 1629
1548560 1636
1548570 1649
1548580 1649
1548590 1650
1548600 1651
1548610 1651
1548620 1659
1548630 1663
1548640 1663
1548650 1670
1548660 1678
1548670 1684
1548680 1684
1548690 1689
1548700 1694
1548710 1694
1548720 1699
1548730 1702
1548740 1702
1548750 1702
1548760 1702
1548770 1702
1548780 1703
1548790 1710
1548800 1710
1548810 1711
1548820 1708
1548830 1708
1548840 1703
1548850 1697
1548860 1697
1548870 1691
1548880 1684
1548890 1684
1548900 1676
1548910 1671
1548920 1671
1548930 1669
1548940 1667
1548950 1667
1548960 1662
1548970 1657
1548980 1652
1548990 1652
1549000 1643
1549010 1635
1549020 1635
1549030 1625
1549040 1614
1549050 1614
1549060 1600
1549070 1582
1549080 1582
1549090 1550
1549100 1533
1549110 1533
1549120 1513
1549130 1499
1549140 1499
1549150 1490
1549160 1480
1549170 1480
1549180 1472
1549190 1466
1549200 1466
1549210 1461
1549220 1457
1549230 1457
1549240 1452
1549250 1442
1549260 1432
1549270 1432
1549280 1426
1549290 1418
1549300 1418
1549310 1408
1549320 1398
1549330 1398
1549340 1390
1549350 1382
1549360 1382
1549370 1366
1549380 1353
1549390 1353
1549400 1340
1549410 1331
1549420 1331
1549430 1324
1549440 1317
1549450 1317
1549460 1311
1549470 1305
1549480 1305
1549490 1299
1549500 1293
1549510 1293
1549520 1288
1549530 1282
1549540 1273
1549550 1273
1549560 1260
1549570 1241
1549580 1241
1549590 1210
1549600 1187
1549610 1187
1549620 1175
1549630 1166
1549640 1164
1549650 1155
1549660 1147
1549670 1147
1549680 1139
1549690 1131
1549700 1131
1549710 1123
1549720 1116
1549730 1116
1549740 1108
1549750 1100
1549760 1100
1549770 1094
1549780 1088
1549790 1088
1549800 1082
1549810 1075
1549820 1070
1549830 1070
1549840 1065
1549850 1060
1549860 1060
1549870 1055
1549880 1048
1549890 1048
1549900 1042
1549910 1034
1549920 1034
1549930 1029
1549940 1023
1549950 1023
1549960 1020
1549970 1016
1549980 1016
1549990 1012
1550000 1008
1550010 1008
1550020 1004
1550030 1001
1550040 1001
1550050 999
1550060 997
1550070 997
1550080 996
1550090 993
1550100 986
1550110 986
1550120 981
1550130 980
1550140 980
1550150 980
1550160 979
1550170 979
1550180 980
1550190 980
1550200 980
1550210 981
1550220 980
1550230 980
1550240 980
1550250 981
1550260 981
1550270 980
1550280 979
1550290 979
1550300 979
1550310 979
1550320 979
1550330 978
1550340 978
1550350 978
1550360 978
1550370 978
1550380 978
1550390 978
1550400 978
1550410 978
1550420 978
1550430 979
1550440 979
1550450 979
1550460 979
1550470 979
1550480 979
1550490 980
1550500 980
1550510 980
1550520 983
1550530 986
1550540 986
1550550 990
1550560 995
1550570 995
1550580 1001
1550590 1006
1550600 1006
1550610 1012
1550620 1019
1550630 1019
1550640 1024
1550650 1026
1550660 1027
1550670 1027
1550680 1028
1550690 1029
1550700 1029
1550710 1030
1550720 1032
1550730 1032
1550740 1034
1550750 1036
1550760 1036
1550770 1037
1550780 1039
1550790 1039
1550800 1042
1550810 1045
1550820 1045
1550830 1050
1550840 1055
1550850 1055
1550860 1060
1550870 1065
1550880 1065
1550890 1071
1550900 1076
1550910 1076
1550920 1082
1550930 1088
1550940 1094
1550950 1094
1550960 1100
1550970 1106
1550980 1106
1550990 1113
1551000 1119
1551010 1119
1551020 1125
1551030 1132
1551040 1132
1551050 1139
1551060 1145
1551070 1145
1551080 1153
1551090 1159
1551100 1159
1551110 1165
1551120 1173
1551130 1173
1551140 1184
1551150 1200
1551160 1200
1551170 1225
1551180 1240
1551190 1240
1551200 1253
1551210 1264
1551220 1274
1551230 1274
1551240 1285
1551250 1296
1551260 1296
1551270 1306
1551280 1313
1551290 1313
1551300 1319
1551310 1326
1551320 1326
1551330 1333
1551340 1339
1551350 1339
1551360 1346
1551370 1353
1551380 1353
1551390 1361
1551400 1368
1551410 1368
1551420 1376
1551430 1384
1551440 1384
1551450 1395
1551460 1403
1551470 1403
1551480 1414
1551490 1431
1551500 1442
1551510 1442
1551520 1450
1551530 1457
1551540 1457
1551550 1465
1551560 1473
1551570 1472
1551580 1483
1551590 1503
1551600 1503
1551610 1534
1551620 1559
1551630 1559
1551640 1580
1551650 1594
1551660 1594
1551670 1603
1551680 1611
1551690 1611
1551700 1621
1551710 1625
1551720 1625
1551730 1622
1551740 1615
1551750 1615
1551760 1607
1551770 1608
1551780 1611
1551790 1611
1551800 1614
1551810 1615
1551820 1615
1551830 1618
1551840 1621
1551850 1621
1551860 1624
1551870 1625
1551880 1625
1551890 1625
1551900 1625
1551910 1625
1551920 1624
1551930 1623
1551940 1623
1551950 1622
1551960 1622
1551970 1622
1551980 1621
1551990 1621
1552000 1621
1552010 1622
1552020 1622
1552030 1622
1552040 1622
1552050 1622
1552060 1623
1552070 1623
1552080 1625
1552090 1628
1552100 1628
1552110 1631
1552120 1634
1552130 1634
1552140 1638
1552150 1642
1552160 1642
1552170 1646
1552180 1650
1552190 1650
1552200 1654
1552210 1659
1552220 1659
1552230 1664
1552240 1669
1552250 1669
1552260 1674
1552270 1679
1552280 1679
1552290 1685
1552300 1690
1552310 1690
1552320 1694
1552330 1697
1552340 1699
1552350 1699
1552360 1699
1552370 1702
1552380 1702
1552390 1705
1552400 1710
1552410 1710
1552420 1715
1552430 1720
1552440 1720
1552450 1726
1552460 1731
1552470 1731
1552480 1736
1552490 1741
1552500 1741
1552510 1745
1552520 1750
1552530 1750
1552540 1756
1552550 1762
1552560 1762
1552570 1768
1552580 1770
1552590 1770
1552600 1769
1552610 1769
1552620 1767
1552630 1767
1552640 1764
1552650 1762
1552660 1762
1552670 1760
1552680 1760
1552690 1760
1552700 1760
1552710 1761
1552720 1761
1552730 1762
1552740 1764
1552750 1764
1552760 1767
1552770 1770
1552780 1770
1552790 1774
1552800 1778
1552810 1778
1552820 1783
1552830 1789
1552840 1789
1552850 1794
1552860 1800
1552870 1800
1552880 1805
1552890 1811
1552900 1816
1552910 1816
1552920 1822
1552930 1828
1552940 1828
1552950 1833
1552960 1839
1552970 1839
1552980 1846
1552990 1852
1553000 1852
1553010 1858
1553020 1864
1553030 1864
1553040 1869
1553050 1875
1553060 1875
1553070 1881
1553080 1886
1553090 1886
1553100 1891
1553110 1896
1553120 1896
1553130 1902
1553140 1907
1553150 1907
1553160 1913
1553170 1918
1553180 1914
1553190 1914
1553200 1911
1553210 1913
1553220 1913
1553230 1905
1553240 1895
1553250 1895
1553260 1885
1553270 1880
1553280 1880
1553290 1876
1553300 1872
1553310 1872
1553320 1872
1553330 1874
1553340 1874
1553350 1867
1553360 1856
1553370 1856
1553380 1838
1553390 1834
1553400 1834
1553410 1834
1553420 1833
1553430 1833
1553440 1830
1553450 1820
1553460 1818
1553470 1818
1553480 1817
1553490 1816
1553500 1816
1553510 1814
1553520 1812
1553530 1812
1553540 1810
1553550 1808
1553560 1808
1553570 1808
1553580 1809
1553590 1809
1553600 1811
1553610 1812
1553620 1812
1553630 1813
1553640 1815
1553650 1815
1553660 1816
1553670 1817
1553680 1817
1553690 1818
1553700 1817
1553710 1817
1553720 1815
1553730 1816
1553740 1820
1553750 1820
1553760 1826
1553770 1834
1553780 1834
1553790 1843
1553800 1857
1553810 1857
1553820 1867
1553830 1873
1553840 1873
1553850 1880
1553860 1887
1553870 1887
1553880 1895
1553890 1903
1553900 1903
1553910 1909
1553920 1915
1553930 1915
1553940 1920
1553950 1927
1553960 1927
1553970 1935
1553980 1942
1553990 1942
1554000 1949
1554010 1956
1554020 1963
1554030 1963
1554040 1969
1554050 1975
1554060 1975
1554070 1981
1554080 1988
1554090 1988
1554100 1994
1554110 2001
1554120 2001
1554130 2008
1554140 2014
1554150 2014
1554160 2018
1554170 2021
1554180 2021
1554190 2026
1554200 2031
1554210 2031
1554220 2038
1554230 2043
1554240 2043
1554250 2046
1554260 2048
1554270 2048
1554280 2051
1554290 2053
1554300 2055
1554310 2055
1554320 2058
1554330 2060
1554340 2060
1554350 2063
1554360 2065
1554370 2065
1554380 2068
1554390 2070
1554400 2070
1554410 2072
1554420 2076
1554430 2076
1554440 2078
1554450 2080
1554460 2080
1554470 2082
1554480 2082
1554490 2082
1554500 2077
1554510 2070
1554520 2070
1554530 2063
1554540 2057
1554550 2057
1554560 2051
1554570 2044
1554580 2037
1554590 2037
1554600 2026
1554610 2012
1554620 2012
1554630 2000
1554640 1993
1554650 1993
1554660 1986
1554670 1982
1554680 1982
1554690 1979
1554700 1977
1554710 1977
1554720 1974
1554730 1967
1554740 1967
1554750 1957
1554760 1950
1554770 1950
1554780 1942
1554790 1937
1554800 1937
1554810 1932
1554820 1925
1554830 1925
1554840 1923
1554850 1920
1554860 1916
1554870 1916
1554880 1914
1554890 1915
1554900 1915
1554910 1915
1554920 1914
1554930 1914
1554940 1911
1554950 1909
1554960 1909
1554970 1908
1554980 1904
1554990 1904
1555000 1900
1555010 1899
1555020 1899
1555030 1898
1555040 1897
1555050 1897
1555060 1894
1555070 1892
1555080 1892
1555090 1889
1555100 1887
1555110 1887
1555120 1887
1555130 1882
1555140 1878
1555150 1878
1555160 1876
1555170 1874
1555180 1874
1555190 1868
1555200 1857
1555210 1857
1555220 1849
1555230 1841
1555240 1841
1555250 1834
1555260 1828
1555270 1828
1555280 1819
1555290 1813
1555300 1813
1555310 1808
1555320 1804
1555330 1804
1555340 1799
1555350 1793
1555360 1793
1555370 1788
1555380 1782
1555390 1782
1555400 1776
1555410 1768
1555420 1764
1555430 1764
1555440 1762
1555450 1760
1555460 1760
1555470 1760
1555480 1758
1555490 1758
1555500 1757
1555510 1758
1555520 1758
1555530 1761
1555540 1754
1555550 1754
1555560 1751
1555570 1750
1555580 1750
1555590 1739
1555600 1727
1555610 1727
1555620 1706
1555630 1696
1555640 1696
1555650 1682
1555660 1671
1555670 1671
1555680 1661
1555690 1653
1555700 1642
1555710 1642
1555720 1625
1555730 1605
1555740 1605
1555750 1593
1555760 1583
1555770 1583
1555780 1575
1555790 1567
1555800 1567
1555810 1561
1555820 1555
1555830 1555
1555840 1548
1555850 1542
1555860 1542
1555870 1536
1555880 1530
1555890 1530
1555900 1524
1555910 1518
1555920 1518
1555930 1513
1555940 1509
1555950 1509
1555960 1506
1555970 1502
1555980 1500
1555990 1500
1556000 1496
1556010 1492
1556020 1492
1556030 1491
1556040 1489
1556050 1489
1556060 1487
1556070 1484
1556080 1484
1556090 1483
1556100 1480
1556110 1480
1556120 1479
1556130 1478
1556140 1478
1556150 1477
1556160 1475
1556170 1475
1556180 1475
1556190 1473
1556200 1473
1556210 1474
1556220 1474
1556230 1474
1556240 1475
1556250 1475
1556260 1477
1556270 1477
1556280 1480
1556290 1482
1556300 1482
1556310 1485
1556320 1490
1556330 1490
1556340 1496
1556350 1501
1556360 1501
1556370 1507
1556380 1512
1556390 1512
1556400 1518
1556410 1524
1556420 1524
1556430 1530
1556440 1536
1556450 1536
1556460 1540
1556470 1544
1556480 1544
1556490 1548
1556500 1553
1556510 1553
1556520 1557
1556530 1561
1556540 1565
1556550 1565
1556560 1571
1556570 1578
1556580 1578
1556590 1584
1556600 1590
1556610 1590
1556620 1598
1556630 1605
1556640 1605
1556650 1614
1556660 1624
1556670 1624
1556680 1636
1556690 1649
1556700 1649
1556710 1657
1556720 1667
1556730 1667
1556740 1675
1556750 1683
1556760 1683
1556770 1693
1556780 1701
1556790 1701
1556800 1710
1556810 1717
1556820 1724
1556830 1724
1556840 1731
1556850 1739
1556860 1739
1556870 1746
1556880 1753
1556890 1753
1556900 1760
1556910 1767
1556920 1767
1556930 1774
1556940 1780
1556950 1780
1556960 1787
1556970 1795
1556980 1795
1556990 1801
1557000 1806
1557010 1806
1557020 1811
1557030 1817
1557040 1817
1557050 1822
1557060 1820
1557070 1820
1557080 1826
1557090 1832
1557100 1837
1557110 1837
1557120 1844
1557130 1850
1557140 1850
1557150 1857
1557160 1865
1557170 1865
1557180 1872
1557190 1881
1557200 1881
1557210 1889
1557220 1896
1557230 1896
1557240 1902
1557250 1909
1557260 1909
1557270 1916
1557280 1923
1557290 1923
1557300 1930
1557310 1937
1557320 1937
1557330 1944
1557340 1952
1557350 1952
1557360 1960
1557370 1968
1557380 1974
1557390 1974
1557400 1979
1557410 1984
1557420 1984
1557430 1989
1557440 1989
1557450 1989
1557460 1985
1557470 1980
1557480 1980
1557490 1974
1557500 1969
1557510 1969
1557520 1965
1557530 1962
1557540 1962
1557550 1958
1557560 1954
1557570 1954
1557580 1948
1557590 1940
1557600 1940
1557610 1935
1557620 1930
1557630 1930
1557640 1924
1557650 1920
1557660 1916
1557670 1916
1557680 1912
1557690 1909
1557700 1909
1557710 1906
1557720 1905
1557730 1905
1557740 1902
1557750 1899
1557760 1899
1557770 1895
1557780 1892
1557790 1892
1557800 1890
1557810 1887
1557820 1887
1557830 1883
1557840 1877
1557850 1877
1557860 1872
1557870 1866
1557880 1866
1557890 1862
1557900 1858
1557910 1858
1557920 1853
1557930 1847
1557940 1841
1557950 1841
1557960 1835
1557970 1830
1557980 1830
1557990 1824
1558000 1818
1558010 1818
1558020 1814
1558030 1810
1558040 1810
1558050 1806
1558060 1802
1558070 1802
1558080 1799
1558090 1797
1558100 1797
1558110 1793
1558120 1789
1558130 1789
1558140 1784
1558150 1783
1558160 1783
1558170 1782
1558180 1779
1558190 1779
1558200 1778
1558210 1776
1558220 1774
1558230 1774
1558240 1772
1558250 1770
1558260 1770
1558270 1769
1558280 1770
1558290 1770
1558300 1771
1558310 1773
1558320 1773
1558330 1775
1558340 1773
1558350 1773
1558360 1769
1558370 1763
1558380 1763
1558390 1758
1558400 1753
1558410 1753
1558420 1748
1558430 1742
1558440 1742
1558450 1737
1558460 1731
1558470 1731
1558480 1724
1558490 1717
1558500 1711
1558510 1711
1558520 1705
1558530 1699
1558540 1699
1558550 1693
1558560 1688
1558570 1688
1558580 1683
1558590 1679
1558600 1679
1558610 1675
1558620 1672
1558630 1672
1558640 1669
1558650 1665
1558660 1665
1558670 1662
1558680 1659
1558690 1659
1558700 1656
1558710 1651
1558720 1651
1558730 1646
1558740 1641
1558750 1641
1558760 1635
1558770 1630
1558780 1623
1558790 1625
1558800 1618
1558810 1611
1558820 1611
1558830 1604
1558840 1598
1558850 1598
1558860 1592
1558870 1584
1558880 1584
1558890 1577
1558900 1571
1558910 1571
1558920 1565
1558930 1557
1558940 1557
1558950 1549
1558960 1540
1558970 1540
1558980 1533
1558990 1526
1559000 1526
1559010 1519
1559020 1513
1559030 1513
1559040 1507
1559050 1501
1559060 1494
1559070 1494
1559080 1487
1559090 1481
1559100 1481
1559110 1474
1559120 1468
1559130 1468
1559140 1463
1559150 1457
1559160 1457
1559170 1451
1559180 1445
1559190 1445
1559200 1440
1559210 1434
1559220 1434
1559230 1429
1559240 1423
1559250 1423
1559260 1419
1559270 1414
1559280 1414
1559290 1410
1559300 1405
1559310 1405
1559320 1400
1559330 1395
1559340 1390
1559350 1390
1559360 1385
1559370 1381
1559380 1381
1559390 1376
1559400 1371
1559410 1371
1559420 1366
1559430 1361
1559440 1361
1559450 1356
1559460 1351
1559470 1351
1559480 1347
1559490 1342
1559500 1342
1559510 1338
1559520 1333
1559530 1333
1559540 1329
1559550 1324
1559560 1324
1559570 1319
1559580 1312
1559590 1312
1559600 1306
1559610 1303
1559620 1301
1559630 1301
1559640 1296
1559650 1291
1559660 1291
1559670 1287
1559680 1282
1559690 1282
1559700 1277
1559710 1272
1559720 1272
1559730 1268
1559740 1264
1559750 1264
1559760 1261
1559770 1257
1559780 1257
1559790 1254
1559800 1249
1559810 1249
1559820 1241
1559830 1232
1559840 1232
1559850 1224
1559860 1218
1559870 1218
1559880 1213
1559890 1205
1559900 1205
1559910 1197
1559920 1188
1559930 1181
1559940 1181
1559950 1177
1559960 1178
1559970 1178
1559980 1180
1559990 1183
