1540000 1796
1540010 1794
1540020 1790
1540030 1790
1540040 1788
1540050 1785
1540060 1785
1540070 1783
1540080 1781
1540090 1781
1540100 1781
1540110 1779
1540120 1779
1540130 1772
1540140 1771
1540150 1771
1540160 1772
1540170 1770
1540180 1770
1540190 1770
1540200 1771
1540210 1774
1540220 1774
1540230 1779
1540240 1779
1540250 1779
1540260 1783
1540270 1786
1540280 1786
1540290 1790
1540300 1795
1540310 1795
1540320 1799
1540330 1804
1540340 1804
1540350 1810
1540360 1815
1540370 1815
1540380 1820
1540390 1826
1540400 1826
1540410 1832
1540420 1839
1540430 1839
1540440 1846
1540450 1854
1540460 1854
1540470 1861
1540480 1869
1540490 1869
1540500 1875
1540510 1882
1540520 1889
1540530 1889
1540540 1897
1540550 1915
1540560 1915
1540570 1927
1540580 1935
1540590 1935
1540600 1943
1540610 1952
1540620 1952
1540630 1960
1540640 1981
1540650 1981
1540660 1997
1540670 2008
1540680 2008
1540690 2019
1540700 2033
1540710 2033
1540720 2043
1540730 2052
1540740 2052
1540750 2061
1540760 2070
1540770 2070
1540780 2079
1540790 2089
1540800 2099
1540810 2099
1540820 2098
1540830 2094
1540840 2094
1540850 2089
1540860 2084
1540870 2084
1540880 2078
1540890 2072
1540900 2072
1540910 2065
1540920 2059
1540930 2059
1540940 2052
1540950 2045
1540960 2045
1540970 2039
1540980 2032
1540990 2032
1541000 2026
1541010 2020
1541020 2020
1541030 2013
1541040 2007
1541050 2007
1541060 2001
1541070 1995
1541080 1990
1541090 1990
1541100 1983
1541110 1977
1541120 1977
1541130 1972
1541140 1965
1541150 1965
1541160 1958
1541170 1949
1541180 1949
1541190 1943
1541200 1936
1541210 1936
1541220 1930
1541230 1923
1541240 1923
1541250 1917
1541260 1910
1541270 1910
1541280 1903
1541290 1897
1541300 1897
1541310 1891
1541320 1884
1541330 1884
1541340 1878
1541350 1871
1541360 1865
1541370 1865
1541380 1858
1541390 1851
1541400 1851
1541410 1842
1541420 1831
1541430 1831
1541440 1820
1541450 1810
1541460 1810
1541470 1798
1541480 1786
1541490 1786
1541500 1773
1541510 1761
1541520 1761
1541530 1749
1541540 1739
1541550 1739
1541560 1731
1541570 1722
1541580 1722
1541590 1714
1541600 1705
1541610 1705
1541620 1692
1541630 1677
1541640 1675
1541650 1675
1541660 1675
1541670 1675
1541680 1675
1541690 1676
1541700 1681
1541710 1681
1541720 1681
1541730 1682
1541740 1682
1541750 1683
1541760 1682
1541770 1682
1541780 1681
1541790 1680
1541800 1680
1541810 1677
1541820 1673
1541830 1673
1541840 1669
1541850 1668
1541860 1668
1541870 1673
1541880 1676
1541890 1676
1541900 1677
1541910 1676
1541920 1672
1541930 1672
1541940 1668
1541950 1663
1541960 1663
1541970 1658
1541980 1653
1541990 1653
1542000 1648
1542010 1643
1542020 1643
1542030 1637
1542040 1632
1542050 1632
1542060 1631
1542070 1627
1542080 1627
1542090 1621
1542100 1616
1542110 1616
1542120 1610
1542130 1604
1542140 1604
1542150 1597
1542160 1591
1542170 1591
1542180 1585
1542190 1579
1542200 1572
1542210 1572
1542220 1566
1542230 1560
1542240 1560
1542250 1554
1542260 1549
1542270 1549
1542280 1543
1542290 1537
1542300 1537
1542310 1532
1542320 1526
1542330 1526
1542340 1520
1542350 1514
1542360 1514
1542370 1509
1542380 1505
1542390 1505
1542400 1500
1542410 1493
1542420 1493
1542430 1486
1542440 1479
1542450 1479
1542460 1470
1542470 1462
1542480 1462
1542490 1457
1542500 1455
1542510 1453
1542520 1453
1542530 1450
1542540 1447
1542550 1447
1542560 1445
1542570 1443
1542580 1443
1542590 1440
1542600 1435
1542610 1435
1542620 1430
1542630 1424
1542640 1424
1542650 1419
1542660 1414
1542670 1414
1542680 1409
1542690 1405
1542700 1405
1542710 1400
1542720 1395
1542730 1395
1542740 1393
1542750 1391
1542760 1391
1542770 1389
1542780 1385
1542790 1381
1542800 1381
1542810 1379
1542820 1378
1542830 1378
1542840 1374
1542850 1371
1542860 1371
1542870 1368
1542880 1364
1542890 1364
1542900 1362
1542910 1359
1542920 1359
1542930 1355
1542940 1352
1542950 1352
1542960 1349
1542970 1347
1542980 1347
1542990 1344
1543000 1342
1543010 1342
1543020 1339
1543030 1337
1543040 1337
1543050 1335
1543060 1332
1543070 1331
1543080 1331
1543090 1329
1543100 1328
1543110 1328
1543120 1326
1543130 1325
1543140 1325
1543150 1323
1543160 1322
1543170 1322
1543180 1321
1543190 1320
1543200 1320
1543210 1319
1543220 1318
1543230 1318
1543240 1317
1543250 1316
1543260 1316
1543270 1315
1543280 1315
1543290 1315
1543300 1315
1543310 1315
1543320 1315
1543330 1314
1543340 1313
1543350 1312
1543360 1312
1543370 1312
1543380 1311
1543390 1311
1543400 1311
1543410 1311
1543420 1311
1543430 1311
1543440 1311
1543450 1311
1543460 1312
1543470 1314
1543480 1314
1543490 1315
1543500 1316
1543510 1316
1543520 1317
1543530 1320
1543540 1320
1543550 1323
1543560 1325
1543570 1325
1543580 1327
1543590 1329
1543600 1329
1543610 1331
1543620 1333
1543630 1334
1543640 1334
1543650 1336
1543660 1338
1543670 1338
1543680 1339
1543690 1343
1543700 1343
1543710 1348
1543720 1353
1543730 1353
1543740 1358
1543750 1363
1543760 1363
1543770 1368
1543780 1372
1543790 1372
1543800 1372
1543810 1369
1543820 1369
1543830 1376
1543840 1384
1543850 1384
1543860 1389
1543870 1391
1543880 1391
1543890 1391
1543900 1390
1543910 1390
1543920 1390
1543930 1394
1543940 1398
1543950 1398
1543960 1401
1543970 1405
1543980 1405
1543990 1407
1544000 1408
1544010 1408
1544020 1410
1544030 1412
1544040 1412
1544050 1413
1544060 1414
1544070 1414
1544080 1416
1544090 1416
1544100 1416
1544110 1415
1544120 1414
1544130 1414
1544140 1419
1544150 1426
1544160 1426
1544170 1428
1544180 1427
1544190 1427
1544200 1427
1544210 1427
1544220 1429
1544230 1429
1544240 1435
1544250 1438
1544260 1438
1544270 1439
1544280 1438
1544290 1438
1544300 1441
1544310 1445
1544320 1445
1544330 1448
1544340 1450
1544350 1450
1544360 1452
1544370 1457
1544380 1457
1544390 1462
1544400 1467
1544410 1467
1544420 1471
1544430 1476
1544440 1476
1544450 1480
1544460 1485
1544470 1485
1544480 1489
1544490 1492
1544500 1496
1544510 1496
1544520 1500
1544530 1503
1544540 1503
1544550 1507
1544560 1511
1544570 1511
1544580 1515
1544590 1520
1544600 1520
1544610 1525
1544620 1530
1544630 1530
1544640 1529
1544650 1534
1544660 1534
1544670 1539
1544680 1543
1544690 1543
1544700 1548
1544710 1550
1544720 1550
1544730 1554
1544740 1558
1544750 1558
1544760 1562
1544770 1565
1544780 1569
1544790 1569
1544800 1573
1544810 1576
1544820 1576
1544830 1580
1544840 1583
1544850 1583
1544860 1588
1544870 1594
1544880 1594
1544890 1599
1544900 1604
1544910 1604
1544920 1608
1544930 1612
1544940 1612
1544950 1616
1544960 1620
1544970 1620
1544980 1625
1544990 1629
1545000 1629
1545010 1634
1545020 1637
1545030 1637
1545040 1640
1545050 1643
1545060 1646
1545070 1646
1545080 1651
1545090 1655
1545100 1655
1545110 1659
1545120 1661
1545130 1661
1545140 1662
1545150 1664
1545160 1664
1545170 1665
1545180 1667
1545190 1667
1545200 1668
1545210 1670
1545220 1670
1545230 1673
1545240 1676
1545250 1676
1545260 1678
1545270 1680
1545280 1680
1545290 1681
1545300 1682
1545310 1682
1545320 1682
1545330 1681
1545340 1682
1545350 1682
1545360 1685
1545370 1687
1545380 1687
1545390 1689
1545400 1691
1545410 1691
1545420 1692
1545430 1693
1545440 1693
1545450 1693
1545460 1693
1545470 1693
1545480 1694
1545490 1693
1545500 1693
1545510 1694
1545520 1696
1545530 1696
1545540 1696
1545550 1695
1545560 1695
1545570 1693
1545580 1691
1545590 1691
1545600 1687
1545610 1684
1545620 1683
1545630 1683
1545640 1683
1545650 1683
1545660 1683
1545670 1685
1545680 1686
1545690 1686
1545700 1685
1545710 1683
1545720 1683
1545730 1684
1545740 1685
1545750 1685
1545760 1685
1545770 1683
1545780 1683
1545790 1681
1545800 1678
1545810 1678
1545820 1678
1545830 1682
1545840 1682
1545850 1686
1545860 1688
1545870 1688
1545880 1689
1545890 1690
1545900 1690
1545910 1689
1545920 1689
1545930 1690
1545940 1690
1545950 1690
1545960 1692
1545970 1692
1545980 1691
1545990 1689
1546000 1689
1546010 1687
1546020 1687
1546030 1687
1546040 1688
1546050 1690
1546060 1690
1546070 1692
1546080 1694
1546090 1694
1546100 1697
1546110 1699
1546120 1699
1546130 1702
1546140 1705
1546150 1705
1546160 1708
1546170 1709
1546180 1709
1546190 1712
1546200 1715
1546210 1717
1546220 1717
1546230 1720
1546240 1723
1546250 1723
1546260 1727
1546270 1731
1546280 1731
1546290 1734
1546300 1736
1546310 1736
1546320 1736
1546330 1737
1546340 1737
1546350 1740
1546360 1743
1546370 1743
1546380 1746
1546390 1750
1546400 1750
1546410 1754
1546420 1757
1546430 1757
1546440 1761
1546450 1765
1546460 1765
1546470 1769
1546480 1772
1546490 1775
1546500 1775
1546510 1779
1546520 1784
1546530 1784
1546540 1788
1546550 1793
1546560 1793
1546570 1797
1546580 1799
1546590 1799
1546600 1800
1546610 1802
1546620 1802
1546630 1806
1546640 1811
1546650 1811
1546660 1816
1546670 1820
1546680 1820
1546690 1824
1546700 1826
1546710 1826
1546720 1827
1546730 1825
1546740 1825
1546750 1826
1546760 1828
1546770 1832
1546780 1832
1546790 1835
1546800 1839
1546810 1839
1546820 1844
1546830 1849
1546840 1849
1546850 1852
1546860 1855
1546870 1855
1546880 1857
1546890 1860
1546900 1860
1546910 1864
1546920 1868
1546930 1868
1546940 1872
1546950 1876
1546960 1876
1546970 1879
1546980 1882
1546990 1882
1547000 1886
1547010 1890
1547020 1890
1547030 1893
1547040 1896
1547050 1900
1547060 1900
1547070 1904
1547080 1907
1547090 1907
1547100 1908
1547110 1909
1547120 1909
1547130 1911
1547140 1914
1547150 1914
1547160 1917
1547170 1921
1547180 1921
1547190 1924
1547200 1926
1547210 1926
1547220 1929
1547230 1932
1547240 1932
1547250 1934
1547260 1937
1547270 1937
1547280 1939
1547290 1941
1547300 1941
1547310 1943
1547320 1946
1547330 1951
1547340 1951
1547350 1959
1547360 1968
1547370 1968
1547380 1976
1547390 1977
1547400 1977
1547410 1978
1547420 1976
1547430 1976
1547440 1974
1547450 1973
1547460 1973
1547470 1971
1547480 1966
1547490 1966
1547500 1961
1547510 1960
1547520 1960
1547530 1962
1547540 1962
1547550 1962
1547560 1961
1547570 1962
1547580 1962
1547590 1962
1547600 1961
1547610 1961
1547620 1959
1547630 1955
1547640 1952
1547650 1952
1547660 1947
1547670 1943
1547680 1943
1547690 1938
1547700 1933
1547710 1933
1547720 1927
1547730 1922
1547740 1922
1547750 1915
1547760 1906
1547770 1906
1547780 1896
1547790 1887
1547800 1887
1547810 1878
1547820 1869
1547830 1869
1547840 1862
1547850 1855
1547860 1855
1547870 1847
1547880 1841
1547890 1841
1547900 1834
1547910 1828
1547920 1823
1547930 1823
1547940 1821
1547950 1817
1547960 1817
1547970 1813
1547980 1811
1547990 1811
1548000 1806
1548010 1800
1548020 1800
1548030 1793
1548040 1787
1548050 1787
1548060 1785
1548070 1783
1548080 1783
1548090 1779
1548100 1776
1548110 1776
1548120 1771
1548130 1765
1548140 1765
1548150 1759
1548160 1753
1548170 1753
1548180 1746
1548190 1740
1548200 1736
1548210 1736
1548220 1733
1548230 1732
1548240 1732
1548250 1730
1548260 1726
1548270 1726
1548280 1721
1548290 1716
1548300 1716
1548310 1709
1548320 1700
1548330 1700
1548340 1695
1548350 1687
1548360 1687
1548370 1678
1548380 1671
1548390 1671
1548400 1665
1548410 1659
1548420 1659
1548430 1654
1548440 1649
1548450 1649
1548460 1643
1548470 1638
1548480 1632
1548490 1632
1548500 1627
1548510 1622
1548520 1622
1548530 1617
1548540 1612
1548550 1612
1548560 1606
1548570 1600
1548580 1600
1548590 1595
1548600 1592
1548610 1592
1548620 1589
1548630 1585
1548640 1585
1548650 1582
1548660 1577
1548670 1577
1548680 1571
1548690 1564
1548700 1564
1548710 1558
1548720 1553
1548730 1553
1548740 1549
1548750 1550
1548760 1546
1548770 1546
1548780 1542
1548790 1538
1548800 1538
1548810 1534
1548820 1530
1548830 1530
1548840 1526
1548850 1522
1548860 1522
1548870 1517
1548880 1513
1548890 1513
1548900 1508
1548910 1504
1548920 1504
1548930 1500
1548940 1497
1548950 1497
1548960 1494
1548970 1490
1548980 1490
1548990 1485
1549000 1475
1549010 1475
1549020 1467
1549030 1463
1549040 1469
1549050 1469
1549060 1475
1549070 1480
1549080 1480
1549090 1480
1549100 1479
1549110 1479
1549120 1477
1549130 1474
1549140 1474
1549150 1472
1549160 1470
1549170 1470
1549180 1466
1549190 1462
1549200 1462
1549210 1460
1549220 1457
1549230 1457
1549240 1454
1549250 1452
1549260 1452
1549270 1450
1549280 1448
1549290 1448
1549300 1446
1549310 1443
1549320 1440
1549330 1440
1549340 1439
1549350 1438
1549360 1438
1549370 1433
1549380 1424
1549390 1424
1549400 1416
1549410 1411
1549420 1411
1549430 1408
1549440 1402
1549450 1402
1549460 1395
1549470 1387
1549480 1387
1549490 1376
1549500 1363
1549510 1363
1549520 1354
1549530 1345
1549540 1345
1549550 1337
1549560 1328
1549570 1328
1549580 1318
1549590 1310
1549600 1310
1549610 1304
1549620 1294
1549630 1286
1549640 1286
1549650 1278
1549660 1270
1549670 1270
1549680 1262
1549690 1253
1549700 1253
1549710 1244
1549720 1236
1549730 1236
1549740 1227
1549750 1217
1549760 1217
1549770 1208
1549780 1199
1549790 1199
1549800 1194
1549810 1188
1549820 1188
1549830 1179
1549840 1171
1549850 1171
1549860 1165
1549870 1158
1549880 1158
1549890 1152
1549900 1146
1549910 1137
1549920 1137
1549930 1124
1549940 1113
1549950 1113
1549960 1106
1549970 1098
1549980 1098
1549990 1089
1550000 1081
1550010 1081
1550020 1073
1550030 1065
1550040 1065
1550050 1059
1550060 1053
1550070 1053
1550080 1047
1550090 1041
1550100 1041
1550110 1037
1550120 1033
1550130 1033
1550140 1029
1550150 1026
1550160 1026
1550170 1023
1550180 1019
1550190 1016
1550200 1016
1550210 1013
1550220 1009
1550230 1009
1550240 1006
1550250 1003
1550260 1003
1550270 1000
1550280 995
1550290 995
1550300 992
1550310 990
1550320 990
1550330 987
1550340 982
1550350 982
1550360 977
1550370 972
1550380 972
1550390 967
1550400 963
1550410 963
1550420 959
1550430 955
1550440 955
1550450 953
1550460 951
1550470 949
1550480 949
1550490 947
1550500 945
1550510 945
1550520 944
1550530 943
1550540 943
1550550 942
1550560 941
1550570 941
1550580 941
1550590 941
1550600 941
1550610 941
1550620 941
1550630 941
1550640 941
1550650 941
1550660 941
1550670 940
1550680 939
1550690 939
1550700 940
1550710 940
1550720 940
1550730 940
1550740 939
1550750 939
1550760 939
1550770 939
1550780 939
1550790 939
1550800 939
1550810 938
1550820 938
1550830 939
1550840 940
1550850 940
1550860 939
1550870 940
1550880 940
1550890 939
1550900 940
1550910 940
1550920 940
1550930 940
1550940 940
1550950 940
1550960 943
1550970 943
1550980 947
1550990 949
1551000 949
1551010 952
1551020 956
1551030 961
1551040 961
1551050 964
1551060 968
1551070 968
1551080 975
1551090 980
1551100 980
1551110 987
1551120 990
1551130 990
1551140 991
1551150 993
1551160 993
1551170 993
1551180 995
1551190 995
1551200 996
1551210 998
1551220 998
1551230 999
1551240 1000
1551250 1000
1551260 1002
1551270 1003
1551280 1003
1551290 1005
1551300 1006
1551310 1006
1551320 1007
1551330 1009
1551340 1011
1551350 1011
1551360 1012
1551370 1014
1551380 1014
1551390 1016
1551400 1017
1551410 1017
1551420 1019
1551430 1021
1551440 1021
1551450 1024
1551460 1026
1551470 1026
1551480 1027
1551490 1029
1551500 1029
1551510 1032
1551520 1034
1551530 1034
1551540 1037
1551550 1042
1551560 1042
1551570 1045
1551580 1050
1551590 1050
1551600 1053
1551610 1056
1551620 1062
1551630 1062
1551640 1067
1551650 1070
1551660 1070
1551670 1074
1551680 1077
1551690 1077
1551700 1080
1551710 1083
1551720 1083
1551730 1085
1551740 1088
1551750 1088
1551760 1091
1551770 1096
1551780 1096
1551790 1100
1551800 1103
1551810 1103
1551820 1106
1551830 1109
1551840 1109
1551850 1111
1551860 1114
1551870 1114
1551880 1116
1551890 1117
1551900 1115
1551910 1115
1551920 1113
1551930 1113
1551940 1113
1551950 1116
1551960 1116
1551970 1116
1551980 1114
1551990 1113
1552000 1113
1552010 1109
1552020 1109
1552030 1109
1552040 1110
1552050 1111
1552060 1111
1552070 1111
1552080 1110
1552090 1110
1552100 1107
1552110 1107
1552120 1107
1552130 1108
1552140 1111
1552150 1111
1552160 1114
1552170 1118
1552180 1122
1552190 1122
1552200 1127
1552210 1132
1552220 1132
1552230 1138
1552240 1144
1552250 1144
1552260 1149
1552270 1155
1552280 1155
1552290 1165
1552300 1172
1552310 1172
1552320 1178
1552330 1184
1552340 1184
1552350 1189
1552360 1191
1552370 1191
1552380 1197
1552390 1207
1552400 1207
1552410 1217
1552420 1222
1552430 1222
1552440 1228
1552450 1234
1552460 1241
1552470 1241
1552480 1247
1552490 1252
1552500 1252
1552510 1256
1552520 1260
1552530 1260
1552540 1265
1552550 1271
1552560 1271
1552570 1276
1552580 1281
1552590 1281
1552600 1285
1552610 1296
1552620 1296
1552630 1300
1552640 1305
1552650 1305
1552660 1309
1552670 1312
1552680 1312
1552690 1310
1552700 1309
1552710 1309
1552720 1311
1552730 1314
1552740 1316
1552750 1316
1552760 1318
1552770 1320
1552780 1320
1552790 1324
1552800 1330
1552810 1330
1552820 1336
1552830 1342
1552840 1342
1552850 1347
1552860 1353
1552870 1353
1552880 1359
1552890 1364
1552900 1364
1552910 1367
1552920 1369
1552930 1369
1552940 1363
1552950 1362
1552960 1362
1552970 1369
1552980 1377
1552990 1377
1553000 1380
1553010 1381
1553020 1381
1553030 1382
1553040 1383
1553050 1387
1553060 1387
1553070 1391
1553080 1394
1553090 1394
1553100 1394
1553110 1386
1553120 1386
1553130 1384
1553140 1388
1553150 1388
1553160 1393
1553170 1397
1553180 1397
1553190 1404
1553200 1412
1553210 1412
1553220 1417
1553230 1421
1553240 1421
1553250 1426
1553260 1433
1553270 1433
1553280 1439
1553290 1443
1553300 1443
1553310 1449
1553320 1457
1553330 1466
1553340 1466
1553350 1474
1553360 1481
1553370 1481
1553380 1490
1553390 1499
1553400 1499
1553410 1508
1553420 1517
1553430 1517
1553440 1525
1553450 1533
1553460 1533
1553470 1541
1553480 1549
1553490 1549
1553500 1555
1553510 1563
1553520 1563
1553530 1568
1553540 1572
1553550 1572
1553560 1577
1553570 1581
1553580 1581
1553590 1586
1553600 1592
1553610 1597
1553620 1597
1553630 1602
1553640 1608
1553650 1608
1553660 1613
1553670 1619
1553680 1619
1553690 1624
1553700 1631
1553710 1631
1553720 1637
1553730 1641
1553740 1641
1553750 1645
1553760 1650
1553770 1650
1553780 1655
1553790 1659
1553800 1659
1553810 1665
1553820 1670
1553830 1670
1553840 1675
1553850 1681
1553860 1681
1553870 1686
1553880 1691
1553890 1698
1553900 1698
1553910 1704
1553920 1710
1553930 1710
1553940 1715
1553950 1719
1553960 1719
1553970 1722
1553980 1724
1553990 1724
1554000 1726
1554010 1728
1554020 1728
1554030 1730
1554040 1731
1554050 1731
1554060 1736
1554070 1743
1554080 1743
1554090 1751
1554100 1756
1554110 1756
1554120 1760
1554130 1767
1554140 1767
1554150 1775
1554160 1782
1554170 1789
1554180 1789
1554190 1796
1554200 1802
1554210 1802
1554220 1809
1554230 1816
1554240 1816
1554250 1824
1554260 1831
1554270 1831
1554280 1837
1554290 1844
1554300 1844
1554310 1851
1554320 1857
1554330 1857
1554340 1864
1554350 1871
1554360 1871
1554370 1878
1554380 1884
1554390 1884
1554400 1891
1554410 1898
1554420 1898
1554430 1905
1554440 1911
1554450 1918
1554460 1921
1554470 1927
1554480 1934
1554490 1934
1554500 1941
1554510 1947
1554520 1947
1554530 1954
1554540 1961
1554550 1961
1554560 1967
1554570 1974
1554580 1974
1554590 1981
1554600 1987
1554610 1987
1554620 1994
1554630 2001
1554640 2001
1554650 2007
1554660 2014
1554670 2014
1554680 2022
1554690 2029
1554700 2029
1554710 2036
1554720 2042
1554730 2049
1554740 2049
1554750 2056
1554760 2061
1554770 2061
1554780 2064
1554790 2056
1554800 2056
1554810 2045
1554820 2040
1554830 2040
1554840 2032
1554850 2024
1554860 2024
1554870 2015
1554880 2007
1554890 2007
1554900 1999
1554910 1991
1554920 1991
1554930 1984
1554940 1976
1554950 1976
1554960 1969
1554970 1962
1554980 1962
1554990 1956
1555000 1948
1555010 1948
1555020 1940
1555030 1932
1555040 1925
1555050 1925
1555060 1919
1555070 1913
1555080 1913
1555090 1907
1555100 1899
1555110 1899
1555120 1891
1555130 1883
1555140 1883
1555150 1873
1555160 1863
1555170 1863
1555180 1855
1555190 1846
1555200 1846
1555210 1839
1555220 1833
1555230 1833
1555240 1829
1555250 1824
1555260 1824
1555270 1817
1555280 1811
1555290 1811
1555300 1804
1555310 1794
1555320 1786
1555330 1786
1555340 1778
1555350 1768
1555360 1768
1555370 1760
1555380 1752
1555390 1752
1555400 1744
1555410 1735
1555420 1735
1555430 1725
1555440 1717
1555450 1717
1555460 1709
1555470 1700
1555480 1700
1555490 1690
1555500 1682
1555510 1682
1555520 1676
1555530 1671
1555540 1671
1555550 1664
1555560 1656
1555570 1656
1555580 1648
1555590 1642
1555600 1635
1555610 1635
1555620 1628
1555630 1621
1555640 1621
1555650 1614
1555660 1607
1555670 1607
1555680 1601
1555690 1596
1555700 1596
1555710 1591
1555720 1586
1555730 1586
1555740 1581
1555750 1576
1555760 1576
1555770 1569
1555780 1562
1555790 1562
1555800 1555
1555810 1550
1555820 1550
1555830 1544
1555840 1538
1555850 1538
1555860 1533
1555870 1530
1555880 1524
1555890 1524
1555900 1518
1555910 1514
1555920 1514
1555930 1511
1555940 1508
1555950 1508
1555960 1506
1555970 1504
1555980 1504
1555990 1499
1556000 1492
1556010 1492
1556020 1489
1556030 1485
1556040 1485
1556050 1479
1556060 1473
1556070 1473
1556080 1466
1556090 1459
1556100 1459
1556110 1452
1556120 1444
1556130 1444
1556140 1435
1556150 1429
1556160 1423
1556170 1423
1556180 1417
1556190 1410
1556200 1410
1556210 1403
1556220 1395
1556230 1395
1556240 1387
1556250 1379
1556260 1379
1556270 1372
1556280 1370
1556290 1370
1556300 1367
1556310 1364
1556320 1364
1556330 1361
1556340 1358
1556350 1358
1556360 1354
1556370 1351
1556380 1351
1556390 1348
1556400 1345
1556410 1345
1556420 1342
1556430 1340
1556440 1337
1556450 1337
1556460 1335
1556470 1332
1556480 1332
1556490 1329
1556500 1327
1556510 1327
1556520 1325
1556530 1322
1556540 1322
1556550 1320
1556560 1317
1556570 1317
1556580 1314
1556590 1310
1556600 1310
1556610 1303
1556620 1297
1556630 1297
1556640 1298
1556650 1303
1556660 1303
1556670 1310
1556680 1312
1556690 1312
1556700 1313
1556710 1315
1556720 1315
1556730 1317
1556740 1318
1556750 1321
1556760 1321
1556770 1322
1556780 1324
1556790 1324
1556800 1326
1556810 1329
1556820 1329
1556830 1333
1556840 1337
1556850 1337
1556860 1341
1556870 1345
1556880 1345
1556890 1349
1556900 1353
1556910 1353
1556920 1358
1556930 1363
1556940 1363
1556950 1367
1556960 1372
1556970 1372
1556980 1378
1556990 1385
1557000 1385
1557010 1392
1557020 1398
1557030 1405
1557040 1405
1557050 1411
1557060 1417
1557070 1417
1557080 1425
1557090 1432
1557100 1432
1557110 1437
1557120 1442
1557130 1442
1557140 1448
1557150 1457
1557160 1457
1557170 1465
1557180 1473
1557190 1473
1557200 1479
1557210 1487
1557220 1487
1557230 1494
1557240 1501
1557250 1501
1557260 1509
1557270 1516
1557280 1516
1557290 1523
1557300 1530
1557310 1537
1557320 1537
1557330 1545
1557340 1557
1557350 1557
1557360 1567
1557370 1576
1557380 1576
1557390 1584
1557400 1593
1557410 1593
1557420 1604
1557430 1611
1557440 1611
1557450 1623
1557460 1632
1557470 1632
1557480 1640
1557490 1648
1557500 1648
1557510 1656
1557520 1664
1557530 1664
1557540 1672
1557550 1679
1557560 1679
1557570 1687
1557580 1694
1557590 1701
1557600 1701
1557610 1707
1557620 1714
1557630 1714
1557640 1721
1557650 1729
1557660 1729
1557670 1736
1557680 1744
1557690 1744
1557700 1752
1557710 1759
1557720 1759
1557730 1767
1557740 1775
1557750 1775
1557760 1782
1557770 1788
1557780 1788
1557790 1797
1557800 1805
1557810 1805
1557820 1813
1557830 1818
1557840 1818
1557850 1818
1557860 1821
1557870 1823
1557880 1823
1557890 1821
1557900 1817
1557910 1817
1557920 1814
1557930 1812
1557940 1812
1557950 1812
1557960 1810
1557970 1810
1557980 1807
1557990 1804
1558000 1804
1558010 1801
1558020 1793
1558030 1793
1558040 1789
1558050 1785
1558060 1785
1558070 1782
1558080 1778
1558090 1778
1558100 1774
1558110 1771
1558120 1771
1558130 1768
1558140 1766
1558150 1763
1558160 1763
1558170 1761
1558180 1759
1558190 1759
1558200 1757
1558210 1755
1558220 1755
1558230 1753
1558240 1751
1558250 1751
1558260 1749
1558270 1746
1558280 1746
1558290 1743
1558300 1739
1558310 1739
1558320 1736
1558330 1733
1558340 1733
1558350 1729
1558360 1725
1558370 1725
1558380 1721
1558390 1716
1558400 1716
1558410 1710
1558420 1706
1558430 1706
1558440 1701
1558450 1697
1558460 1693
1558470 1693
1558480 1690
1558490 1686
1558500 1686
1558510 1682
1558520 1679
1558530 1679
1558540 1676
1558550 1673
1558560 1673
1558570 1670
1558580 1667
1558590 1667
1558600 1664
1558610 1663
1558620 1663
1558630 1660
1558640 1658
1558650 1658
1558660 1656
1558670 1654
1558680 1654
1558690 1651
1558700 1648
1558710 1648
1558720 1645
1558730 1642
1558740 1640
1558750 1640
1558760 1638
1558770 1635
1558780 1635
1558790 1634
1558800 1632
1558810 1632
1558820 1630
1558830 1625
1558840 1625
1558850 1619
1558860 1614
1558870 1614
1558880 1609
1558890 1603
1558900 1603
1558910 1597
1558920 1590
1558930 1590
1558940 1582
1558950 1574
1558960 1574
1558970 1566
1558980 1558
1558990 1558
1559000 1549
1559010 1541
1559020 1531
1559030 1531
1559040 1521
1559050 1513
1559060 1513
1559070 1505
1559080 1496
1559090 1496
1559100 1489
1559110 1480
1559120 1480
1559130 1468
1559140 1456
1559150 1456
1559160 1447
1559170 1438
1559180 1438
1559190 1430
1559200 1420
1559210 1420
1559220 1410
1559230 1400
1559240 1400
1559250 1392
1559260 1384
1559270 1384
1559280 1377
1559290 1371
1559300 1365
1559310 1365
1559320 1358
1559330 1352
1559340 1352
1559350 1346
1559360 1340
1559370 1340
1559380 1333
1559390 1327
1559400 1327
1559410 1323
1559420 1317
1559430 1317
1559440 1312
1559450 1307
1559460 1307
1559470 1300
1559480 1293
1559490 1293
1559500 1285
1559510 1281
1559520 1281
1559530 1277
1559540 1273
1559550 1273
1559560 1269
1559570 1263
1559580 1258
1559590 1258
1559600 1253
1559610 1248
1559620 1248
1559630 1242
1559640 1237
1559650 1237
1559660 1233
1559670 1229
1559680 1229
1559690 1224
1559700 1218
1559710 1218
1559720 1212
1559730 1204
1559740 1204
1559750 1199
1559760 1193
1559770 1193
1559780 1188
1559790 1183
1559800 1183
1559810 1178
1559820 1172
1559830 1172
1559840 1166
1559850 1161
1559860 1156
1559870 1156
1559880 1151
1559890 1146
1559900 1146
1559910 1141
1559920 1136
1559930 1136
1559940 1131
1559950 1127
1559960 1127
1559970 1122
1559980 1116
1559990 1116
