1540000 1600
1540010 1600
1540020 1602
1540030 1603
1540040 1603
1540050 1604
1540060 1606
1540070 1606
1540080 1609
1540090 1613
1540100 1613
1540110 1615
1540120 1616
1540130 1616
1540140 1616
1540150 1618
1540160 1618
1540170 1622
1540180 1631
1540190 1631
1540200 1642
1540210 1650
1540220 1650
1540230 1656
1540240 1663
1540250 1670
1540260 1670
1540270 1676
1540280 1683
1540290 1683
1540300 1690
1540310 1697
1540320 1697
1540330 1704
1540340 1712
1540350 1712
1540360 1720
1540370 1727
1540380 1727
1540390 1735
1540400 1742
1540410 1742
1540420 1750
1540430 1758
1540440 1758
1540450 1765
1540460 1773
1540470 1773
1540480 1781
1540490 1788
1540500 1788
1540510 1795
1540520 1799
1540530 1803
1540540 1803
1540550 1807
1540560 1811
1540570 1811
1540580 1818
1540590 1821
1540600 1821
1540610 1821
1540620 1821
1540630 1821
1540640 1823
1540650 1825
1540660 1825
1540670 1826
1540680 1827
1540690 1827
1540700 1827
1540710 1829
1540720 1829
1540730 1830
1540740 1832
1540750 1832
1540760 1834
1540770 1832
1540780 1832
1540790 1829
1540800 1829
1540810 1829
1540820 1829
1540830 1827
1540840 1822
1540850 1822
1540860 1817
1540870 1812
1540880 1812
1540890 1807
1540900 1802
1540910 1802
1540920 1796
1540930 1790
1540940 1790
1540950 1785
1540960 1783
1540970 1783
1540980 1782
1540990 1780
1541000 1780
1541010 1779
1541020 1778
1541030 1778
1541040 1778
1541050 1778
1541060 1778
1541070 1774
1541080 1771
1541090 1771
1541100 1762
1541110 1760
1541120 1756
1541130 1756
1541140 1752
1541150 1749
1541160 1749
1541170 1744
1541180 1740
1541190 1740
1541200 1739
1541210 1738
1541220 1738
1541230 1736
1541240 1736
1541250 1736
1541260 1731
1541270 1732
1541280 1732
1541290 1735
1541300 1739
1541310 1739
1541320 1743
1541330 1746
1541340 1746
1541350 1748
1541360 1750
1541370 1750
1541380 1750
1541390 1750
1541400 1751
1541410 1751
1541420 1754
1541430 1757
1541440 1757
1541450 1761
1541460 1767
1541470 1767
1541480 1772
1541490 1777
1541500 1777
1541510 1782
1541520 1789
1541530 1789
1541540 1796
1541550 1804
1541560 1804
1541570 1814
1541580 1819
1541590 1819
1541600 1823
1541610 1827
1541620 1827
1541630 1830
1541640 1833
1541650 1833
1541660 1837
1541670 1841
1541680 1845
1541690 1845
1541700 1850
1541710 1854
1541720 1854
1541730 1859
1541740 1864
1541750 1864
1541760 1868
1541770 1870
1541780 1870
1541790 1873
1541800 1877
1541810 1877
1541820 1881
1541830 1887
1541840 1887
1541850 1892
1541860 1894
1541870 1894
1541880 1898
1541890 1903
1541900 1903
1541910 1907
1541920 1913
1541930 1913
1541940 1920
1541950 1925
1541960 1925
1541970 1928
1541980 1932
1541990 1935
1542000 1935
1542010 1937
1542020 1939
1542030 1939
1542040 1943
1542050 1946
1542060 1946
1542070 1949
1542080 1953
1542090 1953
1542100 1958
1542110 1965
1542120 1965
1542130 1972
1542140 1976
1542150 1976
1542160 1982
1542170 1990
1542180 1990
1542190 2000
1542200 2009
1542210 2009
1542220 2014
1542230 2019
1542240 2019
1542250 2014
1542260 2008
1542270 2004
1542280 2004
1542290 2000
1542300 1994
1542310 1994
1542320 1991
1542330 1984
1542340 1984
1542350 1978
1542360 1970
1542370 1970
1542380 1963
1542390 1956
1542400 1956
1542410 1948
1542420 1939
1542430 1939
1542440 1931
1542450 1922
1542460 1922
1542470 1914
1542480 1910
1542490 1910
1542500 1909
1542510 1904
1542520 1904
1542530 1897
1542540 1888
1542550 1880
1542560 1880
1542570 1872
1542580 1869
1542590 1869
1542600 1863
1542610 1856
1542620 1856
1542630 1849
1542640 1842
1542650 1842
1542660 1835
1542670 1828
1542680 1828
1542690 1823
1542700 1815
1542710 1815
1542720 1808
1542730 1802
1542740 1802
1542750 1796
1542760 1790
1542770 1790
1542780 1783
1542790 1776
1542800 1776
1542810 1766
1542820 1756
1542830 1746
1542840 1746
1542850 1738
1542860 1730
1542870 1730
1542880 1722
1542890 1713
1542900 1713
1542910 1706
1542920 1699
1542930 1699
1542940 1691
1542950 1683
1542960 1683
1542970 1678
1542980 1675
1542990 1675
1543000 1674
1543010 1672
1543020 1672
1543030 1666
1543040 1661
1543050 1661
1543060 1659
1543070 1656
1543080 1656
1543090 1653
1543100 1651
1543110 1651
1543120 1648
1543130 1645
1543140 1642
1543150 1642
1543160 1638
1543170 1635
1543180 1635
1543190 1631
1543200 1627
1543210 1627
1543220 1622
1543230 1618
1543240 1618
1543250 1614
1543260 1609
1543270 1609
1543280 1603
1543290 1598
1543300 1598
1543310 1595
1543320 1590
1543330 1590
1543340 1586
1543350 1583
1543360 1583
1543370 1579
1543380 1575
1543390 1575
1543400 1573
1543410 1570
1543420 1567
1543430 1567
1543440 1564
1543450 1562
1543460 1566
1543470 1563
1543480 1561
1543490 1561
1543500 1559
1543510 1557
1543520 1557
1543530 1555
1543540 1554
1543550 1554
1543560 1552
1543570 1549
1543580 1549
1543590 1545
1543600 1542
1543610 1542
1543620 1539
1543630 1536
1543640 1536
1543650 1532
1543660 1529
1543670 1529
1543680 1526
1543690 1523
1543700 1520
1543710 1520
1543720 1516
1543730 1512
1543740 1512
1543750 1508
1543760 1504
1543770 1504
1543780 1500
1543790 1492
1543800 1492
1543810 1485
1543820 1479
1543830 1479
1543840 1478
1543850 1480
1543860 1480
1543870 1480
1543880 1481
1543890 1481
1543900 1477
1543910 1473
1543920 1473
1543930 1471
1543940 1468
1543950 1468
1543960 1467
1543970 1465
1543980 1462
1543990 1462
1544000 1460
1544010 1458
1544020 1458
1544030 1456
1544040 1452
1544050 1452
1544060 1449
1544070 1447
1544080 1447
1544090 1444
1544100 1440
1544110 1440
1544120 1435
1544130 1430
1544140 1430
1544150 1427
1544160 1423
1544170 1423
1544180 1420
1544190 1418
1544200 1418
1544210 1414
1544220 1411
1544230 1411
1544240 1408
1544250 1405
1544260 1405
1544270 1403
1544280 1401
1544290 1399
1544300 1399
1544310 1396
1544320 1394
1544330 1394
1544340 1391
1544350 1387
1544360 1387
1544370 1383
1544380 1380
1544390 1380
1544400 1377
1544410 1374
1544420 1374
1544430 1372
1544440 1369
1544450 1369
1544460 1365
1544470 1362
1544480 1362
1544490 1357
1544500 1352
1544510 1352
1544520 1347
1544530 1341
1544540 1341
1544550 1337
1544560 1334
1544570 1332
1544580 1332
1544590 1330
1544600 1327
1544610 1327
1544620 1323
1544630 1318
1544640 1318
1544650 1310
1544660 1305
1544670 1305
1544680 1300
1544690 1296
1544700 1296
1544710 1291
1544720 1288
1544730 1288
1544740 1285
1544750 1282
1544760 1282
1544770 1280
1544780 1279
1544790 1279
1544800 1278
1544810 1278
1544820 1278
1544830 1277
1544840 1275
1544850 1276
1544860 1276
1544870 1275
1544880 1273
1544890 1273
1544900 1271
1544910 1270
1544920 1270
1544930 1270
1544940 1270
1544950 1270
1544960 1269
1544970 1270
1544980 1270
1544990 1273
1545000 1275
1545010 1275
1545020 1277
1545030 1279
1545040 1279
1545050 1282
1545060 1285
1545070 1285
1545080 1285
1545090 1287
1545100 1287
1545110 1289
1545120 1291
1545130 1291
1545140 1293
1545150 1294
1545160 1295
1545170 1295
1545180 1296
1545190 1297
1545200 1297
1545210 1298
1545220 1300
1545230 1300
1545240 1304
1545250 1310
1545260 1310
1545270 1316
1545280 1321
1545290 1321
1545300 1324
1545310 1326
1545320 1326
1545330 1327
1545340 1328
1545350 1328
1545360 1328
1545370 1328
1545380 1328
1545390 1327
1545400 1328
1545410 1328
1545420 1329
1545430 1332
1545440 1335
1545450 1335
1545460 1340
1545470 1343
1545480 1343
1545490 1347
1545500 1350
1545510 1350
1545520 1354
1545530 1357
1545540 1357
1545550 1360
1545560 1364
1545570 1364
1545580 1362
1545590 1365
1545600 1365
1545610 1367
1545620 1371
1545630 1371
1545640 1373
1545650 1374
1545660 1374
1545670 1375
1545680 1376
1545690 1376
1545700 1376
1545710 1375
1545720 1373
1545730 1373
1545740 1374
1545750 1375
1545760 1375
1545770 1375
1545780 1374
1545790 1374
1545800 1379
1545810 1383
1545820 1383
1545830 1386
1545840 1390
1545850 1390
1545860 1392
1545870 1394
1545880 1394
1545890 1396
1545900 1396
1545910 1396
1545920 1397
1545930 1399
1545940 1399
1545950 1402
1545960 1403
1545970 1403
1545980 1408
1545990 1411
1546000 1413
1546010 1413
1546020 1416
1546030 1419
1546040 1419
1546050 1422
1546060 1426
1546070 1426
1546080 1429
1546090 1433
1546100 1433
1546110 1435
1546120 1437
1546130 1437
1546140 1439
1546150 1442
1546160 1442
1546170 1445
1546180 1448
1546190 1448
1546200 1454
1546210 1459
1546220 1459
1546230 1466
1546240 1471
1546250 1471
1546260 1475
1546270 1479
1546280 1479
1546290 1483
1546300 1485
1546310 1488
1546320 1488
1546330 1491
1546340 1493
1546350 1493
1546360 1494
1546370 1496
1546380 1496
1546390 1499
1546400 1500
1546410 1500
1546420 1503
1546430 1506
1546440 1506
1546450 1509
1546460 1511
1546470 1511
1546480 1513
1546490 1516
1546500 1516
1546510 1518
1546520 1520
1546530 1520
1546540 1522
1546550 1524
1546560 1524
1546570 1527
1546580 1530
1546590 1533
1546600 1533
1546610 1536
1546620 1539
1546630 1539
1546640 1543
1546650 1548
1546660 1548
1546670 1553
1546680 1556
1546690 1556
1546700 1559
1546710 1563
1546720 1563
1546730 1568
1546740 1575
1546750 1575
1546760 1581
1546770 1586
1546780 1586
1546790 1592
1546800 1598
1546810 1598
1546820 1606
1546830 1616
1546840 1616
1546850 1626
1546860 1636
1546870 1643
1546880 1643
1546890 1649
1546900 1652
1546910 1652
1546920 1656
1546930 1665
1546940 1665
1546950 1675
1546960 1684
1546970 1684
1546980 1690
1546990 1697
1547000 1697
1547010 1707
1547020 1720
1547030 1720
1547040 1733
1547050 1740
1547060 1740
1547070 1747
1547080 1754
1547090 1754
1547100 1761
1547110 1767
1547120 1767
1547130 1774
1547140 1782
1547150 1792
1547160 1792
1547170 1808
1547180 1829
1547190 1829
1547200 1843
1547210 1847
1547220 1847
1547230 1848
1547240 1853
1547250 1853
1547260 1860
1547270 1870
1547280 1870
1547290 1878
1547300 1887
1547310 1887
1547320 1898
1547330 1907
1547340 1907
1547350 1915
1547360 1923
1547370 1923
1547380 1932
1547390 1945
1547400 1945
1547410 1955
1547420 1964
1547430 1964
1547440 1971
1547450 1980
1547460 1987
1547470 1987
1547480 1994
1547490 2001
1547500 2001
1547510 2010
1547520 2017
1547530 2017
1547540 2021
1547550 2025
1547560 2025
1547570 2027
1547580 2026
1547590 2026
1547600 2022
1547610 2017
1547620 2017
1547630 2012
1547640 2007
1547650 2007
1547660 2002
1547670 1998
1547680 1998
1547690 1993
1547700 1989
1547710 1989
1547720 1985
1547730 1981
1547740 1977
1547750 1977
1547760 1973
1547770 1969
1547780 1969
1547790 1964
1547800 1959
1547810 1959
1547820 1955
1547830 1950
1547840 1950
1547850 1945
1547860 1939
1547870 1939
1547880 1933
1547890 1927
1547900 1927
1547910 1920
1547920 1913
1547930 1913
1547940 1906
1547950 1900
1547960 1900
1547970 1894
1547980 1887
1547990 1887
1548000 1881
1548010 1875
1548020 1869
1548030 1869
1548040 1862
1548050 1856
1548060 1856
1548070 1851
1548080 1848
1548090 1848
1548100 1839
1548110 1829
1548120 1829
1548130 1819
1548140 1811
1548150 1811
1548160 1804
1548170 1798
1548180 1798
1548190 1791
1548200 1782
1548210 1782
1548220 1773
1548230 1766
1548240 1766
1548250 1761
1548260 1757
1548270 1757
1548280 1752
1548290 1748
1548300 1748
1548310 1745
1548320 1743
1548330 1740
1548340 1740
1548350 1737
1548360 1732
1548370 1732
1548380 1722
1548390 1714
1548400 1714
1548410 1712
1548420 1710
1548430 1710
1548440 1705
1548450 1700
1548460 1700
1548470 1694
1548480 1689
1548490 1689
1548500 1685
1548510 1680
1548520 1680
1548530 1674
1548540 1667
1548550 1667
1548560 1659
1548570 1653
1548580 1653
1548590 1645
1548600 1638
1548610 1633
1548620 1633
1548630 1626
1548640 1619
1548650 1619
1548660 1614
1548670 1610
1548680 1610
1548690 1605
1548700 1601
1548710 1601
1548720 1596
1548730 1593
1548740 1593
1548750 1587
1548760 1584
1548770 1584
1548780 1583
1548790 1581
1548800 1581
1548810 1579
1548820 1576
1548830 1576
1548840 1571
1548850 1565
1548860 1565
1548870 1561
1548880 1559
1548890 1557
1548900 1557
1548910 1554
1548920 1551
1548930 1551
1548940 1550
1548950 1548
1548960 1548
1548970 1545
1548980 1539
1548990 1539
1549000 1536
1549010 1534
1549020 1534
1549030 1534
1549040 1533
1549050 1533
1549060 1531
1549070 1530
1549080 1530
1549090 1530
1549100 1530
1549110 1530
1549120 1530
1549130 1530
1549140 1530
1549150 1531
1549160 1530
1549170 1529
1549180 1529
1549190 1528
1549200 1526
1549210 1526
1549220 1523
1549230 1521
1549240 1521
1549250 1517
1549260 1512
1549270 1512
1549280 1506
1549290 1498
1549300 1498
1549310 1490
1549320 1481
1549330 1481
1549340 1473
1549350 1464
1549360 1464
1549370 1459
1549380 1449
1549390 1449
1549400 1436
1549410 1423
1549420 1423
1549430 1413
1549440 1405
1549450 1405
1549460 1393
1549470 1375
1549480 1368
1549490 1368
1549500 1361
1549510 1353
1549520 1353
1549530 1344
1549540 1336
1549550 1336
1549560 1327
1549570 1321
1549580 1321
1549590 1315
1549600 1311
1549610 1311
1549620 1306
1549630 1301
1549640 1307
1549650 1302
1549660 1300
1549670 1300
1549680 1293
1549690 1286
1549700 1286
1549710 1280
1549720 1274
1549730 1274
1549740 1269
1549750 1263
1549760 1258
1549770 1258
1549780 1252
1549790 1247
1549800 1247
1549810 1242
1549820 1236
1549830 1236
1549840 1231
1549850 1225
1549860 1225
1549870 1220
1549880 1213
1549890 1213
1549900 1210
1549910 1203
1549920 1203
1549930 1197
1549940 1192
1549950 1192
1549960 1188
1549970 1183
1549980 1183
1549990 1177
1550000 1172
1550010 1172
1550020 1166
1550030 1160
1550040 1154
1550050 1154
1550060 1148
1550070 1142
1550080 1142
1550090 1136
1550100 1131
1550110 1131
1550120 1125
1550130 1120
1550140 1120
1550150 1115
1550160 1109
1550170 1109
1550180 1105
1550190 1101
1550200 1101
1550210 1098
1550220 1094
1550230 1094
1550240 1089
1550250 1084
1550260 1084
1550270 1080
1550280 1076
1550290 1076
1550300 1071
1550310 1066
1550320 1061
1550330 1061
1550340 1056
1550350 1052
1550360 1052
1550370 1047
1550380 1043
1550390 1043
1550400 1039
1550410 1035
1550420 1035
1550430 1032
1550440 1028
1550450 1028
1550460 1025
1550470 1021
1550480 1021
1550490 1018
1550500 1014
1550510 1014
1550520 1011
1550530 1008
1550540 1008
1550550 1005
1550560 1003
1550570 1003
1550580 1001
1550590 999
1550600 999
1550610 997
1550620 993
1550630 989
1550640 989
1550650 984
1550660 981
1550670 981
1550680 979
1550690 975
1550700 975
1550710 971
1550720 967
1550730 967
1550740 962
1550750 958
1550760 958
1550770 955
1550780 953
1550790 953
1550800 949
1550810 945
1550820 945
1550830 942
1550840 940
1550850 940
1550860 937
1550870 934
1550880 934
1550890 931
1550900 929
1550910 927
1550920 927
1550930 925
1550940 922
1550950 922
1550960 920
1550970 919
1550980 919
1550990 917
1551000 915
1551010 915
1551020 915
1551030 917
1551040 917
1551050 916
1551060 917
1551070 917
1551080 917
1551090 917
1551100 917
1551110 916
1551120 916
1551130 916
1551140 917
1551150 917
1551160 917
1551170 920
1551180 924
1551190 929
1551200 929
1551210 932
1551220 936
1551230 936
1551240 940
1551250 943
1551260 943
1551270 946
1551280 949
1551290 949
1551300 951
1551310 953
1551320 953
1551330 956
1551340 958
1551350 958
1551360 961
1551370 964
1551380 964
1551390 967
1551400 970
1551410 970
1551420 973
1551430 977
1551440 977
1551450 983
1551460 986
1551470 988
1551480 988
1551490 990
1551500 993
1551510 993
1551520 994
1551530 996
1551540 996
1551550 998
1551560 1002
1551570 1001
1551580 1006
1551590 1012
1551600 1012
1551610 1017
1551620 1023
1551630 1023
1551640 1031
1551650 1035
1551660 1035
1551670 1042
1551680 1047
1551690 1047
1551700 1052
1551710 1057
1551720 1057
1551730 1063
1551740 1069
1551750 1069
1551760 1075
1551770 1079
1551780 1083
1551790 1083
1551800 1088
1551810 1094
1551820 1094
1551830 1098
1551840 1101
1551850 1101
1551860 1105
1551870 1110
1551880 1110
1551890 1116
1551900 1123
1551910 1123
1551920 1130
1551930 1137
1551940 1137
1551950 1145
1551960 1152
1551970 1152
1551980 1158
1551990 1165
1552000 1165
1552010 1172
1552020 1178
1552030 1178
1552040 1183
1552050 1189
1552060 1196
1552070 1196
1552080 1202
1552090 1208
1552100 1208
1552110 1216
1552120 1224
1552130 1224
1552140 1231
1552150 1237
1552160 1237
1552170 1246
1552180 1252
1552190 1252
1552200 1261
1552210 1269
1552220 1269
1552230 1277
1552240 1284
1552250 1284
1552260 1291
1552270 1298
1552280 1298
1552290 1306
1552300 1314
1552310 1314
1552320 1325
1552330 1335
1552340 1343
1552350 1343
1552360 1352
1552370 1361
1552380 1361
1552390 1372
1552400 1383
1552410 1383
1552420 1392
1552430 1402
1552440 1402
1552450 1406
1552460 1415
1552470 1415
1552480 1425
1552490 1434
1552500 1434
1552510 1443
1552520 1446
1552530 1446
1552540 1449
1552550 1454
1552560 1454
1552570 1458
1552580 1462
1552590 1462
1552600 1465
1552610 1468
1552620 1468
1552630 1468
1552640 1468
1552650 1469
1552660 1469
1552670 1472
1552680 1476
1552690 1476
1552700 1479
1552710 1484
1552720 1484
1552730 1490
1552740 1496
1552750 1496
1552760 1502
1552770 1508
1552780 1508
1552790 1514
1552800 1520
1552810 1520
1552820 1526
1552830 1532
1552840 1532
1552850 1539
1552860 1545
1552870 1545
1552880 1552
1552890 1558
1552900 1558
1552910 1563
1552920 1567
1552930 1572
1552940 1572
1552950 1577
1552960 1581
1552970 1581
1552980 1583
1552990 1585
1553000 1585
1553010 1587
1553020 1587
1553030 1587
1553040 1588
1553050 1589
1553060 1589
1553070 1590
1553080 1592
1553090 1592
1553100 1595
1553110 1600
1553120 1600
1553130 1606
1553140 1611
1553150 1611
1553160 1616
1553170 1621
1553180 1621
1553190 1627
1553200 1632
1553210 1638
1553220 1638
1553230 1644
1553240 1649
1553250 1649
1553260 1655
1553270 1659
1553280 1659
1553290 1663
1553300 1667
1553310 1667
1553320 1670
1553330 1673
1553340 1673
1553350 1678
1553360 1682
1553370 1682
1553380 1686
1553390 1691
1553400 1691
1553410 1696
1553420 1702
1553430 1702
1553440 1710
1553450 1719
1553460 1719
1553470 1725
1553480 1733
1553490 1741
1553500 1741
1553510 1749
1553520 1756
1553530 1756
1553540 1763
1553550 1771
1553560 1771
1553570 1779
1553580 1787
1553590 1787
1553600 1795
1553610 1804
1553620 1804
1553630 1813
1553640 1820
1553650 1820
1553660 1824
1553670 1830
1553680 1830
1553690 1838
1553700 1846
1553710 1846
1553720 1854
1553730 1862
1553740 1862
1553750 1868
1553760 1875
1553770 1881
1553780 1881
1553790 1885
1553800 1890
1553810 1890
1553820 1897
1553830 1903
1553840 1903
1553850 1910
1553860 1918
1553870 1918
1553880 1925
1553890 1931
1553900 1931
1553910 1939
1553920 1946
1553930 1946
1553940 1955
1553950 1962
1553960 1962
1553970 1969
1553980 1976
1553990 1976
1554000 1985
1554010 1993
1554020 1993
1554030 1996
1554040 1997
1554050 1997
1554060 1997
1554070 1994
1554080 1990
1554090 1990
1554100 1987
1554110 1988
1554120 1988
1554130 1992
1554140 2000
1554150 2000
1554160 2006
1554170 2004
1554180 2004
1554190 1999
1554200 1992
1554210 1992
1554220 1983
1554230 1975
1554240 1975
1554250 1969
1554260 1963
1554270 1963
1554280 1959
1554290 1954
1554300 1954
1554310 1950
1554320 1945
1554330 1945
1554340 1938
1554350 1933
1554360 1928
1554370 1928
1554380 1922
1554390 1917
1554400 1917
1554410 1912
1554420 1907
1554430 1907
1554440 1902
1554450 1896
1554460 1896
1554470 1892
1554480 1888
1554490 1888
1554500 1884
1554510 1882
1554520 1882
1554530 1878
1554540 1873
1554550 1873
1554560 1870
1554570 1869
1554580 1869
1554590 1867
1554600 1864
1554610 1864
1554620 1863
1554630 1860
1554640 1858
1554650 1858
1554660 1856
1554670 1855
1554680 1855
1554690 1853
1554700 1850
1554710 1850
1554720 1848
1554730 1847
1554740 1847
1554750 1846
1554760 1842
1554770 1842
1554780 1837
1554790 1834
1554800 1834
1554810 1833
1554820 1832
1554830 1832
1554840 1828
1554850 1827
1554860 1827
1554870 1826
1554880 1826
1554890 1826
1554900 1825
1554910 1825
1554920 1824
1554930 1824
1554940 1824
1554950 1823
1554960 1823
1554970 1822
1554980 1820
1554990 1820
1555000 1819
1555010 1818
1555020 1818
1555030 1816
1555040 1815
1555050 1815
1555060 1813
1555070 1812
1555080 1812
1555090 1811
1555100 1809
1555110 1809
1555120 1807
1555130 1805
1555140 1805
1555150 1802
1555160 1799
1555170 1799
1555180 1796
1555190 1794
1555200 1794
1555210 1791
1555220 1788
1555230 1785
1555240 1785
1555250 1782
1555260 1779
1555270 1779
1555280 1771
1555290 1768
1555300 1768
1555310 1765
1555320 1761
1555330 1761
1555340 1758
1555350 1754
1555360 1754
1555370 1750
1555380 1747
1555390 1747
1555400 1743
1555410 1738
1555420 1738
1555430 1733
1555440 1730
1555450 1730
1555460 1727
1555470 1722
1555480 1722
1555490 1718
1555500 1714
1555510 1708
1555520 1708
1555530 1703
1555540 1698
1555550 1698
1555560 1693
1555570 1686
1555580 1686
1555590 1679
1555600 1673
1555610 1673
1555620 1668
1555630 1665
1555640 1665
1555650 1662
1555660 1658
1555670 1658
1555680 1655
1555690 1652
1555700 1652
1555710 1646
1555720 1641
1555730 1641
1555740 1635
1555750 1629
1555760 1629
1555770 1623
1555780 1616
1555790 1608
1555800 1608
1555810 1600
1555820 1591
1555830 1591
1555840 1582
1555850 1573
1555860 1573
1555870 1565
1555880 1557
1555890 1557
1555900 1552
1555910 1546
1555920 1546
1555930 1541
1555940 1536
1555950 1536
1555960 1530
1555970 1525
1555980 1525
1555990 1519
1556000 1514
1556010 1514
1556020 1509
1556030 1503
1556040 1503
1556050 1497
1556060 1491
1556070 1491
1556080 1484
1556090 1478
1556100 1471
1556110 1471
1556120 1464
1556130 1457
1556140 1457
1556150 1448
1556160 1440
1556170 1440
1556180 1432
1556190 1423
1556200 1423
1556210 1415
1556220 1409
1556230 1409
1556240 1404
1556250 1397
1556260 1397
1556270 1388
1556280 1376
1556290 1376
1556300 1365
1556310 1354
1556320 1354
1556330 1346
1556340 1337
1556350 1337
1556360 1329
1556370 1320
1556380 1312
1556390 1312
1556400 1305
1556410 1297
1556420 1297
1556430 1290
1556440 1283
1556450 1283
1556460 1275
1556470 1269
1556480 1269
1556490 1263
1556500 1257
1556510 1257
1556520 1253
1556530 1250
1556540 1250
1556550 1248
1556560 1243
1556570 1243
1556580 1237
1556590 1231
1556600 1231
1556610 1226
1556620 1219
1556630 1219
1556640 1213
1556650 1207
1556660 1201
1556670 1201
1556680 1194
1556690 1186
1556700 1186
1556710 1180
1556720 1177
1556730 1177
1556740 1173
1556750 1170
1556760 1170
1556770 1166
1556780 1163
1556790 1163
1556800 1155
1556810 1147
1556820 1147
1556830 1144
1556840 1150
1556850 1150
1556860 1157
1556870 1164
1556880 1164
1556890 1171
1556900 1179
1556910 1179
1556920 1182
1556930 1181
1556940 1184
1556950 1184
1556960 1188
1556970 1193
1556980 1193
1556990 1199
1557000 1205
1557010 1205
1557020 1213
1557030 1218
1557040 1218
1557050 1225
1557060 1229
1557070 1229
1557080 1235
1557090 1241
1557100 1241
1557110 1248
1557120 1256
1557130 1256
1557140 1262
1557150 1270
1557160 1270
1557170 1277
1557180 1284
1557190 1284
1557200 1291
1557210 1299
1557220 1299
1557230 1307
1557240 1313
1557250 1320
1557260 1320
1557270 1326
1557280 1331
1557290 1331
1557300 1335
1557310 1339
1557320 1339
1557330 1342
1557340 1345
1557350 1345
1557360 1346
1557370 1347
1557380 1347
1557390 1347
1557400 1346
1557410 1346
1557420 1344
1557430 1342
1557440 1342
1557450 1340
1557460 1338
1557470 1338
1557480 1335
1557490 1332
1557500 1332
1557510 1331
1557520 1328
1557530 1325
1557540 1325
1557550 1322
1557560 1319
1557570 1319
1557580 1316
1557590 1314
1557600 1314
1557610 1312
1557620 1310
1557630 1310
1557640 1309
1557650 1307
1557660 1307
1557670 1305
1557680 1303
1557690 1303
1557700 1302
1557710 1302
1557720 1302
1557730 1300
1557740 1299
1557750 1299
1557760 1298
1557770 1297
1557780 1297
1557790 1297
1557800 1296
1557810 1295
1557820 1295
1557830 1293
1557840 1291
1557850 1291
1557860 1290
1557870 1288
1557880 1288
1557890 1286
1557900 1285
1557910 1285
1557920 1283
1557930 1282
1557940 1282
1557950 1280
1557960 1279
1557970 1279
1557980 1277
1557990 1274
1558000 1274
1558010 1272
1558020 1269
1558030 1269
1558040 1266
1558050 1263
1558060 1263
1558070 1260
1558080 1258
1558090 1255
1558100 1255
1558110 1251
1558120 1247
1558130 1247
1558140 1244
1558150 1241
1558160 1241
1558170 1240
1558180 1240
1558190 1240
1558200 1240
1558210 1239
1558220 1239
1558230 1238
1558240 1238
1558250 1238
1558260 1236
1558270 1235
1558280 1235
1558290 1233
1558300 1232
1558310 1232
1558320 1231
1558330 1230
1558340 1230
1558350 1229
1558360 1229
1558370 1229
1558380 1227
1558390 1226
1558400 1225
1558410 1225
1558420 1223
1558430 1220
1558440 1220
1558450 1218
1558460 1216
1558470 1216
1558480 1215
1558490 1213
1558500 1213
1558510 1212
1558520 1210
1558530 1210
1558540 1208
1558550 1206
1558560 1206
1558570 1204
1558580 1202
1558590 1202
1558600 1201
1558610 1198
1558620 1198
1558630 1195
1558640 1194
1558650 1194
1558660 1192
1558670 1189
1558680 1186
1558690 1186
1558700 1184
1558710 1183
1558720 1183
1558730 1181
1558740 1180
1558750 1180
1558760 1178
1558770 1175
1558780 1175
1558790 1172
1558800 1163
1558810 1163
1558820 1161
1558830 1160
1558840 1160
1558850 1158
1558860 1156
1558870 1156
1558880 1153
1558890 1151
1558900 1151
1558910 1149
1558920 1147
1558930 1147
1558940 1145
1558950 1143
1558960 1140
1558970 1140
1558980 1137
1558990 1134
1559000 1134
1559010 1131
1559020 1128
1559030 1128
1559040 1125
1559050 1123
1559060 1123
1559070 1121
1559080 1118
1559090 1118
1559100 1115
1559110 1113
1559120 1113
1559130 1110
1559140 1107
1559150 1107
1559160 1103
1559170 1097
1559180 1097
1559190 1091
1559200 1085
1559210 1085
1559220 1079
1559230 1073
1559240 1070
1559250 1070
1559260 1069
1559270 1067
1559280 1067
1559290 1062
1559300 1058
1559310 1058
1559320 1054
1559330 1050
1559340 1050
1559350 1045
1559360 1047
1559370 1047
1559380 1049
1559390 1047
1559400 1047
1559410 1046
1559420 1043
1559430 1043
1559440 1035
1559450 1026
1559460 1026
1559470 1016
1559480 1007
1559490 1007
1559500 998
1559510 992
1559520 992
1559530 989
1559540 987
1559550 985
1559560 985
1559570 984
1559580 984
1559590 984
1559600 983
1559610 977
1559620 977
1559630 971
1559640 964
1559650 964
1559660 956
1559670 949
1559680 949
1559690 944
1559700 943
1559710 943
1559720 942
1559730 940
1559740 940
1559750 940
1559760 942
1559770 942
1559780 944
1559790 945
1559800 945
1559810 947
1559820 950
1559830 952
1559840 952
1559850 954
1559860 956
1559870 956
1559880 957
1559890 958
1559900 958
1559910 959
1559920 960
1559930 960
1559940 961
1559950 962
1559960 962
1559970 963
1559980 964
1559990 964
