1540000 1650
1540010 1650
1540020 1656
1540030 1659
1540040 1659
1540050 1662
1540060 1665
1540070 1665
1540080 1668
1540090 1670
1540100 1670
1540110 1672
1540120 1674
1540130 1674
1540140 1677
1540150 1680
1540160 1680
1540170 1682
1540180 1684
1540190 1686
1540200 1686
1540210 1688
1540220 1689
1540230 1689
1540240 1688
1540250 1686
1540260 1686
1540270 1690
1540280 1696
1540290 1696
1540300 1703
1540310 1709
1540320 1709
1540330 1713
1540340 1718
1540350 1718
1540360 1725
1540370 1733
1540380 1733
1540390 1740
1540400 1748
1540410 1748
1540420 1755
1540430 1763
1540440 1763
1540450 1771
1540460 1778
1540470 1778
1540480 1786
1540490 1794
1540500 1801
1540510 1801
1540520 1808
1540530 1816
1540540 1816
1540550 1823
1540560 1830
1540570 1830
1540580 1840
1540590 1851
1540600 1851
1540610 1859
1540620 1867
1540630 1867
1540640 1870
1540650 1872
1540660 1872
1540670 1874
1540680 1877
1540690 1877
1540700 1877
1540710 1879
1540720 1879
1540730 1882
1540740 1885
1540750 1885
1540760 1887
1540770 1886
1540780 1884
1540790 1884
1540800 1886
1540810 1886
1540820 1886
1540830 1882
1540840 1877
1540850 1877
1540860 1873
1540870 1870
1540880 1870
1540890 1867
1540900 1866
1540910 1866
1540920 1863
1540930 1860
1540940 1860
1540950 1859
1540960 1861
1540970 1861
1540980 1861
1540990 1862
1541000 1862
1541010 1865
1541020 1865
1541030 1865
1541040 1864
1541050 1864
1541060 1856
1541070 1856
1541080 1848
1541090 1842
1541100 1842
1541110 1835
1541120 1829
1541130 1829
1541140 1821
1541150 1814
1541160 1814
1541170 1808
1541180 1802
1541190 1802
1541200 1798
1541210 1794
1541220 1794
1541230 1791
1541240 1789
1541250 1789
1541260 1786
1541270 1783
1541280 1783
1541290 1779
1541300 1775
1541310 1775
1541320 1774
1541330 1775
1541340 1777
1541350 1777
1541360 1780
1541370 1781
1541380 1781
1541390 1783
1541400 1783
1541410 1783
1541420 1784
1541430 1786
1541440 1786
1541450 1789
1541460 1791
1541470 1791
1541480 1795
1541490 1800
1541500 1800
1541510 1806
1541520 1811
1541530 1811
1541540 1816
1541550 1822
1541560 1822
1541570 1827
1541580 1834
1541590 1834
1541600 1844
1541610 1852
1541620 1852
1541630 1860
1541640 1869
1541650 1877
1541660 1877
1541670 1882
1541680 1887
1541690 1887
1541700 1892
1541710 1895
1541720 1895
1541730 1897
1541740 1900
1541750 1900
1541760 1902
1541770 1905
1541780 1905
1541790 1910
1541800 1915
1541810 1915
1541820 1919
1541830 1923
1541840 1923
1541850 1926
1541860 1929
1541870 1929
1541880 1933
1541890 1936
1541900 1936
1541910 1938
1541920 1940
1541930 1943
1541940 1943
1541950 1945
1541960 1948
1541970 1948
1541980 1950
1541990 1954
1542000 1954
1542010 1955
1542020 1954
1542030 1954
1542040 1951
1542050 1953
1542060 1953
1542070 1957
1542080 1963
1542090 1963
1542100 1971
1542110 1979
1542120 1979
1542130 1987
1542140 1993
1542150 1993
1542160 1998
1542170 1997
1542180 1997
1542190 1990
1542200 1984
1542210 1979
1542220 1979
1542230 1973
1542240 1967
1542250 1967
1542260 1961
1542270 1955
1542280 1955
1542290 1949
1542300 1942
1542310 1942
1542320 1936
1542330 1930
1542340 1930
1542350 1924
1542360 1918
1542370 1918
1542380 1911
1542390 1905
1542400 1905
1542410 1899
1542420 1894
1542430 1894
1542440 1889
1542450 1884
1542460 1884
1542470 1880
1542480 1876
1542490 1871
1542500 1871
1542510 1866
1542520 1862
1542530 1862
1542540 1856
1542550 1849
1542560 1849
1542570 1844
1542580 1837
1542590 1837
1542600 1829
1542610 1821
1542620 1821
1542630 1813
1542640 1805
1542650 1805
1542660 1796
1542670 1788
1542680 1788
1542690 1781
1542700 1772
1542710 1772
1542720 1764
1542730 1756
1542740 1756
1542750 1745
1542760 1737
1542770 1737
1542780 1729
1542790 1721
1542800 1714
1542810 1714
1542820 1707
1542830 1701
1542840 1701
1542850 1696
1542860 1693
1542870 1693
1542880 1684
1542890 1673
1542900 1673
1542910 1664
1542920 1659
1542930 1659
1542940 1655
1542950 1649
1542960 1649
1542970 1642
1542980 1633
1542990 1633
1543000 1626
1543010 1619
1543020 1619
1543030 1614
1543040 1610
1543050 1610
1543060 1607
1543070 1603
1543080 1599
1543090 1599
1543100 1595
1543110 1595
1543120 1595
1543130 1595
1543140 1592
1543150 1592
1543160 1589
1543170 1587
1543180 1587
1543190 1586
1543200 1584
1543210 1584
1543220 1580
1543230 1578
1543240 1578
1543250 1575
1543260 1572
1543270 1572
1543280 1569
1543290 1566
1543300 1566
1543310 1562
1543320 1559
1543330 1559
1543340 1557
1543350 1554
1543360 1552
1543370 1552
1543380 1550
1543390 1547
1543400 1547
1543410 1545
1543420 1542
1543430 1542
1543440 1539
1543450 1537
1543460 1537
1543470 1534
1543480 1531
1543490 1531
1543500 1527
1543510 1525
1543520 1525
1543530 1525
1543540 1526
1543550 1526
1543560 1526
1543570 1525
1543580 1525
1543590 1523
1543600 1521
1543610 1521
1543620 1519
1543630 1516
1543640 1513
1543650 1513
1543660 1510
1543670 1507
1543680 1507
1543690 1505
1543700 1502
1543710 1502
1543720 1500
1543730 1496
1543740 1496
1543750 1492
1543760 1488
1543770 1490
1543780 1486
1543790 1482
1543800 1482
1543810 1478
1543820 1475
1543830 1475
1543840 1471
1543850 1467
1543860 1467
1543870 1463
1543880 1460
1543890 1460
1543900 1456
1543910 1448
1543920 1440
1543930 1440
1543940 1431
1543950 1424
1543960 1424
1543970 1418
1543980 1413
1543990 1413
1544000 1408
1544010 1408
1544020 1408
1544030 1407
1544040 1407
1544050 1407
1544060 1406
1544070 1404
1544080 1404
1544090 1405
1544100 1407
1544110 1407
1544120 1405
1544130 1402
1544140 1402
1544150 1398
1544160 1393
1544170 1393
1544180 1389
1544190 1386
1544200 1386
1544210 1385
1544220 1382
1544230 1378
1544240 1378
1544250 1374
1544260 1370
1544270 1370
1544280 1366
1544290 1361
1544300 1361
1544310 1357
1544320 1354
1544330 1354
1544340 1351
1544350 1349
1544360 1349
1544370 1347
1544380 1344
1544390 1344
1544400 1340
1544410 1337
1544420 1337
1544430 1337
1544440 1337
1544450 1337
1544460 1335
1544470 1334
1544480 1334
1544490 1332
1544500 1330
1544510 1327
1544520 1327
1544530 1324
1544540 1321
1544550 1321
1544560 1316
1544570 1311
1544580 1311
1544590 1306
1544600 1300
1544610 1300
1544620 1294
1544630 1289
1544640 1289
1544650 1287
1544660 1286
1544670 1286
1544680 1285
1544690 1285
1544700 1285
1544710 1283
1544720 1283
1544730 1283
1544740 1282
1544750 1282
1544760 1282
1544770 1281
1544780 1281
1544790 1279
1544800 1279
1544810 1276
1544820 1275
1544830 1275
1544840 1275
1544850 1279
1544860 1279
1544870 1281
1544880 1281
1544890 1281
1544900 1281
1544910 1282
1544920 1282
1544930 1284
1544940 1286
1544950 1286
1544960 1287
1544970 1286
1544980 1286
1544990 1287
1545000 1289
1545010 1289
1545020 1290
1545030 1291
1545040 1291
1545050 1293
1545060 1297
1545070 1297
1545080 1301
1545090 1306
1545100 1311
1545110 1311
1545120 1317
1545130 1322
1545140 1322
1545150 1326
1545160 1327
1545170 1327
1545180 1325
1545190 1321
1545200 1321
1545210 1324
1545220 1329
1545230 1329
1545240 1333
1545250 1336
1545260 1336
1545270 1338
1545280 1339
1545290 1339
1545300 1340
1545310 1341
1545320 1341
1545330 1342
1545340 1343
1545350 1343
1545360 1346
1545370 1349
1545380 1355
1545390 1355
1545400 1361
1545410 1366
1545420 1366
1545430 1370
1545440 1372
1545450 1372
1545460 1375
1545470 1378
1545480 1378
1545490 1381
1545500 1386
1545510 1386
1545520 1389
1545530 1392
1545540 1392
1545550 1393
1545560 1392
1545570 1392
1545580 1394
1545590 1397
1545600 1397
1545610 1400
1545620 1402
1545630 1402
1545640 1405
1545650 1409
1545660 1414
1545670 1414
1545680 1417
1545690 1420
1545700 1420
1545710 1423
1545720 1425
1545730 1425
1545740 1425
1545750 1424
1545760 1424
1545770 1423
1545780 1425
1545790 1425
1545800 1426
1545810 1428
1545820 1428
1545830 1431
1545840 1433
1545850 1433
1545860 1434
1545870 1435
1545880 1434
1545890 1435
1545900 1438
1545910 1438
1545920 1440
1545930 1443
1545940 1444
1545950 1444
1545960 1446
1545970 1448
1545980 1448
1545990 1451
1546000 1455
1546010 1455
1546020 1459
1546030 1462
1546040 1462
1546050 1466
1546060 1470
1546070 1470
1546080 1473
1546090 1477
1546100 1477
1546110 1479
1546120 1480
1546130 1480
1546140 1482
1546150 1483
1546160 1483
1546170 1486
1546180 1487
1546190 1487
1546200 1490
1546210 1493
1546220 1493
1546230 1498
1546240 1503
1546250 1508
1546260 1508
1546270 1511
1546280 1516
1546290 1516
1546300 1520
1546310 1524
1546320 1524
1546330 1529
1546340 1532
1546350 1532
1546360 1533
1546370 1534
1546380 1534
1546390 1531
1546400 1528
1546410 1528
1546420 1533
1546430 1539
1546440 1539
1546450 1546
1546460 1549
1546470 1549
1546480 1550
1546490 1551
1546500 1551
1546510 1551
1546520 1552
1546530 1555
1546540 1555
1546550 1558
1546560 1560
1546570 1560
1546580 1561
1546590 1563
1546600 1563
1546610 1566
1546620 1567
1546630 1567
1546640 1570
1546650 1574
1546660 1574
1546670 1578
1546680 1582
1546690 1582
1546700 1586
1546710 1590
1546720 1590
1546730 1594
1546740 1600
1546750 1600
1546760 1605
1546770 1610
1546780 1610
1546790 1615
1546800 1622
1546810 1628
1546820 1628
1546830 1635
1546840 1644
1546850 1644
1546860 1653
1546870 1662
1546880 1662
1546890 1670
1546900 1678
1546910 1678
1546920 1686
1546930 1700
1546940 1700
1546950 1710
1546960 1717
1546970 1717
1546980 1726
1546990 1735
1547000 1735
1547010 1742
1547020 1750
1547030 1750
1547040 1758
1547050 1765
1547060 1765
1547070 1771
1547080 1776
1547090 1783
1547100 1783
1547110 1789
1547120 1795
1547130 1795
1547140 1802
1547150 1808
1547160 1808
1547170 1816
1547180 1824
1547190 1824
1547200 1832
1547210 1839
1547220 1839
1547230 1847
1547240 1854
1547250 1854
1547260 1863
1547270 1872
1547280 1872
1547290 1880
1547300 1887
1547310 1887
1547320 1894
1547330 1903
1547340 1903
1547350 1910
1547360 1917
1547370 1917
1547380 1928
1547390 1944
1547400 1953
1547410 1953
1547420 1961
1547430 1970
1547440 1970
1547450 1980
1547460 1991
1547470 1991
1547480 1999
1547490 2009
1547500 2009
1547510 2019
1547520 2029
1547530 2029
1547540 2032
1547550 2029
1547560 2029
1547570 2025
1547580 2021
1547590 2021
1547600 2017
1547610 2012
1547620 2012
1547630 2005
1547640 1999
1547650 1999
1547660 1992
1547670 1984
1547680 1977
1547690 1977
1547700 1971
1547710 1966
1547720 1966
1547730 1961
1547740 1954
1547750 1954
1547760 1947
1547770 1938
1547780 1938
1547790 1930
1547800 1922
1547810 1922
1547820 1915
1547830 1909
1547840 1909
1547850 1902
1547860 1894
1547870 1894
1547880 1885
1547890 1878
1547900 1878
1547910 1869
1547920 1860
1547930 1867
1547940 1857
1547950 1845
1547960 1835
1547970 1835
1547980 1828
1547990 1820
1548000 1820
1548010 1812
1548020 1806
1548030 1806
1548040 1801
1548050 1797
1548060 1797
1548070 1792
1548080 1788
1548090 1788
1548100 1785
1548110 1781
1548120 1781
1548130 1777
1548140 1774
1548150 1774
1548160 1772
1548170 1770
1548180 1770
1548190 1769
1548200 1767
1548210 1767
1548220 1765
1548230 1764
1548240 1762
1548250 1762
1548260 1759
1548270 1755
1548280 1755
1548290 1752
1548300 1749
1548310 1749
1548320 1745
1548330 1742
1548340 1742
1548350 1741
1548360 1741
1548370 1741
1548380 1740
1548390 1737
1548400 1737
1548410 1736
1548420 1736
1548430 1736
1548440 1735
1548450 1732
1548460 1732
1548470 1730
1548480 1727
1548490 1727
1548500 1722
1548510 1716
1548520 1716
1548530 1707
1548540 1699
1548550 1693
1548560 1693
1548570 1687
1548580 1683
1548590 1683
1548600 1679
1548610 1676
1548620 1676
1548630 1673
1548640 1669
1548650 1669
1548660 1665
1548670 1662
1548680 1662
1548690 1658
1548700 1656
1548710 1656
1548720 1652
1548730 1647
1548740 1647
1548750 1642
1548760 1638
1548770 1638
1548780 1634
1548790 1631
1548800 1631
1548810 1627
1548820 1623
1548830 1620
1548840 1620
1548850 1616
1548860 1612
1548870 1612
1548880 1609
1548890 1606
1548900 1606
1548910 1602
1548920 1599
1548930 1599
1548940 1597
1548950 1594
1548960 1594
1548970 1594
1548980 1595
1548990 1595
1549000 1595
1549010 1596
1549020 1596
1549030 1597
1549040 1598
1549050 1598
1549060 1597
1549070 1596
1549080 1596
1549090 1594
1549100 1592
1549110 1590
1549120 1590
1549130 1587
1549140 1579
1549150 1579
1549160 1569
1549170 1559
1549180 1559
1549190 1549
1549200 1538
1549210 1538
1549220 1530
1549230 1521
1549240 1521
1549250 1512
1549260 1501
1549270 1501
1549280 1488
1549290 1473
1549300 1473
1549310 1461
1549320 1454
1549330 1454
1549340 1447
1549350 1436
1549360 1436
1549370 1427
1549380 1419
1549390 1411
1549400 1411
1549410 1402
1549420 1394
1549430 1394
1549440 1387
1549450 1378
1549460 1378
1549470 1370
1549480 1362
1549490 1362
1549500 1354
1549510 1346
1549520 1346
1549530 1340
1549540 1333
1549550 1333
1549560 1326
1549570 1319
1549580 1319
1549590 1312
1549600 1305
1549610 1305
1549620 1298
1549630 1291
1549640 1291
1549650 1286
1549660 1278
1549670 1278
1549680 1272
1549690 1265
1549700 1257
1549710 1257
1549720 1249
1549730 1243
1549740 1243
1549750 1240
1549760 1234
1549770 1234
1549780 1229
1549790 1222
1549800 1222
1549810 1216
1549820 1210
1549830 1210
1549840 1206
1549850 1200
1549860 1200
1549870 1194
1549880 1189
1549890 1189
1549900 1184
1549910 1180
1549920 1176
1549930 1172
1549940 1167
1549950 1167
1549960 1162
1549970 1156
1549980 1149
1549990 1149
1550000 1144
1550010 1141
1550020 1141
1550030 1136
1550040 1130
1550050 1130
1550060 1125
1550070 1121
1550080 1121
1550090 1118
1550100 1113
1550110 1113
1550120 1107
1550130 1103
1550140 1103
1550150 1097
1550160 1091
1550170 1091
1550180 1086
1550190 1083
1550200 1083
1550210 1079
1550220 1074
1550230 1074
1550240 1069
1550250 1064
1550260 1060
1550270 1060
1550280 1056
1550290 1053
1550300 1053
1550310 1051
1550320 1048
1550330 1048
1550340 1043
1550350 1041
1550360 1041
1550370 1038
1550380 1034
1550390 1034
1550400 1030
1550410 1026
1550420 1026
1550430 1022
1550440 1018
1550450 1018
1550460 1014
1550470 1010
1550480 1010
1550490 1007
1550500 1003
1550510 1003
1550520 1000
1550530 998
1550540 994
1550550 994
1550560 991
1550570 987
1550580 987
1550590 983
1550600 979
1550610 979
1550620 973
1550630 969
1550640 969
1550650 963
1550660 957
1550670 957
1550680 954
1550690 951
1550700 951
1550710 949
1550720 947
1550730 947
1550740 945
1550750 942
1550760 942
1550770 939
1550780 936
1550790 936
1550800 933
1550810 930
1550820 930
1550830 928
1550840 926
1550850 923
1550860 923
1550870 922
1550880 921
1550890 921
1550900 920
1550910 919
1550920 919
1550930 919
1550940 919
1550950 919
1550960 918
1550970 918
1550980 918
1550990 917
1551000 917
1551010 917
1551020 918
1551030 918
1551040 918
1551050 918
1551060 918
1551070 918
1551080 918
1551090 918
1551100 918
1551110 918
1551120 919
1551130 922
1551140 922
1551150 926
1551160 929
1551170 929
1551180 933
1551190 936
1551200 936
1551210 940
1551220 944
1551230 944
1551240 947
1551250 951
1551260 951
1551270 956
1551280 960
1551290 960
1551300 962
1551310 964
1551320 964
1551330 967
1551340 972
1551350 972
1551360 978
1551370 984
1551380 984
1551390 988
1551400 991
1551410 993
1551420 993
1551430 996
1551440 999
1551450 999
1551460 1002
1551470 1004
1551480 1004
1551490 1007
1551500 1010
1551510 1010
1551520 1013
1551530 1017
1551540 1017
1551550 1019
1551560 1022
1551570 1022
1551580 1023
1551590 1025
1551600 1025
1551610 1030
1551620 1034
1551630 1034
1551640 1038
1551650 1042
1551660 1042
1551670 1047
1551680 1052
1551690 1057
1551700 1057
1551710 1062
1551720 1067
1551730 1067
1551740 1071
1551750 1074
1551760 1074
1551770 1077
1551780 1081
1551790 1081
1551800 1085
1551810 1090
1551820 1090
1551830 1094
1551840 1101
1551850 1101
1551860 1106
1551870 1111
1551880 1111
1551890 1116
1551900 1122
1551910 1122
1551920 1127
1551930 1132
1551940 1132
1551950 1139
1551960 1145
1551970 1145
1551980 1151
1551990 1158
1552000 1165
1552010 1165
1552020 1171
1552030 1178
1552040 1178
1552050 1184
1552060 1190
1552070 1190
1552080 1196
1552090 1202
1552100 1202
1552110 1208
1552120 1215
1552130 1215
1552140 1221
1552150 1228
1552160 1228
1552170 1235
1552180 1240
1552190 1240
1552200 1246
1552210 1252
1552220 1252
1552230 1258
1552240 1263
1552250 1263
1552260 1269
1552270 1275
1552280 1280
1552290 1280
1552300 1286
1552310 1292
1552320 1292
1552330 1298
1552340 1305
1552350 1305
1552360 1312
1552370 1318
1552380 1318
1552390 1324
1552400 1328
1552410 1328
1552420 1332
1552430 1337
1552440 1337
1552450 1342
1552460 1348
1552470 1348
1552480 1354
1552490 1358
1552500 1358
1552510 1362
1552520 1366
1552530 1366
1552540 1369
1552550 1372
1552560 1377
1552570 1377
1552580 1380
1552590 1384
1552600 1384
1552610 1389
1552620 1394
1552630 1394
1552640 1397
1552650 1399
1552660 1399
1552670 1400
1552680 1404
1552690 1404
1552700 1407
1552710 1412
1552720 1412
1552730 1417
1552740 1422
1552750 1422
1552760 1428
1552770 1435
1552780 1435
1552790 1445
1552800 1451
1552810 1451
1552820 1458
1552830 1464
1552840 1468
1552850 1468
1552860 1473
1552870 1478
1552880 1478
1552890 1484
1552900 1489
1552910 1489
1552920 1493
1552930 1498
1552940 1498
1552950 1505
1552960 1513
1552970 1513
1552980 1520
1552990 1527
1553000 1527
1553010 1534
1553020 1541
1553030 1541
1553040 1548
1553050 1555
1553060 1555
1553070 1563
1553080 1570
1553090 1570
1553100 1577
1553110 1583
1553120 1583
1553130 1589
1553140 1594
1553150 1599
1553160 1599
1553170 1603
1553180 1608
1553190 1608
1553200 1612
1553210 1617
1553220 1617
1553230 1623
1553240 1627
1553250 1627
1553260 1632
1553270 1636
1553280 1636
1553290 1639
1553300 1644
1553310 1644
1553320 1648
1553330 1652
1553340 1652
1553350 1657
1553360 1662
1553370 1662
1553380 1667
1553390 1674
1553400 1674
1553410 1680
1553420 1686
1553430 1692
1553440 1692
1553450 1699
1553460 1705
1553470 1705
1553480 1712
1553490 1718
1553500 1718
1553510 1725
1553520 1732
1553530 1732
1553540 1738
1553550 1745
1553560 1745
1553570 1752
1553580 1758
1553590 1758
1553600 1766
1553610 1773
1553620 1773
1553630 1779
1553640 1786
1553650 1786
1553660 1792
1553670 1799
1553680 1799
1553690 1806
1553700 1813
1553710 1820
1553720 1821
1553730 1828
1553740 1835
1553750 1835
1553760 1842
1553770 1849
1553780 1849
1553790 1856
1553800 1864
1553810 1864
1553820 1871
1553830 1879
1553840 1879
1553850 1886
1553860 1893
1553870 1893
1553880 1902
1553890 1909
1553900 1909
1553910 1917
1553920 1925
1553930 1925
1553940 1932
1553950 1939
1553960 1939
1553970 1946
1553980 1953
1553990 1962
1554000 1962
1554010 1970
1554020 1979
1554030 1979
1554040 1987
1554050 1996
1554060 1996
1554070 2003
1554080 2009
1554090 2009
1554100 2010
1554110 2011
1554120 2011
1554130 2011
1554140 2009
1554150 2009
1554160 2006
1554170 2004
1554180 2004
1554190 2010
1554200 2013
1554210 2013
1554220 2014
1554230 2017
1554240 2017
1554250 2014
1554260 2009
1554270 2009
1554280 2002
1554290 1995
1554300 1989
1554310 1989
1554320 1983
1554330 1978
1554340 1978
1554350 1973
1554360 1969
1554370 1969
1554380 1965
1554390 1962
1554400 1962
1554410 1957
1554420 1951
1554430 1951
1554440 1947
1554450 1944
1554460 1944
1554470 1940
1554480 1937
1554490 1937
1554500 1933
1554510 1930
1554520 1930
1554530 1927
1554540 1926
1554550 1926
1554560 1924
1554570 1922
1554580 1921
1554590 1921
1554600 1920
1554610 1920
1554620 1920
1554630 1918
1554640 1916
1554650 1916
1554660 1913
1554670 1908
1554680 1908
1554690 1907
1554700 1906
1554710 1906
1554720 1904
1554730 1903
1554740 1903
1554750 1901
1554760 1900
1554770 1900
1554780 1897
1554790 1896
1554800 1896
1554810 1894
1554820 1894
1554830 1894
1554840 1893
1554850 1893
1554860 1890
1554870 1890
1554880 1888
1554890 1886
1554900 1886
1554910 1884
1554920 1882
1554930 1882
1554940 1879
1554950 1876
1554960 1876
1554970 1874
1554980 1871
1554990 1871
1555000 1868
1555010 1866
1555020 1866
1555030 1863
1555040 1862
1555050 1862
1555060 1860
1555070 1858
1555080 1858
1555090 1855
1555100 1853
1555110 1853
1555120 1851
1555130 1848
1555140 1845
1555150 1845
1555160 1842
1555170 1838
1555180 1838
1555190 1835
1555200 1832
1555210 1832
1555220 1829
1555230 1826
1555240 1826
1555250 1823
1555260 1819
1555270 1819
1555280 1815
1555290 1810
1555300 1810
1555310 1805
1555320 1801
1555330 1801
1555340 1795
1555350 1790
1555360 1790
1555370 1783
1555380 1778
1555390 1778
1555400 1776
1555410 1774
1555420 1774
1555430 1771
1555440 1769
1555450 1766
1555460 1766
1555470 1761
1555480 1755
1555490 1755
1555500 1747
1555510 1740
1555520 1740
1555530 1733
1555540 1725
1555550 1725
1555560 1718
1555570 1712
1555580 1712
1555590 1705
1555600 1699
1555610 1699
1555620 1695
1555630 1691
1555640 1691
1555650 1688
1555660 1682
1555670 1682
1555680 1676
1555690 1670
1555700 1670
1555710 1664
1555720 1657
1555730 1651
1555740 1651
1555750 1645
1555760 1638
1555770 1638
1555780 1632
1555790 1625
1555800 1625
1555810 1618
1555820 1611
1555830 1611
1555840 1603
1555850 1596
1555860 1596
1555870 1588
1555880 1579
1555890 1579
1555900 1570
1555910 1562
1555920 1562
1555930 1554
1555940 1548
1555950 1548
1555960 1541
1555970 1533
1555980 1533
1555990 1526
1556000 1519
1556010 1513
1556020 1513
1556030 1506
1556040 1499
1556050 1499
1556060 1493
1556070 1487
1556080 1487
1556090 1481
1556100 1475
1556110 1475
1556120 1469
1556130 1462
1556140 1462
1556150 1455
1556160 1448
1556170 1448
1556180 1440
1556190 1433
1556200 1433
1556210 1426
1556220 1418
1556230 1418
1556240 1410
1556250 1400
1556260 1400
1556270 1389
1556280 1378
1556290 1366
1556300 1366
1556310 1354
1556320 1345
1556330 1345
1556340 1336
1556350 1328
1556360 1328
1556370 1321
1556380 1316
1556390 1316
1556400 1310
1556410 1305
1556420 1305
1556430 1297
1556440 1288
1556450 1288
1556460 1280
1556470 1275
1556480 1275
1556490 1271
1556500 1267
1556510 1267
1556520 1264
1556530 1260
1556540 1260
1556550 1255
1556560 1247
1556570 1247
1556580 1243
1556590 1241
1556600 1239
1556610 1239
1556620 1235
1556630 1231
1556640 1231
1556650 1226
1556660 1221
1556670 1221
1556680 1217
1556690 1211
1556700 1211
1556710 1206
1556720 1198
1556730 1198
1556740 1188
1556750 1180
1556760 1180
1556770 1174
1556780 1168
1556790 1168
1556800 1165
1556810 1169
1556820 1169
1556830 1175
1556840 1181
1556850 1181
1556860 1187
1556870 1193
1556880 1195
1556890 1195
1556900 1196
1556910 1198
1556920 1198
1556930 1201
1556940 1204
1556950 1204
1556960 1207
1556970 1211
1556980 1211
1556990 1216
1557000 1220
1557010 1220
1557020 1225
1557030 1231
1557040 1231
1557050 1237
1557060 1243
1557070 1243
1557080 1248
1557090 1254
1557100 1254
1557110 1262
1557120 1270
1557130 1270
1557140 1279
1557150 1288
1557160 1296
1557170 1296
1557180 1305
1557190 1315
1557200 1315
1557210 1324
1557220 1333
1557230 1333
1557240 1343
1557250 1351
1557260 1351
1557270 1358
1557280 1365
1557290 1365
1557300 1372
1557310 1374
1557320 1374
1557330 1379
1557340 1382
1557350 1382
1557360 1385
1557370 1386
1557380 1386
1557390 1386
1557400 1386
1557410 1386
1557420 1385
1557430 1383
1557440 1381
1557450 1381
1557460 1380
1557470 1379
1557480 1379
1557490 1377
1557500 1376
1557510 1376
1557520 1374
1557530 1372
1557540 1372
1557550 1369
1557560 1367
1557570 1367
1557580 1365
1557590 1363
1557600 1363
1557610 1362
1557620 1361
1557630 1361
1557640 1359
1557650 1357
1557660 1357
1557670 1355
1557680 1353
1557690 1353
1557700 1353
1557710 1352
1557720 1352
1557730 1350
1557740 1349
1557750 1348
1557760 1348
1557770 1346
1557780 1345
1557790 1345
1557800 1345
1557810 1342
1557820 1342
1557830 1341
1557840 1339
1557850 1339
1557860 1338
1557870 1337
1557880 1337
1557890 1336
1557900 1335
1557910 1335
1557920 1333
1557930 1331
1557940 1331
1557950 1330
1557960 1328
1557970 1328
1557980 1326
1557990 1323
1558000 1323
1558010 1320
1558020 1319
1558030 1317
1558040 1317
1558050 1315
1558060 1312
1558070 1312
1558080 1310
1558090 1307
1558100 1307
1558110 1304
1558120 1303
1558130 1303
1558140 1302
1558150 1300
1558160 1300
1558170 1298
1558180 1296
1558190 1296
1558200 1295
1558210 1294
1558220 1294
1558230 1292
1558240 1290
1558250 1290
1558260 1289
1558270 1287
1558280 1287
1558290 1286
1558300 1285
1558310 1284
1558320 1284
1558330 1283
1558340 1281
1558350 1281
1558360 1279
1558370 1277
1558380 1277
1558390 1275
1558400 1273
1558410 1273
1558420 1271
1558430 1269
1558440 1269
1558450 1267
1558460 1263
1558470 1263
1558480 1261
1558490 1259
1558500 1259
1558510 1259
1558520 1258
1558530 1258
1558540 1256
1558550 1254
1558560 1254
1558570 1252
1558580 1250
1558590 1248
1558600 1248
1558610 1246
1558620 1243
1558630 1243
1558640 1240
1558650 1238
1558660 1238
1558670 1235
1558680 1234
1558690 1234
1558700 1232
1558710 1231
1558720 1231
1558730 1230
1558740 1228
1558750 1228
1558760 1226
1558770 1224
1558780 1224
1558790 1223
1558800 1221
1558810 1221
1558820 1220
1558830 1217
1558840 1217
1558850 1215
1558860 1211
1558870 1211
1558880 1208
1558890 1204
1558900 1200
1558910 1200
1558920 1196
1558930 1193
1558940 1193
1558950 1189
1558960 1187
1558970 1187
1558980 1184
1558990 1181
1559000 1181
1559010 1178
1559020 1174
1559030 1174
1559040 1171
1559050 1164
1559060 1164
1559070 1159
1559080 1154
1559090 1154
1559100 1148
1559110 1142
1559120 1142
1559130 1136
1559140 1129
1559150 1129
1559160 1121
1559170 1113
1559180 1106
1559190 1106
1559200 1099
1559210 1095
1559220 1095
1559230 1094
1559240 1092
1559250 1092
1559260 1089
1559270 1088
1559280 1088
1559290 1087
1559300 1083
1559310 1083
1559320 1078
1559330 1072
1559340 1072
1559350 1066
1559360 1060
1559370 1060
1559380 1059
1559390 1058
1559400 1058
1559410 1053
1559420 1051
1559430 1051
1559440 1052
1559450 1050
1559460 1048
1559470 1048
1559480 1046
1559490 1044
1559500 1044
1559510 1041
1559520 1037
1559530 1037
1559540 1035
1559550 1031
1559560 1031
1559570 1028
1559580 1025
1559590 1025
1559600 1022
1559610 1017
1559620 1017
1559630 1011
1559640 1004
1559650 1004
1559660 997
1559670 989
1559680 989
1559690 982
1559700 975
1559710 975
1559720 969
1559730 964
1559740 964
1559750 960
1559760 956
1559770 953
1559780 953
1559790 949
1559800 947
1559810 947
1559820 946
1559830 945
1559840 945
1559850 945
1559860 946
1559870 946
1559880 946
1559890 945
1559900 945
1559910 945
1559920 943
1559930 943
1559940 943
1559950 946
1559960 946
1559970 949
1559980 949
1559990 949
