1540000 1342
1540010 1345
1540020 1345
1540030 1347
1540040 1350
1540050 1350
1540060 1352
1540070 1354
1540080 1354
1540090 1356
1540100 1358
1540110 1358
1540120 1360
1540130 1363
1540140 1363
1540150 1365
1540160 1368
1540170 1368
1540180 1370
1540190 1372
1540200 1372
1540210 1371
1540220 1370
1540230 1368
1540240 1368
1540250 1367
1540260 1364
1540270 1364
1540280 1362
1540290 1362
1540300 1362
1540310 1364
1540320 1368
1540330 1368
1540340 1374
1540350 1380
1540360 1380
1540370 1387
1540380 1392
1540390 1392
1540400 1396
1540410 1399
1540420 1399
1540430 1401
1540440 1399
1540450 1399
1540460 1400
1540470 1401
1540480 1401
1540490 1402
1540500 1399
1540510 1396
1540520 1396
1540530 1391
1540540 1386
1540550 1386
1540560 1390
1540570 1394
1540580 1394
1540590 1401
1540600 1406
1540610 1406
1540620 1411
1540630 1414
1540640 1414
1540650 1416
1540660 1418
1540670 1418
1540680 1420
1540690 1422
1540700 1422
1540710 1424
1540720 1427
1540730 1427
1540740 1429
1540750 1435
1540760 1435
1540770 1442
1540780 1446
1540790 1449
1540800 1449
1540810 1447
1540820 1443
1540830 1443
1540840 1442
1540850 1442
1540860 1442
1540870 1443
1540880 1448
1540890 1448
1540900 1453
1540910 1460
1540920 1460
1540930 1465
1540940 1470
1540950 1470
1540960 1473
1540970 1477
1540980 1477
1540990 1483
1541000 1487
1541010 1487
1541020 1490
1541030 1494
1541040 1494
1541050 1498
1541060 1502
1541070 1502
1541080 1505
1541090 1509
1541100 1512
1541110 1512
1541120 1516
1541130 1520
1541140 1520
1541150 1523
1541160 1527
1541170 1527
1541180 1532
1541190 1537
1541200 1537
1541210 1543
1541220 1549
1541230 1549
1541240 1555
1541250 1562
1541260 1562
1541270 1568
1541280 1574
1541290 1574
1541300 1580
1541310 1585
1541320 1585
1541330 1590
1541340 1594
1541350 1594
1541360 1598
1541370 1601
1541380 1605
1541390 1605
1541400 1609
1541410 1612
1541420 1612
1541430 1617
1541440 1621
1541450 1621
1541460 1626
1541470 1631
1541480 1631
1541490 1637
1541500 1644
1541510 1644
1541520 1651
1541530 1657
1541540 1657
1541550 1663
1541560 1669
1541570 1669
1541580 1674
1541590 1679
1541600 1679
1541610 1684
1541620 1688
1541630 1688
1541640 1691
1541650 1694
1541660 1697
1541670 1697
1541680 1700
1541690 1702
1541700 1702
1541710 1705
1541720 1707
1541730 1707
1541740 1709
1541750 1712
1541760 1712
1541770 1715
1541780 1718
1541790 1718
1541800 1721
1541810 1725
1541820 1725
1541830 1729
1541840 1734
1541850 1734
1541860 1739
1541870 1744
1541880 1744
1541890 1750
1541900 1757
1541910 1757
1541920 1764
1541930 1771
1541940 1771
1541950 1778
1541960 1784
1541970 1790
1541980 1790
1541990 1796
1542000 1803
1542010 1803
1542020 1815
1542030 1825
1542040 1825
1542050 1833
1542060 1842
1542070 1842
1542080 1851
1542090 1861
1542100 1861
1542110 1870
1542120 1878
1542130 1878
1542140 1887
1542150 1895
1542160 1895
1542170 1902
1542180 1909
1542190 1909
1542200 1917
1542210 1923
1542220 1923
1542230 1930
1542240 1937
1542250 1944
1542260 1944
1542270 1950
1542280 1956
1542290 1956
1542300 1961
1542310 1965
1542320 1965
1542330 1969
1542340 1972
1542350 1972
1542360 1975
1542370 1977
1542380 1977
1542390 1979
1542400 1981
1542410 1981
1542420 1982
1542430 1983
1542440 1983
1542450 1982
1542460 1978
1542470 1978
1542480 1971
1542490 1964
1542500 1964
1542510 1958
1542520 1949
1542530 1938
1542540 1938
1542550 1928
1542560 1918
1542570 1918
1542580 1910
1542590 1903
1542600 1903
1542610 1895
1542620 1886
1542630 1886
1542640 1877
1542650 1870
1542660 1870
1542670 1864
1542680 1858
1542690 1858
1542700 1852
1542710 1847
1542720 1847
1542730 1842
1542740 1839
1542750 1839
1542760 1836
1542770 1834
1542780 1834
1542790 1832
1542800 1831
1542810 1831
1542820 1829
1542830 1828
1542840 1827
1542850 1827
1542860 1828
1542870 1830
1542880 1830
1542890 1833
1542900 1835
1542910 1835
1542920 1840
1542930 1843
1542940 1843
1542950 1847
1542960 1849
1542970 1849
1542980 1852
1542990 1855
1543000 1855
1543010 1857
1543020 1860
1543030 1860
1543040 1862
1543050 1864
1543060 1864
1543070 1866
1543080 1868
1543090 1868
1543100 1869
1543110 1871
1543120 1873
1543130 1873
1543140 1874
1543150 1875
1543160 1875
1543170 1875
1543180 1875
1543190 1875
1543200 1873
1543210 1872
1543220 1872
1543230 1874
1543240 1875
1543250 1875
1543260 1875
1543270 1875
1543280 1875
1543290 1876
1543300 1876
1543310 1876
1543320 1877
1543330 1879
1543340 1879
1543350 1880
1543360 1881
1543370 1881
1543380 1882
1543390 1883
1543400 1883
1543410 1884
1543420 1885
1543430 1886
1543440 1886
1543450 1886
1543460 1884
1543470 1884
1543480 1881
1543490 1876
1543500 1876
1543510 1872
1543520 1869
1543530 1869
1543540 1866
1543550 1861
1543560 1861
1543570 1857
1543580 1854
1543590 1854
1543600 1852
1543610 1848
1543620 1848
1543630 1846
1543640 1844
1543650 1844
1543660 1844
1543670 1844
1543680 1844
1543690 1843
1543700 1842
1543710 1842
1543720 1842
1543730 1842
1543740 1842
1543750 1842
1543760 1841
1543770 1840
1543780 1840
1543790 1840
1543800 1840
1543810 1840
1543820 1839
1543830 1839
1543840 1839
1543850 1839
1543860 1839
1543870 1839
1543880 1838
1543890 1837
1543900 1837
1543910 1836
1543920 1835
1543930 1835
1543940 1835
1543950 1836
1543960 1836
1543970 1837
1543980 1837
1543990 1837
1544000 1837
1544010 1834
1544020 1829
1544030 1829
1544040 1824
1544050 1818
1544060 1818
1544070 1813
1544080 1808
1544090 1808
1544100 1802
1544110 1796
1544120 1796
1544130 1789
1544140 1781
1544150 1781
1544160 1774
1544170 1767
1544180 1767
1544190 1761
1544200 1754
1544210 1754
1544220 1746
1544230 1739
1544240 1739
1544250 1732
1544260 1726
1544270 1726
1544280 1721
1544290 1715
1544300 1708
1544310 1708
1544320 1703
1544330 1697
1544340 1697
1544350 1692
1544360 1687
1544370 1687
1544380 1682
1544390 1675
1544400 1675
1544410 1670
1544420 1666
1544430 1666
1544440 1663
1544450 1660
1544460 1660
1544470 1658
1544480 1655
1544490 1655
1544500 1651
1544510 1647
1544520 1647
1544530 1642
1544540 1637
1544550 1637
1544560 1634
1544570 1631
1544580 1629
1544590 1629
1544600 1627
1544610 1624
1544620 1624
1544630 1621
1544640 1619
1544650 1619
1544660 1617
1544670 1616
1544680 1616
1544690 1613
1544700 1610
1544710 1610
1544720 1606
1544730 1602
1544740 1602
1544750 1597
1544760 1592
1544770 1592
1544780 1587
1544790 1583
1544800 1583
1544810 1579
1544820 1575
1544830 1575
1544840 1570
1544850 1564
1544860 1557
1544870 1557
1544880 1543
1544890 1527
1544900 1527
1544910 1516
1544920 1508
1544930 1508
1544940 1500
1544950 1493
1544960 1493
1544970 1485
1544980 1477
1544990 1477
1545000 1470
1545010 1464
1545020 1464
1545030 1459
1545040 1455
1545050 1455
1545060 1449
1545070 1444
1545080 1444
1545090 1445
1545100 1444
1545110 1444
1545120 1441
1545130 1437
1545140 1437
1545150 1431
1545160 1423
1545170 1415
1545180 1415
1545190 1407
1545200 1400
1545210 1400
1545220 1393
1545230 1386
1545240 1386
1545250 1378
1545260 1369
1545270 1369
1545280 1361
1545290 1353
1545300 1353
1545310 1346
1545320 1339
1545330 1339
1545340 1333
1545350 1328
1545360 1328
1545370 1322
1545380 1317
1545390 1317
1545400 1311
1545410 1306
1545420 1306
1545430 1300
1545440 1295
1545450 1290
1545460 1290
1545470 1285
1545480 1279
1545490 1279
1545500 1274
1545510 1269
1545520 1269
1545530 1263
1545540 1258
1545550 1258
1545560 1256
1545570 1252
1545580 1252
1545590 1247
1545600 1243
1545610 1243
1545620 1238
1545630 1235
1545640 1235
1545650 1231
1545660 1227
1545670 1227
1545680 1223
1545690 1220
1545700 1220
1545710 1218
1545720 1216
1545730 1215
1545740 1215
1545750 1213
1545760 1209
1545770 1209
1545780 1207
1545790 1204
1545800 1204
1545810 1200
1545820 1197
1545830 1197
1545840 1195
1545850 1192
1545860 1192
1545870 1191
1545880 1189
1545890 1189
1545900 1186
1545910 1181
1545920 1181
1545930 1177
1545940 1175
1545950 1175
1545960 1174
1545970 1178
1545980 1178
1545990 1184
1546000 1188
1546010 1188
1546020 1189
1546030 1189
1546040 1195
1546050 1195
1546060 1197
1546070 1198
1546080 1198
1546090 1199
1546100 1200
1546110 1200
1546120 1202
1546130 1205
1546140 1205
1546150 1209
1546160 1212
1546170 1212
1546180 1216
1546190 1219
1546200 1219
1546210 1222
1546220 1225
1546230 1225
1546240 1228
1546250 1231
1546260 1231
1546270 1234
1546280 1238
1546290 1238
1546300 1243
1546310 1248
1546320 1252
1546330 1252
1546340 1257
1546350 1262
1546360 1262
1546370 1268
1546380 1275
1546390 1275
1546400 1282
1546410 1286
1546420 1286
1546430 1291
1546440 1295
1546450 1295
1546460 1300
1546470 1305
1546480 1305
1546490 1311
1546500 1318
1546510 1318
1546520 1324
1546530 1330
1546540 1330
1546550 1338
1546560 1345
1546570 1345
1546580 1353
1546590 1361
1546600 1361
1546610 1369
1546620 1377
1546630 1385
1546640 1385
1546650 1396
1546660 1405
1546670 1405
1546680 1413
1546690 1421
1546700 1421
1546710 1427
1546720 1432
1546730 1432
1546740 1437
1546750 1441
1546760 1441
1546770 1444
1546780 1447
1546790 1447
1546800 1448
1546810 1449
1546820 1449
1546830 1450
1546840 1452
1546850 1452
1546860 1453
1546870 1454
1546880 1454
1546890 1455
1546900 1451
1546910 1452
1546920 1452
1546930 1454
1546940 1461
1546950 1461
1546960 1468
1546970 1474
1546980 1474
1546990 1480
1547000 1485
1547010 1485
1547020 1490
1547030 1496
1547040 1496
1547050 1502
1547060 1507
1547070 1507
1547080 1512
1547090 1518
1547100 1518
1547110 1524
1547120 1531
1547130 1531
1547140 1538
1547150 1545
1547160 1545
1547170 1551
1547180 1559
1547190 1566
1547200 1566
1547210 1574
1547220 1579
1547230 1579
1547240 1587
1547250 1594
1547260 1594
1547270 1601
1547280 1608
1547290 1608
1547300 1615
1547310 1622
1547320 1622
1547330 1629
1547340 1638
1547350 1638
1547360 1650
1547370 1660
1547380 1660
1547390 1669
1547400 1678
1547410 1678
1547420 1690
1547430 1698
1547440 1698
1547450 1704
1547460 1710
1547470 1710
1547480 1719
1547490 1727
1547500 1734
1547510 1734
1547520 1739
1547530 1744
1547540 1744
1547550 1750
1547560 1757
1547570 1757
1547580 1764
1547590 1771
1547600 1771
1547610 1776
1547620 1781
1547630 1781
1547640 1785
1547650 1789
1547660 1789
1547670 1793
1547680 1797
1547690 1797
1547700 1801
1547710 1805
1547720 1805
1547730 1809
1547740 1813
1547750 1813
1547760 1818
1547770 1822
1547780 1826
1547790 1826
1547800 1831
1547810 1836
1547820 1836
1547830 1841
1547840 1847
1547850 1847
1547860 1852
1547870 1857
1547880 1857
1547890 1864
1547900 1870
1547910 1870
1547920 1877
1547930 1884
1547940 1884
1547950 1883
1547960 1871
1547970 1871
1547980 1859
1547990 1848
1548000 1848
1548010 1838
1548020 1829
1548030 1829
1548040 1823
1548050 1817
1548060 1810
1548070 1810
1548080 1803
1548090 1796
1548100 1796
1548110 1788
1548120 1781
1548130 1781
1548140 1775
1548150 1769
1548160 1769
1548170 1761
1548180 1753
1548190 1753
1548200 1745
1548210 1740
1548220 1740
1548230 1737
1548240 1735
1548250 1735
1548260 1734
1548270 1733
1548280 1733
1548290 1731
1548300 1731
1548310 1731
1548320 1730
1548330 1728
1548340 1728
1548350 1726
1548360 1725
1548370 1724
1548380 1724
1548390 1720
1548400 1717
1548410 1717
1548420 1714
1548430 1711
1548440 1711
1548450 1706
1548460 1704
1548470 1704
1548480 1703
1548490 1702
1548500 1702
1548510 1700
1548520 1696
1548530 1696
1548540 1691
1548550 1687
1548560 1687
1548570 1684
1548580 1681
1548590 1681
1548600 1679
1548610 1677
1548620 1677
1548630 1673
1548640 1668
1548650 1664
1548660 1664
1548670 1659
1548680 1655
1548690 1655
1548700 1652
1548710 1649
1548720 1649
1548730 1647
1548740 1645
1548750 1645
1548760 1643
1548770 1641
1548780 1641
1548790 1640
1548800 1638
1548810 1638
1548820 1637
1548830 1635
1548840 1635
1548850 1634
1548860 1632
1548870 1632
1548880 1630
1548890 1629
1548900 1629
1548910 1628
1548920 1624
1548930 1622
1548940 1622
1548950 1622
1548960 1624
1548970 1624
1548980 1624
1548990 1624
1549000 1624
1549010 1622
1549020 1619
1549030 1619
1549040 1615
1549050 1611
1549060 1611
1549070 1607
1549080 1602
1549090 1602
1549100 1596
1549110 1591
1549120 1591
1549130 1587
1549140 1583
1549150 1583
1549160 1579
1549170 1574
1549180 1574
1549190 1569
1549200 1565
1549210 1565
1549220 1560
1549230 1556
1549240 1552
1549250 1552
1549260 1548
1549270 1545
1549280 1545
1549290 1543
1549300 1539
1549310 1539
1549320 1535
1549330 1531
1549340 1531
1549350 1527
1549360 1524
1549370 1524
1549380 1520
1549390 1516
1549400 1516
1549410 1513
1549420 1510
1549430 1510
1549440 1506
1549450 1502
1549460 1502
1549470 1498
1549480 1495
1549490 1495
1549500 1493
1549510 1489
1549520 1485
1549530 1485
1549540 1481
1549550 1477
1549560 1477
1549570 1472
1549580 1469
1549590 1469
1549600 1465
1549610 1461
1549620 1461
1549630 1457
1549640 1453
1549650 1453
1549660 1448
1549670 1443
1549680 1443
1549690 1439
1549700 1434
1549710 1434
1549720 1428
1549730 1422
1549740 1422
1549750 1416
1549760 1410
1549770 1410
1549780 1405
1549790 1399
1549800 1399
1549810 1393
1549820 1387
1549830 1383
1549840 1383
1549850 1379
1549860 1373
1549870 1373
1549880 1368
1549890 1362
1549900 1362
1549910 1357
1549920 1353
1549930 1353
1549940 1347
1549950 1342
1549960 1342
1549970 1336
1549980 1331
1549990 1331
1550000 1326
1550010 1321
1550020 1321
1550030 1317
1550040 1313
1550050 1313
1550060 1309
1550070 1305
1550080 1305
1550090 1300
1550100 1295
1550110 1290
1550120 1290
1550130 1284
1550140 1279
1550150 1279
1550160 1273
1550170 1267
1550180 1267
1550190 1261
1550200 1255
1550210 1255
1550220 1249
1550230 1244
1550240 1244
1550250 1240
1550260 1234
1550270 1234
1550280 1228
1550290 1223
1550300 1223
1550310 1219
1550320 1215
1550330 1215
1550340 1211
1550350 1206
1550360 1206
1550370 1202
1550380 1198
1550390 1193
1550400 1193
1550410 1187
1550420 1181
1550430 1181
1550440 1176
1550450 1172
1550460 1172
1550470 1166
1550480 1161
1550490 1161
1550500 1156
1550510 1149
1550520 1149
1550530 1144
1550540 1139
1550550 1139
1550560 1135
1550570 1130
1550580 1130
1550590 1125
1550600 1120
1550610 1120
1550620 1113
1550630 1106
1550640 1106
1550650 1098
1550660 1089
1550670 1089
1550680 1082
1550690 1079
1550700 1072
1550710 1072
1550720 1067
1550730 1062
1550740 1062
1550750 1056
1550760 1051
1550770 1051
1550780 1045
1550790 1040
1550800 1040
1550810 1035
1550820 1030
1550830 1030
1550840 1025
1550850 1020
1550860 1020
1550870 1015
1550880 1010
1550890 1010
1550900 1006
1550910 1002
1550920 1002
1550930 998
1550940 993
1550950 993
1550960 990
1550970 987
1550980 981
1550990 981
1551000 976
1551010 970
1551020 970
1551030 964
1551040 959
1551050 959
1551060 954
1551070 949
1551080 949
1551090 942
1551100 933
1551110 933
1551120 925
1551130 919
1551140 919
1551150 914
1551160 911
1551170 911
1551180 907
1551190 904
1551200 904
1551210 902
1551220 900
1551230 900
1551240 899
1551250 897
1551260 894
1551270 894
1551280 892
1551290 891
1551300 891
1551310 888
1551320 888
1551330 888
1551340 891
1551350 894
1551360 894
1551370 897
1551380 901
1551390 901
1551400 905
1551410 905
1551420 905
1551430 906
1551440 910
1551450 910
1551460 915
1551470 920
1551480 920
1551490 920
1551500 922
1551510 922
1551520 922
1551530 923
1551540 923
1551550 923
1551560 924
1551570 925
1551580 925
1551590 929
1551600 936
1551610 936
1551620 944
1551630 951
1551640 951
1551650 957
1551660 962
1551670 962
1551680 969
1551690 976
1551700 976
1551710 983
1551720 991
1551730 991
1551740 998
1551750 1005
1551760 1005
1551770 1014
1551780 1021
1551790 1021
1551800 1028
1551810 1034
1551820 1034
1551830 1040
1551840 1046
1551850 1052
1551860 1052
1551870 1057
1551880 1063
1551890 1063
1551900 1068
1551910 1073
1551920 1073
1551930 1077
1551940 1079
1551950 1079
1551960 1080
1551970 1080
1551980 1080
1551990 1081
1552000 1085
1552010 1085
1552020 1092
1552030 1099
1552040 1099
1552050 1104
1552060 1111
1552070 1111
1552080 1121
1552090 1128
1552100 1128
1552110 1137
1552120 1147
1552130 1157
1552140 1157
1552150 1166
1552160 1175
1552170 1175
1552180 1184
1552190 1193
1552200 1193
1552210 1200
1552220 1209
1552230 1209
1552240 1216
1552250 1222
1552260 1222
1552270 1229
1552280 1235
1552290 1235
1552300 1239
1552310 1245
1552320 1245
1552330 1251
1552340 1261
1552350 1261
1552360 1268
1552370 1272
1552380 1272
1552390 1278
1552400 1280
1552410 1280
1552420 1282
1552430 1284
1552440 1291
1552450 1291
1552460 1298
1552470 1305
1552480 1305
1552490 1313
1552500 1320
1552510 1320
1552520 1327
1552530 1333
1552540 1333
1552550 1341
1552560 1351
1552570 1351
1552580 1359
1552590 1366
1552600 1366
1552610 1375
1552620 1384
1552630 1384
1552640 1393
1552650 1403
1552660 1403
1552670 1412
1552680 1421
1552690 1421
1552700 1430
1552710 1438
1552720 1445
1552730 1445
1552740 1454
1552750 1463
1552760 1463
1552770 1473
1552780 1485
1552790 1485
1552800 1492
1552810 1499
1552820 1499
1552830 1506
1552840 1511
1552850 1511
1552860 1517
1552870 1525
1552880 1525
1552890 1533
1552900 1540
1552910 1540
1552920 1549
1552930 1556
1552940 1556
1552950 1560
1552960 1564
1552970 1564
1552980 1567
1552990 1568
1553000 1574
1553010 1574
1553020 1583
1553030 1592
1553040 1592
1553050 1600
1553060 1608
1553070 1608
1553080 1614
1553090 1622
1553100 1622
1553110 1630
1553120 1635
1553130 1635
1553140 1640
1553150 1645
1553160 1645
1553170 1650
1553180 1655
1553190 1655
1553200 1659
1553210 1663
1553220 1663
1553230 1667
1553240 1674
1553250 1674
1553260 1680
1553270 1687
1553280 1687
1553290 1694
1553300 1700
1553310 1705
1553320 1705
1553330 1711
1553340 1717
1553350 1717
1553360 1724
1553370 1729
1553380 1729
1553390 1734
1553400 1739
1553410 1739
1553420 1744
1553430 1748
1553440 1748
1553450 1752
1553460 1756
1553470 1756
1553480 1759
1553490 1764
1553500 1764
1553510 1769
1553520 1774
1553530 1774
1553540 1779
1553550 1785
1553560 1785
1553570 1792
1553580 1799
1553590 1802
1553600 1802
1553610 1806
1553620 1812
1553630 1812
1553640 1819
1553650 1826
1553660 1826
1553670 1831
1553680 1836
1553690 1836
1553700 1841
1553710 1846
1553720 1846
1553730 1848
1553740 1850
1553750 1850
1553760 1852
1553770 1854
1553780 1854
1553790 1856
1553800 1855
1553810 1855
1553820 1856
1553830 1856
1553840 1856
1553850 1857
1553860 1857
1553870 1856
1553880 1856
1553890 1855
1553900 1852
1553910 1852
1553920 1849
1553930 1846
1553940 1846
1553950 1843
1553960 1841
1553970 1841
1553980 1837
1553990 1832
1554000 1832
1554010 1826
1554020 1819
1554030 1819
1554040 1812
1554050 1805
1554060 1805
1554070 1797
1554080 1790
1554090 1790
1554100 1783
1554110 1777
1554120 1777
1554130 1771
1554140 1766
1554150 1766
1554160 1761
1554170 1756
1554180 1753
1554190 1753
1554200 1751
1554210 1748
1554220 1748
1554230 1744
1554240 1739
1554250 1739
1554260 1736
1554270 1734
1554280 1734
1554290 1731
1554300 1729
1554310 1729
1554320 1725
1554330 1721
1554340 1721
1554350 1717
1554360 1713
1554370 1713
1554380 1710
1554390 1707
1554400 1707
1554410 1703
1554420 1701
1554430 1701
1554440 1698
1554450 1694
1554460 1691
1554470 1691
1554480 1687
1554490 1681
1554500 1681
1554510 1678
1554520 1674
1554530 1674
1554540 1670
1554550 1664
1554560 1664
1554570 1659
1554580 1654
1554590 1654
1554600 1650
1554610 1648
1554620 1648
1554630 1642
1554640 1639
1554650 1639
1554660 1638
1554670 1636
1554680 1636
1554690 1635
1554700 1634
1554710 1634
1554720 1633
1554730 1632
1554740 1632
1554750 1632
1554760 1631
1554770 1630
1554780 1630
1554790 1628
1554800 1627
1554810 1627
1554820 1626
1554830 1625
1554840 1625
1554850 1625
1554860 1624
1554870 1624
1554880 1622
1554890 1621
1554900 1621
1554910 1619
1554920 1618
1554930 1618
1554940 1616
1554950 1613
1554960 1613
1554970 1611
1554980 1608
1554990 1608
1555000 1604
1555010 1600
1555020 1600
1555030 1596
1555040 1591
1555050 1586
1555060 1586
1555070 1580
1555080 1575
1555090 1575
1555100 1569
1555110 1564
1555120 1564
1555130 1560
1555140 1557
1555150 1557
1555160 1553
1555170 1549
1555180 1549
1555190 1546
1555200 1543
1555210 1543
1555220 1540
1555230 1537
1555240 1537
1555250 1534
1555260 1530
1555270 1530
1555280 1527
1555290 1524
1555300 1524
1555310 1521
1555320 1517
1555330 1514
1555340 1514
1555350 1511
1555360 1507
1555370 1507
1555380 1503
1555390 1498
1555400 1498
1555410 1494
1555420 1490
1555430 1490
1555440 1486
1555450 1481
1555460 1481
1555470 1478
1555480 1474
1555490 1474
1555500 1471
1555510 1467
1555520 1467
1555530 1465
1555540 1463
1555550 1463
1555560 1461
1555570 1458
1555580 1458
1555590 1456
1555600 1453
1555610 1453
1555620 1450
1555630 1448
1555640 1447
1555650 1447
1555660 1446
1555670 1445
1555680 1445
1555690 1444
1555700 1442
1555710 1442
1555720 1441
1555730 1439
1555740 1439
1555750 1438
1555760 1437
1555770 1437
1555780 1435
1555790 1432
1555800 1432
1555810 1429
1555820 1425
1555830 1425
1555840 1420
1555850 1416
1555860 1416
1555870 1411
1555880 1405
1555890 1405
1555900 1400
1555910 1396
1555920 1393
1555930 1393
1555940 1391
1555950 1387
1555960 1387
1555970 1385
1555980 1383
1555990 1383
1556000 1381
1556010 1379
1556020 1379
1556030 1375
1556040 1373
1556050 1373
1556060 1369
1556070 1363
1556080 1363
1556090 1359
1556100 1355
1556110 1355
1556120 1351
1556130 1347
1556140 1347
1556150 1343
1556160 1339
1556170 1339
1556180 1336
1556190 1333
1556200 1329
1556210 1329
1556220 1326
1556230 1322
1556240 1322
1556250 1319
1556260 1317
1556270 1317
1556280 1314
1556290 1311
1556300 1311
1556310 1308
1556320 1306
1556330 1306
1556340 1304
1556350 1302
1556360 1302
1556370 1299
1556380 1296
1556390 1296
1556400 1292
1556410 1286
1556420 1286
1556430 1278
1556440 1273
1556450 1273
1556460 1267
1556470 1261
1556480 1261
1556490 1257
1556500 1253
1556510 1249
1556520 1249
1556530 1244
1556540 1237
1556550 1237
1556560 1230
1556570 1225
1556580 1225
1556590 1219
1556600 1213
1556610 1213
1556620 1205
1556630 1199
1556640 1199
1556650 1193
1556660 1186
1556670 1186
1556680 1182
1556690 1179
1556700 1179
1556710 1175
1556720 1172
1556730 1172
1556740 1168
1556750 1163
1556760 1163
1556770 1159
1556780 1155
1556790 1152
1556800 1152
1556810 1148
1556820 1144
1556830 1144
1556840 1140
1556850 1136
1556860 1136
1556870 1132
1556880 1128
1556890 1128
1556900 1124
1556910 1119
1556920 1119
1556930 1113
1556940 1109
1556950 1109
1556960 1105
1556970 1101
1556980 1101
1556990 1097
1557000 1093
1557010 1093
1557020 1089
1557030 1085
1557040 1085
1557050 1081
1557060 1076
1557070 1073
1557080 1073
1557090 1070
1557100 1066
1557110 1066
1557120 1062
1557130 1057
1557140 1057
1557150 1053
1557160 1048
1557170 1048
1557180 1044
1557190 1039
1557200 1039
1557210 1035
1557220 1030
1557230 1030
1557240 1025
1557250 1020
1557260 1020
1557270 1014
1557280 1010
1557290 1010
1557300 1005
1557310 999
1557320 999
1557330 996
1557340 990
1557350 990
1557360 984
1557370 977
1557380 971
1557390 971
1557400 968
1557410 965
1557420 965
1557430 962
1557440 959
1557450 959
1557460 959
1557470 959
1557480 959
1557490 958
1557500 956
1557510 956
1557520 955
1557530 954
1557540 954
1557550 952
1557560 951
1557570 951
1557580 950
1557590 949
1557600 949
1557610 948
1557620 949
1557630 949
1557640 950
1557650 950
1557660 950
1557670 950
1557680 951
1557690 950
1557700 950
1557710 947
1557720 945
1557730 945
1557740 943
1557750 941
1557760 941
1557770 938
1557780 935
1557790 935
1557800 932
1557810 929
1557820 929
1557830 927
1557840 925
1557850 925
1557860 922
1557870 919
1557880 919
1557890 918
1557900 918
1557910 918
1557920 918
1557930 918
1557940 919
1557950 919
1557960 919
1557970 919
1557980 919
1557990 917
1558000 914
1558010 914
1558020 914
1558030 915
1558040 915
1558050 916
1558060 916
1558070 916
1558080 916
1558090 916
1558100 916
1558110 916
1558120 916
1558130 916
1558140 916
1558150 916
1558160 916
1558170 917
1558180 917
1558190 917
1558200 917
1558210 917
1558220 917
1558230 917
1558240 919
1558250 920
1558260 920
1558270 922
1558280 923
1558290 923
1558300 924
1558310 925
1558320 925
1558330 928
1558340 930
1558350 930
1558360 931
1558370 933
1558380 933
1558390 934
1558400 936
1558410 936
1558420 937
1558430 938
1558440 938
1558450 939
1558460 940
1558470 940
1558480 940
1558490 940
1558500 940
1558510 941
1558520 943
1558530 943
1558540 943
1558550 944
1558560 944
1558570 944
1558580 945
1558590 946
1558600 946
1558610 947
1558620 948
1558630 948
1558640 948
1558650 947
1558660 947
1558670 946
1558680 945
1558690 945
1558700 945
1558710 946
1558720 946
1558730 946
1558740 947
1558750 947
1558760 947
1558770 949
1558780 949
1558790 953
1558800 956
1558810 960
1558820 960
1558830 963
1558840 965
1558850 965
1558860 967
1558870 970
1558880 970
1558890 975
1558900 979
1558910 979
1558920 982
1558930 987
1558940 987
1558950 990
1558960 998
1558970 998
1558980 1004
1558990 1006
1559000 1006
1559010 1005
1559020 1003
1559030 1003
1559040 1007
1559050 1015
1559060 1015
1559070 1023
1559080 1027
1559090 1027
1559100 1024
1559110 1024
1559120 1028
1559130 1028
1559140 1032
1559150 1038
1559160 1038
1559170 1041
1559180 1048
1559190 1048
1559200 1052
1559210 1054
1559220 1054
1559230 1056
1559240 1061
1559250 1061
1559260 1065
1559270 1069
1559280 1069
1559290 1072
1559300 1075
1559310 1075
1559320 1076
1559330 1078
1559340 1078
1559350 1081
1559360 1085
1559370 1085
1559380 1089
1559390 1091
1559400 1093
1559410 1093
1559420 1094
1559430 1097
1559440 1097
1559450 1102
1559460 1107
1559470 1107
1559480 1110
1559490 1114
1559500 1114
1559510 1118
1559520 1119
1559530 1119
1559540 1120
1559550 1121
1559560 1121
1559570 1123
1559580 1126
1559590 1126
1559600 1128
1559610 1130
1559620 1130
1559630 1132
1559640 1138
1559650 1138
1559660 1144
1559670 1152
1559680 1152
1559690 1155
1559700 1156
1559710 1158
1559720 1158
1559730 1160
1559740 1164
1559750 1164
1559760 1167
1559770 1169
1559780 1169
1559790 1170
1559800 1171
1559810 1171
1559820 1174
1559830 1177
1559840 1177
1559850 1180
1559860 1182
1559870 1182
1559880 1184
1559890 1187
1559900 1193
1559910 1195
1559920 1197
1559930 1197
1559940 1201
1559950 1204
1559960 1204
1559970 1206
1559980 1209
1559990 1210
