1540000 1288
1540010 1288
1540020 1294
1540030 1300
1540040 1305
1540050 1305
1540060 1310
1540070 1315
1540080 1315
1540090 1320
1540100 1323
1540110 1323
1540120 1326
1540130 1327
1540140 1327
1540150 1328
1540160 1329
1540170 1329
1540180 1331
1540190 1333
1540200 1333
1540210 1335
1540220 1336
1540230 1336
1540240 1338
1540250 1340
1540260 1340
1540270 1340
1540280 1338
1540290 1338
1540300 1337
1540310 1336
1540320 1336
1540330 1335
1540340 1334
1540350 1334
1540360 1334
1540370 1332
1540380 1327
1540390 1327
1540400 1323
1540410 1326
1540420 1326
1540430 1333
1540440 1340
1540450 1340
1540460 1345
1540470 1346
1540480 1346
1540490 1342
1540500 1340
1540510 1340
1540520 1339
1540530 1338
1540540 1338
1540550 1342
1540560 1350
1540570 1350
1540580 1357
1540590 1364
1540600 1364
1540610 1372
1540620 1381
1540630 1383
1540640 1383
1540650 1386
1540660 1388
1540670 1388
1540680 1390
1540690 1395
1540700 1395
1540710 1402
1540720 1406
1540730 1406
1540740 1409
1540750 1412
1540760 1412
1540770 1414
1540780 1415
1540790 1415
1540800 1418
1540810 1420
1540820 1420
1540830 1423
1540840 1426
1540850 1426
1540860 1429
1540870 1431
1540880 1431
1540890 1433
1540900 1435
1540910 1437
1540920 1437
1540930 1439
1540940 1441
1540950 1441
1540960 1442
1540970 1445
1540980 1445
1540990 1449
1541000 1452
1541010 1452
1541020 1455
1541030 1457
1541040 1457
1541050 1459
1541060 1460
1541070 1460
1541080 1462
1541090 1465
1541100 1465
1541110 1469
1541120 1473
1541130 1473
1541140 1475
1541150 1477
1541160 1477
1541170 1481
1541180 1484
1541190 1484
1541200 1488
1541210 1493
1541220 1498
1541230 1498
1541240 1503
1541250 1509
1541260 1509
1541270 1515
1541280 1520
1541290 1520
1541300 1530
1541310 1537
1541320 1537
1541330 1541
1541340 1545
1541350 1545
1541360 1548
1541370 1551
1541380 1551
1541390 1554
1541400 1556
1541410 1556
1541420 1558
1541430 1561
1541440 1561
1541450 1563
1541460 1563
1541470 1563
1541480 1569
1541490 1574
1541500 1577
1541510 1577
1541520 1584
1541530 1591
1541540 1591
1541550 1598
1541560 1606
1541570 1606
1541580 1614
1541590 1623
1541600 1623
1541610 1629
1541620 1633
1541630 1633
1541640 1638
1541650 1646
1541660 1646
1541670 1653
1541680 1661
1541690 1661
1541700 1667
1541710 1673
1541720 1673
1541730 1679
1541740 1686
1541750 1686
1541760 1693
1541770 1698
1541780 1705
1541790 1705
1541800 1710
1541810 1713
1541820 1713
1541830 1715
1541840 1719
1541850 1719
1541860 1724
1541870 1731
1541880 1731
1541890 1739
1541900 1747
1541910 1747
1541920 1755
1541930 1762
1541940 1762
1541950 1769
1541960 1776
1541970 1776
1541980 1783
1541990 1790
1542000 1790
1542010 1797
1542020 1805
1542030 1805
1542040 1812
1542050 1822
1542060 1822
1542070 1829
1542080 1836
1542090 1843
1542100 1843
1542110 1850
1542120 1857
1542130 1857
1542140 1863
1542150 1869
1542160 1869
1542170 1875
1542180 1881
1542190 1881
1542200 1887
1542210 1893
1542220 1893
1542230 1898
1542240 1903
1542250 1903
1542260 1909
1542270 1913
1542280 1913
1542290 1917
1542300 1919
1542310 1919
1542320 1919
1542330 1920
1542340 1920
1542350 1922
1542360 1923
1542370 1925
1542380 1925
1542390 1927
1542400 1928
1542410 1928
1542420 1930
1542430 1931
1542440 1931
1542450 1933
1542460 1934
1542470 1934
1542480 1935
1542490 1937
1542500 1937
1542510 1938
1542520 1939
1542530 1939
1542540 1939
1542550 1940
1542560 1940
1542570 1940
1542580 1940
1542590 1940
1542600 1938
1542610 1935
1542620 1935
1542630 1933
1542640 1930
1542650 1925
1542660 1925
1542670 1918
1542680 1907
1542690 1907
1542700 1900
1542710 1893
1542720 1893
1542730 1886
1542740 1879
1542750 1879
1542760 1873
1542770 1868
1542780 1868
1542790 1861
1542800 1853
1542810 1853
1542820 1844
1542830 1835
1542840 1835
1542850 1828
1542860 1823
1542870 1823
1542880 1819
1542890 1815
1542900 1815
1542910 1812
1542920 1808
1542930 1808
1542940 1805
1542950 1803
1542960 1799
1542970 1799
1542980 1799
1542990 1802
1543000 1802
1543010 1802
1543020 1801
1543030 1801
1543040 1799
1543050 1797
1543060 1797
1543070 1795
1543080 1794
1543090 1794
1543100 1791
1543110 1788
1543120 1788
1543130 1786
1543140 1787
1543150 1787
1543160 1788
1543170 1790
1543180 1790
1543190 1790
1543200 1791
1543210 1791
1543220 1793
1543230 1794
1543240 1797
1543250 1797
1543260 1800
1543270 1804
1543280 1804
1543290 1809
1543300 1813
1543310 1813
1543320 1816
1543330 1819
1543340 1819
1543350 1820
1543360 1821
1543370 1821
1543380 1822
1543390 1822
1543400 1822
1543410 1821
1543420 1820
1543430 1820
1543440 1819
1543450 1818
1543460 1818
1543470 1817
1543480 1815
1543490 1815
1543500 1812
1543510 1812
1543520 1812
1543530 1810
1543540 1808
1543550 1805
1543560 1805
1543570 1801
1543580 1798
1543590 1798
1543600 1794
1543610 1788
1543620 1788
1543630 1784
1543640 1782
1543650 1782
1543660 1779
1543670 1779
1543680 1779
1543690 1778
1543700 1777
1543710 1777
1543720 1775
1543730 1775
1543740 1775
1543750 1774
1543760 1772
1543770 1772
1543780 1771
1543790 1771
1543800 1771
1543810 1770
1543820 1770
1543830 1770
1543840 1770
1543850 1769
1543860 1769
1543870 1769
1543880 1769
1543890 1769
1543900 1769
1543910 1770
1543920 1769
1543930 1769
1543940 1770
1543950 1770
1543960 1770
1543970 1771
1543980 1771
1543990 1771
1544000 1771
1544010 1772
1544020 1772
1544030 1772
1544040 1773
1544050 1773
1544060 1774
1544070 1774
1544080 1774
1544090 1774
1544100 1773
1544110 1773
1544120 1773
1544130 1772
1544140 1772
1544150 1772
1544160 1772
1544170 1771
1544180 1771
1544190 1768
1544200 1763
1544210 1763
1544220 1757
1544230 1751
1544240 1751
1544250 1744
1544260 1737
1544270 1737
1544280 1729
1544290 1720
1544300 1720
1544310 1712
1544320 1704
1544330 1704
1544340 1695
1544350 1690
1544360 1690
1544370 1683
1544380 1679
1544390 1679
1544400 1673
1544410 1668
1544420 1662
1544430 1662
1544440 1655
1544450 1648
1544460 1648
1544470 1641
1544480 1635
1544490 1635
1544500 1629
1544510 1625
1544520 1625
1544530 1621
1544540 1616
1544550 1616
1544560 1612
1544570 1608
1544580 1608
1544590 1604
1544600 1601
1544610 1601
1544620 1598
1544630 1596
1544640 1596
1544650 1593
1544660 1590
1544670 1590
1544680 1586
1544690 1584
1544700 1582
1544710 1582
1544720 1579
1544730 1575
1544740 1575
1544750 1569
1544760 1563
1544770 1563
1544780 1556
1544790 1553
1544800 1553
1544810 1550
1544820 1547
1544830 1547
1544840 1544
1544850 1541
1544860 1541
1544870 1539
1544880 1536
1544890 1536
1544900 1532
1544910 1529
1544920 1529
1544930 1525
1544940 1522
1544950 1522
1544960 1519
1544970 1515
1544980 1511
1544990 1511
1545000 1509
1545010 1506
1545020 1506
1545030 1503
1545040 1500
1545050 1500
1545060 1498
1545070 1495
1545080 1495
1545090 1490
1545100 1485
1545110 1485
1545120 1481
1545130 1477
1545140 1477
1545150 1472
1545160 1466
1545170 1466
1545180 1460
1545190 1453
1545200 1453
1545210 1444
1545220 1437
1545230 1437
1545240 1430
1545250 1422
1545260 1422
1545270 1414
1545280 1407
1545290 1401
1545300 1401
1545310 1394
1545320 1385
1545330 1385
1545340 1376
1545350 1370
1545360 1370
1545370 1364
1545380 1357
1545390 1357
1545400 1350
1545410 1343
1545420 1343
1545430 1337
1545440 1332
1545450 1332
1545460 1326
1545470 1319
1545480 1319
1545490 1313
1545500 1306
1545510 1306
1545520 1299
1545530 1294
1545540 1294
1545550 1289
1545560 1283
1545570 1279
1545580 1279
1545590 1275
1545600 1271
1545610 1271
1545620 1266
1545630 1260
1545640 1260
1545650 1257
1545660 1251
1545670 1251
1545680 1246
1545690 1241
1545700 1241
1545710 1236
1545720 1230
1545730 1230
1545740 1226
1545750 1221
1545760 1221
1545770 1216
1545780 1210
1545790 1210
1545800 1206
1545810 1203
1545820 1203
1545830 1199
1545840 1196
1545850 1196
1545860 1194
1545870 1191
1545880 1185
1545890 1185
1545900 1179
1545910 1172
1545920 1172
1545930 1167
1545940 1163
1545950 1163
1545960 1162
1545970 1159
1545980 1159
1545990 1157
1546000 1156
1546010 1156
1546020 1155
1546030 1156
1546040 1156
1546050 1163
1546060 1171
1546070 1171
1546080 1179
1546090 1181
1546100 1181
1546110 1182
1546120 1185
1546130 1185
1546140 1187
1546150 1190
1546160 1192
1546170 1192
1546180 1194
1546190 1195
1546200 1195
1546210 1198
1546220 1199
1546230 1199
1546240 1202
1546250 1205
1546260 1205
1546270 1208
1546280 1210
1546290 1210
1546300 1213
1546310 1217
1546320 1218
1546330 1222
1546340 1225
1546350 1225
1546360 1229
1546370 1232
1546380 1232
1546390 1235
1546400 1239
1546410 1239
1546420 1242
1546430 1245
1546440 1249
1546450 1249
1546460 1253
1546470 1258
1546480 1258
1546490 1264
1546500 1271
1546510 1271
1546520 1276
1546530 1282
1546540 1282
1546550 1287
1546560 1293
1546570 1293
1546580 1298
1546590 1303
1546600 1303
1546610 1309
1546620 1315
1546630 1315
1546640 1321
1546650 1328
1546660 1328
1546670 1334
1546680 1341
1546690 1341
1546700 1348
1546710 1355
1546720 1355
1546730 1362
1546740 1369
1546750 1377
1546760 1377
1546770 1384
1546780 1391
1546790 1391
1546800 1398
1546810 1405
1546820 1405
1546830 1412
1546840 1420
1546850 1420
1546860 1428
1546870 1437
1546880 1437
1546890 1444
1546900 1454
1546910 1454
1546920 1463
1546930 1472
1546940 1472
1546950 1481
1546960 1489
1546970 1489
1546980 1496
1546990 1504
1547000 1504
1547010 1512
1547020 1519
1547030 1526
1547040 1526
1547050 1534
1547060 1542
1547070 1542
1547080 1549
1547090 1557
1547100 1557
1547110 1563
1547120 1569
1547130 1569
1547140 1576
1547150 1580
1547160 1580
1547170 1587
1547180 1592
1547190 1592
1547200 1597
1547210 1602
1547220 1602
1547230 1607
1547240 1612
1547250 1612
1547260 1616
1547270 1619
1547280 1619
1547290 1622
1547300 1625
1547310 1625
1547320 1628
1547330 1630
1547340 1631
1547350 1631
1547360 1633
1547370 1636
1547380 1636
1547390 1638
1547400 1641
1547410 1641
1547420 1644
1547430 1646
1547440 1646
1547450 1649
1547460 1652
1547470 1652
1547480 1656
1547490 1659
1547500 1659
1547510 1662
1547520 1665
1547530 1665
1547540 1668
1547550 1669
1547560 1669
1547570 1671
1547580 1673
1547590 1673
1547600 1676
1547610 1679
1547620 1683
1547630 1683
1547640 1689
1547650 1697
1547660 1697
1547670 1710
1547680 1723
1547690 1723
1547700 1732
1547710 1740
1547720 1740
1547730 1748
1547740 1757
1547750 1757
1547760 1765
1547770 1773
1547780 1773
1547790 1781
1547800 1789
1547810 1789
1547820 1797
1547830 1805
1547840 1805
1547850 1812
1547860 1819
1547870 1819
1547880 1826
1547890 1834
1547900 1843
1547910 1843
1547920 1852
1547930 1858
1547940 1858
1547950 1866
1547960 1874
1547970 1874
1547980 1878
1547990 1867
1548000 1867
1548010 1853
1548020 1842
1548030 1842
1548040 1833
1548050 1822
1548060 1822
1548070 1812
1548080 1802
1548090 1802
1548100 1792
1548110 1785
1548120 1785
1548130 1779
1548140 1774
1548150 1774
1548160 1769
1548170 1764
1548180 1764
1548190 1759
1548200 1754
1548210 1748
1548220 1748
1548230 1744
1548240 1741
1548250 1741
1548260 1738
1548270 1736
1548280 1736
1548290 1731
1548300 1722
1548310 1722
1548320 1714
1548330 1708
1548340 1708
1548350 1705
1548360 1700
1548370 1700
1548380 1697
1548390 1697
1548400 1697
1548410 1695
1548420 1689
1548430 1689
1548440 1683
1548450 1679
1548460 1679
1548470 1677
1548480 1675
1548490 1671
1548500 1671
1548510 1663
1548520 1655
1548530 1655
1548540 1649
1548550 1645
1548560 1645
1548570 1641
1548580 1638
1548590 1638
1548600 1635
1548610 1632
1548620 1632
1548630 1629
1548640 1625
1548650 1625
1548660 1622
1548670 1618
1548680 1618
1548690 1615
1548700 1611
1548710 1611
1548720 1608
1548730 1605
1548740 1605
1548750 1603
1548760 1600
1548770 1597
1548780 1597
1548790 1594
1548800 1591
1548810 1591
1548820 1590
1548830 1588
1548840 1588
1548850 1586
1548860 1584
1548870 1584
1548880 1581
1548890 1579
1548900 1579
1548910 1576
1548920 1575
1548930 1575
1548940 1573
1548950 1572
1548960 1572
1548970 1571
1548980 1569
1548990 1569
1549000 1567
1549010 1565
1549020 1565
1549030 1563
1549040 1561
1549050 1561
1549060 1559
1549070 1557
1549080 1555
1549090 1555
1549100 1554
1549110 1553
1549120 1553
1549130 1552
1549140 1550
1549150 1550
1549160 1549
1549170 1547
1549180 1547
1549190 1546
1549200 1543
1549210 1543
1549220 1541
1549230 1538
1549240 1538
1549250 1535
1549260 1534
1549270 1534
1549280 1531
1549290 1529
1549300 1529
1549310 1527
1549320 1525
1549330 1525
1549340 1523
1549350 1520
1549360 1517
1549370 1517
1549380 1514
1549390 1511
1549400 1511
1549410 1507
1549420 1503
1549430 1503
1549440 1500
1549450 1496
1549460 1496
1549470 1493
1549480 1490
1549490 1490
1549500 1487
1549510 1484
1549520 1484
1549530 1481
1549540 1478
1549550 1478
1549560 1475
1549570 1472
1549580 1472
1549590 1468
1549600 1464
1549610 1464
1549620 1460
1549630 1456
1549640 1456
1549650 1452
1549660 1449
1549670 1445
1549680 1445
1549690 1441
1549700 1436
1549710 1436
1549720 1432
1549730 1428
1549740 1428
1549750 1425
1549760 1421
1549770 1421
1549780 1417
1549790 1413
1549800 1413
1549810 1408
1549820 1403
1549830 1403
1549840 1398
1549850 1393
1549860 1393
1549870 1388
1549880 1382
1549890 1382
1549900 1377
1549910 1372
1549920 1372
1549930 1367
1549940 1362
1549950 1357
1549960 1357
1549970 1352
1549980 1347
1549990 1347
1550000 1341
1550010 1337
1550020 1337
1550030 1331
1550040 1326
1550050 1326
1550060 1321
1550070 1316
1550080 1316
1550090 1311
1550100 1307
1550110 1307
1550120 1302
1550130 1297
1550140 1297
1550150 1293
1550160 1289
1550170 1289
1550180 1285
1550190 1280
1550200 1280
1550210 1276
1550220 1271
1550230 1266
1550240 1266
1550250 1261
1550260 1256
1550270 1256
1550280 1251
1550290 1246
1550300 1246
1550310 1240
1550320 1235
1550330 1237
1550340 1233
1550350 1228
1550360 1228
1550370 1223
1550380 1218
1550390 1218
1550400 1213
1550410 1208
1550420 1208
1550430 1203
1550440 1196
1550450 1196
1550460 1191
1550470 1187
1550480 1187
1550490 1183
1550500 1180
1550510 1180
1550520 1177
1550530 1175
1550540 1174
1550550 1174
1550560 1171
1550570 1167
1550580 1167
1550590 1163
1550600 1158
1550610 1158
1550620 1153
1550630 1147
1550640 1147
1550650 1141
1550660 1134
1550670 1134
1550680 1128
1550690 1122
1550700 1122
1550710 1117
1550720 1112
1550730 1112
1550740 1106
1550750 1101
1550760 1101
1550770 1095
1550780 1089
1550790 1089
1550800 1083
1550810 1077
1550820 1071
1550830 1071
1550840 1065
1550850 1059
1550860 1059
1550870 1054
1550880 1048
1550890 1048
1550900 1044
1550910 1039
1550920 1039
1550930 1035
1550940 1029
1550950 1029
1550960 1023
1550970 1017
1550980 1017
1550990 1012
1551000 1007
1551010 1007
1551020 1002
1551030 999
1551040 999
1551050 996
1551060 990
1551070 990
1551080 982
1551090 975
1551100 975
1551110 966
1551120 958
1551130 949
1551140 949
1551150 940
1551160 936
1551170 936
1551180 932
1551190 928
1551200 928
1551210 921
1551220 914
1551230 914
1551240 907
1551250 901
1551260 901
1551270 897
1551280 894
1551290 894
1551300 891
1551310 887
1551320 887
1551330 886
1551340 886
1551350 886
1551360 885
1551370 883
1551380 883
1551390 883
1551400 882
1551410 883
1551420 883
1551430 885
1551440 887
1551450 887
1551460 889
1551470 891
1551480 891
1551490 893
1551500 894
1551510 894
1551520 895
1551530 897
1551540 897
1551550 899
1551560 902
1551570 902
1551580 904
1551590 908
1551600 908
1551610 912
1551620 917
1551630 917
1551640 922
1551650 925
1551660 925
1551670 929
1551680 935
1551690 939
1551700 939
1551710 944
1551720 949
1551730 949
1551740 954
1551750 961
1551760 961
1551770 969
1551780 977
1551790 977
1551800 983
1551810 990
1551820 990
1551830 999
1551840 1007
1551850 1007
1551860 1016
1551870 1025
1551880 1025
1551890 1032
1551900 1039
1551910 1039
1551920 1045
1551930 1051
1551940 1051
1551950 1057
1551960 1063
1551970 1063
1551980 1069
1551990 1076
1552000 1083
1552010 1083
1552020 1089
1552030 1096
1552040 1096
1552050 1103
1552060 1109
1552070 1109
1552080 1115
1552090 1121
1552100 1121
1552110 1128
1552120 1135
1552130 1135
1552140 1141
1552150 1148
1552160 1148
1552170 1155
1552180 1162
1552190 1162
1552200 1170
1552210 1179
1552220 1179
1552230 1187
1552240 1197
1552250 1196
1552260 1204
1552270 1211
1552280 1220
1552290 1220
1552300 1226
1552310 1233
1552320 1233
1552330 1240
1552340 1246
1552350 1246
1552360 1252
1552370 1259
1552380 1259
1552390 1263
1552400 1270
1552410 1270
1552420 1278
1552430 1284
1552440 1284
1552450 1291
1552460 1298
1552470 1298
1552480 1304
1552490 1308
1552500 1308
1552510 1313
1552520 1317
1552530 1317
1552540 1322
1552550 1329
1552560 1337
1552570 1337
1552580 1344
1552590 1350
1552600 1350
1552610 1357
1552620 1367
1552630 1367
1552640 1375
1552650 1382
1552660 1382
1552670 1389
1552680 1397
1552690 1397
1552700 1403
1552710 1411
1552720 1411
1552730 1419
1552740 1429
1552750 1429
1552760 1439
1552770 1448
1552780 1448
1552790 1455
1552800 1458
1552810 1458
1552820 1460
1552830 1465
1552840 1465
1552850 1469
1552860 1472
1552870 1478
1552880 1478
1552890 1484
1552900 1489
1552910 1489
1552920 1493
1552930 1500
1552940 1500
1552950 1510
1552960 1516
1552970 1516
1552980 1522
1552990 1529
1553000 1529
1553010 1535
1553020 1542
1553030 1542
1553040 1551
1553050 1561
1553060 1561
1553070 1573
1553080 1582
1553090 1582
1553100 1592
1553110 1598
1553120 1598
1553130 1608
1553140 1613
1553150 1617
1553160 1617
1553170 1623
1553180 1632
1553190 1632
1553200 1642
1553210 1649
1553220 1649
1553230 1655
1553240 1661
1553250 1661
1553260 1666
1553270 1670
1553280 1670
1553290 1675
1553300 1681
1553310 1681
1553320 1685
1553330 1691
1553340 1691
1553350 1693
1553360 1698
1553370 1698
1553380 1700
1553390 1702
1553400 1702
1553410 1703
1553420 1706
1553430 1709
1553440 1709
1553450 1712
1553460 1715
1553470 1715
1553480 1717
1553490 1720
1553500 1720
1553510 1723
1553520 1727
1553530 1727
1553540 1731
1553550 1735
1553560 1735
1553570 1740
1553580 1744
1553590 1744
1553600 1749
1553610 1756
1553620 1756
1553630 1763
1553640 1774
1553650 1774
1553660 1779
1553670 1783
1553680 1783
1553690 1787
1553700 1791
1553710 1791
1553720 1795
1553730 1799
1553740 1803
1553750 1803
1553760 1807
1553770 1811
1553780 1811
1553790 1815
1553800 1819
1553810 1819
1553820 1822
1553830 1825
1553840 1825
1553850 1828
1553860 1831
1553870 1831
1553880 1834
1553890 1838
1553900 1838
1553910 1840
1553920 1843
1553930 1843
1553940 1845
1553950 1845
1553960 1845
1553970 1844
1553980 1841
1553990 1841
1554000 1835
1554010 1829
1554020 1821
1554030 1821
1554040 1814
1554050 1806
1554060 1806
1554070 1800
1554080 1793
1554090 1793
1554100 1787
1554110 1784
1554120 1784
1554130 1778
1554140 1772
1554150 1772
1554160 1765
1554170 1759
1554180 1759
1554190 1754
1554200 1748
1554210 1748
1554220 1743
1554230 1739
1554240 1739
1554250 1735
1554260 1732
1554270 1732
1554280 1727
1554290 1722
1554300 1717
1554310 1717
1554320 1712
1554330 1707
1554340 1707
1554350 1701
1554360 1696
1554370 1696
1554380 1690
1554390 1685
1554400 1685
1554410 1679
1554420 1674
1554430 1674
1554440 1669
1554450 1664
1554460 1664
1554470 1659
1554480 1655
1554490 1655
1554500 1651
1554510 1644
1554520 1644
1554530 1638
1554540 1635
1554550 1635
1554560 1633
1554570 1629
1554580 1629
1554590 1626
1554600 1623
1554610 1619
1554620 1619
1554630 1614
1554640 1608
1554650 1608
1554660 1602
1554670 1596
1554680 1596
1554690 1592
1554700 1591
1554710 1591
1554720 1590
1554730 1590
1554740 1590
1554750 1588
1554760 1585
1554770 1585
1554780 1580
1554790 1578
1554800 1578
1554810 1576
1554820 1574
1554830 1574
1554840 1573
1554850 1570
1554860 1570
1554870 1566
1554880 1563
1554890 1559
1554900 1559
1554910 1556
1554920 1552
1554930 1552
1554940 1550
1554950 1547
1554960 1547
1554970 1543
1554980 1539
1554990 1539
1555000 1537
1555010 1535
1555020 1535
1555030 1533
1555040 1531
1555050 1531
1555060 1528
1555070 1526
1555080 1526
1555090 1524
1555100 1522
1555110 1522
1555120 1520
1555130 1518
1555140 1518
1555150 1516
1555160 1513
1555170 1513
1555180 1511
1555190 1508
1555200 1504
1555210 1504
1555220 1500
1555230 1498
1555240 1498
1555250 1494
1555260 1492
1555270 1492
1555280 1489
1555290 1486
1555300 1486
1555310 1483
1555320 1480
1555330 1480
1555340 1477
1555350 1473
1555360 1473
1555370 1470
1555380 1466
1555390 1466
1555400 1463
1555410 1460
1555420 1460
1555430 1456
1555440 1455
1555450 1455
1555460 1449
1555470 1445
1555480 1442
1555490 1442
1555500 1439
1555510 1437
1555520 1437
1555530 1434
1555540 1432
1555550 1432
1555560 1429
1555570 1425
1555580 1425
1555590 1420
1555600 1415
1555610 1415
1555620 1411
1555630 1408
1555640 1408
1555650 1407
1555660 1405
1555670 1405
1555680 1403
1555690 1400
1555700 1400
1555710 1397
1555720 1393
1555730 1393
1555740 1391
1555750 1389
1555760 1386
1555770 1386
1555780 1382
1555790 1378
1555800 1378
1555810 1376
1555820 1373
1555830 1373
1555840 1371
1555850 1369
1555860 1369
1555870 1366
1555880 1363
1555890 1363
1555900 1360
1555910 1356
1555920 1356
1555930 1353
1555940 1349
1555950 1349
1555960 1344
1555970 1340
1555980 1340
1555990 1338
1556000 1337
1556010 1337
1556020 1337
1556030 1334
1556040 1334
1556050 1331
1556060 1329
1556070 1326
1556080 1326
1556090 1323
1556100 1320
1556110 1320
1556120 1316
1556130 1313
1556140 1313
1556150 1308
1556160 1304
1556170 1304
1556180 1300
1556190 1296
1556200 1296
1556210 1293
1556220 1289
1556230 1289
1556240 1285
1556250 1282
1556260 1282
1556270 1277
1556280 1272
1556290 1272
1556300 1268
1556310 1263
1556320 1263
1556330 1259
1556340 1254
1556350 1250
1556360 1250
1556370 1246
1556380 1242
1556390 1242
1556400 1239
1556410 1235
1556420 1235
1556430 1230
1556440 1225
1556450 1225
1556460 1221
1556470 1217
1556480 1217
1556490 1212
1556500 1208
1556510 1208
1556520 1204
1556530 1200
1556540 1200
1556550 1197
1556560 1193
1556570 1193
1556580 1190
1556590 1187
1556600 1187
1556610 1183
1556620 1180
1556630 1180
1556640 1176
1556650 1171
1556660 1166
1556670 1166
1556680 1162
1556690 1158
1556700 1158
1556710 1153
1556720 1148
1556730 1148
1556740 1141
1556750 1137
1556760 1137
1556770 1133
1556780 1130
1556790 1130
1556800 1127
1556810 1125
1556820 1125
1556830 1120
1556840 1116
1556850 1116
1556860 1113
1556870 1109
1556880 1109
1556890 1105
1556900 1100
1556910 1100
1556920 1094
1556930 1088
1556940 1084
1556950 1084
1556960 1081
1556970 1076
1556980 1076
1556990 1070
1557000 1065
1557010 1065
1557020 1061
1557030 1057
1557040 1057
1557050 1052
1557060 1048
1557070 1048
1557080 1047
1557090 1044
1557100 1044
1557110 1044
1557120 1042
1557130 1042
1557140 1040
1557150 1038
1557160 1038
1557170 1036
1557180 1034
1557190 1034
1557200 1030
1557210 1023
1557220 1018
1557230 1018
1557240 1013
1557250 1009
1557260 1009
1557270 1006
1557280 1002
1557290 1002
1557300 994
1557310 986
1557320 986
1557330 983
1557340 978
1557350 978
1557360 972
1557370 968
1557380 968
1557390 964
1557400 960
1557410 960
1557420 956
1557430 952
1557440 952
1557450 949
1557460 946
1557470 946
1557480 945
1557490 943
1557500 943
1557510 942
1557520 941
1557530 939
1557540 939
1557550 937
1557560 935
1557570 935
1557580 934
1557590 932
1557600 932
1557610 930
1557620 929
1557630 929
1557640 928
1557650 927
1557660 927
1557670 926
1557680 925
1557690 925
1557700 920
1557710 920
1557720 920
1557730 919
1557740 919
1557750 919
1557760 918
1557770 918
1557780 918
1557790 915
1557800 918
1557810 918
1557820 918
1557830 918
1557840 917
1557850 917
1557860 916
1557870 916
1557880 916
1557890 915
1557900 913
1557910 913
1557920 911
1557930 911
1557940 911
1557950 911
1557960 911
1557970 911
1557980 913
1557990 917
1558000 917
1558010 921
1558020 925
1558030 925
1558040 927
1558050 930
1558060 930
1558070 932
1558080 936
1558090 939
1558100 939
1558110 943
1558120 948
1558130 948
1558140 951
1558150 951
1558160 951
1558170 953
1558180 957
1558190 957
1558200 960
1558210 963
1558220 963
1558230 965
1558240 969
1558250 969
1558260 973
1558270 978
1558280 978
1558290 981
1558300 983
1558310 983
1558320 985
1558330 987
1558340 987
1558350 987
1558360 988
1558370 988
1558380 989
1558390 990
1558400 993
1558410 993
1558420 998
1558430 1003
1558440 1003
1558450 1005
1558460 1006
1558470 1006
1558480 1007
1558490 1008
1558500 1008
1558510 1010
1558520 1010
1558530 1010
1558540 1011
1558550 1017
1558560 1017
1558570 1018
1558580 1020
1558590 1020
1558600 1022
1558610 1024
1558620 1024
1558630 1025
1558640 1027
1558650 1027
1558660 1028
1558670 1029
1558680 1029
1558690 1029
1558700 1028
1558710 1033
1558720 1033
1558730 1038
1558740 1041
1558750 1041
1558760 1043
1558770 1045
1558780 1045
1558790 1046
1558800 1048
1558810 1048
1558820 1050
1558830 1053
1558840 1053
1558850 1056
1558860 1061
1558870 1061
1558880 1065
1558890 1068
1558900 1068
1558910 1072
1558920 1075
1558930 1075
1558940 1079
1558950 1083
1558960 1085
1558970 1085
1558980 1087
1558990 1089
1559000 1089
1559010 1092
1559020 1094
1559030 1094
1559040 1096
1559050 1098
1559060 1098
1559070 1101
1559080 1104
1559090 1104
1559100 1108
1559110 1113
1559120 1113
1559130 1119
1559140 1124
1559150 1124
1559160 1128
1559170 1134
1559180 1134
1559190 1137
1559200 1142
1559210 1142
1559220 1147
1559230 1153
1559240 1153
1559250 1160
1559260 1165
1559270 1168
1559280 1168
1559290 1171
1559300 1174
1559310 1174
1559320 1177
1559330 1180
1559340 1180
1559350 1181
1559360 1184
1559370 1184
1559380 1189
1559390 1194
1559400 1194
1559410 1198
1559420 1208
1559430 1208
1559440 1212
1559450 1215
1559460 1215
1559470 1219
1559480 1223
1559490 1223
1559500 1226
1559510 1230
1559520 1230
1559530 1234
1559540 1238
1559550 1244
1559560 1244
1559570 1249
1559580 1253
1559590 1253
1559600 1257
1559610 1260
1559620 1260
1559630 1263
1559640 1265
1559650 1265
1559660 1268
1559670 1271
1559680 1271
1559690 1274
1559700 1277
1559710 1277
1559720 1281
1559730 1284
1559740 1284
1559750 1288
1559760 1292
1559770 1292
1559780 1295
1559790 1299
1559800 1299
1559810 1303
1559820 1305
1559830 1305
1559840 1308
1559850 1311
1559860 1314
1559870 1314
1559880 1316
1559890 1318
1559900 1318
1559910 1320
1559920 1322
1559930 1322
1559940 1323
1559950 1325
1559960 1325
1559970 1327
1559980 1329
1559990 1329
