1540000 1162
1540010 1169
1540020 1169
1540030 1176
1540040 1183
1540050 1189
1540060 1189
1540070 1193
1540080 1198
1540090 1198
1540100 1202
1540110 1208
1540120 1208
1540130 1213
1540140 1219
1540150 1219
1540160 1224
1540170 1228
1540180 1228
1540190 1233
1540200 1238
1540210 1238
1540220 1243
1540230 1247
1540240 1247
1540250 1251
1540260 1254
1540270 1254
1540280 1257
1540290 1259
1540300 1259
1540310 1262
1540320 1265
1540330 1265
1540340 1267
1540350 1269
1540360 1271
1540370 1271
1540380 1272
1540390 1273
1540400 1273
1540410 1275
1540420 1278
1540430 1278
1540440 1280
1540450 1282
1540460 1282
1540470 1287
1540480 1292
1540490 1292
1540500 1296
1540510 1300
1540520 1300
1540530 1304
1540540 1308
1540550 1308
1540560 1313
1540570 1318
1540580 1318
1540590 1322
1540600 1326
1540610 1326
1540620 1331
1540630 1336
1540640 1340
1540650 1340
1540660 1345
1540670 1349
1540680 1349
1540690 1354
1540700 1358
1540710 1358
1540720 1363
1540730 1368
1540740 1368
1540750 1372
1540760 1377
1540770 1377
1540780 1382
1540790 1386
1540800 1386
1540810 1391
1540820 1395
1540830 1395
1540840 1399
1540850 1403
1540860 1403
1540870 1408
1540880 1410
1540890 1410
1540900 1413
1540910 1418
1540920 1421
1540930 1421
1540940 1424
1540950 1427
1540960 1427
1540970 1430
1540980 1433
1540990 1433
1541000 1436
1541010 1439
1541020 1439
1541030 1441
1541040 1443
1541050 1443
1541060 1446
1541070 1450
1541080 1450
1541090 1452
1541100 1455
1541110 1455
1541120 1458
1541130 1461
1541140 1461
1541150 1463
1541160 1466
1541170 1466
1541180 1469
1541190 1471
1541200 1471
1541210 1474
1541220 1476
1541230 1478
1541240 1478
1541250 1481
1541260 1484
1541270 1484
1541280 1486
1541290 1488
1541300 1488
1541310 1490
1541320 1493
1541330 1493
1541340 1494
1541350 1496
1541360 1496
1541370 1498
1541380 1500
1541390 1500
1541400 1501
1541410 1501
1541420 1501
1541430 1500
1541440 1496
1541450 1496
1541460 1491
1541470 1486
1541480 1486
1541490 1482
1541500 1479
1541510 1475
1541520 1475
1541530 1472
1541540 1469
1541550 1469
1541560 1467
1541570 1464
1541580 1464
1541590 1462
1541600 1460
1541610 1460
1541620 1457
1541630 1455
1541640 1455
1541650 1452
1541660 1449
1541670 1449
1541680 1447
1541690 1445
1541700 1445
1541710 1443
1541720 1441
1541730 1441
1541740 1439
1541750 1437
1541760 1437
1541770 1436
1541780 1434
1541790 1434
1541800 1433
1541810 1432
1541820 1432
1541830 1432
1541840 1431
1541850 1430
1541860 1430
1541870 1430
1541880 1430
1541890 1430
1541900 1430
1541910 1429
1541920 1429
1541930 1429
1541940 1429
1541950 1429
1541960 1431
1541970 1434
1541980 1434
1541990 1435
1542000 1436
1542010 1436
1542020 1441
1542030 1446
1542040 1446
1542050 1449
1542060 1453
1542070 1453
1542080 1456
1542090 1458
1542100 1461
1542110 1461
1542120 1463
1542130 1464
1542140 1464
1542150 1466
1542160 1471
1542170 1471
1542180 1476
1542190 1480
1542200 1480
1542210 1483
1542220 1487
1542230 1487
1542240 1490
1542250 1493
1542260 1493
1542270 1497
1542280 1501
1542290 1501
1542300 1504
1542310 1508
1542320 1508
1542330 1511
1542340 1513
1542350 1513
1542360 1516
1542370 1518
1542380 1518
1542390 1520
1542400 1522
1542410 1524
1542420 1524
1542430 1525
1542440 1526
1542450 1526
1542460 1527
1542470 1529
1542480 1529
1542490 1531
1542500 1532
1542510 1532
1542520 1535
1542530 1536
1542540 1536
1542550 1535
1542560 1538
1542570 1538
1542580 1542
1542590 1544
1542600 1544
1542610 1546
1542620 1548
1542630 1548
1542640 1550
1542650 1554
1542660 1554
1542670 1560
1542680 1565
1542690 1571
1542700 1571
1542710 1576
1542720 1580
1542730 1580
1542740 1585
1542750 1590
1542760 1590
1542770 1594
1542780 1598
1542790 1598
1542800 1602
1542810 1605
1542820 1605
1542830 1608
1542840 1612
1542850 1612
1542860 1615
1542870 1619
1542880 1619
1542890 1624
1542900 1628
1542910 1628
1542920 1631
1542930 1635
1542940 1635
1542950 1639
1542960 1643
1542970 1643
1542980 1647
1542990 1650
1543000 1653
1543010 1653
1543020 1657
1543030 1660
1543040 1660
1543050 1662
1543060 1663
1543070 1663
1543080 1662
1543090 1661
1543100 1661
1543110 1659
1543120 1657
1543130 1657
1543140 1653
1543150 1649
1543160 1649
1543170 1647
1543180 1644
1543190 1644
1543200 1641
1543210 1638
1543220 1638
1543230 1636
1543240 1633
1543250 1629
1543260 1626
1543270 1623
1543280 1620
1543290 1620
1543300 1617
1543310 1614
1543320 1614
1543330 1611
1543340 1609
1543350 1609
1543360 1606
1543370 1602
1543380 1602
1543390 1600
1543400 1600
1543410 1600
1543420 1599
1543430 1595
1543440 1595
1543450 1592
1543460 1589
1543470 1589
1543480 1587
1543490 1585
1543500 1585
1543510 1584
1543520 1582
1543530 1582
1543540 1581
1543550 1579
1543560 1579
1543570 1577
1543580 1575
1543590 1574
1543600 1574
1543610 1573
1543620 1571
1543630 1571
1543640 1569
1543650 1567
1543660 1567
1543670 1567
1543680 1565
1543690 1565
1543700 1563
1543710 1562
1543720 1562
1543730 1560
1543740 1558
1543750 1558
1543760 1556
1543770 1554
1543780 1554
1543790 1551
1543800 1549
1543810 1549
1543820 1546
1543830 1543
1543840 1543
1543850 1539
1543860 1535
1543870 1531
1543880 1531
1543890 1526
1543900 1520
1543910 1520
1543920 1515
1543930 1508
1543940 1508
1543950 1504
1543960 1502
1543970 1502
1543980 1497
1543990 1491
1544000 1491
1544010 1485
1544020 1483
1544030 1483
1544040 1480
1544050 1476
1544060 1476
1544070 1471
1544080 1467
1544090 1467
1544100 1462
1544110 1457
1544120 1457
1544130 1452
1544140 1447
1544150 1447
1544160 1442
1544170 1438
1544180 1434
1544190 1434
1544200 1431
1544210 1431
1544220 1431
1544230 1429
1544240 1427
1544250 1427
1544260 1425
1544270 1424
1544280 1424
1544290 1423
1544300 1424
1544310 1424
1544320 1424
1544330 1424
1544340 1424
1544350 1423
1544360 1421
1544370 1421
1544380 1418
1544390 1416
1544400 1416
1544410 1413
1544420 1407
1544430 1407
1544440 1401
1544450 1395
1544460 1390
1544470 1390
1544480 1385
1544490 1380
1544500 1380
1544510 1375
1544520 1371
1544530 1371
1544540 1366
1544550 1361
1544560 1361
1544570 1355
1544580 1349
1544590 1349
1544600 1342
1544610 1336
1544620 1336
1544630 1329
1544640 1322
1544650 1322
1544660 1327
1544670 1333
1544680 1333
1544690 1335
1544700 1336
1544710 1336
1544720 1338
1544730 1342
1544740 1342
1544750 1344
1544760 1346
1544770 1348
1544780 1348
1544790 1349
1544800 1350
1544810 1350
1544820 1351
1544830 1352
1544840 1352
1544850 1352
1544860 1353
1544870 1353
1544880 1354
1544890 1354
1544900 1354
1544910 1355
1544920 1357
1544930 1357
1544940 1359
1544950 1361
1544960 1361
1544970 1363
1544980 1365
1544990 1365
1545000 1367
1545010 1367
1545020 1367
1545030 1369
1545040 1371
1545050 1371
1545060 1371
1545070 1371
1545080 1369
1545090 1369
1545100 1367
1545110 1364
1545120 1364
1545130 1361
1545140 1358
1545150 1358
1545160 1356
1545170 1353
1545180 1353
1545190 1351
1545200 1347
1545210 1347
1545220 1344
1545230 1339
1545240 1339
1545250 1335
1545260 1330
1545270 1330
1545280 1324
1545290 1318
1545300 1318
1545310 1312
1545320 1306
1545330 1306
1545340 1301
1545350 1294
1545360 1288
1545370 1288
1545380 1279
1545390 1272
1545400 1272
1545410 1266
1545420 1260
1545430 1260
1545440 1253
1545450 1247
1545460 1247
1545470 1242
1545480 1238
1545490 1238
1545500 1233
1545510 1227
1545520 1227
1545530 1221
1545540 1215
1545550 1215
1545560 1208
1545570 1203
1545580 1203
1545590 1197
1545600 1192
1545610 1192
1545620 1187
1545630 1183
1545640 1179
1545650 1179
1545660 1174
1545670 1171
1545680 1171
1545690 1166
1545700 1161
1545710 1161
1545720 1156
1545730 1150
1545740 1150
1545750 1145
1545760 1140
1545770 1140
1545780 1135
1545790 1129
1545800 1129
1545810 1123
1545820 1116
1545830 1116
1545840 1109
1545850 1103
1545860 1103
1545870 1097
1545880 1091
1545890 1091
1545900 1086
1545910 1081
1545920 1081
1545930 1075
1545940 1071
1545950 1067
1545960 1067
1545970 1062
1545980 1060
1545990 1060
1546000 1060
1546010 1065
1546020 1065
1546030 1072
1546040 1078
1546050 1078
1546060 1084
1546070 1089
1546080 1089
1546090 1094
1546100 1100
1546110 1100
1546120 1104
1546130 1108
1546140 1108
1546150 1113
1546160 1120
1546170 1120
1546180 1126
1546190 1131
1546200 1131
1546210 1136
1546220 1140
1546230 1144
1546240 1144
1546250 1148
1546260 1151
1546270 1151
1546280 1157
1546290 1162
1546300 1162
1546310 1167
1546320 1171
1546330 1171
1546340 1175
1546350 1179
1546360 1179
1546370 1181
1546380 1185
1546390 1185
1546400 1190
1546410 1195
1546420 1195
1546430 1198
1546440 1201
1546450 1201
1546460 1205
1546470 1209
1546480 1209
1546490 1213
1546500 1217
1546510 1217
1546520 1222
1546530 1226
1546540 1231
1546550 1231
1546560 1236
1546570 1241
1546580 1241
1546590 1246
1546600 1251
1546610 1251
1546620 1254
1546630 1257
1546640 1257
1546650 1261
1546660 1264
1546670 1264
1546680 1267
1546690 1271
1546700 1271
1546710 1274
1546720 1277
1546730 1277
1546740 1279
1546750 1282
1546760 1282
1546770 1286
1546780 1289
1546790 1289
1546800 1293
1546810 1297
1546820 1301
1546830 1301
1546840 1305
1546850 1310
1546860 1310
1546870 1315
1546880 1320
1546890 1320
1546900 1325
1546910 1330
1546920 1330
1546930 1334
1546940 1338
1546950 1338
1546960 1341
1546970 1345
1546980 1345
1546990 1348
1547000 1351
1547010 1351
1547020 1354
1547030 1358
1547040 1358
1547050 1360
1547060 1363
1547070 1363
1547080 1366
1547090 1371
1547100 1371
1547110 1375
1547120 1379
1547130 1383
1547140 1383
1547150 1387
1547160 1391
1547170 1391
1547180 1396
1547190 1400
1547200 1400
1547210 1404
1547220 1409
1547230 1409
1547240 1413
1547250 1416
1547260 1416
1547270 1421
1547280 1426
1547290 1426
1547300 1431
1547310 1435
1547320 1435
1547330 1440
1547340 1447
1547350 1447
1547360 1454
1547370 1463
1547380 1463
1547390 1471
1547400 1477
1547410 1482
1547420 1482
1547430 1487
1547440 1495
1547450 1495
1547460 1500
1547470 1505
1547480 1505
1547490 1509
1547500 1514
1547510 1514
1547520 1519
1547530 1524
1547540 1524
1547550 1530
1547560 1537
1547570 1537
1547580 1543
1547590 1548
1547600 1548
1547610 1554
1547620 1559
1547630 1559
1547640 1564
1547650 1570
1547660 1570
1547670 1575
1547680 1581
1547690 1581
1547700 1587
1547710 1594
1547720 1600
1547730 1600
1547740 1606
1547750 1612
1547760 1612
1547770 1618
1547780 1625
1547790 1625
1547800 1631
1547810 1637
1547820 1637
1547830 1643
1547840 1650
1547850 1650
1547860 1656
1547870 1662
1547880 1662
1547890 1666
1547900 1671
1547910 1671
1547920 1676
1547930 1680
1547940 1680
1547950 1685
1547960 1691
1547970 1691
1547980 1697
1547990 1702
1548000 1707
1548010 1707
1548020 1713
1548030 1718
1548040 1718
1548050 1724
1548060 1729
1548070 1729
1548080 1735
1548090 1741
1548100 1741
1548110 1746
1548120 1752
1548130 1752
1548140 1757
1548150 1762
1548160 1762
1548170 1768
1548180 1774
1548190 1774
1548200 1779
1548210 1784
1548220 1784
1548230 1789
1548240 1795
1548250 1795
1548260 1801
1548270 1807
1548280 1807
1548290 1813
1548300 1820
1548310 1827
1548320 1827
1548330 1834
1548340 1840
1548350 1840
1548360 1847
1548370 1854
1548380 1854
1548390 1860
1548400 1868
1548410 1868
1548420 1873
1548430 1875
1548440 1875
1548450 1877
1548460 1878
1548470 1878
1548480 1880
1548490 1880
1548500 1880
1548510 1877
1548520 1870
1548530 1870
1548540 1864
1548550 1858
1548560 1858
1548570 1851
1548580 1844
1548590 1837
1548600 1837
1548610 1832
1548620 1827
1548630 1827
1548640 1822
1548650 1817
1548660 1817
1548670 1811
1548680 1805
1548690 1805
1548700 1798
1548710 1792
1548720 1792
1548730 1785
1548740 1779
1548750 1779
1548760 1773
1548770 1768
1548780 1768
1548790 1764
1548800 1760
1548810 1760
1548820 1755
1548830 1750
1548840 1750
1548850 1746
1548860 1742
1548870 1742
1548880 1738
1548890 1732
1548900 1726
1548910 1726
1548920 1720
1548930 1714
1548940 1714
1548950 1710
1548960 1706
1548970 1706
1548980 1704
1548990 1700
1549000 1700
1549010 1696
1549020 1692
1549030 1692
1549040 1688
1549050 1683
1549060 1683
1549070 1677
1549080 1672
1549090 1672
1549100 1668
1549110 1666
1549120 1666
1549130 1662
1549140 1656
1549150 1656
1549160 1651
1549170 1645
1549180 1639
1549190 1639
1549200 1632
1549210 1627
1549220 1627
1549230 1623
1549240 1619
1549250 1619
1549260 1615
1549270 1610
1549280 1610
1549290 1603
1549300 1598
1549310 1598
1549320 1594
1549330 1590
1549340 1590
1549350 1584
1549360 1579
1549370 1579
1549380 1574
1549390 1567
1549400 1567
1549410 1561
1549420 1555
1549430 1555
1549440 1557
1549450 1550
1549460 1550
1549470 1543
1549480 1536
1549490 1529
1549500 1529
1549510 1522
1549520 1516
1549530 1516
1549540 1511
1549550 1503
1549560 1503
1549570 1497
1549580 1491
1549590 1491
1549600 1485
1549610 1478
1549620 1478
1549630 1471
1549640 1464
1549650 1464
1549660 1457
1549670 1450
1549680 1450
1549690 1444
1549700 1439
1549710 1439
1549720 1436
1549730 1432
1549740 1432
1549750 1427
1549760 1423
1549770 1417
1549780 1417
1549790 1412
1549800 1407
1549810 1407
1549820 1402
1549830 1397
1549840 1397
1549850 1391
1549860 1385
1549870 1385
1549880 1380
1549890 1376
1549900 1376
1549910 1372
1549920 1367
1549930 1367
1549940 1361
1549950 1355
1549960 1355
1549970 1349
1549980 1342
1549990 1342
1550000 1336
1550010 1330
1550020 1330
1550030 1327
1550040 1324
1550050 1324
1550060 1320
1550070 1316
1550080 1312
1550090 1312
1550100 1308
1550110 1305
1550120 1305
1550130 1301
1550140 1297
1550150 1297
1550160 1293
1550170 1289
1550180 1289
1550190 1285
1550200 1282
1550210 1282
1550220 1278
1550230 1274
1550240 1274
1550250 1270
1550260 1266
1550270 1266
1550280 1263
1550290 1259
1550300 1259
1550310 1257
1550320 1254
1550330 1254
1550340 1251
1550350 1248
1550360 1245
1550370 1245
1550380 1241
1550390 1237
1550400 1237
1550410 1233
1550420 1230
1550430 1230
1550440 1226
1550450 1223
1550460 1223
1550470 1218
1550480 1212
1550490 1212
1550500 1206
1550510 1200
1550520 1200
1550530 1195
1550540 1190
1550550 1190
1550560 1185
1550570 1182
1550580 1182
1550590 1178
1550600 1173
1550610 1173
1550620 1169
1550630 1164
1550640 1159
1550650 1159
1550660 1156
1550670 1151
1550680 1151
1550690 1145
1550700 1139
1550710 1139
1550720 1133
1550730 1127
1550740 1127
1550750 1119
1550760 1112
1550770 1112
1550780 1106
1550790 1098
1550800 1098
1550810 1092
1550820 1086
1550830 1086
1550840 1080
1550850 1075
1550860 1075
1550870 1069
1550880 1063
1550890 1063
1550900 1057
1550910 1051
1550920 1051
1550930 1046
1550940 1041
1550950 1035
1550960 1035
1550970 1030
1550980 1025
1550990 1025
1551000 1021
1551010 1018
1551020 1018
1551030 1014
1551040 1008
1551050 1008
1551060 1000
1551070 995
1551080 995
1551090 991
1551100 988
1551110 988
1551120 986
1551130 984
1551140 984
1551150 981
1551160 978
1551170 978
1551180 976
1551190 973
1551200 973
1551210 968
1551220 960
1551230 953
1551240 953
1551250 947
1551260 942
1551270 942
1551280 937
1551290 933
1551300 933
1551310 931
1551320 929
1551330 929
1551340 926
1551350 922
1551360 922
1551370 917
1551380 916
1551390 916
1551400 912
1551410 908
1551420 908
1551430 903
1551440 899
1551450 899
1551460 895
1551470 891
1551480 891
1551490 887
1551500 884
1551510 884
1551520 881
1551530 877
1551540 873
1551550 873
1551560 868
1551570 864
1551580 864
1551590 860
1551600 856
1551610 856
1551620 855
1551630 856
1551640 856
1551650 858
1551660 859
1551670 859
1551680 862
1551690 867
1551700 867
1551710 872
1551720 876
1551730 876
1551740 879
1551750 883
1551760 883
1551770 887
1551780 891
1551790 891
1551800 894
1551810 898
1551820 902
1551830 902
1551840 907
1551850 912
1551860 912
1551870 919
1551880 924
1551890 924
1551900 929
1551910 934
1551920 934
1551930 940
1551940 946
1551950 946
1551960 953
1551970 961
1551980 961
1551990 967
1552000 969
1552010 969
1552020 972
1552030 975
1552040 975
1552050 977
1552060 979
1552070 979
1552080 981
1552090 984
1552100 984
1552110 989
1552120 992
1552130 993
1552140 993
1552150 996
1552160 995
1552170 995
1552180 995
1552190 996
1552200 996
1552210 1000
1552220 1003
1552230 1003
1552240 1003
1552250 1004
1552260 1004
1552270 1003
1552280 1003
1552290 1003
1552300 1001
1552310 1000
1552320 1000
1552330 999
1552340 999
1552350 999
1552360 999
1552370 999
1552380 999
1552390 998
1552400 998
1552410 1001
1552420 1001
1552430 1003
1552440 1004
1552450 1004
1552460 1006
1552470 1009
1552480 1009
1552490 1010
1552500 1012
1552510 1012
1552520 1014
1552530 1017
1552540 1017
1552550 1021
1552560 1026
1552570 1026
1552580 1031
1552590 1035
1552600 1035
1552610 1041
1552620 1046
1552630 1046
1552640 1051
1552650 1057
1552660 1057
1552670 1063
1552680 1070
1552690 1070
1552700 1076
1552710 1083
1552720 1088
1552730 1088
1552740 1091
1552750 1096
1552760 1096
1552770 1101
1552780 1107
1552790 1107
1552800 1116
1552810 1120
1552820 1120
1552830 1122
1552840 1124
1552850 1124
1552860 1125
1552870 1126
1552880 1126
1552890 1126
1552900 1126
1552910 1126
1552920 1125
1552930 1124
1552940 1124
1552950 1124
1552960 1123
1552970 1123
1552980 1119
1552990 1114
1553000 1114
1553010 1114
1553020 1118
1553030 1124
1553040 1124
1553050 1130
1553060 1134
1553070 1134
1553080 1135
1553090 1135
1553100 1135
1553110 1136
1553120 1133
1553130 1133
1553140 1131
1553150 1135
1553160 1135
1553170 1144
1553180 1152
1553190 1152
1553200 1159
1553210 1164
1553220 1164
1553230 1170
1553240 1178
1553250 1178
1553260 1184
1553270 1186
1553280 1186
1553290 1193
1553300 1199
1553310 1206
1553320 1206
1553330 1212
1553340 1219
1553350 1219
1553360 1226
1553370 1233
1553380 1233
1553390 1240
1553400 1247
1553410 1247
1553420 1255
1553430 1263
1553440 1263
1553450 1275
1553460 1288
1553470 1288
1553480 1296
1553490 1302
1553500 1302
1553510 1308
1553520 1314
1553530 1314
1553540 1320
1553550 1324
1553560 1324
1553570 1329
1553580 1334
1553590 1339
1553600 1339
1553610 1343
1553620 1347
1553630 1347
1553640 1351
1553650 1354
1553660 1354
1553670 1357
1553680 1361
1553690 1361
1553700 1365
1553710 1370
1553720 1370
1553730 1374
1553740 1378
1553750 1378
1553760 1382
1553770 1385
1553780 1385
1553790 1388
1553800 1390
1553810 1390
1553820 1393
1553830 1396
1553840 1396
1553850 1399
1553860 1402
1553870 1402
1553880 1404
1553890 1407
1553900 1409
1553910 1409
1553920 1411
1553930 1412
1553940 1412
1553950 1414
1553960 1416
1553970 1416
1553980 1419
1553990 1421
1554000 1421
1554010 1423
1554020 1425
1554030 1425
1554040 1426
1554050 1427
1554060 1427
1554070 1428
1554080 1429
1554090 1429
1554100 1431
1554110 1432
1554120 1432
1554130 1433
1554140 1434
1554150 1434
1554160 1436
1554170 1439
1554180 1442
1554190 1442
1554200 1444
1554210 1446
1554220 1446
1554230 1448
1554240 1450
1554250 1450
1554260 1452
1554270 1454
1554280 1454
1554290 1455
1554300 1457
1554310 1457
1554320 1459
1554330 1458
1554340 1458
1554350 1459
1554360 1460
1554370 1460
1554380 1464
1554390 1468
1554400 1468
1554410 1472
1554420 1477
1554430 1477
1554440 1486
1554450 1492
1554460 1492
1554470 1499
1554480 1507
1554490 1515
1554500 1515
1554510 1522
1554520 1528
1554530 1528
1554540 1537
1554550 1542
1554560 1542
1554570 1548
1554580 1554
1554590 1554
1554600 1558
1554610 1561
1554620 1561
1554630 1564
1554640 1567
1554650 1567
1554660 1568
1554670 1571
1554680 1571
1554690 1573
1554700 1576
1554710 1576
1554720 1579
1554730 1580
1554740 1580
1554750 1581
1554760 1582
1554770 1583
1554780 1583
1554790 1584
1554800 1583
1554810 1583
1554820 1581
1554830 1578
1554840 1578
1554850 1575
1554860 1572
1554870 1572
1554880 1570
1554890 1567
1554900 1567
1554910 1563
1554920 1559
1554930 1559
1554940 1553
1554950 1548
1554960 1548
1554970 1544
1554980 1539
1554990 1539
1555000 1533
1555010 1527
1555020 1527
1555030 1521
1555040 1515
1555050 1515
1555060 1511
1555070 1504
1555080 1499
1555090 1499
1555100 1494
1555110 1491
1555120 1491
1555130 1485
1555140 1479
1555150 1479
1555160 1474
1555170 1470
1555180 1470
1555190 1465
1555200 1461
1555210 1461
1555220 1456
1555230 1449
1555240 1449
1555250 1441
1555260 1434
1555270 1434
1555280 1426
1555290 1418
1555300 1418
1555310 1411
1555320 1403
1555330 1403
1555340 1395
1555350 1386
1555360 1378
1555370 1378
1555380 1370
1555390 1361
1555400 1361
1555410 1353
1555420 1345
1555430 1345
1555440 1337
1555450 1328
1555460 1328
1555470 1320
1555480 1313
1555490 1313
1555500 1305
1555510 1297
1555520 1297
1555530 1289
1555540 1281
1555550 1281
1555560 1273
1555570 1266
1555580 1266
1555590 1258
1555600 1251
1555610 1251
1555620 1244
1555630 1237
1555640 1230
1555650 1230
1555660 1222
1555670 1212
1555680 1212
1555690 1204
1555700 1198
1555710 1198
1555720 1193
1555730 1187
1555740 1187
1555750 1180
1555760 1174
1555770 1174
1555780 1169
1555790 1164
1555800 1164
1555810 1159
1555820 1153
1555830 1153
1555840 1147
1555850 1142
1555860 1142
1555870 1137
1555880 1133
1555890 1133
1555900 1128
1555910 1123
1555920 1123
1555930 1118
1555940 1113
1555950 1109
1555960 1109
1555970 1103
1555980 1095
1555990 1095
1556000 1085
1556010 1079
1556020 1079
1556030 1072
1556040 1066
1556050 1066
1556060 1059
1556070 1053
1556080 1053
1556090 1048
1556100 1042
1556110 1042
1556120 1038
1556130 1033
1556140 1033
1556150 1027
1556160 1021
1556170 1021
1556180 1017
1556190 1013
1556200 1013
1556210 1009
1556220 1003
1556230 998
1556240 998
1556250 993
1556260 988
1556270 988
1556280 984
1556290 977
1556300 977
1556310 970
1556320 964
1556330 964
1556340 958
1556350 953
1556360 953
1556370 948
1556380 944
1556390 944
1556400 942
1556410 937
1556420 937
1556430 931
1556440 926
1556450 926
1556460 923
1556470 922
1556480 922
1556490 921
1556500 918
1556510 918
1556520 914
1556530 908
1556540 905
1556550 905
1556560 904
1556570 902
1556580 902
1556590 901
1556600 899
1556610 899
1556620 898
1556630 896
1556640 896
1556650 895
1556660 894
1556670 894
1556680 894
1556690 894
1556700 894
1556710 894
1556720 894
1556730 894
1556740 894
1556750 894
1556760 894
1556770 894
1556780 894
1556790 894
1556800 894
1556810 894
1556820 894
1556830 894
1556840 894
1556850 896
1556860 896
1556870 904
1556880 907
1556890 907
1556900 919
1556910 928
1556920 928
1556930 935
1556940 942
1556950 942
1556960 948
1556970 954
1556980 954
1556990 959
1557000 965
1557010 965
1557020 970
1557030 975
1557040 975
1557050 980
1557060 987
1557070 987
1557080 993
1557090 999
1557100 999
1557110 1006
1557120 1008
1557130 1010
1557140 1010
1557150 1013
1557160 1016
1557170 1016
1557180 1019
1557190 1022
1557200 1022
1557210 1024
1557220 1027
1557230 1027
1557240 1030
1557250 1034
1557260 1034
1557270 1039
1557280 1042
1557290 1042
1557300 1043
1557310 1043
1557320 1043
1557330 1041
1557340 1039
1557350 1039
1557360 1037
1557370 1037
1557380 1037
1557390 1036
1557400 1033
1557410 1027
1557420 1027
1557430 1019
1557440 1009
1557450 1009
1557460 1006
1557470 1015
1557480 1015
1557490 1025
1557500 1033
1557510 1033
1557520 1041
1557530 1049
1557540 1049
1557550 1057
1557560 1065
1557570 1065
1557580 1071
1557590 1076
1557600 1076
1557610 1084
1557620 1090
1557630 1090
1557640 1096
1557650 1102
1557660 1102
1557670 1109
1557680 1116
1557690 1116
1557700 1123
1557710 1130
1557720 1137
1557730 1137
1557740 1143
1557750 1150
1557760 1150
1557770 1158
1557780 1166
1557790 1166
1557800 1173
1557810 1182
1557820 1182
1557830 1190
1557840 1198
1557850 1198
1557860 1205
1557870 1212
1557880 1212
1557890 1219
1557900 1228
1557910 1228
1557920 1236
1557930 1244
1557940 1244
1557950 1254
1557960 1260
1557970 1260
1557980 1265
1557990 1274
1558000 1282
1558010 1282
1558020 1289
1558030 1295
1558040 1295
1558050 1301
1558060 1307
1558070 1307
1558080 1313
1558090 1319
1558100 1319
1558110 1324
1558120 1329
1558130 1329
1558140 1333
1558150 1339
1558160 1339
1558170 1345
1558180 1352
1558190 1352
1558200 1355
1558210 1362
1558220 1362
1558230 1370
1558240 1376
1558250 1376
1558260 1383
1558270 1392
1558280 1392
1558290 1400
1558300 1409
1558310 1416
1558320 1416
1558330 1421
1558340 1426
1558350 1426
1558360 1432
1558370 1437
1558380 1437
1558390 1444
1558400 1452
1558410 1452
1558420 1459
1558430 1466
1558440 1466
1558450 1473
1558460 1480
1558470 1480
1558480 1486
1558490 1492
1558500 1492
1558510 1502
1558520 1509
1558530 1509
1558540 1514
1558550 1518
1558560 1518
1558570 1522
1558580 1525
1558590 1528
1558600 1528
1558610 1530
1558620 1531
1558630 1531
1558640 1531
1558650 1537
1558660 1537
1558670 1536
1558680 1535
1558690 1535
1558700 1533
1558710 1532
1558720 1532
1558730 1530
1558740 1529
1558750 1529
1558760 1528
1558770 1527
1558780 1527
1558790 1525
1558800 1523
1558810 1523
1558820 1522
1558830 1523
1558840 1523
1558850 1524
1558860 1524
1558870 1524
1558880 1518
1558890 1510
1558900 1502
1558910 1502
1558920 1497
1558930 1503
1558940 1503
1558950 1511
1558960 1519
1558970 1519
1558980 1528
1558990 1537
1559000 1537
1559010 1545
1559020 1551
1559030 1551
1559040 1557
1559050 1562
1559060 1562
1559070 1568
1559080 1574
1559090 1574
1559100 1581
1559110 1586
1559120 1586
1559130 1594
1559140 1600
1559150 1600
1559160 1604
1559170 1610
1559180 1619
1559190 1619
1559200 1628
1559210 1638
1559220 1638
1559230 1649
1559240 1657
1559250 1657
1559260 1664
1559270 1671
1559280 1671
1559290 1678
1559300 1683
1559310 1683
1559320 1685
1559330 1687
1559340 1687
1559350 1688
1559360 1691
1559370 1691
1559380 1695
1559390 1697
1559400 1697
1559410 1698
1559420 1700
1559430 1700
1559440 1702
1559450 1704
1559460 1704
1559470 1705
1559480 1711
1559490 1719
1559500 1719
1559510 1726
1559520 1733
1559530 1733
1559540 1740
1559550 1746
1559560 1746
1559570 1753
1559580 1760
1559590 1760
1559600 1767
1559610 1774
1559620 1774
1559630 1781
1559640 1788
1559650 1788
1559660 1795
1559670 1802
1559680 1802
1559690 1809
1559700 1816
1559710 1816
1559720 1822
1559730 1828
1559740 1828
1559750 1833
1559760 1839
1559770 1845
1559780 1845
1559790 1852
1559800 1858
1559810 1858
1559820 1864
1559830 1870
1559840 1870
1559850 1874
1559860 1875
1559870 1875
1559880 1873
1559890 1869
1559900 1869
1559910 1866
1559920 1863
1559930 1863
1559940 1860
1559950 1856
1559960 1856
1559970 1852
1559980 1848
1559990 1848
