1540000 1172
1540010 1173
1540020 1174
1540030 1174
1540040 1175
1540050 1175
1540060 1175
1540070 1177
1540080 1179
1540090 1179
1540100 1180
1540110 1182
1540120 1182
1540130 1183
1540140 1184
1540150 1184
1540160 1185
1540170 1185
1540180 1185
1540190 1186
1540200 1186
1540210 1187
1540220 1187
1540230 1187
1540240 1188
1540250 1188
1540260 1188
1540270 1189
1540280 1189
1540290 1190
1540300 1191
1540310 1191
1540320 1192
1540330 1193
1540340 1193
1540350 1194
1540360 1195
1540370 1195
1540380 1195
1540390 1196
1540400 1196
1540410 1197
1540420 1198
1540430 1198
1540440 1198
1540450 1198
1540460 1198
1540470 1199
1540480 1200
1540490 1200
1540500 1202
1540510 1203
1540520 1205
1540530 1205
1540540 1206
1540550 1207
1540560 1207
1540570 1209
1540580 1210
1540590 1210
1540600 1212
1540610 1214
1540620 1214
1540630 1215
1540640 1215
1540650 1215
1540660 1215
1540670 1215
1540680 1215
1540690 1216
1540700 1217
1540710 1217
1540720 1217
1540730 1218
1540740 1218
1540750 1219
1540760 1219
1540770 1219
1540780 1219
1540790 1219
1540800 1219
1540810 1219
1540820 1219
1540830 1218
1540840 1218
1540850 1217
1540860 1216
1540870 1216
1540880 1215
1540890 1214
1540900 1214
1540910 1213
1540920 1213
1540930 1213
1540940 1212
1540950 1211
1540960 1211
1540970 1210
1540980 1209
1540990 1209
1541000 1209
1541010 1208
1541020 1208
1541030 1207
1541040 1206
1541050 1206
1541060 1205
1541070 1204
1541080 1204
1541090 1202
1541100 1200
1541110 1198
1541120 1198
1541130 1196
1541140 1193
1541150 1193
1541160 1189
1541170 1186
1541180 1186
1541190 1184
1541200 1182
1541210 1182
1541220 1182
1541230 1181
1541240 1181
1541250 1181
1541260 1179
1541270 1179
1541280 1177
1541290 1173
1541300 1173
1541310 1169
1541320 1167
1541330 1167
1541340 1164
1541350 1160
1541360 1160
1541370 1157
1541380 1154
1541390 1154
1541400 1151
1541410 1151
1541420 1151
1541430 1151
1541440 1149
1541450 1144
1541460 1141
1541470 1137
1541480 1135
1541490 1135
1541500 1135
1541510 1136
1541520 1136
1541530 1139
1541540 1142
1541550 1142
1541560 1143
1541570 1144
1541580 1144
1541590 1143
1541600 1141
1541610 1141
1541620 1141
1541630 1140
1541640 1140
1541650 1139
1541660 1137
1541670 1137
1541680 1135
1541690 1133
1541700 1130
1541710 1130
1541720 1127
1541730 1123
1541740 1123
1541750 1118
1541760 1113
1541770 1113
1541780 1106
1541790 1101
1541800 1101
1541810 1095
1541820 1090
1541830 1090
1541840 1083
1541850 1079
1541860 1079
1541870 1085
1541880 1089
1541890 1089
1541900 1093
1541910 1098
1541920 1098
1541930 1101
1541940 1105
1541950 1105
1541960 1110
1541970 1115
1541980 1115
1541990 1120
1542000 1126
1542010 1132
1542020 1132
1542030 1137
1542040 1143
1542050 1143
1542060 1147
1542070 1151
1542080 1151
1542090 1155
1542100 1158
1542110 1158
1542120 1160
1542130 1163
1542140 1163
1542150 1166
1542160 1168
1542170 1168
1542180 1170
1542190 1173
1542200 1173
1542210 1175
1542220 1177
1542230 1177
1542240 1179
1542250 1182
1542260 1182
1542270 1184
1542280 1187
1542290 1187
1542300 1190
1542310 1192
1542320 1195
1542330 1195
1542340 1197
1542350 1199
1542360 1199
1542370 1201
1542380 1203
1542390 1203
1542400 1206
1542410 1208
1542420 1208
1542430 1209
1542440 1210
1542450 1210
1542460 1211
1542470 1212
1542480 1212
1542490 1213
1542500 1214
1542510 1214
1542520 1215
1542530 1215
1542540 1215
1542550 1216
1542560 1216
1542570 1216
1542580 1217
1542590 1218
1542600 1218
1542610 1218
1542620 1217
1542630 1217
1542640 1217
1542650 1217
1542660 1216
1542670 1216
1542680 1216
1542690 1215
1542700 1215
1542710 1214
1542720 1213
1542730 1213
1542740 1212
1542750 1211
1542760 1211
1542770 1211
1542780 1210
1542790 1210
1542800 1209
1542810 1209
1542820 1209
1542830 1208
1542840 1207
1542850 1207
1542860 1206
1542870 1204
1542880 1204
1542890 1202
1542900 1200
1542910 1199
1542920 1199
1542930 1198
1542940 1197
1542950 1197
1542960 1195
1542970 1193
1542980 1193
1542990 1191
1543000 1194
1543010 1194
1543020 1197
1543030 1199
1543040 1199
1543050 1199
1543060 1199
1543070 1199
1543080 1201
1543090 1203
1543100 1203
1543110 1204
1543120 1205
1543130 1205
1543140 1205
1543150 1206
1543160 1206
1543170 1207
1543180 1208
1543190 1208
1543200 1208
1543210 1209
1543220 1211
1543230 1211
1543240 1213
1543250 1214
1543260 1214
1543270 1216
1543280 1217
1543290 1217
1543300 1218
1543310 1220
1543320 1220
1543330 1222
1543340 1225
1543350 1225
1543360 1227
1543370 1228
1543380 1228
1543390 1228
1543400 1229
1543410 1229
1543420 1230
1543430 1231
1543440 1231
1543450 1232
1543460 1232
1543470 1232
1543480 1233
1543490 1233
1543500 1234
1543510 1234
1543520 1234
1543530 1234
1543540 1234
1543550 1234
1543560 1234
1543570 1234
1543580 1233
1543590 1232
1543600 1232
1543610 1232
1543620 1231
1543630 1231
1543640 1230
1543650 1229
1543660 1230
1543670 1229
1543680 1227
1543690 1227
1543700 1226
1543710 1224
1543720 1224
1543730 1223
1543740 1222
1543750 1222
1543760 1221
1543770 1219
1543780 1219
1543790 1216
1543800 1214
1543810 1211
1543820 1211
1543830 1208
1543840 1205
1543850 1205
1543860 1203
1543870 1200
1543880 1200
1543890 1197
1543900 1195
1543910 1195
1543920 1191
1543930 1188
1543940 1188
1543950 1186
1543960 1184
1543970 1184
1543980 1182
1543990 1179
1544000 1179
1544010 1176
1544020 1174
1544030 1174
1544040 1172
1544050 1170
1544060 1170
1544070 1166
1544080 1162
1544090 1160
1544100 1160
1544110 1158
1544120 1155
1544130 1155
1544140 1152
1544150 1149
1544160 1149
1544170 1147
1544180 1145
1544190 1145
1544200 1142
1544210 1140
1544220 1140
1544230 1138
1544240 1136
1544250 1136
1544260 1134
1544270 1132
1544280 1132
1544290 1131
1544300 1129
1544310 1129
1544320 1128
1544330 1124
1544340 1124
1544350 1119
1544360 1112
1544370 1112
1544380 1106
1544390 1101
1544400 1096
1544410 1096
1544420 1090
1544430 1083
1544440 1083
1544450 1077
1544460 1076
1544470 1076
1544480 1078
1544490 1082
1544500 1082
1544510 1084
1544520 1085
1544530 1085
1544540 1086
1544550 1087
1544560 1087
1544570 1089
1544580 1089
1544590 1089
1544600 1088
1544610 1086
1544620 1086
1544630 1084
1544640 1082
1544650 1082
1544660 1080
1544670 1077
1544680 1077
1544690 1075
1544700 1073
1544710 1070
1544720 1070
1544730 1067
1544740 1064
1544750 1064
1544760 1060
1544770 1059
1544780 1059
1544790 1057
1544800 1055
1544810 1055
1544820 1053
1544830 1051
1544840 1051
1544850 1048
1544860 1046
1544870 1046
1544880 1045
1544890 1043
1544900 1043
1544910 1041
1544920 1038
1544930 1038
1544940 1036
1544950 1034
1544960 1034
1544970 1033
1544980 1028
1544990 1025
1545000 1025
1545010 1026
1545020 1024
1545030 1024
1545040 1024
1545050 1022
1545060 1022
1545070 1020
1545080 1019
1545090 1019
1545100 1018
1545110 1017
1545120 1017
1545130 1016
1545140 1015
1545150 1015
1545160 1015
1545170 1014
1545180 1014
1545190 1012
1545200 1010
1545210 1010
1545220 1007
1545230 1002
1545240 1002
1545250 998
1545260 994
1545270 994
1545280 992
1545290 989
1545300 986
1545310 986
1545320 983
1545330 978
1545340 978
1545350 974
1545360 970
1545370 970
1545380 967
1545390 965
1545400 965
1545410 964
1545420 959
1545430 959
1545440 954
1545450 950
1545460 950
1545470 946
1545480 944
1545490 944
1545500 944
1545510 943
1545520 943
1545530 941
1545540 942
1545550 942
1545560 945
1545570 951
1545580 957
1545590 957
1545600 963
1545610 967
1545620 967
1545630 971
1545640 974
1545650 974
1545660 979
1545670 984
1545680 984
1545690 986
1545700 989
1545710 989
1545720 991
1545730 994
1545740 994
1545750 996
1545760 998
1545770 998
1545780 1008
1545790 1009
1545800 1009
1545810 1009
1545820 1015
1545830 1015
1545840 1021
1545850 1026
1545860 1026
1545870 1029
1545880 1032
1545890 1035
1545900 1035
1545910 1040
1545920 1046
1545930 1046
1545940 1051
1545950 1054
1545960 1054
1545970 1059
1545980 1063
1545990 1063
1546000 1066
1546010 1069
1546020 1069
1546030 1071
1546040 1074
1546050 1074
1546060 1077
1546070 1081
1546080 1081
1546090 1085
1546100 1089
1546110 1089
1546120 1091
1546130 1095
1546140 1095
1546150 1098
1546160 1100
1546170 1100
1546180 1103
1546190 1107
1546200 1111
1546210 1111
1546220 1115
1546230 1118
1546240 1118
1546250 1123
1546260 1127
1546270 1127
1546280 1131
1546290 1136
1546300 1136
1546310 1140
1546320 1144
1546330 1144
1546340 1149
1546350 1155
1546360 1155
1546370 1161
1546380 1167
1546390 1167
1546400 1173
1546410 1179
1546420 1179
1546430 1185
1546440 1191
1546450 1191
1546460 1199
1546470 1206
1546480 1212
1546490 1212
1546500 1219
1546510 1226
1546520 1226
1546530 1232
1546540 1238
1546550 1238
1546560 1243
1546570 1249
1546580 1249
1546590 1256
1546600 1263
1546610 1263
1546620 1269
1546630 1276
1546640 1276
1546650 1283
1546660 1289
1546670 1289
1546680 1296
1546690 1303
1546700 1303
1546710 1308
1546720 1314
1546730 1314
1546740 1319
1546750 1325
1546760 1325
1546770 1330
1546780 1335
1546790 1340
1546800 1340
1546810 1344
1546820 1350
1546830 1350
1546840 1355
1546850 1361
1546860 1361
1546870 1366
1546880 1369
1546890 1369
1546900 1371
1546910 1372
1546920 1372
1546930 1372
1546940 1372
1546950 1372
1546960 1369
1546970 1365
1546980 1365
1546990 1363
1547000 1362
1547010 1362
1547020 1361
1547030 1359
1547040 1359
1547050 1355
1547060 1350
1547070 1350
1547080 1346
1547090 1341
1547100 1337
1547110 1337
1547120 1334
1547130 1330
1547140 1330
1547150 1326
1547160 1323
1547170 1323
1547180 1318
1547190 1314
1547200 1314
1547210 1309
1547220 1305
1547230 1305
1547240 1302
1547250 1302
1547260 1302
1547270 1304
1547280 1307
1547290 1307
1547300 1309
1547310 1311
1547320 1311
1547330 1311
1547340 1311
1547350 1311
1547360 1312
1547370 1312
1547380 1313
1547390 1313
1547400 1313
1547410 1313
1547420 1313
1547430 1313
1547440 1312
1547450 1312
1547460 1312
1547470 1311
1547480 1311
1547490 1310
1547500 1309
1547510 1309
1547520 1308
1547530 1307
1547540 1307
1547550 1308
1547560 1310
1547570 1310
1547580 1310
1547590 1308
1547600 1308
1547610 1308
1547620 1305
1547630 1305
1547640 1306
1547650 1311
1547660 1311
1547670 1318
1547680 1324
1547690 1332
1547700 1332
1547710 1340
1547720 1347
1547730 1347
1547740 1355
1547750 1361
1547760 1361
1547770 1368
1547780 1374
1547790 1374
1547800 1379
1547810 1384
1547820 1382
1547830 1387
1547840 1392
1547850 1392
1547860 1396
1547870 1398
1547880 1398
1547890 1402
1547900 1404
1547910 1404
1547920 1406
1547930 1407
1547940 1407
1547950 1408
1547960 1409
1547970 1409
1547980 1409
1547990 1411
1548000 1413
1548010 1413
1548020 1416
1548030 1418
1548040 1418
1548050 1421
1548060 1426
1548070 1426
1548080 1431
1548090 1437
1548100 1437
1548110 1441
1548120 1446
1548130 1446
1548140 1450
1548150 1454
1548160 1454
1548170 1459
1548180 1463
1548190 1463
1548200 1468
1548210 1473
1548220 1473
1548230 1477
1548240 1481
1548250 1481
1548260 1486
1548270 1490
1548280 1496
1548290 1496
1548300 1501
1548310 1506
1548320 1506
1548330 1512
1548340 1517
1548350 1517
1548360 1522
1548370 1527
1548380 1527
1548390 1531
1548400 1535
1548410 1535
1548420 1541
1548430 1545
1548440 1545
1548450 1549
1548460 1554
1548470 1554
1548480 1557
1548490 1561
1548500 1561
1548510 1565
1548520 1570
1548530 1570
1548540 1574
1548550 1577
1548560 1577
1548570 1580
1548580 1583
1548590 1588
1548600 1588
1548610 1595
1548620 1598
1548630 1598
1548640 1598
1548650 1598
1548660 1598
1548670 1596
1548680 1595
1548690 1595
1548700 1594
1548710 1593
1548720 1593
1548730 1589
1548740 1588
1548750 1588
1548760 1586
1548770 1585
1548780 1585
1548790 1583
1548800 1581
1548810 1581
1548820 1578
1548830 1574
1548840 1574
1548850 1569
1548860 1567
1548870 1565
1548880 1565
1548890 1562
1548900 1559
1548910 1559
1548920 1556
1548930 1553
1548940 1553
1548950 1551
1548960 1548
1548970 1548
1548980 1547
1548990 1546
1549000 1546
1549010 1544
1549020 1542
1549030 1542
1549040 1539
1549050 1538
1549060 1538
1549070 1536
1549080 1533
1549090 1533
1549100 1532
1549110 1531
1549120 1531
1549130 1531
1549140 1531
1549150 1531
1549160 1531
1549170 1532
1549180 1533
1549190 1533
1549200 1532
1549210 1532
1549220 1532
1549230 1532
1549240 1532
1549250 1532
1549260 1531
1549270 1530
1549280 1530
1549290 1529
1549300 1527
1549310 1527
1549320 1525
1549330 1523
1549340 1523
1549350 1521
1549360 1518
1549370 1518
1549380 1514
1549390 1512
1549400 1512
1549410 1510
1549420 1505
1549430 1505
1549440 1500
1549450 1498
1549460 1498
1549470 1495
1549480 1493
1549490 1491
1549500 1491
1549510 1489
1549520 1488
1549530 1488
1549540 1487
1549550 1487
1549560 1487
1549570 1488
1549580 1490
1549590 1490
1549600 1491
1549610 1491
1549620 1491
1549630 1490
1549640 1489
1549650 1489
1549660 1490
1549670 1492
1549680 1492
1549690 1493
1549700 1495
1549710 1495
1549720 1497
1549730 1499
1549740 1499
1549750 1502
1549760 1505
1549770 1507
1549780 1507
1549790 1508
1549800 1510
1549810 1505
1549820 1505
1549830 1506
1549840 1506
1549850 1509
1549860 1511
1549870 1511
1549880 1513
1549890 1515
1549900 1515
1549910 1517
1549920 1520
1549930 1520
1549940 1522
1549950 1524
1549960 1524
1549970 1527
1549980 1529
1549990 1529
1550000 1531
1550010 1534
1550020 1534
1550030 1537
1550040 1540
1550050 1540
1550060 1544
1550070 1548
1550080 1552
1550090 1552
1550100 1556
1550110 1561
1550120 1561
1550130 1566
1550140 1572
1550150 1572
1550160 1578
1550170 1583
1550180 1583
1550190 1587
1550200 1591
1550210 1591
1550220 1595
1550230 1599
1550240 1599
1550250 1603
1550260 1606
1550270 1606
1550280 1609
1550290 1612
1550300 1612
1550310 1616
1550320 1619
1550330 1619
1550340 1621
1550350 1622
1550360 1621
1550370 1621
1550380 1621
1550390 1619
1550400 1619
1550410 1617
1550420 1614
1550430 1614
1550440 1611
1550450 1606
1550460 1606
1550470 1601
1550480 1596
1550490 1596
1550500 1591
1550510 1587
1550520 1587
1550530 1583
1550540 1579
1550550 1579
1550560 1575
1550570 1569
1550580 1569
1550590 1562
1550600 1555
1550610 1555
1550620 1549
1550630 1544
1550640 1544
1550650 1538
1550660 1533
1550670 1529
1550680 1529
1550690 1524
1550700 1519
1550710 1519
1550720 1515
1550730 1511
1550740 1511
1550750 1506
1550760 1501
1550770 1501
1550780 1497
1550790 1492
1550800 1492
1550810 1488
1550820 1485
1550830 1485
1550840 1482
1550850 1480
1550860 1480
1550870 1478
1550880 1476
1550890 1476
1550900 1474
1550910 1470
1550920 1470
1550930 1465
1550940 1460
1550950 1460
1550960 1456
1550970 1453
1550980 1449
1550990 1449
1551000 1444
1551010 1439
1551020 1439
1551030 1435
1551040 1431
1551050 1431
1551060 1428
1551070 1424
1551080 1424
1551090 1418
1551100 1412
1551110 1412
1551120 1407
1551130 1403
1551140 1403
1551150 1401
1551160 1397
1551170 1397
1551180 1395
1551190 1394
1551200 1394
1551210 1396
1551220 1393
1551230 1393
1551240 1388
1551250 1383
1551260 1380
1551270 1380
1551280 1377
1551290 1374
1551300 1374
1551310 1372
1551320 1370
1551330 1370
1551340 1370
1551350 1370
1551360 1370
1551370 1368
1551380 1363
1551390 1363
1551400 1359
1551410 1356
1551420 1356
1551430 1352
1551440 1349
1551450 1349
1551460 1346
1551470 1343
1551480 1343
1551490 1341
1551500 1338
1551510 1338
1551520 1333
1551530 1328
1551540 1328
1551550 1324
1551560 1319
1551570 1316
1551580 1316
1551590 1311
1551600 1306
1551610 1306
1551620 1303
1551630 1300
1551640 1300
1551650 1296
1551660 1291
1551670 1291
1551680 1286
1551690 1281
1551700 1281
1551710 1276
1551720 1270
1551730 1270
1551740 1266
1551750 1262
1551760 1262
1551770 1258
1551780 1254
1551790 1254
1551800 1250
1551810 1246
1551820 1246
1551830 1242
1551840 1236
1551850 1236
1551860 1231
1551870 1228
1551880 1224
1551890 1224
1551900 1220
1551910 1216
1551920 1216
1551930 1211
1551940 1206
1551950 1206
1551960 1201
1551970 1197
1551980 1197
1551990 1193
1552000 1189
1552010 1189
1552020 1187
1552030 1183
1552040 1183
1552050 1180
1552060 1177
1552070 1177
1552080 1173
1552090 1170
1552100 1170
1552110 1166
1552120 1162
1552130 1162
1552140 1158
1552150 1154
1552160 1151
1552170 1151
1552180 1148
1552190 1146
1552200 1146
1552210 1143
1552220 1140
1552230 1140
1552240 1138
1552250 1135
1552260 1135
1552270 1133
1552280 1131
1552290 1131
1552300 1129
1552310 1127
1552320 1127
1552330 1124
1552340 1122
1552350 1122
1552360 1120
1552370 1118
1552380 1118
1552390 1117
1552400 1116
1552410 1116
1552420 1114
1552430 1113
1552440 1113
1552450 1112
1552460 1110
1552470 1108
1552480 1108
1552490 1106
1552500 1104
1552510 1104
1552520 1102
1552530 1098
1552540 1098
1552550 1094
1552560 1090
1552570 1090
1552580 1087
1552590 1084
1552600 1084
1552610 1080
1552620 1077
1552630 1077
1552640 1075
1552650 1072
1552660 1072
1552670 1069
1552680 1066
1552690 1066
1552700 1063
1552710 1060
1552720 1060
1552730 1057
1552740 1054
1552750 1051
1552760 1051
1552770 1046
1552780 1044
1552790 1044
1552800 1041
1552810 1039
1552820 1039
1552830 1037
1552840 1034
1552850 1034
1552860 1032
1552870 1029
1552880 1029
1552890 1026
1552900 1022
1552910 1022
1552920 1019
1552930 1016
1552940 1016
1552950 1013
1552960 1010
1552970 1010
1552980 1007
1552990 1003
1553000 1003
1553010 999
1553020 997
1553030 997
1553040 994
1553050 989
1553060 984
1553070 984
1553080 980
1553090 976
1553100 976
1553110 972
1553120 969
1553130 969
1553140 966
1553150 963
1553160 963
1553170 960
1553180 957
1553190 957
1553200 953
1553210 950
1553220 950
1553230 948
1553240 944
1553250 944
1553260 941
1553270 937
1553280 937
1553290 933
1553300 929
1553310 929
1553320 928
1553330 924
1553340 924
1553350 920
1553360 916
1553370 913
1553380 913
1553390 910
1553400 908
1553410 908
1553420 905
1553430 903
1553440 903
1553450 900
1553460 897
1553470 897
1553480 894
1553490 891
1553500 891
1553510 889
1553520 886
1553530 886
1553540 884
1553550 881
1553560 881
1553570 878
1553580 874
1553590 874
1553600 871
1553610 872
1553620 872
1553630 868
1553640 864
1553650 862
1553660 862
1553670 859
1553680 855
1553690 855
1553700 850
1553710 846
1553720 846
1553730 845
1553740 843
1553750 843
1553760 840
1553770 834
1553780 834
1553790 830
1553800 830
1553810 830
1553820 827
1553830 821
1553840 821
1553850 814
1553860 809
1553870 809
1553880 807
1553890 805
1553900 805
1553910 802
1553920 797
1553930 797
1553940 794
1553950 791
1553960 790
1553970 790
1553980 793
1553990 797
1554000 797
1554010 801
1554020 806
1554030 806
1554040 812
1554050 814
1554060 814
1554070 815
1554080 816
1554090 816
1554100 818
1554110 820
1554120 820
1554130 823
1554140 827
1554150 827
1554160 830
1554170 834
1554180 834
1554190 837
1554200 840
1554210 840
1554220 843
1554230 845
1554240 847
1554250 847
1554260 849
1554270 851
1554280 851
1554290 852
1554300 854
1554310 854
1554320 855
1554330 857
1554340 857
1554350 859
1554360 861
1554370 861
1554380 863
1554390 864
1554400 864
1554410 865
1554420 866
1554430 866
1554440 868
1554450 869
1554460 869
1554470 871
1554480 873
1554490 873
1554500 874
1554510 875
1554520 875
1554530 876
1554540 876
1554550 876
1554560 876
1554570 877
1554580 878
1554590 878
1554600 879
1554610 879
1554620 879
1554630 880
1554640 881
1554650 881
1554660 882
1554670 883
1554680 883
1554690 885
1554700 886
1554710 886
1554720 888
1554730 891
1554740 891
1554750 894
1554760 896
1554770 896
1554780 898
1554790 900
1554800 900
1554810 903
1554820 906
1554830 906
1554840 908
1554850 910
1554860 911
1554870 911
1554880 911
1554890 912
1554900 912
1554910 916
1554920 919
1554930 919
1554940 919
1554950 919
1554960 919
1554970 921
1554980 922
1554990 922
1555000 922
1555010 920
1555020 920
1555030 920
1555040 919
1555050 919
1555060 919
1555070 919
1555080 919
1555090 920
1555100 921
1555110 921
1555120 922
1555130 923
1555140 923
1555150 923
1555160 922
1555170 922
1555180 922
1555190 922
1555200 921
1555210 921
1555220 921
1555230 920
1555240 920
1555250 919
1555260 918
1555270 918
1555280 917
1555290 918
1555300 918
1555310 918
1555320 918
1555330 918
1555340 919
1555350 920
1555360 920
1555370 921
1555380 922
1555390 922
1555400 923
1555410 924
1555420 924
1555430 927
1555440 930
1555450 924
1555460 924
1555470 924
1555480 922
1555490 922
1555500 920
1555510 917
1555520 917
1555530 913
1555540 911
1555550 911
1555560 906
1555570 901
1555580 901
1555590 896
1555600 891
1555610 891
1555620 885
1555630 878
1555640 878
1555650 871
1555660 864
1555670 864
1555680 853
1555690 841
1555700 841
1555710 831
1555720 823
1555730 823
1555740 816
1555750 814
1555760 821
1555770 821
1555780 827
1555790 836
1555800 836
1555810 847
1555820 854
1555830 854
1555840 859
1555850 863
1555860 863
1555870 868
1555880 874
1555890 874
1555900 879
1555910 882
1555920 882
1555930 885
1555940 887
1555950 887
1555960 890
1555970 895
1555980 895
1555990 898
1556000 901
1556010 901
1556020 903
1556030 911
1556040 920
1556050 920
1556060 931
1556070 940
1556080 940
1556090 943
1556100 945
1556110 945
1556120 947
1556130 950
1556140 950
1556150 952
1556160 949
1556170 949
1556180 944
1556190 940
1556200 940
1556210 951
1556220 962
1556230 962
1556240 970
1556250 978
1556260 978
1556270 986
1556280 992
1556290 992
1556300 998
1556310 1005
1556320 1005
1556330 1011
1556340 1017
1556350 1023
1556360 1023
1556370 1028
1556380 1032
1556390 1032
1556400 1036
1556410 1039
1556420 1039
1556430 1041
1556440 1043
1556450 1043
1556460 1049
1556470 1054
1556480 1054
1556490 1061
1556500 1066
1556510 1066
1556520 1072
1556530 1078
1556540 1078
1556550 1082
1556560 1086
1556570 1086
1556580 1093
1556590 1099
1556600 1099
1556610 1104
1556620 1109
1556630 1113
1556640 1113
1556650 1119
1556660 1125
1556670 1125
1556680 1130
1556690 1136
1556700 1136
1556710 1140
1556720 1145
1556730 1145
1556740 1151
1556750 1155
1556760 1155
1556770 1158
1556780 1162
1556790 1162
1556800 1166
1556810 1170
1556820 1170
1556830 1175
1556840 1181
1556850 1181
1556860 1187
1556870 1192
1556880 1192
1556890 1198
1556900 1202
1556910 1202
1556920 1206
1556930 1211
1556940 1217
1556950 1217
1556960 1222
1556970 1227
1556980 1227
1556990 1234
1557000 1240
1557010 1240
1557020 1246
1557030 1252
1557040 1252
1557050 1257
1557060 1264
1557070 1264
1557080 1271
1557090 1277
1557100 1277
1557110 1280
1557120 1282
1557130 1282
1557140 1282
1557150 1282
1557160 1282
1557170 1281
1557180 1281
1557190 1281
1557200 1281
1557210 1282
1557220 1282
1557230 1276
1557240 1277
1557250 1277
1557260 1277
1557270 1278
1557280 1280
1557290 1280
1557300 1282
1557310 1284
1557320 1284
1557330 1286
1557340 1287
1557350 1287
1557360 1287
1557370 1287
1557380 1287
1557390 1289
1557400 1294
1557410 1294
1557420 1298
1557430 1303
1557440 1303
1557450 1310
1557460 1317
1557470 1317
1557480 1324
1557490 1330
1557500 1330
1557510 1336
1557520 1342
1557530 1349
1557540 1349
1557550 1355
1557560 1360
1557570 1360
1557580 1368
1557590 1375
1557600 1375
1557610 1381
1557620 1387
1557630 1387
1557640 1393
1557650 1400
1557660 1400
1557670 1404
1557680 1409
1557690 1409
1557700 1412
1557710 1414
1557720 1414
1557730 1418
1557740 1421
1557750 1421
1557760 1428
1557770 1435
1557780 1435
1557790 1442
1557800 1448
1557810 1448
1557820 1455
1557830 1464
1557840 1471
1557850 1471
1557860 1478
1557870 1485
1557880 1485
1557890 1492
1557900 1500
1557910 1500
1557920 1508
1557930 1515
1557940 1515
1557950 1524
1557960 1532
1557970 1532
1557980 1540
1557990 1546
1558000 1546
1558010 1552
1558020 1558
1558030 1558
1558040 1564
1558050 1572
1558060 1572
1558070 1580
1558080 1588
1558090 1588
1558100 1596
1558110 1604
1558120 1611
1558130 1611
1558140 1619
1558150 1628
1558160 1628
1558170 1636
1558180 1643
1558190 1643
1558200 1648
1558210 1654
1558220 1654
1558230 1661
1558240 1668
1558250 1668
1558260 1675
1558270 1682
1558280 1682
1558290 1689
1558300 1697
1558310 1697
1558320 1705
1558330 1714
1558340 1714
1558350 1722
1558360 1728
1558370 1728
1558380 1735
1558390 1743
1558400 1743
1558410 1750
1558420 1757
1558430 1764
1558440 1764
1558450 1770
1558460 1776
1558470 1776
1558480 1782
1558490 1789
1558500 1789
1558510 1795
1558520 1801
1558530 1801
1558540 1807
1558550 1814
1558560 1814
1558570 1821
1558580 1827
1558590 1827
1558600 1833
1558610 1839
1558620 1839
1558630 1844
1558640 1848
1558650 1848
1558660 1844
1558670 1837
1558680 1837
1558690 1831
1558700 1827
1558710 1827
1558720 1825
1558730 1822
1558740 1819
1558750 1819
1558760 1812
1558770 1804
1558780 1804
1558790 1797
1558800 1794
1558810 1794
1558820 1792
1558830 1793
1558840 1793
1558850 1790
1558860 1794
1558870 1794
1558880 1798
1558890 1801
1558900 1801
1558910 1802
1558920 1804
1558930 1804
1558940 1802
1558950 1800
1558960 1800
1558970 1794
1558980 1791
1558990 1791
1559000 1789
1559010 1790
1559020 1791
1559030 1791
1559040 1792
1559050 1792
1559060 1792
1559070 1794
1559080 1795
1559090 1795
1559100 1796
1559110 1798
1559120 1798
1559130 1799
1559140 1800
1559150 1800
1559160 1800
1559170 1802
1559180 1802
1559190 1805
1559200 1808
1559210 1808
1559220 1810
1559230 1813
1559240 1813
1559250 1816
1559260 1819
1559270 1819
1559280 1821
1559290 1822
1559300 1822
1559310 1822
1559320 1823
1559330 1826
1559340 1826
1559350 1826
1559360 1827
1559370 1827
1559380 1827
1559390 1828
1559400 1828
1559410 1828
1559420 1829
1559430 1829
1559440 1829
1559450 1831
1559460 1831
1559470 1832
1559480 1832
1559490 1832
1559500 1833
1559510 1833
1559520 1833
1559530 1834
1559540 1836
1559550 1836
1559560 1840
1559570 1845
1559580 1845
1559590 1847
1559600 1849
1559610 1851
1559620 1851
1559630 1852
1559640 1855
1559650 1855
1559660 1857
1559670 1857
1559680 1857
1559690 1858
1559700 1859
1559710 1859
1559720 1862
1559730 1867
1559740 1867
1559750 1872
1559760 1873
1559770 1873
1559780 1873
1559790 1872
1559800 1872
1559810 1870
1559820 1869
1559830 1869
1559840 1868
1559850 1869
1559860 1869
1559870 1869
1559880 1868
1559890 1868
1559900 1868
1559910 1870
1559920 1872
1559930 1872
1559940 1873
1559950 1877
1559960 1877
1559970 1879
1559980 1879
1559990 1879
