1540000 715
1540010 715
1540020 715
1540030 716
1540040 715
1540050 715
1540060 715
1540070 714
1540080 714
1540090 714
1540100 714
1540110 714
1540120 713
1540130 713
1540140 713
1540150 712
1540160 712
1540170 712
1540180 711
1540190 711
1540200 711
1540210 710
1540220 710
1540230 710
1540240 710
1540250 710
1540260 709
1540270 709
1540280 709
1540290 709
1540300 709
1540310 709
1540320 709
1540330 709
1540340 708
1540350 708
1540360 708
1540370 708
1540380 707
1540390 707
1540400 707
1540410 706
1540420 706
1540430 706
1540440 706
1540450 706
1540460 705
1540470 705
1540480 705
1540490 705
1540500 704
1540510 704
1540520 704
1540530 703
1540540 703
1540550 703
1540560 702
1540570 702
1540580 702
1540590 702
1540600 700
1540610 700
1540620 695
1540630 689
1540640 689
1540650 686
1540660 685
1540670 685
1540680 686
1540690 686
1540700 686
1540710 686
1540720 686
1540730 686
1540740 686
1540750 686
1540760 686
1540770 686
1540780 686
1540790 686
1540800 686
1540810 686
1540820 686
1540830 686
1540840 686
1540850 686
1540860 686
1540870 686
1540880 685
1540890 685
1540900 685
1540910 685
1540920 685
1540930 686
1540940 686
1540950 686
1540960 686
1540970 686
1540980 686
1540990 686
1541000 686
1541010 686
1541020 686
1541030 686
1541040 686
1541050 686
1541060 685
1541070 685
1541080 685
1541090 686
1541100 686
1541110 686
1541120 685
1541130 685
1541140 685
1541150 685
1541160 685
1541170 685
1541180 685
1541190 685
1541200 685
1541210 685
1541220 685
1541230 685
1541240 685
1541250 685
1541260 685
1541270 685
1541280 685
1541290 685
1541300 685
1541310 685
1541320 685
1541330 684
1541340 684
1541350 684
1541360 684
1541370 684
1541380 684
1541390 684
1541400 684
1541410 684
1541420 684
1541430 684
1541440 684
1541450 684
1541460 684
1541470 684
1541480 684
1541490 684
1541500 684
1541510 684
1541520 684
1541530 684
1541540 684
1541550 684
1541560 684
1541570 684
1541580 684
1541590 684
1541600 684
1541610 684
1541620 684
1541630 684
1541640 684
1541650 684
1541660 684
1541670 684
1541680 684
1541690 684
1541700 684
1541710 684
1541720 684
1541730 684
1541740 684
1541750 684
1541760 684
1541770 684
1541780 684
1541790 684
1541800 684
1541810 683
1541820 683
1541830 683
1541840 682
1541850 682
1541860 682
1541870 682
1541880 682
1541890 683
1541900 684
1541910 684
1541920 684
1541930 684
1541940 684
1541950 683
1541960 686
1541970 686
1541980 689
1541990 690
1542000 690
1542010 691
1542020 692
1542030 692
1542040 692
1542050 693
1542060 693
1542070 693
1542080 693
1542090 693
1542100 693
1542110 693
1542120 694
1542130 694
1542140 694
1542150 694
1542160 694
1542170 694
1542180 695
1542190 695
1542200 695
1542210 695
1542220 695
1542230 695
1542240 695
1542250 695
1542260 695
1542270 694
1542280 694
1542290 694
1542300 694
1542310 694
1542320 693
1542330 693
1542340 693
1542350 694
1542360 694
1542370 694
1542380 695
1542390 695
1542400 695
1542410 695
1542420 695
1542430 696
1542440 696
1542450 696
1542460 697
1542470 697
1542480 697
1542490 698
1542500 698
1542510 699
1542520 699
1542530 699
1542540 699
1542550 699
1542560 699
1542570 700
1542580 700
1542590 700
1542600 700
1542610 701
1542620 701
1542630 700
1542640 700
1542650 700
1542660 700
1542670 701
1542680 701
1542690 701
1542700 701
1542710 701
1542720 701
1542730 702
1542740 702
1542750 702
1542760 702
1542770 702
1542780 702
1542790 703
1542800 703
1542810 703
1542820 703
1542830 704
1542840 704
1542850 704
1542860 704
1542870 704
1542880 703
1542890 702
1542900 702
1542910 701
1542920 701
1542930 701
1542940 700
1542950 699
1542960 699
1542970 699
1542980 698
1542990 698
1543000 698
1543010 697
1543020 697
1543030 697
1543040 696
1543050 696
1543060 696
1543070 696
1543080 695
1543090 695
1543100 694
1543110 694
1543120 694
1543130 694
1543140 693
1543150 693
1543160 693
1543170 693
1543180 693
1543190 693
1543200 692
1543210 692
1543220 693
1543230 692
1543240 692
1543250 692
1543260 692
1543270 692
1543280 692
1543290 692
1543300 692
1543310 692
1543320 692
1543330 692
1543340 692
1543350 691
1543360 691
1543370 691
1543380 690
1543390 690
1543400 690
1543410 687
1543420 685
1543430 685
1543440 683
1543450 681
1543460 681
1543470 680
1543480 680
1543490 680
1543500 680
1543510 680
1543520 680
1543530 680
1543540 680
1543550 680
1543560 680
1543570 680
1543580 680
1543590 679
1543600 679
1543610 679
1543620 678
1543630 679
1543640 680
1543650 680
1543660 680
1543670 680
1543680 680
1543690 680
1543700 680
1543710 680
1543720 680
1543730 680
1543740 680
1543750 680
1543760 680
1543770 680
1543780 680
1543790 680
1543800 680
1543810 680
1543820 680
1543830 680
1543840 680
1543850 680
1543860 680
1543870 680
1543880 681
1543890 681
1543900 681
1543910 681
1543920 681
1543930 681
1543940 681
1543950 681
1543960 681
1543970 681
1543980 681
1543990 681
1544000 681
1544010 682
1544020 682
1544030 683
1544040 682
1544050 682
1544060 681
1544070 681
1544080 681
1544090 680
1544100 681
1544110 681
1544120 681
1544130 682
1544140 682
1544150 682
1544160 682
1544170 682
1544180 682
1544190 682
1544200 682
1544210 682
1544220 682
1544230 682
1544240 682
1544250 683
1544260 683
1544270 683
1544280 683
1544290 683
1544300 683
1544310 683
1544320 684
1544330 684
1544340 684
1544350 684
1544360 684
1544370 684
1544380 685
1544390 685
1544400 685
1544410 685
1544420 685
1544430 685
1544440 685
1544450 685
1544460 686
1544470 686
1544480 686
1544490 687
1544500 687
1544510 687
1544520 687
1544530 688
1544540 688
1544550 688
1544560 688
1544570 689
1544580 689
1544590 689
1544600 690
1544610 690
1544620 691
1544630 691
1544640 691
1544650 691
1544660 692
1544670 692
1544680 692
1544690 692
1544700 692
1544710 693
1544720 693
1544730 693
1544740 693
1544750 694
1544760 694
1544770 695
1544780 696
1544790 696
1544800 697
1544810 698
1544820 698
1544830 698
1544840 698
1544850 698
1544860 698
1544870 699
1544880 699
1544890 699
1544900 699
1544910 697
1544920 697
1544930 698
1544940 699
1544950 699
1544960 700
1544970 701
1544980 701
1544990 702
1545000 702
1545010 702
1545020 701
1545030 702
1545040 702
1545050 702
1545060 702
1545070 702
1545080 702
1545090 702
1545100 702
1545110 702
1545120 702
1545130 702
1545140 702
1545150 703
1545160 703
1545170 703
1545180 704
1545190 705
1545200 705
1545210 707
1545220 711
1545230 711
1545240 717
1545250 723
1545260 723
1545270 727
1545280 729
1545290 729
1545300 731
1545310 732
1545320 732
1545330 732
1545340 733
1545350 733
1545360 733
1545370 734
1545380 734
1545390 736
1545400 738
1545410 738
1545420 739
1545430 740
1545440 740
1545450 740
1545460 741
1545470 738
1545480 738
1545490 738
1545500 738
1545510 738
1545520 740
1545530 741
1545540 741
1545550 744
1545560 746
1545570 746
1545580 751
1545590 753
1545600 753
1545610 753
1545620 754
1545630 754
1545640 755
1545650 755
1545660 755
1545670 754
1545680 754
1545690 754
1545700 753
1545710 753
1545720 753
1545730 756
1545740 758
1545750 759
1545760 759
1545770 759
1545780 759
1545790 759
1545800 759
1545810 759
1545820 759
1545830 760
1545840 760
1545850 760
1545860 758
1545870 757
1545880 757
1545890 758
1545900 760
1545910 760
1545920 762
1545930 763
1545940 763
1545950 764
1545960 765
1545970 765
1545980 766
1545990 767
1546000 767
1546010 767
1546020 767
1546030 767
1546040 768
1546050 768
1546060 768
1546070 768
1546080 768
1546090 768
1546100 768
1546110 769
1546120 769
1546130 769
1546140 769
1546150 768
1546160 768
1546170 769
1546180 769
1546190 769
1546200 769
1546210 769
1546220 769
1546230 770
1546240 771
1546250 771
1546260 772
1546270 774
1546280 774
1546290 775
1546300 776
1546310 776
1546320 776
1546330 777
1546340 777
1546350 778
1546360 779
1546370 780
1546380 780
1546390 781
1546400 781
1546410 781
1546420 782
1546430 782
1546440 782
1546450 783
1546460 784
1546470 784
1546480 785
1546490 786
1546500 786
1546510 786
1546520 786
1546530 786
1546540 786
1546550 786
1546560 786
1546570 786
1546580 787
1546590 787
1546600 787
1546610 787
1546620 787
1546630 789
1546640 791
1546650 791
1546660 793
1546670 796
1546680 799
1546690 799
1546700 801
1546710 804
1546720 804
1546730 806
1546740 808
1546750 808
1546760 810
1546770 812
1546780 812
1546790 813
1546800 813
1546810 813
1546820 813
1546830 814
1546840 814
1546850 814
1546860 814
1546870 814
1546880 811
1546890 804
1546900 804
1546910 796
1546920 798
1546930 798
1546940 802
1546950 804
1546960 804
1546970 806
1546980 807
1546990 807
1547000 807
1547010 807
1547020 808
1547030 808
1547040 810
1547050 812
1547060 812
1547070 813
1547080 814
1547090 814
1547100 814
1547110 815
1547120 815
1547130 815
1547140 815
1547150 815
1547160 816
1547170 816
1547180 816
1547190 816
1547200 817
1547210 817
1547220 817
1547230 816
1547240 816
1547250 816
1547260 815
1547270 815
1547280 815
1547290 814
1547300 813
1547310 813
1547320 813
1547330 812
1547340 812
1547350 811
1547360 810
1547370 810
1547380 810
1547390 810
1547400 810
1547410 810
1547420 808
1547430 808
1547440 808
1547450 807
1547460 807
1547470 806
1547480 804
1547490 804
1547500 797
1547510 789
1547520 789
1547530 782
1547540 776
1547550 776
1547560 771
1547570 766
1547580 766
1547590 761
1547600 762
1547610 764
1547620 764
1547630 769
1547640 772
1547650 772
1547660 776
1547670 780
1547680 780
1547690 785
1547700 790
1547710 790
1547720 795
1547730 800
1547740 800
1547750 806
1547760 812
1547770 812
1547780 814
1547790 817
1547800 817
1547810 820
1547820 823
1547830 823
1547840 828
1547850 833
1547860 833
1547870 834
1547880 837
1547890 837
1547900 841
1547910 847
1547920 849
1547930 849
1547940 852
1547950 854
1547960 854
1547970 856
1547980 858
1547990 858
1548000 860
1548010 863
1548020 863
1548030 866
1548040 869
1548050 869
1548060 872
1548070 873
1548080 873
1548090 875
1548100 876
1548110 876
1548120 877
1548130 877
1548140 877
1548150 877
1548160 878
1548170 878
1548180 879
1548190 878
1548200 878
1548210 878
1548220 876
1548230 875
1548240 875
1548250 876
1548260 877
1548270 877
1548280 877
1548290 878
1548300 878
1548310 878
1548320 879
1548330 879
1548340 882
1548350 884
1548360 884
1548370 886
1548380 888
1548390 888
1548400 891
1548410 894
1548420 894
1548430 896
1548440 899
1548450 899
1548460 904
1548470 909
1548480 909
1548490 912
1548500 917
1548510 920
1548520 920
1548530 923
1548540 925
1548550 925
1548560 927
1548570 928
1548580 928
1548590 928
1548600 927
1548610 927
1548620 928
1548630 928
1548640 928
1548650 929
1548660 931
1548670 931
1548680 932
1548690 933
1548700 933
1548710 933
1548720 934
1548730 934
1548740 936
1548750 937
1548760 937
1548770 939
1548780 941
1548790 941
1548800 942
1548810 943
1548820 944
1548830 944
1548840 946
1548850 947
1548860 947
1548870 948
1548880 948
1548890 948
1548900 949
1548910 949
1548920 949
1548930 949
1548940 948
1548950 948
1548960 948
1548970 949
1548980 949
1548990 949
1549000 949
1549010 949
1549020 950
1549030 950
1549040 950
1549050 950
1549060 950
1549070 950
1549080 951
1549090 951
1549100 951
1549110 952
1549120 951
1549130 951
1549140 951
1549150 951
1549160 951
1549170 951
1549180 951
1549190 950
1549200 950
1549210 950
1549220 951
1549230 951
1549240 952
1549250 951
1549260 951
1549270 948
1549280 950
1549290 950
1549300 950
1549310 951
1549320 951
1549330 951
1549340 950
1549350 950
1549360 949
1549370 948
1549380 948
1549390 947
1549400 946
1549410 946
1549420 941
1549430 944
1549440 947
1549450 947
1549460 949
1549470 949
1549480 949
1549490 950
1549500 953
1549510 953
1549520 953
1549530 950
1549540 950
1549550 942
1549560 934
1549570 934
1549580 928
1549590 922
1549600 922
1549610 912
1549620 905
1549630 905
1549640 903
1549650 904
1549660 904
1549670 903
1549680 899
1549690 899
1549700 893
1549710 895
1549720 895
1549730 907
1549740 917
1549750 926
1549760 926
1549770 934
1549780 938
1549790 938
1549800 943
1549810 948
1549820 948
1549830 954
1549840 958
1549850 958
1549860 964
1549870 970
1549880 970
1549890 975
1549900 978
1549910 978
1549920 981
1549930 983
1549940 983
1549950 984
1549960 986
1549970 986
1549980 987
1549990 989
1550000 989
1550010 992
1550020 996
1550030 996
1550040 1001
1550050 1005
1550060 1010
1550070 1010
1550080 1014
1550090 1020
1550100 1020
1550110 1027
1550120 1034
1550130 1034
1550140 1040
1550150 1045
1550160 1045
1550170 1050
1550180 1053
1550190 1053
1550200 1054
1550210 1056
1550220 1056
1550230 1059
1550240 1062
1550250 1062
1550260 1065
1550270 1069
1550280 1069
1550290 1073
1550300 1077
1550310 1077
1550320 1081
1550330 1086
1550340 1090
1550350 1090
1550360 1092
1550370 1094
1550380 1094
1550390 1096
1550400 1098
1550410 1098
1550420 1099
1550430 1099
1550440 1099
1550450 1098
1550460 1097
1550470 1097
1550480 1098
1550490 1098
1550500 1098
1550510 1099
1550520 1097
1550530 1097
1550540 1096
1550550 1096
1550560 1096
1550570 1098
1550580 1099
1550590 1099
1550600 1100
1550610 1101
1550620 1101
1550630 1103
1550640 1104
1550650 1105
1550660 1105
1550670 1106
1550680 1107
1550690 1107
1550700 1108
1550710 1109
1550720 1109
1550730 1109
1550740 1109
1550750 1109
1550760 1109
1550770 1110
1550780 1110
1550790 1111
1550800 1112
1550810 1112
1550820 1112
1550830 1112
1550840 1112
1550850 1111
1550860 1110
1550870 1110
1550880 1109
1550890 1108
1550900 1108
1550910 1107
1550920 1108
1550930 1108
1550940 1108
1550950 1108
1550960 1107
1550970 1107
1550980 1107
1550990 1106
1551000 1106
1551010 1105
1551020 1103
1551030 1103
1551040 1103
1551050 1102
1551060 1102
1551070 1101
1551080 1100
1551090 1100
1551100 1099
1551110 1098
1551120 1098
1551130 1096
1551140 1093
1551150 1093
1551160 1089
1551170 1084
1551180 1084
1551190 1080
1551200 1077
1551210 1077
1551220 1074
1551230 1071
1551240 1071
1551250 1068
1551260 1065
1551270 1061
1551280 1061
1551290 1057
1551300 1052
1551310 1052
1551320 1048
1551330 1043
1551340 1043
1551350 1038
1551360 1032
1551370 1032
1551380 1027
1551390 1023
1551400 1023
1551410 1018
1551420 1014
1551430 1014
1551440 1009
1551450 1004
1551460 1004
1551470 1000
1551480 995
1551490 995
1551500 990
1551510 985
1551520 985
1551530 980
1551540 975
1551550 975
1551560 972
1551570 969
1551580 966
1551590 966
1551600 962
1551610 958
1551620 958
1551630 954
1551640 949
1551650 949
1551660 944
1551670 940
1551680 940
1551690 935
1551700 929
1551710 929
1551720 925
1551730 920
1551740 920
1551750 916
1551760 911
1551770 911
1551780 907
1551790 904
1551800 904
1551810 901
1551820 897
1551830 897
1551840 894
1551850 891
1551860 891
1551870 888
1551880 886
1551890 883
1551900 883
1551910 881
1551920 878
1551930 878
1551940 874
1551950 869
1551960 869
1551970 862
1551980 856
1551990 856
1552000 851
1552010 846
1552020 846
1552030 840
1552040 834
1552050 834
1552060 828
1552070 824
1552080 824
1552090 820
1552100 817
1552110 817
1552120 814
1552130 811
1552140 811
1552150 807
1552160 804
1552170 801
1552180 801
1552190 799
1552200 797
1552210 797
1552220 794
1552230 791
1552240 791
1552250 789
1552260 788
1552270 788
1552280 788
1552290 789
1552300 789
1552310 788
1552320 784
1552330 784
1552340 779
1552350 775
1552360 775
1552370 771
1552380 768
1552390 768
1552400 765
1552410 765
1552420 765
1552430 768
1552440 771
1552450 771
1552460 771
1552470 772
1552480 773
1552490 773
1552500 775
1552510 776
1552520 776
1552530 776
1552540 777
1552550 777
1552560 777
1552570 777
1552580 777
1552590 777
1552600 777
1552610 777
1552620 777
1552630 773
1552640 773
1552650 770
1552660 769
1552670 769
1552680 770
1552690 769
1552700 769
1552710 766
1552720 763
1552730 763
1552740 761
1552750 757
1552760 757
1552770 757
1552780 757
1552790 756
1552800 756
1552810 755
1552820 753
1552830 753
1552840 751
1552850 748
1552860 748
1552870 746
1552880 745
1552890 745
1552900 744
1552910 744
1552920 744
1552930 743
1552940 743
1552950 743
1552960 743
1552970 742
1552980 742
1552990 739
1553000 730
1553010 730
1553020 721
1553030 710
1553040 710
1553050 698
1553060 691
1553070 691
1553080 690
1553090 691
1553100 692
1553110 692
1553120 693
1553130 693
1553140 693
1553150 699
1553160 712
1553170 712
1553180 720
1553190 725
1553200 725
1553210 731
1553220 736
1553230 736
1553240 743
1553250 750
1553260 750
1553270 753
1553280 757
1553290 757
1553300 761
1553310 765
1553320 765
1553330 769
1553340 774
1553350 774
1553360 778
1553370 782
1553380 782
1553390 788
1553400 792
1553410 794
1553420 794
1553430 795
1553440 797
1553450 797
1553460 800
1553470 801
1553480 801
1553490 803
1553500 805
1553510 805
1553520 808
1553530 809
1553540 809
1553550 811
1553560 813
1553570 813
1553580 814
1553590 817
1553600 817
1553610 820
1553620 821
1553630 821
1553640 824
1553650 827
1553660 827
1553670 828
1553680 829
1553690 829
1553700 836
1553710 843
1553720 847
1553730 847
1553740 852
1553750 858
1553760 858
1553770 865
1553780 872
1553790 872
1553800 879
1553810 886
1553820 886
1553830 893
1553840 901
1553850 901
1553860 910
1553870 920
1553880 920
1553890 929
1553900 938
1553910 938
1553920 946
1553930 954
1553940 954
1553950 961
1553960 968
1553970 968
1553980 977
1553990 986
1554000 986
1554010 993
1554020 997
1554030 1001
1554040 1001
1554050 1005
1554060 1008
1554070 1008
1554080 1011
1554090 1015
1554100 1015
1554110 1019
1554120 1023
1554130 1023
1554140 1026
1554150 1028
1554160 1028
1554170 1029
1554180 1029
1554190 1029
1554200 1029
1554210 1029
1554220 1029
1554230 1031
1554240 1038
1554250 1038
1554260 1047
1554270 1053
1554280 1053
1554290 1058
1554300 1064
1554310 1069
1554320 1069
1554330 1072
1554340 1075
1554350 1075
1554360 1077
1554370 1079
1554380 1079
1554390 1080
1554400 1082
1554410 1082
1554420 1083
1554430 1085
1554440 1085
1554450 1091
1554460 1096
1554470 1096
1554480 1101
1554490 1106
1554500 1106
1554510 1114
1554520 1121
1554530 1121
1554540 1127
1554550 1132
1554560 1132
1554570 1137
1554580 1141
1554590 1141
1554600 1144
1554610 1148
1554620 1152
1554630 1152
1554640 1157
1554650 1162
1554660 1162
1554670 1164
1554680 1167
1554690 1167
1554700 1171
1554710 1174
1554720 1174
1554730 1178
1554740 1183
1554750 1183
1554760 1187
1554770 1192
1554780 1192
1554790 1197
1554800 1203
1554810 1203
1554820 1209
1554830 1216
1554840 1216
1554850 1223
1554860 1231
1554870 1231
1554880 1239
1554890 1248
1554900 1248
1554910 1255
1554920 1259
1554930 1262
1554940 1262
1554950 1266
1554960 1272
1554970 1272
1554980 1279
1554990 1284
1555000 1284
1555010 1288
1555020 1292
1555030 1292
1555040 1298
1555050 1304
1555060 1304
1555070 1312
1555080 1322
1555090 1322
1555100 1328
1555110 1335
1555120 1335
1555130 1342
1555140 1349
1555150 1349
1555160 1357
1555170 1367
1555180 1367
1555190 1378
1555200 1388
1555210 1388
1555220 1396
1555230 1403
1555240 1406
1555250 1406
1555260 1410
1555270 1413
1555280 1413
1555290 1414
1555300 1416
1555310 1416
1555320 1419
1555330 1422
1555340 1422
1555350 1425
1555360 1429
1555370 1429
1555380 1434
1555390 1438
1555400 1438
1555410 1441
1555420 1444
1555430 1444
1555440 1448
1555450 1450
1555460 1450
1555470 1452
1555480 1454
1555490 1454
1555500 1456
1555510 1457
1555520 1457
1555530 1457
1555540 1458
1555550 1458
1555560 1458
1555570 1458
1555580 1457
1555590 1457
1555600 1455
1555610 1455
1555620 1455
1555630 1453
1555640 1451
1555650 1451
1555660 1447
1555670 1443
1555680 1443
1555690 1438
1555700 1434
1555710 1434
1555720 1430
1555730 1426
1555740 1426
1555750 1422
1555760 1417
1555770 1417
1555780 1413
1555790 1409
1555800 1409
1555810 1404
1555820 1400
1555830 1400
1555840 1396
1555850 1391
1555860 1387
1555870 1387
1555880 1382
1555890 1377
1555900 1377
1555910 1372
1555920 1367
1555930 1367
1555940 1362
1555950 1357
1555960 1357
1555970 1352
1555980 1346
1555990 1346
1556000 1341
1556010 1336
1556020 1336
1556030 1330
1556040 1325
1556050 1325
1556060 1320
1556070 1315
1556080 1315
1556090 1311
1556100 1309
1556110 1309
1556120 1309
1556130 1309
1556140 1308
1556150 1308
1556160 1308
1556170 1309
1556180 1309
1556190 1310
1556200 1311
1556210 1311
1556220 1311
1556230 1310
1556240 1310
1556250 1309
1556260 1307
1556270 1307
1556280 1305
1556290 1303
1556300 1303
1556310 1302
1556320 1301
1556330 1301
1556340 1301
1556350 1301
1556360 1301
1556370 1301
1556380 1299
1556390 1299
1556400 1298
1556410 1298
1556420 1298
1556430 1297
1556440 1296
1556450 1294
1556460 1294
1556470 1291
1556480 1291
1556490 1291
1556500 1291
1556510 1291
1556520 1291
1556530 1290
1556540 1290
1556550 1290
1556560 1290
1556570 1292
1556580 1292
1556590 1293
1556600 1292
1556610 1292
1556620 1294
1556630 1304
1556640 1304
1556650 1313
1556660 1319
1556670 1319
1556680 1325
1556690 1331
1556700 1331
1556710 1337
1556720 1343
1556730 1343
1556740 1349
1556750 1355
1556760 1362
1556770 1362
1556780 1368
1556790 1375
1556800 1375
1556810 1380
1556820 1386
1556830 1386
1556840 1393
1556850 1399
1556860 1399
1556870 1405
1556880 1412
1556890 1412
1556900 1417
1556910 1423
1556920 1423
1556930 1428
1556940 1434
1556950 1434
1556960 1439
1556970 1445
1556980 1445
1556990 1451
1557000 1457
1557010 1457
1557020 1464
1557030 1470
1557040 1470
1557050 1475
1557060 1480
1557070 1486
1557080 1486
1557090 1492
1557100 1497
1557110 1497
1557120 1502
1557130 1508
1557140 1508
1557150 1510
1557160 1506
1557170 1506
1557180 1502
1557190 1495
1557200 1495
1557210 1489
1557220 1483
1557230 1483
1557240 1477
1557250 1471
1557260 1471
1557270 1465
1557280 1459
1557290 1459
1557300 1453
1557310 1448
1557320 1448
1557330 1443
1557340 1439
1557350 1439
1557360 1434
1557370 1430
1557380 1425
1557390 1425
1557400 1421
1557410 1422
1557420 1422
1557430 1430
1557440 1435
1557450 1435
1557460 1440
1557470 1445
1557480 1445
1557490 1450
1557500 1455
1557510 1455
1557520 1460
1557530 1465
1557540 1465
1557550 1471
1557560 1476
1557570 1476
1557580 1482
1557590 1487
1557600 1487
1557610 1493
1557620 1498
1557630 1498
1557640 1504
1557650 1509
1557660 1509
1557670 1514
1557680 1518
1557690 1523
1557700 1523
1557710 1526
1557720 1527
1557730 1527
1557740 1525
1557750 1523
1557760 1523
1557770 1526
1557780 1525
1557790 1525
1557800 1522
1557810 1517
1557820 1517
1557830 1512
1557840 1516
1557850 1516
1557860 1522
1557870 1528
1557880 1528
1557890 1531
1557900 1533
1557910 1533
1557920 1536
1557930 1541
1557940 1541
1557950 1545
1557960 1548
1557970 1550
1557980 1550
1557990 1550
1558000 1551
1558010 1551
1558020 1558
1558030 1567
1558040 1567
1558050 1576
1558060 1583
1558070 1583
1558080 1590
1558090 1596
1558100 1596
1558110 1603
1558120 1609
1558130 1609
1558140 1616
1558150 1622
1558160 1622
1558170 1628
1558180 1634
1558190 1634
1558200 1640
1558210 1646
1558220 1646
1558230 1651
1558240 1657
1558250 1657
1558260 1662
1558270 1665
1558280 1661
1558290 1661
1558300 1655
1558310 1652
1558320 1652
1558330 1650
1558340 1645
1558350 1645
1558360 1641
1558370 1635
1558380 1635
1558390 1629
1558400 1624
1558410 1624
1558420 1621
1558430 1621
1558440 1621
1558450 1620
1558460 1620
1558470 1620
1558480 1618
1558490 1616
1558500 1616
1558510 1614
1558520 1611
1558530 1611
1558540 1607
1558550 1603
1558560 1603
1558570 1600
1558580 1596
1558590 1590
1558600 1590
1558610 1584
1558620 1578
1558630 1578
1558640 1572
1558650 1567
1558660 1567
1558670 1563
1558680 1558
1558690 1558
1558700 1555
1558710 1553
1558720 1553
1558730 1549
1558740 1544
1558750 1544
1558760 1540
1558770 1536
1558780 1536
1558790 1532
1558800 1528
1558810 1528
1558820 1524
1558830 1520
1558840 1520
1558850 1516
1558860 1513
1558870 1513
1558880 1510
1558890 1507
1558900 1504
1558910 1504
1558920 1501
1558930 1497
1558940 1497
1558950 1493
1558960 1489
1558970 1489
1558980 1485
1558990 1481
1559000 1481
1559010 1478
1559020 1476
1559030 1476
1559040 1473
1559050 1472
1559060 1472
1559070 1471
1559080 1470
1559090 1470
1559100 1469
1559110 1469
1559120 1469
1559130 1470
1559140 1471
1559150 1471
1559160 1471
1559170 1472
1559180 1472
1559190 1471
1559200 1470
1559210 1469
1559220 1469
1559230 1469
1559240 1469
1559250 1469
1559260 1469
1559270 1467
1559280 1467
1559290 1465
1559300 1463
1559310 1463
1559320 1460
1559330 1457
1559340 1457
1559350 1453
1559360 1449
1559370 1449
1559380 1443
1559390 1436
1559400 1436
1559410 1429
1559420 1423
1559430 1423
1559440 1417
1559450 1411
1559460 1411
1559470 1406
1559480 1401
1559490 1401
1559500 1396
1559510 1390
1559520 1384
1559530 1384
1559540 1379
1559550 1372
1559560 1372
1559570 1366
1559580 1359
1559590 1359
1559600 1354
1559610 1351
1559620 1351
1559630 1349
1559640 1342
1559650 1342
1559660 1333
1559670 1326
1559680 1326
1559690 1321
1559700 1315
1559710 1315
1559720 1308
1559730 1301
1559740 1301
1559750 1293
1559760 1288
1559770 1288
1559780 1289
1559790 1290
1559800 1290
1559810 1290
1559820 1290
1559830 1291
1559840 1291
1559850 1293
1559860 1293
1559870 1293
1559880 1291
1559890 1287
1559900 1287
1559910 1283
1559920 1279
1559930 1279
1559940 1273
1559950 1266
1559960 1266
1559970 1262
1559980 1265
1559990 1265
