1540000 814
1540010 812
1540020 807
1540030 807
1540040 804
1540050 800
1540060 800
1540070 797
1540080 795
1540090 795
1540100 794
1540110 793
1540120 793
1540130 791
1540140 790
1540150 790
1540160 789
1540170 788
1540180 788
1540190 788
1540200 788
1540210 788
1540220 788
1540230 787
1540240 788
1540250 788
1540260 791
1540270 792
1540280 792
1540290 793
1540300 795
1540310 795
1540320 798
1540330 803
1540340 803
1540350 807
1540360 810
1540370 810
1540380 814
1540390 817
1540400 817
1540410 820
1540420 823
1540430 823
1540440 826
1540450 830
1540460 830
1540470 835
1540480 841
1540490 841
1540500 848
1540510 853
1540520 853
1540530 858
1540540 862
1540550 866
1540560 866
1540570 869
1540580 873
1540590 873
1540600 875
1540610 877
1540620 877
1540630 879
1540640 882
1540650 882
1540660 883
1540670 885
1540680 885
1540690 886
1540700 887
1540710 887
1540720 888
1540730 890
1540740 890
1540750 891
1540760 892
1540770 892
1540780 893
1540790 895
1540800 895
1540810 896
1540820 897
1540830 897
1540840 899
1540850 901
1540860 904
1540870 904
1540880 906
1540890 909
1540900 909
1540910 911
1540920 913
1540930 913
1540940 915
1540950 917
1540960 917
1540970 919
1540980 921
1540990 921
1541000 922
1541010 923
1541020 923
1541030 924
1541040 925
1541050 925
1541060 925
1541070 926
1541080 926
1541090 927
1541100 929
1541110 929
1541120 931
1541130 932
1541140 933
1541150 933
1541160 934
1541170 934
1541180 934
1541190 939
1541200 939
1541210 939
1541220 938
1541230 937
1541240 937
1541250 937
1541260 936
1541270 936
1541280 935
1541290 935
1541300 935
1541310 934
1541320 932
1541330 932
1541340 932
1541350 933
1541360 933
1541370 932
1541380 932
1541390 932
1541400 930
1541410 929
1541420 929
1541430 927
1541440 923
1541450 918
1541460 918
1541470 913
1541480 910
1541490 910
1541500 905
1541510 901
1541520 901
1541530 895
1541540 888
1541550 888
1541560 881
1541570 873
1541580 873
1541590 864
1541600 856
1541610 856
1541620 850
1541630 848
1541640 848
1541650 853
1541660 857
1541670 857
1541680 862
1541690 868
1541700 868
1541710 875
1541720 881
1541730 881
1541740 889
1541750 900
1541760 910
1541770 910
1541780 915
1541790 916
1541800 916
1541810 915
1541820 915
1541830 915
1541840 916
1541850 914
1541860 914
1541870 907
1541880 900
1541890 900
1541900 895
1541910 889
1541920 889
1541930 885
1541940 881
1541950 881
1541960 876
1541970 874
1541980 874
1541990 871
1542000 868
1542010 868
1542020 865
1542030 862
1542040 862
1542050 859
1542060 857
1542070 855
1542080 855
1542090 852
1542100 852
1542110 852
1542120 854
1542130 857
1542140 857
1542150 858
1542160 854
1542170 854
1542180 850
1542190 846
1542200 846
1542210 843
1542220 839
1542230 839
1542240 834
1542250 829
1542260 829
1542270 823
1542280 820
1542290 820
1542300 819
1542310 819
1542320 819
1542330 819
1542340 820
1542350 820
1542360 824
1542370 829
1542380 832
1542390 832
1542400 832
1542410 831
1542420 831
1542430 829
1542440 827
1542450 827
1542460 827
1542470 827
1542480 827
1542490 829
1542500 828
1542510 828
1542520 824
1542530 819
1542540 819
1542550 811
1542560 806
1542570 806
1542580 804
1542590 804
1542600 804
1542610 803
1542620 804
1542630 804
1542640 804
1542650 804
1542660 804
1542670 804
1542680 803
1542690 803
1542700 803
1542710 803
1542720 802
1542730 802
1542740 802
1542750 802
1542760 802
1542770 801
1542780 801
1542790 801
1542800 799
1542810 796
1542820 796
1542830 796
1542840 797
1542850 797
1542860 798
1542870 797
1542880 797
1542890 796
1542900 796
1542910 796
1542920 797
1542930 800
1542940 800
1542950 804
1542960 809
1542970 809
1542980 815
1542990 822
1543000 830
1543010 830
1543020 833
1543030 830
1543040 830
1543050 825
1543060 821
1543070 821
1543080 822
1543090 826
1543100 826
1543110 825
1543120 821
1543130 821
1543140 821
1543150 825
1543160 825
1543170 829
1543180 827
1543190 827
1543200 823
1543210 822
1543220 822
1543230 826
1543240 829
1543250 829
1543260 828
1543270 825
1543280 825
1543290 824
1543300 821
1543310 817
1543320 817
1543330 815
1543340 815
1543350 815
1543360 815
1543370 816
1543380 816
1543390 816
1543400 820
1543410 820
1543420 821
1543430 820
1543440 820
1543450 820
1543460 820
1543470 820
1543480 818
1543490 815
1543500 815
1543510 813
1543520 812
1543530 812
1543540 811
1543550 810
1543560 810
1543570 809
1543580 809
1543590 809
1543600 810
1543610 811
1543620 812
1543630 812
1543640 814
1543650 816
1543660 816
1543670 818
1543680 820
1543690 820
1543700 820
1543710 819
1543720 819
1543730 819
1543740 820
1543750 820
1543760 819
1543770 818
1543780 818
1543790 817
1543800 813
1543810 813
1543820 811
1543830 810
1543840 810
1543850 808
1543860 806
1543870 806
1543880 805
1543890 804
1543900 804
1543910 801
1543920 799
1543930 796
1543940 796
1543950 795
1543960 793
1543970 793
1543980 792
1543990 790
1544000 790
1544010 788
1544020 785
1544030 785
1544040 779
1544050 773
1544060 773
1544070 768
1544080 766
1544090 766
1544100 766
1544110 765
1544120 765
1544130 764
1544140 763
1544150 763
1544160 762
1544170 760
1544180 760
1544190 760
1544200 759
1544210 759
1544220 754
1544230 748
1544240 744
1544250 744
1544260 744
1544270 745
1544280 745
1544290 747
1544300 750
1544310 750
1544320 749
1544330 741
1544340 741
1544350 738
1544360 737
1544370 737
1544380 737
1544390 739
1544400 739
1544410 740
1544420 741
1544430 741
1544440 742
1544450 743
1544460 743
1544470 744
1544480 745
1544490 745
1544500 745
1544510 745
1544520 745
1544530 745
1544540 745
1544550 745
1544560 745
1544570 744
1544580 744
1544590 744
1544600 744
1544610 743
1544620 743
1544630 741
1544640 740
1544650 740
1544660 739
1544670 738
1544680 738
1544690 737
1544700 736
1544710 736
1544720 734
1544730 733
1544740 733
1544750 731
1544760 730
1544770 730
1544780 728
1544790 726
1544800 726
1544810 724
1544820 723
1544830 723
1544840 721
1544850 720
1544860 719
1544870 719
1544880 717
1544890 716
1544900 716
1544910 714
1544920 713
1544930 713
1544940 712
1544950 711
1544960 711
1544970 709
1544980 708
1544990 708
1545000 709
1545010 710
1545020 710
1545030 711
1545040 711
1545050 711
1545060 710
1545070 708
1545080 708
1545090 706
1545100 704
1545110 704
1545120 702
1545130 701
1545140 701
1545150 701
1545160 700
1545170 700
1545180 700
1545190 699
1545200 699
1545210 699
1545220 699
1545230 699
1545240 699
1545250 699
1545260 699
1545270 699
1545280 698
1545290 697
1545300 697
1545310 695
1545320 693
1545330 693
1545340 690
1545350 687
1545360 687
1545370 684
1545380 681
1545390 681
1545400 679
1545410 677
1545420 677
1545430 675
1545440 675
1545450 675
1545460 675
1545470 675
1545480 675
1545490 675
1545500 675
1545510 674
1545520 674
1545530 675
1545540 675
1545550 675
1545560 674
1545570 674
1545580 674
1545590 674
1545600 674
1545610 674
1545620 675
1545630 674
1545640 674
1545650 674
1545660 674
1545670 674
1545680 675
1545690 675
1545700 675
1545710 674
1545720 675
1545730 675
1545740 675
1545750 675
1545760 675
1545770 675
1545780 675
1545790 675
1545800 675
1545810 675
1545820 675
1545830 675
1545840 675
1545850 675
1545860 675
1545870 675
1545880 675
1545890 675
1545900 675
1545910 675
1545920 675
1545930 675
1545940 675
1545950 675
1545960 675
1545970 675
1545980 675
1545990 675
1546000 675
1546010 675
1546020 675
1546030 675
1546040 675
1546050 676
1546060 676
1546070 674
1546080 674
1546090 673
1546100 672
1546110 672
1546120 672
1546130 673
1546140 673
1546150 674
1546160 675
1546170 675
1546180 675
1546190 674
1546200 674
1546210 674
1546220 674
1546230 674
1546240 674
1546250 674
1546260 674
1546270 674
1546280 674
1546290 674
1546300 674
1546310 674
1546320 674
1546330 674
1546340 674
1546350 674
1546360 674
1546370 674
1546380 674
1546390 674
1546400 674
1546410 674
1546420 674
1546430 674
1546440 674
1546450 674
1546460 674
1546470 674
1546480 674
1546490 674
1546500 674
1546510 674
1546520 674
1546530 674
1546540 674
1546550 674
1546560 674
1546570 674
1546580 674
1546590 674
1546600 674
1546610 674
1546620 674
1546630 674
1546640 674
1546650 673
1546660 673
1546670 673
1546680 673
1546690 673
1546700 673
1546710 673
1546720 673
1546730 673
1546740 673
1546750 673
1546760 673
1546770 673
1546780 673
1546790 673
1546800 673
1546810 673
1546820 673
1546830 673
1546840 673
1546850 673
1546860 673
1546870 673
1546880 673
1546890 673
1546900 673
1546910 673
1546920 673
1546930 673
1546940 673
1546950 673
1546960 673
1546970 673
1546980 673
1546990 673
1547000 673
1547010 673
1547020 673
1547030 673
1547040 673
1547050 672
1547060 672
1547070 672
1547080 672
1547090 672
1547100 672
1547110 672
1547120 672
1547130 672
1547140 672
1547150 672
1547160 672
1547170 672
1547180 672
1547190 672
1547200 672
1547210 672
1547220 672
1547230 672
1547240 672
1547250 672
1547260 672
1547270 672
1547280 672
1547290 672
1547300 672
1547310 672
1547320 672
1547330 672
1547340 672
1547350 672
1547360 672
1547370 672
1547380 672
1547390 672
1547400 672
1547410 672
1547420 672
1547430 672
1547440 672
1547450 672
1547460 672
1547470 672
1547480 672
1547490 672
1547500 672
1547510 671
1547520 672
1547530 672
1547540 672
1547550 672
1547560 672
1547570 672
1547580 672
1547590 672
1547600 672
1547610 672
1547620 672
1547630 672
1547640 672
1547650 672
1547660 672
1547670 672
1547680 672
1547690 672
1547700 672
1547710 672
1547720 672
1547730 672
1547740 672
1547750 672
1547760 672
1547770 673
1547780 673
1547790 673
1547800 673
1547810 673
1547820 672
1547830 670
1547840 670
1547850 670
1547860 670
1547870 670
1547880 670
1547890 670
1547900 670
1547910 670
1547920 671
1547930 672
1547940 672
1547950 672
1547960 672
1547970 672
1547980 672
1547990 672
1548000 672
1548010 672
1548020 672
1548030 672
1548040 672
1548050 672
1548060 672
1548070 671
1548080 671
1548090 671
1548100 671
1548110 671
1548120 671
1548130 671
1548140 671
1548150 671
1548160 671
1548170 671
1548180 671
1548190 671
1548200 671
1548210 671
1548220 671
1548230 671
1548240 670
1548250 670
1548260 670
1548270 670
1548280 670
1548290 670
1548300 670
1548310 670
1548320 670
1548330 670
1548340 670
1548350 670
1548360 670
1548370 670
1548380 670
1548390 670
1548400 670
1548410 670
1548420 670
1548430 670
1548440 670
1548450 670
1548460 670
1548470 670
1548480 670
1548490 670
1548500 670
1548510 670
1548520 670
1548530 670
1548540 670
1548550 670
1548560 670
1548570 670
1548580 670
1548590 670
1548600 670
1548610 670
1548620 670
1548630 670
1548640 670
1548650 670
1548660 670
1548670 670
1548680 670
1548690 671
1548700 671
1548710 671
1548720 671
1548730 669
1548740 669
1548750 668
1548760 668
1548770 668
1548780 668
1548790 668
1548800 668
1548810 669
1548820 671
1548830 671
1548840 671
1548850 671
1548860 670
1548870 670
1548880 670
1548890 670
1548900 670
1548910 670
1548920 670
1548930 670
1548940 670
1548950 670
1548960 670
1548970 671
1548980 671
1548990 671
1549000 671
1549010 671
1549020 671
1549030 671
1549040 671
1549050 671
1549060 672
1549070 671
1549080 671
1549090 670
1549100 670
1549110 670
1549120 671
1549130 672
1549140 672
1549150 674
1549160 674
1549170 675
1549180 675
1549190 675
1549200 675
1549210 675
1549220 676
1549230 676
1549240 676
1549250 676
1549260 677
1549270 677
1549280 677
1549290 678
1549300 678
1549310 678
1549320 678
1549330 678
1549340 678
1549350 679
1549360 679
1549370 678
1549380 678
1549390 678
1549400 678
1549410 678
1549420 678
1549430 678
1549440 678
1549450 678
1549460 678
1549470 678
1549480 677
1549490 677
1549500 677
1549510 676
1549520 676
1549530 676
1549540 676
1549550 676
1549560 676
1549570 675
1549580 675
1549590 675
1549600 674
1549610 674
1549620 674
1549630 674
1549640 674
1549650 673
1549660 673
1549670 673
1549680 673
1549690 672
1549700 672
1549710 672
1549720 672
1549730 672
1549740 672
1549750 671
1549760 671
1549770 671
1549780 672
1549790 672
1549800 672
1549810 676
1549820 682
1549830 682
1549840 688
1549850 692
1549860 692
1549870 694
1549880 695
1549890 695
1549900 696
1549910 697
1549920 697
1549930 698
1549940 699
1549950 699
1549960 700
1549970 701
1549980 701
1549990 705
1550000 709
1550010 709
1550020 712
1550030 713
1550040 713
1550050 714
1550060 715
1550070 715
1550080 716
1550090 720
1550100 723
1550110 723
1550120 728
1550130 733
1550140 733
1550150 738
1550160 741
1550170 741
1550180 743
1550190 746
1550200 746
1550210 749
1550220 753
1550230 753
1550240 756
1550250 760
1550260 760
1550270 764
1550280 767
1550290 767
1550300 771
1550310 774
1550320 774
1550330 777
1550340 780
1550350 780
1550360 784
1550370 788
1550380 788
1550390 791
1550400 793
1550410 795
1550420 795
1550430 796
1550440 798
1550450 798
1550460 797
1550470 794
1550480 794
1550490 793
1550500 795
1550510 795
1550520 798
1550530 802
1550540 802
1550550 805
1550560 808
1550570 808
1550580 810
1550590 812
1550600 812
1550610 812
1550620 812
1550630 812
1550640 813
1550650 813
1550660 813
1550670 814
1550680 816
1550690 816
1550700 817
1550710 819
1550720 820
1550730 820
1550740 821
1550750 821
1550760 821
1550770 821
1550780 822
1550790 822
1550800 822
1550810 823
1550820 823
1550830 824
1550840 825
1550850 825
1550860 825
1550870 826
1550880 826
1550890 827
1550900 827
1550910 827
1550920 828
1550930 828
1550940 828
1550950 828
1550960 829
1550970 829
1550980 829
1550990 829
1551000 829
1551010 829
1551020 830
1551030 830
1551040 830
1551050 829
1551060 828
1551070 828
1551080 827
1551090 826
1551100 826
1551110 825
1551120 823
1551130 823
1551140 821
1551150 820
1551160 820
1551170 819
1551180 817
1551190 817
1551200 815
1551210 813
1551220 813
1551230 811
1551240 808
1551250 808
1551260 805
1551270 801
1551280 801
1551290 799
1551300 796
1551310 796
1551320 792
1551330 788
1551340 784
1551350 784
1551360 781
1551370 778
1551380 778
1551390 774
1551400 769
1551410 769
1551420 763
1551430 758
1551440 758
1551450 754
1551460 748
1551470 748
1551480 745
1551490 742
1551500 742
1551510 740
1551520 738
1551530 737
1551540 736
1551550 736
1551560 736
1551570 735
1551580 735
1551590 735
1551600 735
1551610 735
1551620 735
1551630 735
1551640 734
1551650 734
1551660 734
1551670 733
1551680 733
1551690 733
1551700 732
1551710 731
1551720 731
1551730 730
1551740 730
1551750 730
1551760 729
1551770 727
1551780 727
1551790 726
1551800 726
1551810 726
1551820 726
1551830 726
1551840 726
1551850 727
1551860 727
1551870 727
1551880 728
1551890 729
1551900 729
1551910 730
1551920 730
1551930 730
1551940 731
1551950 731
1551960 730
1551970 730
1551980 729
1551990 729
1552000 729
1552010 728
1552020 726
1552030 726
1552040 727
1552050 728
1552060 728
1552070 730
1552080 732
1552090 732
1552100 733
1552110 733
1552120 733
1552130 734
1552140 735
1552150 735
1552160 735
1552170 736
1552180 736
1552190 738
1552200 740
1552210 740
1552220 742
1552230 744
1552240 744
1552250 746
1552260 747
1552270 748
1552280 748
1552290 749
1552300 750
1552310 750
1552320 751
1552330 752
1552340 752
1552350 754
1552360 754
1552370 754
1552380 755
1552390 756
1552400 756
1552410 756
1552420 756
1552430 756
1552440 756
1552450 757
1552460 757
1552470 756
1552480 755
1552490 755
1552500 754
1552510 751
1552520 751
1552530 747
1552540 742
1552550 742
1552560 737
1552570 731
1552580 728
1552590 728
1552600 725
1552610 722
1552620 722
1552630 715
1552640 707
1552650 707
1552660 697
1552670 686
1552680 686
1552690 676
1552700 677
1552710 677
1552720 678
1552730 678
1552740 678
1552750 678
1552760 678
1552770 678
1552780 681
1552790 686
1552800 686
1552810 695
1552820 702
1552830 702
1552840 708
1552850 710
1552860 710
1552870 712
1552880 717
1552890 722
1552900 722
1552910 729
1552920 731
1552930 731
1552940 732
1552950 733
1552960 733
1552970 734
1552980 735
1552990 735
1553000 735
1553010 736
1553020 736
1553030 737
1553040 739
1553050 739
1553060 741
1553070 743
1553080 743
1553090 745
1553100 747
1553110 747
1553120 748
1553130 749
1553140 749
1553150 751
1553160 752
1553170 753
1553180 753
1553190 753
1553200 753
1553210 753
1553220 753
1553230 753
1553240 753
1553250 751
1553260 749
1553270 749
1553280 746
1553290 744
1553300 744
1553310 744
1553320 743
1553330 743
1553340 744
1553350 745
1553360 745
1553370 746
1553380 748
1553390 748
1553400 751
1553410 755
1553420 755
1553430 758
1553440 761
1553450 761
1553460 765
1553470 771
1553480 773
1553490 773
1553500 775
1553510 777
1553520 777
1553530 781
1553540 783
1553550 783
1553560 785
1553570 788
1553580 788
1553590 791
1553600 793
1553610 793
1553620 797
1553630 802
1553640 802
1553650 806
1553660 811
1553670 811
1553680 816
1553690 822
1553700 822
1553710 829
1553720 834
1553730 834
1553740 839
1553750 846
1553760 846
1553770 852
1553780 858
1553790 864
1553800 864
1553810 871
1553820 878
1553830 878
1553840 885
1553850 891
1553860 891
1553870 896
1553880 901
1553890 901
1553900 907
1553910 913
1553920 913
1553930 917
1553940 920
1553950 920
1553960 924
1553970 928
1553980 928
1553990 933
1554000 939
1554010 939
1554020 945
1554030 950
1554040 950
1554050 955
1554060 960
1554070 960
1554080 966
1554090 972
1554100 978
1554110 978
1554120 982
1554130 986
1554140 986
1554150 992
1554160 998
1554170 998
1554180 1004
1554190 1009
1554200 1009
1554210 1015
1554220 1021
1554230 1021
1554240 1028
1554250 1034
1554260 1034
1554270 1037
1554280 1039
1554290 1039
1554300 1046
1554310 1052
1554320 1052
1554330 1057
1554340 1064
1554350 1064
1554360 1067
1554370 1072
1554380 1072
1554390 1077
1554400 1082
1554410 1087
1554420 1087
1554430 1092
1554440 1096
1554450 1096
1554460 1097
1554470 1101
1554480 1101
1554490 1105
1554500 1109
1554510 1109
1554520 1114
1554530 1120
1554540 1120
1554550 1123
1554560 1125
1554570 1125
1554580 1126
1554590 1126
1554600 1126
1554610 1126
1554620 1126
1554630 1126
1554640 1127
1554650 1130
1554660 1130
1554670 1136
1554680 1143
1554690 1143
1554700 1149
1554710 1156
1554720 1162
1554730 1162
1554740 1168
1554750 1175
1554760 1175
1554770 1182
1554780 1189
1554790 1189
1554800 1195
1554810 1202
1554820 1202
1554830 1207
1554840 1214
1554850 1214
1554860 1220
1554870 1225
1554880 1225
1554890 1230
1554900 1236
1554910 1236
1554920 1241
1554930 1245
1554940 1245
1554950 1249
1554960 1254
1554970 1254
1554980 1256
1554990 1258
1555000 1258
1555010 1261
1555020 1265
1555030 1267
1555040 1267
1555050 1268
1555060 1271
1555070 1271
1555080 1273
1555090 1275
1555100 1275
1555110 1278
1555120 1281
1555130 1281
1555140 1286
1555150 1292
1555160 1292
1555170 1298
1555180 1302
1555190 1302
1555200 1307
1555210 1312
1555220 1312
1555230 1316
1555240 1319
1555250 1319
1555260 1322
1555270 1324
1555280 1324
1555290 1324
1555300 1321
1555310 1321
1555320 1318
1555330 1317
1555340 1315
1555350 1315
1555360 1312
1555370 1310
1555380 1310
1555390 1307
1555400 1304
1555410 1304
1555420 1303
1555430 1301
1555440 1301
1555450 1300
1555460 1298
1555470 1298
1555480 1296
1555490 1293
1555500 1293
1555510 1289
1555520 1284
1555530 1284
1555540 1281
1555550 1278
1555560 1278
1555570 1277
1555580 1275
1555590 1275
1555600 1274
1555610 1272
1555620 1272
1555630 1270
1555640 1269
1555650 1267
1555660 1267
1555670 1266
1555680 1265
1555690 1265
1555700 1264
1555710 1262
1555720 1262
1555730 1261
1555740 1259
1555750 1259
1555760 1258
1555770 1256
1555780 1256
1555790 1254
1555800 1252
1555810 1252
1555820 1251
1555830 1249
1555840 1249
1555850 1247
1555860 1245
1555870 1245
1555880 1243
1555890 1239
1555900 1239
1555910 1234
1555920 1230
1555930 1230
1555940 1225
1555950 1221
1555960 1218
1555970 1218
1555980 1218
1555990 1221
1556000 1221
1556010 1222
1556020 1224
1556030 1224
1556040 1226
1556050 1227
1556060 1227
1556070 1229
1556080 1232
1556090 1232
1556100 1235
1556110 1239
1556120 1239
1556130 1244
1556140 1248
1556150 1248
1556160 1253
1556170 1257
1556180 1257
1556190 1262
1556200 1266
1556210 1266
1556220 1271
1556230 1276
1556240 1276
1556250 1278
1556260 1281
1556270 1284
1556280 1284
1556290 1287
1556300 1291
1556310 1291
1556320 1293
1556330 1295
1556340 1295
1556350 1298
1556360 1300
1556370 1300
1556380 1301
1556390 1303
1556400 1303
1556410 1304
1556420 1305
1556430 1305
1556440 1305
1556450 1307
1556460 1307
1556470 1309
1556480 1310
1556490 1310
1556500 1310
1556510 1309
1556520 1309
1556530 1308
1556540 1310
1556550 1310
1556560 1312
1556570 1314
1556580 1317
1556590 1317
1556600 1319
1556610 1320
1556620 1320
1556630 1321
1556640 1324
1556650 1324
1556660 1325
1556670 1323
1556680 1323
1556690 1321
1556700 1322
1556710 1322
1556720 1322
1556730 1324
1556740 1324
1556750 1325
1556760 1325
1556770 1325
1556780 1329
1556790 1333
1556800 1333
1556810 1341
1556820 1348
1556830 1348
1556840 1353
1556850 1359
1556860 1359
1556870 1365
1556880 1370
1556890 1374
1556900 1374
1556910 1377
1556920 1380
1556930 1380
1556940 1383
1556950 1387
1556960 1387
1556970 1390
1556980 1394
1556990 1394
1557000 1398
1557010 1402
1557020 1402
1557030 1416
1557040 1420
1557050 1420
1557060 1422
1557070 1425
1557080 1425
1557090 1431
1557100 1437
1557110 1437
1557120 1443
1557130 1447
1557140 1447
1557150 1450
1557160 1455
1557170 1455
1557180 1462
1557190 1468
1557200 1477
1557210 1477
1557220 1483
1557230 1490
1557240 1490
1557250 1497
1557260 1504
1557270 1504
1557280 1510
1557290 1518
1557300 1518
1557310 1524
1557320 1531
1557330 1531
1557340 1538
1557350 1545
1557360 1545
1557370 1550
1557380 1556
1557390 1556
1557400 1564
1557410 1570
1557420 1570
1557430 1576
1557440 1582
1557450 1582
1557460 1588
1557470 1596
1557480 1596
1557490 1604
1557500 1610
1557510 1617
1557520 1617
1557530 1623
1557540 1630
1557550 1630
1557560 1636
1557570 1644
1557580 1644
1557590 1652
1557600 1660
1557610 1660
1557620 1665
1557630 1667
1557640 1667
1557650 1665
1557660 1660
1557670 1660
1557680 1654
1557690 1646
1557700 1646
1557710 1637
1557720 1627
1557730 1627
1557740 1618
1557750 1613
1557760 1613
1557770 1610
1557780 1608
1557790 1608
1557800 1606
1557810 1602
1557820 1598
1557830 1598
1557840 1593
1557850 1588
1557860 1588
1557870 1584
1557880 1579
1557890 1579
1557900 1573
1557910 1568
1557920 1568
1557930 1566
1557940 1563
1557950 1563
1557960 1559
1557970 1556
1557980 1556
1557990 1553
1558000 1547
1558010 1547
1558020 1541
1558030 1535
1558040 1535
1558050 1529
1558060 1521
1558070 1521
1558080 1513
1558090 1504
1558100 1504
1558110 1489
1558120 1476
1558130 1470
1558140 1470
1558150 1465
1558160 1459
1558170 1459
1558180 1453
1558190 1449
1558200 1449
1558210 1443
1558220 1437
1558230 1437
1558240 1432
1558250 1429
1558260 1429
1558270 1427
1558280 1424
1558290 1424
1558300 1421
1558310 1417
1558320 1417
1558330 1414
1558340 1412
1558350 1412
1558360 1410
1558370 1407
1558380 1407
1558390 1404
1558400 1402
1558410 1402
1558420 1399
1558430 1397
1558440 1396
1558450 1396
1558460 1395
1558470 1392
1558480 1392
1558490 1389
1558500 1386
1558510 1386
1558520 1382
1558530 1378
1558540 1378
1558550 1377
1558560 1375
1558570 1375
1558580 1373
1558590 1372
1558600 1372
1558610 1370
1558620 1368
1558630 1368
1558640 1365
1558650 1362
1558660 1362
1558670 1359
1558680 1357
1558690 1357
1558700 1356
1558710 1353
1558720 1353
1558730 1353
1558740 1352
1558750 1350
1558760 1350
1558770 1346
1558780 1342
1558790 1342
1558800 1336
1558810 1334
1558820 1334
1558830 1329
1558840 1325
1558850 1325
1558860 1320
1558870 1315
1558880 1315
1558890 1313
1558900 1313
1558910 1313
1558920 1312
1558930 1314
1558940 1314
1558950 1314
1558960 1313
1558970 1313
1558980 1313
1558990 1313
1559000 1313
1559010 1313
1559020 1313
1559030 1311
1559040 1311
1559050 1308
1559060 1304
1559070 1304
1559080 1301
1559090 1297
1559100 1297
1559110 1293
1559120 1289
1559130 1289
1559140 1285
1559150 1280
1559160 1280
1559170 1277
1559180 1274
1559190 1274
1559200 1269
1559210 1265
1559220 1265
1559230 1260
1559240 1254
1559250 1254
1559260 1247
1559270 1241
1559280 1241
1559290 1237
1559300 1239
1559310 1239
1559320 1242
1559330 1244
1559340 1244
1559350 1244
1559360 1244
1559370 1245
1559380 1245
1559390 1246
1559400 1248
1559410 1248
1559420 1249
1559430 1251
1559440 1251
1559450 1250
1559460 1250
1559470 1250
1559480 1249
1559490 1249
1559500 1249
1559510 1249
1559520 1249
1559530 1249
1559540 1249
1559550 1250
1559560 1250
1559570 1252
1559580 1253
1559590 1253
1559600 1255
1559610 1255
1559620 1255
1559630 1254
1559640 1252
1559650 1251
1559660 1251
1559670 1249
1559680 1248
1559690 1248
1559700 1247
1559710 1243
1559720 1243
1559730 1238
1559740 1231
1559750 1231
1559760 1224
1559770 1217
1559780 1217
1559790 1212
1559800 1208
1559810 1208
1559820 1203
1559830 1197
1559840 1197
1559850 1191
1559860 1187
1559870 1187
1559880 1184
1559890 1179
1559900 1179
1559910 1175
1559920 1170
1559930 1170
1559940 1166
1559950 1163
1559960 1157
1559970 1157
1559980 1155
1559990 1150
