1540000 790
1540010 789
1540020 788
1540030 788
1540040 788
1540050 787
1540060 787
1540070 786
1540080 785
1540090 785
1540100 785
1540110 784
1540120 783
1540130 783
1540140 782
1540150 781
1540160 781
1540170 780
1540180 779
1540190 779
1540200 778
1540210 777
1540220 777
1540230 776
1540240 773
1540250 773
1540260 770
1540270 773
1540280 773
1540290 778
1540300 784
1540310 784
1540320 787
1540330 789
1540340 789
1540350 793
1540360 796
1540370 796
1540380 799
1540390 802
1540400 802
1540410 803
1540420 804
1540430 803
1540440 803
1540450 801
1540460 798
1540470 798
1540480 800
1540490 808
1540500 808
1540510 812
1540520 814
1540530 814
1540540 815
1540550 817
1540560 817
1540570 818
1540580 820
1540590 820
1540600 821
1540610 822
1540620 822
1540630 823
1540640 824
1540650 824
1540660 824
1540670 824
1540680 824
1540690 825
1540700 826
1540710 826
1540720 827
1540730 828
1540740 829
1540750 829
1540760 831
1540770 832
1540780 832
1540790 832
1540800 833
1540810 833
1540820 833
1540830 834
1540840 834
1540850 834
1540860 835
1540870 835
1540880 835
1540890 835
1540900 835
1540910 835
1540920 835
1540930 835
1540940 835
1540950 835
1540960 835
1540970 836
1540980 836
1540990 840
1541000 841
1541010 842
1541020 842
1541030 841
1541040 840
1541050 839
1541060 839
1541070 838
1541080 838
1541090 838
1541100 836
1541110 834
1541120 834
1541130 833
1541140 834
1541150 834
1541160 834
1541170 835
1541180 835
1541190 836
1541200 836
1541210 836
1541220 836
1541230 836
1541240 836
1541250 836
1541260 836
1541270 836
1541280 835
1541290 830
1541300 830
1541310 824
1541320 821
1541330 821
1541340 817
1541350 816
1541360 817
1541370 817
1541380 819
1541390 822
1541400 822
1541410 826
1541420 831
1541430 831
1541440 834
1541450 835
1541460 835
1541470 834
1541480 832
1541490 832
1541500 830
1541510 829
1541520 829
1541530 825
1541540 822
1541550 822
1541560 819
1541570 815
1541580 815
1541590 810
1541600 806
1541610 806
1541620 802
1541630 797
1541640 791
1541650 791
1541660 787
1541670 783
1541680 783
1541690 779
1541700 777
1541710 777
1541720 775
1541730 774
1541740 774
1541750 772
1541760 774
1541770 774
1541780 777
1541790 782
1541800 782
1541810 787
1541820 791
1541830 791
1541840 795
1541850 800
1541860 800
1541870 802
1541880 804
1541890 804
1541900 805
1541910 806
1541920 806
1541930 806
1541940 805
1541950 804
1541960 804
1541970 803
1541980 803
1541990 803
1542000 803
1542010 802
1542020 802
1542030 800
1542040 798
1542050 798
1542060 797
1542070 795
1542080 795
1542090 792
1542100 786
1542110 786
1542120 778
1542130 772
1542140 772
1542150 771
1542160 769
1542170 769
1542180 766
1542190 764
1542200 764
1542210 763
1542220 762
1542230 762
1542240 761
1542250 761
1542260 764
1542270 764
1542280 764
1542290 765
1542300 765
1542310 764
1542320 763
1542330 763
1542340 763
1542350 764
1542360 764
1542370 764
1542380 765
1542390 765
1542400 766
1542410 767
1542420 767
1542430 768
1542440 769
1542450 769
1542460 770
1542470 771
1542480 771
1542490 772
1542500 773
1542510 773
1542520 774
1542530 774
1542540 774
1542550 774
1542560 775
1542570 775
1542580 775
1542590 775
1542600 775
1542610 775
1542620 776
1542630 776
1542640 776
1542650 776
1542660 776
1542670 776
1542680 776
1542690 776
1542700 776
1542710 776
1542720 776
1542730 776
1542740 776
1542750 776
1542760 776
1542770 775
1542780 775
1542790 775
1542800 775
1542810 775
1542820 775
1542830 774
1542840 774
1542850 774
1542860 773
1542870 773
1542880 772
1542890 772
1542900 772
1542910 771
1542920 771
1542930 770
1542940 769
1542950 769
1542960 767
1542970 766
1542980 766
1542990 766
1543000 765
1543010 765
1543020 765
1543030 765
1543040 765
1543050 765
1543060 764
1543070 764
1543080 762
1543090 761
1543100 761
1543110 760
1543120 758
1543130 758
1543140 757
1543150 756
1543160 756
1543170 755
1543180 754
1543190 753
1543200 753
1543210 752
1543220 750
1543230 750
1543240 749
1543250 748
1543260 748
1543270 747
1543280 746
1543290 746
1543300 745
1543310 744
1543320 744
1543330 743
1543340 743
1543350 743
1543360 742
1543370 742
1543380 742
1543390 742
1543400 742
1543410 742
1543420 741
1543430 741
1543440 741
1543450 741
1543460 741
1543470 741
1543480 741
1543490 741
1543500 740
1543510 740
1543520 739
1543530 738
1543540 738
1543550 737
1543560 734
1543570 734
1543580 732
1543590 730
1543600 730
1543610 730
1543620 729
1543630 729
1543640 729
1543650 729
1543660 729
1543670 729
1543680 731
1543690 731
1543700 733
1543710 734
1543720 734
1543730 735
1543740 735
1543750 735
1543760 735
1543770 735
1543780 735
1543790 735
1543800 734
1543810 733
1543820 733
1543830 731
1543840 729
1543850 729
1543860 728
1543870 727
1543880 727
1543890 726
1543900 724
1543910 724
1543920 723
1543930 722
1543940 722
1543950 721
1543960 721
1543970 721
1543980 720
1543990 720
1544000 720
1544010 719
1544020 718
1544030 718
1544040 717
1544050 715
1544060 715
1544070 713
1544080 710
1544090 710
1544100 708
1544110 707
1544120 706
1544130 706
1544140 705
1544150 705
1544160 705
1544170 705
1544180 704
1544190 704
1544200 702
1544210 701
1544220 701
1544230 702
1544240 702
1544250 702
1544260 702
1544270 701
1544280 701
1544290 699
1544300 697
1544310 697
1544320 695
1544330 693
1544340 693
1544350 691
1544360 691
1544370 691
1544380 691
1544390 691
1544400 691
1544410 692
1544420 694
1544430 698
1544440 698
1544450 701
1544460 705
1544470 705
1544480 708
1544490 710
1544500 710
1544510 711
1544520 712
1544530 712
1544540 712
1544550 713
1544560 713
1544570 713
1544580 713
1544590 713
1544600 714
1544610 713
1544620 713
1544630 713
1544640 712
1544650 712
1544660 712
1544670 711
1544680 711
1544690 711
1544700 711
1544710 711
1544720 711
1544730 710
1544740 709
1544750 709
1544760 709
1544770 708
1544780 708
1544790 707
1544800 706
1544810 706
1544820 705
1544830 704
1544840 704
1544850 703
1544860 702
1544870 702
1544880 701
1544890 700
1544900 700
1544910 699
1544920 698
1544930 698
1544940 697
1544950 696
1544960 696
1544970 695
1544980 694
1544990 694
1545000 693
1545010 692
1545020 691
1545030 691
1545040 689
1545050 687
1545060 687
1545070 682
1545080 680
1545090 680
1545100 677
1545110 676
1545120 676
1545130 676
1545140 676
1545150 676
1545160 676
1545170 676
1545180 676
1545190 676
1545200 675
1545210 675
1545220 675
1545230 676
1545240 676
1545250 676
1545260 676
1545270 676
1545280 676
1545290 676
1545300 676
1545310 676
1545320 676
1545330 676
1545340 676
1545350 675
1545360 675
1545370 675
1545380 675
1545390 675
1545400 675
1545410 675
1545420 675
1545430 675
1545440 675
1545450 675
1545460 675
1545470 675
1545480 675
1545490 675
1545500 675
1545510 675
1545520 675
1545530 675
1545540 675
1545550 675
1545560 675
1545570 675
1545580 675
1545590 675
1545600 675
1545610 675
1545620 675
1545630 676
1545640 676
1545650 676
1545660 677
1545670 676
1545680 676
1545690 674
1545700 673
1545710 673
1545720 673
1545730 673
1545740 673
1545750 673
1545760 675
1545770 675
1545780 677
1545790 676
1545800 676
1545810 675
1545820 675
1545830 675
1545840 675
1545850 675
1545860 675
1545870 675
1545880 675
1545890 675
1545900 675
1545910 675
1545920 675
1545930 675
1545940 675
1545950 675
1545960 675
1545970 675
1545980 675
1545990 675
1546000 674
1546010 674
1546020 674
1546030 674
1546040 674
1546050 674
1546060 674
1546070 674
1546080 674
1546090 674
1546100 674
1546110 674
1546120 674
1546130 674
1546140 674
1546150 674
1546160 674
1546170 674
1546180 674
1546190 674
1546200 674
1546210 674
1546220 674
1546230 674
1546240 674
1546250 674
1546260 674
1546270 674
1546280 674
1546290 674
1546300 674
1546310 674
1546320 674
1546330 674
1546340 674
1546350 673
1546360 673
1546370 673
1546380 673
1546390 673
1546400 673
1546410 673
1546420 673
1546430 673
1546440 673
1546450 673
1546460 673
1546470 673
1546480 673
1546490 673
1546500 673
1546510 673
1546520 673
1546530 673
1546540 673
1546550 673
1546560 673
1546570 673
1546580 673
1546590 673
1546600 673
1546610 673
1546620 673
1546630 673
1546640 673
1546650 673
1546660 673
1546670 673
1546680 673
1546690 673
1546700 673
1546710 673
1546720 673
1546730 673
1546740 673
1546750 673
1546760 673
1546770 673
1546780 673
1546790 673
1546800 673
1546810 673
1546820 673
1546830 673
1546840 673
1546850 673
1546860 673
1546870 673
1546880 672
1546890 672
1546900 672
1546910 672
1546920 672
1546930 672
1546940 672
1546950 672
1546960 672
1546970 672
1546980 672
1546990 672
1547000 672
1547010 672
1547020 672
1547030 672
1547040 672
1547050 672
1547060 672
1547070 672
1547080 672
1547090 672
1547100 672
1547110 672
1547120 672
1547130 672
1547140 672
1547150 672
1547160 672
1547170 672
1547180 672
1547190 672
1547200 672
1547210 672
1547220 672
1547230 672
1547240 672
1547250 672
1547260 672
1547270 672
1547280 672
1547290 672
1547300 672
1547310 672
1547320 672
1547330 672
1547340 672
1547350 672
1547360 672
1547370 672
1547380 672
1547390 672
1547400 672
1547410 672
1547420 671
1547430 671
1547440 671
1547450 672
1547460 672
1547470 672
1547480 672
1547490 672
1547500 672
1547510 672
1547520 672
1547530 672
1547540 672
1547550 672
1547560 672
1547570 672
1547580 672
1547590 672
1547600 672
1547610 673
1547620 673
1547630 673
1547640 673
1547650 673
1547660 673
1547670 673
1547680 673
1547690 673
1547700 674
1547710 674
1547720 674
1547730 675
1547740 675
1547750 675
1547760 676
1547770 676
1547780 676
1547790 676
1547800 676
1547810 675
1547820 675
1547830 674
1547840 674
1547850 674
1547860 674
1547870 674
1547880 674
1547890 674
1547900 675
1547910 675
1547920 676
1547930 677
1547940 677
1547950 677
1547960 677
1547970 677
1547980 677
1547990 676
1548000 676
1548010 676
1548020 676
1548030 676
1548040 675
1548050 675
1548060 675
1548070 675
1548080 675
1548090 675
1548100 675
1548110 674
1548120 673
1548130 673
1548140 673
1548150 673
1548160 673
1548170 673
1548180 673
1548190 673
1548200 673
1548210 672
1548220 672
1548230 672
1548240 672
1548250 672
1548260 672
1548270 672
1548280 672
1548290 672
1548300 672
1548310 672
1548320 672
1548330 672
1548340 672
1548350 672
1548360 672
1548370 672
1548380 672
1548390 672
1548400 672
1548410 672
1548420 672
1548430 672
1548440 672
1548450 671
1548460 670
1548470 670
1548480 670
1548490 670
1548500 670
1548510 670
1548520 670
1548530 670
1548540 670
1548550 670
1548560 670
1548570 670
1548580 670
1548590 670
1548600 670
1548610 671
1548620 671
1548630 671
1548640 671
1548650 671
1548660 671
1548670 670
1548680 670
1548690 669
1548700 669
1548710 669
1548720 669
1548730 669
1548740 669
1548750 669
1548760 669
1548770 669
1548780 669
1548790 669
1548800 669
1548810 669
1548820 669
1548830 670
1548840 670
1548850 670
1548860 670
1548870 670
1548880 670
1548890 670
1548900 670
1548910 670
1548920 670
1548930 670
1548940 670
1548950 670
1548960 670
1548970 670
1548980 671
1548990 671
1549000 672
1549010 673
1549020 673
1549030 674
1549040 674
1549050 675
1549060 675
1549070 677
1549080 678
1549090 678
1549100 679
1549110 680
1549120 680
1549130 681
1549140 682
1549150 682
1549160 683
1549170 683
1549180 683
1549190 684
1549200 685
1549210 685
1549220 686
1549230 686
1549240 686
1549250 687
1549260 688
1549270 688
1549280 688
1549290 689
1549300 689
1549310 690
1549320 691
1549330 691
1549340 691
1549350 692
1549360 693
1549370 693
1549380 694
1549390 694
1549400 694
1549410 695
1549420 693
1549430 693
1549440 693
1549450 694
1549460 694
1549470 694
1549480 695
1549490 695
1549500 694
1549510 694
1549520 694
1549530 693
1549540 693
1549550 693
1549560 693
1549570 695
1549580 695
1549590 698
1549600 702
1549610 702
1549620 706
1549630 711
1549640 711
1549650 715
1549660 718
1549670 721
1549680 721
1549690 725
1549700 728
1549710 728
1549720 733
1549730 739
1549740 739
1549750 744
1549760 749
1549770 749
1549780 752
1549790 755
1549800 755
1549810 756
1549820 759
1549830 759
1549840 761
1549850 764
1549860 764
1549870 767
1549880 771
1549890 771
1549900 775
1549910 778
1549920 778
1549930 782
1549940 784
1549950 784
1549960 787
1549970 790
1549980 793
1549990 793
1550000 796
1550010 800
1550020 800
1550030 804
1550040 809
1550050 809
1550060 812
1550070 815
1550080 815
1550090 817
1550100 819
1550110 819
1550120 821
1550130 821
1550140 821
1550150 823
1550160 824
1550170 824
1550180 825
1550190 826
1550200 826
1550210 829
1550220 832
1550230 832
1550240 834
1550250 838
1550260 842
1550270 842
1550280 844
1550290 845
1550300 845
1550310 847
1550320 848
1550330 848
1550340 850
1550350 853
1550360 853
1550370 855
1550380 858
1550390 858
1550400 862
1550410 866
1550420 866
1550430 871
1550440 872
1550450 872
1550460 874
1550470 876
1550480 876
1550490 879
1550500 880
1550510 880
1550520 882
1550530 882
1550540 882
1550550 881
1550560 879
1550570 879
1550580 879
1550590 879
1550600 879
1550610 879
1550620 879
1550630 878
1550640 878
1550650 877
1550660 876
1550670 876
1550680 876
1550690 876
1550700 876
1550710 877
1550720 879
1550730 879
1550740 881
1550750 883
1550760 883
1550770 883
1550780 884
1550790 884
1550800 885
1550810 885
1550820 885
1550830 886
1550840 886
1550850 886
1550860 885
1550870 884
1550880 884
1550890 884
1550900 884
1550910 884
1550920 884
1550930 883
1550940 883
1550950 883
1550960 882
1550970 880
1550980 880
1550990 877
1551000 876
1551010 876
1551020 875
1551030 873
1551040 873
1551050 872
1551060 870
1551070 870
1551080 868
1551090 867
1551100 867
1551110 865
1551120 863
1551130 863
1551140 860
1551150 859
1551160 859
1551170 858
1551180 856
1551190 852
1551200 852
1551210 850
1551220 848
1551230 848
1551240 846
1551250 844
1551260 844
1551270 840
1551280 837
1551290 837
1551300 834
1551310 831
1551320 831
1551330 825
1551340 824
1551350 824
1551360 816
1551370 811
1551380 811
1551390 810
1551400 809
1551410 809
1551420 806
1551430 802
1551440 802
1551450 803
1551460 806
1551470 806
1551480 808
1551490 807
1551500 806
1551510 806
1551520 805
1551530 804
1551540 804
1551550 803
1551560 801
1551570 801
1551580 797
1551590 792
1551600 792
1551610 786
1551620 782
1551630 782
1551640 779
1551650 776
1551660 776
1551670 773
1551680 770
1551690 770
1551700 767
1551710 765
1551720 765
1551730 762
1551740 759
1551750 759
1551760 757
1551770 755
1551780 755
1551790 754
1551800 753
1551810 753
1551820 753
1551830 752
1551840 752
1551850 752
1551860 751
1551870 751
1551880 751
1551890 750
1551900 749
1551910 749
1551920 747
1551930 746
1551940 746
1551950 745
1551960 744
1551970 744
1551980 743
1551990 743
1552000 743
1552010 743
1552020 743
1552030 743
1552040 744
1552050 744
1552060 744
1552070 745
1552080 745
1552090 745
1552100 744
1552110 744
1552120 743
1552130 743
1552140 743
1552150 744
1552160 744
1552170 745
1552180 746
1552190 746
1552200 747
1552210 748
1552220 748
1552230 749
1552240 750
1552250 750
1552260 752
1552270 756
1552280 756
1552290 758
1552300 760
1552310 760
1552320 761
1552330 763
1552340 763
1552350 765
1552360 766
1552370 766
1552380 768
1552390 767
1552400 767
1552410 767
1552420 767
1552430 767
1552440 767
1552450 768
1552460 768
1552470 768
1552480 768
1552490 769
1552500 769
1552510 769
1552520 770
1552530 770
1552540 771
1552550 772
1552560 772
1552570 773
1552580 772
1552590 772
1552600 770
1552610 767
1552620 767
1552630 763
1552640 755
1552650 755
1552660 747
1552670 739
1552680 739
1552690 734
1552700 730
1552710 730
1552720 725
1552730 718
1552740 711
1552750 711
1552760 704
1552770 699
1552780 699
1552790 692
1552800 687
1552810 687
1552820 683
1552830 681
1552840 681
1552850 681
1552860 681
1552870 681
1552880 681
1552890 681
1552900 681
1552910 682
1552920 682
1552930 682
1552940 682
1552950 682
1552960 682
1552970 683
1552980 684
1552990 684
1553000 686
1553010 686
1553020 686
1553030 684
1553040 682
1553050 681
1553060 681
1553070 681
1553080 681
1553090 681
1553100 681
1553110 681
1553120 681
1553130 681
1553140 680
1553150 680
1553160 679
1553170 680
1553180 680
1553190 690
1553200 702
1553210 702
1553220 710
1553230 717
1553240 719
1553250 724
1553260 727
1553270 727
1553280 730
1553290 732
1553300 732
1553310 733
1553320 735
1553330 735
1553340 737
1553350 739
1553360 741
1553370 741
1553380 745
1553390 749
1553400 749
1553410 752
1553420 757
1553430 757
1553440 763
1553450 768
1553460 768
1553470 771
1553480 774
1553490 774
1553500 778
1553510 782
1553520 782
1553530 784
1553540 788
1553550 788
1553560 792
1553570 799
1553580 799
1553590 805
1553600 812
1553610 812
1553620 818
1553630 824
1553640 824
1553650 829
1553660 834
1553670 838
1553680 838
1553690 842
1553700 846
1553710 846
1553720 851
1553730 856
1553740 856
1553750 863
1553760 870
1553770 870
1553780 876
1553790 882
1553800 882
1553810 888
1553820 893
1553830 893
1553840 898
1553850 902
1553860 902
1553870 907
1553880 911
1553890 911
1553900 914
1553910 917
1553920 917
1553930 920
1553940 923
1553950 923
1553960 926
1553970 929
1553980 931
1553990 931
1554000 934
1554010 937
1554020 937
1554030 940
1554040 943
1554050 943
1554060 946
1554070 949
1554080 949
1554090 952
1554100 953
1554110 953
1554120 953
1554130 952
1554140 952
1554150 951
1554160 951
1554170 951
1554180 952
1554190 956
1554200 956
1554210 959
1554220 961
1554230 961
1554240 962
1554250 962
1554260 962
1554270 964
1554280 967
1554290 971
1554300 971
1554310 973
1554320 969
1554330 969
1554340 967
1554350 967
1554360 967
1554370 975
1554380 983
1554390 983
1554400 990
1554410 998
1554420 998
1554430 1002
1554440 1006
1554450 1006
1554460 1008
1554470 1010
1554480 1010
1554490 1013
1554500 1021
1554510 1021
1554520 1025
1554530 1028
1554540 1028
1554550 1032
1554560 1035
1554570 1035
1554580 1038
1554590 1041
1554600 1045
1554610 1045
1554620 1048
1554630 1053
1554640 1053
1554650 1058
1554660 1063
1554670 1063
1554680 1067
1554690 1072
1554700 1072
1554710 1076
1554720 1080
1554730 1080
1554740 1085
1554750 1089
1554760 1089
1554770 1093
1554780 1098
1554790 1098
1554800 1103
1554810 1107
1554820 1107
1554830 1111
1554840 1113
1554850 1113
1554860 1114
1554870 1114
1554880 1117
1554890 1117
1554900 1125
1554910 1132
1554920 1132
1554930 1139
1554940 1146
1554950 1146
1554960 1153
1554970 1158
1554980 1158
1554990 1164
1555000 1171
1555010 1171
1555020 1176
1555030 1182
1555040 1182
1555050 1188
1555060 1194
1555070 1194
1555080 1205
1555090 1211
1555100 1211
1555110 1217
1555120 1220
1555130 1220
1555140 1223
1555150 1225
1555160 1225
1555170 1228
1555180 1229
1555190 1232
1555200 1232
1555210 1240
1555220 1246
1555230 1246
1555240 1253
1555250 1260
1555260 1260
1555270 1267
1555280 1274
1555290 1274
1555300 1279
1555310 1284
1555320 1284
1555330 1290
1555340 1295
1555350 1295
1555360 1301
1555370 1306
1555380 1306
1555390 1312
1555400 1319
1555410 1319
1555420 1325
1555430 1331
1555440 1331
1555450 1337
1555460 1341
1555470 1341
1555480 1347
1555490 1352
1555500 1356
1555510 1356
1555520 1360
1555530 1364
1555540 1364
1555550 1366
1555560 1367
1555570 1367
1555580 1368
1555590 1367
1555600 1367
1555610 1366
1555620 1365
1555630 1365
1555640 1364
1555650 1363
1555660 1363
1555670 1361
1555680 1358
1555690 1358
1555700 1354
1555710 1350
1555720 1350
1555730 1345
1555740 1341
1555750 1341
1555760 1337
1555770 1333
1555780 1333
1555790 1328
1555800 1324
1555810 1319
1555820 1319
1555830 1315
1555840 1311
1555850 1311
1555860 1308
1555870 1305
1555880 1305
1555890 1303
1555900 1299
1555910 1299
1555920 1295
1555930 1292
1555940 1292
1555950 1290
1555960 1289
1555970 1289
1555980 1288
1555990 1287
1556000 1287
1556010 1284
1556020 1282
1556030 1282
1556040 1283
1556050 1284
1556060 1284
1556070 1285
1556080 1283
1556090 1283
1556100 1282
1556110 1286
1556120 1288
1556130 1288
1556140 1292
1556150 1298
1556160 1298
1556170 1303
1556180 1307
1556190 1307
1556200 1314
1556210 1318
1556220 1318
1556230 1321
1556240 1322
1556250 1322
1556260 1325
1556270 1329
1556280 1329
1556290 1332
1556300 1336
1556310 1336
1556320 1340
1556330 1344
1556340 1344
1556350 1347
1556360 1353
1556370 1353
1556380 1357
1556390 1361
1556400 1361
1556410 1363
1556420 1367
1556430 1370
1556440 1370
1556450 1374
1556460 1377
1556470 1377
1556480 1379
1556490 1380
1556500 1380
1556510 1382
1556520 1383
1556530 1383
1556540 1383
1556550 1384
1556560 1384
1556570 1385
1556580 1386
1556590 1386
1556600 1387
1556610 1389
1556620 1389
1556630 1391
1556640 1393
1556650 1393
1556660 1396
1556670 1398
1556680 1398
1556690 1401
1556700 1402
1556710 1402
1556720 1404
1556730 1407
1556740 1408
1556750 1408
1556760 1411
1556770 1415
1556780 1415
1556790 1419
1556800 1423
1556810 1423
1556820 1428
1556830 1433
1556840 1433
1556850 1437
1556860 1441
1556870 1438
1556880 1442
1556890 1444
1556900 1444
1556910 1447
1556920 1450
1556930 1450
1556940 1452
1556950 1454
1556960 1454
1556970 1455
1556980 1458
1556990 1458
1557000 1461
1557010 1464
1557020 1464
1557030 1468
1557040 1471
1557050 1472
1557060 1472
1557070 1473
1557080 1474
1557090 1474
1557100 1474
1557110 1474
1557120 1474
1557130 1475
1557140 1477
1557150 1477
1557160 1480
1557170 1482
1557180 1482
1557190 1487
1557200 1490
1557210 1490
1557220 1492
1557230 1494
1557240 1494
1557250 1498
1557260 1503
1557270 1503
1557280 1509
1557290 1514
1557300 1514
1557310 1521
1557320 1527
1557330 1527
1557340 1533
1557350 1539
1557360 1545
1557370 1545
1557380 1551
1557390 1556
1557400 1556
1557410 1561
1557420 1565
1557430 1565
1557440 1570
1557450 1575
1557460 1575
1557470 1581
1557480 1587
1557490 1587
1557500 1593
1557510 1599
1557520 1599
1557530 1605
1557540 1611
1557550 1611
1557560 1614
1557570 1618
1557580 1618
1557590 1622
1557600 1628
1557610 1628
1557620 1634
1557630 1641
1557640 1641
1557650 1647
1557660 1652
1557670 1657
1557680 1657
1557690 1662
1557700 1666
1557710 1666
1557720 1671
1557730 1674
1557740 1674
1557750 1676
1557760 1677
1557770 1677
1557780 1670
1557790 1659
1557800 1659
1557810 1650
1557820 1642
1557830 1642
1557840 1635
1557850 1629
1557860 1629
1557870 1621
1557880 1615
1557890 1615
1557900 1605
1557910 1594
1557920 1594
1557930 1586
1557940 1578
1557950 1578
1557960 1574
1557970 1567
1557980 1561
1557990 1561
1558000 1556
1558010 1552
1558020 1552
1558030 1547
1558040 1541
1558050 1541
1558060 1533
1558070 1524
1558080 1524
1558090 1516
1558100 1509
1558110 1509
1558120 1502
1558130 1498
1558140 1498
1558150 1494
1558160 1489
1558170 1489
1558180 1484
1558190 1479
1558200 1479
1558210 1475
1558220 1473
1558230 1473
1558240 1472
1558250 1471
1558260 1471
1558270 1468
1558280 1468
1558290 1465
1558300 1465
1558310 1461
1558320 1458
1558330 1458
1558340 1454
1558350 1451
1558360 1451
1558370 1448
1558380 1446
1558390 1446
1558400 1443
1558410 1440
1558420 1440
1558430 1440
1558440 1442
1558450 1442
1558460 1442
1558470 1443
1558480 1443
1558490 1445
1558500 1445
1558510 1445
1558520 1445
1558530 1442
1558540 1442
1558550 1439
1558560 1435
1558570 1435
1558580 1432
1558590 1427
1558600 1423
1558610 1423
1558620 1416
1558630 1411
1558640 1411
1558650 1406
1558660 1400
1558670 1400
1558680 1395
1558690 1389
1558700 1389
1558710 1384
1558720 1378
1558730 1378
1558740 1375
1558750 1375
1558760 1375
1558770 1375
1558780 1375
1558790 1375
1558800 1376
1558810 1377
1558820 1377
1558830 1378
1558840 1378
1558850 1378
1558860 1376
1558870 1374
1558880 1373
1558890 1373
1558900 1374
1558910 1377
1558920 1377
1558930 1378
1558940 1377
1558950 1377
1558960 1375
1558970 1371
1558980 1371
1558990 1367
1559000 1363
1559010 1363
1559020 1359
1559030 1355
1559040 1355
1559050 1353
1559060 1349
1559070 1349
1559080 1346
1559090 1342
1559100 1342
1559110 1337
1559120 1332
1559130 1332
1559140 1328
1559150 1324
1559160 1324
1559170 1323
1559180 1322
1559190 1320
1559200 1320
1559210 1319
1559220 1318
1559230 1318
1559240 1318
1559250 1319
1559260 1319
1559270 1320
1559280 1321
1559290 1321
1559300 1321
1559310 1319
1559320 1319
1559330 1318
1559340 1315
1559350 1315
1559360 1312
1559370 1310
1559380 1310
1559390 1308
1559400 1305
1559410 1305
1559420 1303
1559430 1301
1559440 1301
1559450 1298
1559460 1295
1559470 1295
1559480 1290
1559490 1288
1559500 1282
1559510 1282
1559520 1277
1559530 1272
1559540 1272
1559550 1266
1559560 1261
1559570 1261
1559580 1256
1559590 1251
1559600 1251
1559610 1245
1559620 1240
1559630 1240
1559640 1235
1559650 1231
1559660 1231
1559670 1228
1559680 1223
1559690 1223
1559700 1218
1559710 1214
1559720 1214
1559730 1209
1559740 1204
1559750 1204
1559760 1198
1559770 1192
1559780 1192
1559790 1186
1559800 1182
1559810 1176
1559820 1176
1559830 1170
1559840 1164
1559850 1164
1559860 1158
1559870 1153
1559880 1153
1559890 1148
1559900 1145
1559910 1145
1559920 1141
1559930 1137
1559940 1137
1559950 1133
1559960 1129
1559970 1129
1559980 1124
1559990 1120
