1540000 1316
1540010 1316
1540020 1316
1540030 1315
1540040 1315
1540050 1313
1540060 1312
1540070 1312
1540080 1311
1540090 1309
1540100 1306
1540110 1306
1540120 1302
1540130 1298
1540140 1298
1540150 1297
1540160 1297
1540170 1297
1540180 1296
1540190 1292
1540200 1292
1540210 1284
1540220 1278
1540230 1278
1540240 1272
1540250 1267
1540260 1267
1540270 1263
1540280 1260
1540290 1260
1540300 1260
1540310 1259
1540320 1259
1540330 1261
1540340 1259
1540350 1259
1540360 1254
1540370 1252
1540380 1252
1540390 1253
1540400 1254
1540410 1254
1540420 1251
1540430 1244
1540440 1237
1540450 1237
1540460 1228
1540470 1219
1540480 1219
1540490 1211
1540500 1204
1540510 1204
1540520 1198
1540530 1194
1540540 1194
1540550 1188
1540560 1187
1540570 1187
1540580 1186
1540590 1185
1540600 1185
1540610 1184
1540620 1183
1540630 1183
1540640 1179
1540650 1176
1540660 1176
1540670 1171
1540680 1166
1540690 1166
1540700 1161
1540710 1157
1540720 1157
1540730 1153
1540740 1147
1540750 1147
1540760 1147
1540770 1149
1540780 1153
1540790 1153
1540800 1158
1540810 1159
1540820 1159
1540830 1160
1540840 1161
1540850 1161
1540860 1167
1540870 1171
1540880 1171
1540890 1175
1540900 1178
1540910 1178
1540920 1178
1540930 1173
1540940 1173
1540950 1167
1540960 1162
1540970 1162
1540980 1159
1540990 1159
1541000 1159
1541010 1160
1541020 1162
1541030 1162
1541040 1163
1541050 1162
1541060 1160
1541070 1160
1541080 1159
1541090 1157
1541100 1157
1541110 1154
1541120 1150
1541130 1150
1541140 1145
1541150 1139
1541160 1139
1541170 1133
1541180 1127
1541190 1127
1541200 1122
1541210 1117
1541220 1117
1541230 1112
1541240 1110
1541250 1110
1541260 1109
1541270 1108
1541280 1108
1541290 1105
1541300 1102
1541310 1102
1541320 1099
1541330 1096
1541340 1096
1541350 1088
1541360 1085
1541370 1079
1541380 1079
1541390 1072
1541400 1067
1541410 1067
1541420 1068
1541430 1066
1541440 1066
1541450 1060
1541460 1066
1541470 1066
1541480 1069
1541490 1067
1541500 1067
1541510 1061
1541520 1056
1541530 1056
1541540 1049
1541550 1044
1541560 1044
1541570 1037
1541580 1028
1541590 1028
1541600 1019
1541610 1016
1541620 1016
1541630 1018
1541640 1017
1541650 1017
1541660 1012
1541670 1006
1541680 1006
1541690 1003
1541700 1004
1541710 1004
1541720 1004
1541730 1005
1541740 1007
1541750 1007
1541760 1007
1541770 1008
1541780 1008
1541790 1009
1541800 1010
1541810 1010
1541820 1009
1541830 1007
1541840 1007
1541850 1007
1541860 1005
1541870 1005
1541880 1004
1541890 1004
1541900 1004
1541910 1002
1541920 1006
1541930 1006
1541940 1010
1541950 1009
1541960 1009
1541970 1006
1541980 1002
1541990 1002
1542000 999
1542010 996
1542020 995
1542030 995
1542040 991
1542050 986
1542060 986
1542070 983
1542080 980
1542090 980
1542100 975
1542110 971
1542120 971
1542130 968
1542140 964
1542150 964
1542160 959
1542170 955
1542180 955
1542190 957
1542200 960
1542210 960
1542220 962
1542230 958
1542240 958
1542250 954
1542260 950
1542270 950
1542280 945
1542290 941
1542300 941
1542310 941
1542320 940
1542330 939
1542340 939
1542350 939
1542360 940
1542370 940
1542380 940
1542390 941
1542400 941
1542410 938
1542420 934
1542430 934
1542440 929
1542450 924
1542460 924
1542470 920
1542480 917
1542490 917
1542500 915
1542510 913
1542520 913
1542530 911
1542540 910
1542550 913
1542560 912
1542570 909
1542580 909
1542590 907
1542600 905
1542610 905
1542620 903
1542630 903
1542640 901
1542650 901
1542660 898
1542670 896
1542680 896
1542690 895
1542700 893
1542710 893
1542720 891
1542730 890
1542740 890
1542750 889
1542760 887
1542770 887
1542780 885
1542790 884
1542800 884
1542810 882
1542820 881
1542830 881
1542840 879
1542850 878
1542860 878
1542870 876
1542880 874
1542890 874
1542900 873
1542910 871
1542920 871
1542930 870
1542940 869
1542950 868
1542960 868
1542970 867
1542980 866
1542990 866
1543000 865
1543010 864
1543020 864
1543030 864
1543040 864
1543050 864
1543060 863
1543070 862
1543080 862
1543090 862
1543100 861
1543110 861
1543120 860
1543130 859
1543140 859
1543150 859
1543160 858
1543170 858
1543180 858
1543190 857
1543200 857
1543210 856
1543220 855
1543230 855
1543240 855
1543250 854
1543260 854
1543270 854
1543280 853
1543290 853
1543300 853
1543310 852
1543320 851
1543330 851
1543340 851
1543350 850
1543360 850
1543370 849
1543380 849
1543390 849
1543400 848
1543410 848
1543420 848
1543430 847
1543440 847
1543450 847
1543460 846
1543470 845
1543480 845
1543490 845
1543500 844
1543510 844
1543520 844
1543530 843
1543540 843
1543550 843
1543560 842
1543570 842
1543580 842
1543590 842
1543600 841
1543610 841
1543620 841
1543630 840
1543640 840
1543650 840
1543660 839
1543670 839
1543680 839
1543690 838
1543700 838
1543710 838
1543720 837
1543730 837
1543740 837
1543750 836
1543760 836
1543770 836
1543780 835
1543790 835
1543800 834
1543810 834
1543820 834
1543830 833
1543840 833
1543850 833
1543860 832
1543870 832
1543880 832
1543890 831
1543900 831
1543910 831
1543920 831
1543930 830
1543940 830
1543950 830
1543960 829
1543970 829
1543980 829
1543990 828
1544000 828
1544010 828
1544020 826
1544030 826
1544040 826
1544050 825
1544060 823
1544070 823
1544080 823
1544090 824
1544100 824
1544110 824
1544120 824
1544130 824
1544140 824
1544150 824
1544160 824
1544170 825
1544180 826
1544190 826
1544200 827
1544210 827
1544220 828
1544230 828
1544240 828
1544250 828
1544260 828
1544270 829
1544280 830
1544290 830
1544300 830
1544310 831
1544320 831
1544330 831
1544340 832
1544350 832
1544360 833
1544370 833
1544380 833
1544390 833
1544400 834
1544410 834
1544420 835
1544430 835
1544440 835
1544450 836
1544460 836
1544470 836
1544480 837
1544490 838
1544500 838
1544510 838
1544520 838
1544530 839
1544540 839
1544550 839
1544560 839
1544570 839
1544580 839
1544590 840
1544600 840
1544610 840
1544620 840
1544630 840
1544640 841
1544650 841
1544660 841
1544670 842
1544680 842
1544690 842
1544700 842
1544710 843
1544720 844
1544730 844
1544740 845
1544750 845
1544760 845
1544770 844
1544780 844
1544790 844
1544800 844
1544810 844
1544820 844
1544830 845
1544840 845
1544850 845
1544860 846
1544870 846
1544880 846
1544890 846
1544900 847
1544910 847
1544920 847
1544930 847
1544940 847
1544950 847
1544960 848
1544970 848
1544980 847
1544990 847
1545000 847
1545010 847
1545020 847
1545030 847
1545040 847
1545050 846
1545060 846
1545070 846
1545080 845
1545090 845
1545100 845
1545110 844
1545120 844
1545130 844
1545140 844
1545150 844
1545160 844
1545170 844
1545180 843
1545190 843
1545200 843
1545210 843
1545220 843
1545230 842
1545240 842
1545250 842
1545260 841
1545270 841
1545280 841
1545290 841
1545300 841
1545310 841
1545320 840
1545330 840
1545340 840
1545350 840
1545360 840
1545370 840
1545380 840
1545390 840
1545400 840
1545410 839
1545420 839
1545430 839
1545440 838
1545450 838
1545460 838
1545470 838
1545480 838
1545490 841
1545500 841
1545510 841
1545520 842
1545530 842
1545540 842
1545550 842
1545560 842
1545570 842
1545580 843
1545590 843
1545600 842
1545610 840
1545620 840
1545630 840
1545640 842
1545650 842
1545660 845
1545670 846
1545680 846
1545690 848
1545700 849
1545710 849
1545720 850
1545730 851
1545740 851
1545750 851
1545760 852
1545770 852
1545780 852
1545790 852
1545800 852
1545810 852
1545820 851
1545830 850
1545840 850
1545850 850
1545860 849
1545870 849
1545880 847
1545890 846
1545900 846
1545910 844
1545920 840
1545930 840
1545940 835
1545950 835
1545960 835
1545970 836
1545980 839
1545990 839
1546000 842
1546010 842
1546020 842
1546030 840
1546040 842
1546050 842
1546060 843
1546070 844
1546080 844
1546090 844
1546100 843
1546110 843
1546120 840
1546130 837
1546140 833
1546150 833
1546160 830
1546170 830
1546180 830
1546190 830
1546200 831
1546210 831
1546220 831
1546230 833
1546240 833
1546250 836
1546260 839
1546270 839
1546280 840
1546290 838
1546300 838
1546310 835
1546320 834
1546330 834
1546340 833
1546350 833
1546360 833
1546370 833
1546380 833
1546390 833
1546400 834
1546410 833
1546420 833
1546430 832
1546440 831
1546450 831
1546460 831
1546470 831
1546480 833
1546490 833
1546500 833
1546510 833
1546520 833
1546530 832
1546540 833
1546550 833
1546560 835
1546570 838
1546580 838
1546590 840
1546600 841
1546610 841
1546620 839
1546630 835
1546640 835
1546650 833
1546660 834
1546670 834
1546680 836
1546690 833
1546700 833
1546710 830
1546720 826
1546730 826
1546740 822
1546750 818
1546760 820
1546770 820
1546780 822
1546790 822
1546800 822
1546810 825
1546820 823
1546830 823
1546840 822
1546850 821
1546860 821
1546870 820
1546880 820
1546890 820
1546900 820
1546910 819
1546920 819
1546930 819
1546940 821
1546950 821
1546960 821
1546970 820
1546980 820
1546990 821
1547000 821
1547010 821
1547020 821
1547030 825
1547040 825
1547050 825
1547060 825
1547070 825
1547080 825
1547090 824
1547100 823
1547110 823
1547120 822
1547130 820
1547140 820
1547150 819
1547160 818
1547170 818
1547180 818
1547190 817
1547200 817
1547210 816
1547220 816
1547230 816
1547240 815
1547250 814
1547260 814
1547270 813
1547280 812
1547290 812
1547300 811
1547310 810
1547320 810
1547330 809
1547340 807
1547350 807
1547360 805
1547370 804
1547380 802
1547390 802
1547400 800
1547410 797
1547420 797
1547430 795
1547440 792
1547450 792
1547460 789
1547470 787
1547480 787
1547490 786
1547500 785
1547510 785
1547520 784
1547530 784
1547540 784
1547550 784
1547560 784
1547570 784
1547580 784
1547590 784
1547600 784
1547610 783
1547620 783
1547630 783
1547640 783
1547650 783
1547660 783
1547670 784
1547680 784
1547690 784
1547700 785
1547710 785
1547720 786
1547730 786
1547740 787
1547750 786
1547760 786
1547770 786
1547780 787
1547790 787
1547800 787
1547810 787
1547820 787
1547830 786
1547840 786
1547850 786
1547860 786
1547870 785
1547880 785
1547890 785
1547900 784
1547910 784
1547920 785
1547930 786
1547940 786
1547950 785
1547960 783
1547970 783
1547980 783
1547990 783
1548000 783
1548010 782
1548020 782
1548030 781
1548040 781
1548050 781
1548060 781
1548070 781
1548080 780
1548090 780
1548100 780
1548110 779
1548120 779
1548130 779
1548140 778
1548150 778
1548160 778
1548170 776
1548180 775
1548190 775
1548200 775
1548210 775
1548220 775
1548230 774
1548240 774
1548250 774
1548260 774
1548270 773
1548280 773
1548290 772
1548300 772
1548310 772
1548320 771
1548330 771
1548340 771
1548350 771
1548360 770
1548370 769
1548380 769
1548390 768
1548400 768
1548410 768
1548420 767
1548430 766
1548440 766
1548450 766
1548460 765
1548470 765
1548480 765
1548490 764
1548500 764
1548510 763
1548520 763
1548530 763
1548540 762
1548550 762
1548560 762
1548570 761
1548580 760
1548590 760
1548600 760
1548610 759
1548620 759
1548630 759
1548640 758
1548650 758
1548660 758
1548670 758
1548680 757
1548690 757
1548700 756
1548710 756
1548720 756
1548730 755
1548740 755
1548750 755
1548760 754
1548770 754
1548780 754
1548790 753
1548800 753
1548810 753
1548820 752
1548830 752
1548840 752
1548850 751
1548860 751
1548870 751
1548880 750
1548890 750
1548900 750
1548910 749
1548920 749
1548930 749
1548940 748
1548950 748
1548960 748
1548970 748
1548980 748
1548990 748
1549000 748
1549010 748
1549020 748
1549030 748
1549040 748
1549050 748
1549060 748
1549070 748
1549080 748
1549090 748
1549100 748
1549110 748
1549120 748
1549130 748
1549140 746
1549150 746
1549160 747
1549170 748
1549180 748
1549190 748
1549200 748
1549210 748
1549220 747
1549230 747
1549240 747
1549250 747
1549260 747
1549270 747
1549280 747
1549290 747
1549300 747
1549310 747
1549320 746
1549330 745
1549340 745
1549350 745
1549360 746
1549370 746
1549380 745
1549390 746
1549400 746
1549410 746
1549420 746
1549430 746
1549440 747
1549450 748
1549460 748
1549470 749
1549480 751
1549490 751
1549500 756
1549510 759
1549520 759
1549530 762
1549540 764
1549550 764
1549560 766
1549570 769
1549580 769
1549590 771
1549600 773
1549610 775
1549620 775
1549630 777
1549640 780
1549650 780
1549660 782
1549670 783
1549680 783
1549690 784
1549700 786
1549710 786
1549720 787
1549730 789
1549740 789
1549750 791
1549760 793
1549770 793
1549780 794
1549790 796
1549800 796
1549810 797
1549820 798
1549830 798
1549840 799
1549850 802
1549860 802
1549870 803
1549880 805
1549890 805
1549900 807
1549910 809
1549920 810
1549930 810
1549940 812
1549950 813
1549960 813
1549970 814
1549980 815
1549990 815
1550000 816
1550010 817
1550020 817
1550030 817
1550040 818
1550050 818
1550060 818
1550070 818
1550080 818
1550090 818
1550100 819
1550110 819
1550120 819
1550130 820
1550140 820
1550150 820
1550160 821
1550170 821
1550180 821
1550190 821
1550200 821
1550210 822
1550220 822
1550230 822
1550240 822
1550250 822
1550260 822
1550270 822
1550280 823
1550290 824
1550300 824
1550310 824
1550320 824
1550330 824
1550340 825
1550350 826
1550360 826
1550370 826
1550380 826
1550390 826
1550400 826
1550410 826
1550420 826
1550430 826
1550440 826
1550450 826
1550460 825
1550470 826
1550480 826
1550490 826
1550500 825
1550510 825
1550520 826
1550530 826
1550540 826
1550550 826
1550560 826
1550570 826
1550580 826
1550590 826
1550600 827
1550610 827
1550620 827
1550630 827
1550640 827
1550650 827
1550660 827
1550670 827
1550680 827
1550690 826
1550700 826
1550710 826
1550720 826
1550730 826
1550740 825
1550750 824
1550760 824
1550770 824
1550780 824
1550790 825
1550800 825
1550810 824
1550820 824
1550830 823
1550840 822
1550850 822
1550860 821
1550870 821
1550880 820
1550890 820
1550900 819
1550910 818
1550920 818
1550930 817
1550940 817
1550950 817
1550960 816
1550970 815
1550980 815
1550990 814
1551000 813
1551010 813
1551020 812
1551030 811
1551040 811
1551050 810
1551060 809
1551070 809
1551080 807
1551090 806
1551100 806
1551110 804
1551120 802
1551130 802
1551140 801
1551150 799
1551160 799
1551170 797
1551180 796
1551190 795
1551200 795
1551210 794
1551220 793
1551230 793
1551240 792
1551250 789
1551260 789
1551270 787
1551280 785
1551290 785
1551300 789
1551310 793
1551320 793
1551330 796
1551340 797
1551350 797
1551360 798
1551370 799
1551380 799
1551390 800
1551400 801
1551410 801
1551420 802
1551430 803
1551440 803
1551450 804
1551460 805
1551470 805
1551480 806
1551490 807
1551500 807
1551510 807
1551520 808
1551530 808
1551540 808
1551550 808
1551560 808
1551570 808
1551580 808
1551590 808
1551600 808
1551610 808
1551620 808
1551630 808
1551640 808
1551650 808
1551660 808
1551670 808
1551680 809
1551690 809
1551700 809
1551710 809
1551720 809
1551730 809
1551740 809
1551750 809
1551760 809
1551770 808
1551780 808
1551790 808
1551800 808
1551810 807
1551820 807
1551830 807
1551840 807
1551850 807
1551860 806
1551870 806
1551880 806
1551890 805
1551900 805
1551910 805
1551920 804
1551930 804
1551940 804
1551950 803
1551960 803
1551970 803
1551980 802
1551990 802
1552000 802
1552010 801
1552020 800
1552030 800
1552040 800
1552050 799
1552060 799
1552070 799
1552080 799
1552090 799
1552100 799
1552110 799
1552120 799
1552130 799
1552140 799
1552150 799
1552160 799
1552170 799
1552180 799
1552190 799
1552200 799
1552210 799
1552220 799
1552230 799
1552240 799
1552250 799
1552260 798
1552270 797
1552280 797
1552290 797
1552300 797
1552310 797
1552320 797
1552330 797
1552340 797
1552350 796
1552360 793
1552370 793
1552380 791
1552390 788
1552400 788
1552410 783
1552420 780
1552430 780
1552440 780
1552450 781
1552460 779
1552470 779
1552480 773
1552490 766
1552500 766
1552510 763
1552520 762
1552530 762
1552540 760
1552550 759
1552560 759
1552570 758
1552580 758
1552590 758
1552600 756
1552610 753
1552620 753
1552630 749
1552640 746
1552650 746
1552660 744
1552670 743
1552680 743
1552690 747
1552700 746
1552710 746
1552720 746
1552730 748
1552740 748
1552750 751
1552760 753
1552770 754
1552780 754
1552790 754
1552800 750
1552810 750
1552820 743
1552830 737
1552840 737
1552850 731
1552860 725
1552870 725
1552880 718
1552890 711
1552900 711
1552910 707
1552920 701
1552930 701
1552940 696
1552950 691
1552960 691
1552970 686
1552980 680
1552990 680
1553000 677
1553010 675
1553020 675
1553030 671
1553040 664
1553050 664
1553060 662
1553070 662
1553080 662
1553090 662
1553100 662
1553110 662
1553120 662
1553130 661
1553140 661
1553150 661
1553160 661
1553170 661
1553180 661
1553190 661
1553200 661
1553210 661
1553220 661
1553230 661
1553240 661
1553250 661
1553260 661
1553270 661
1553280 661
1553290 661
1553300 661
1553310 662
1553320 662
1553330 662
1553340 662
1553350 662
1553360 662
1553370 662
1553380 662
1553390 662
1553400 662
1553410 662
1553420 662
1553430 662
1553440 662
1553450 662
1553460 662
1553470 660
1553480 660
1553490 660
1553500 660
1553510 660
1553520 660
1553530 660
1553540 661
1553550 661
1553560 662
1553570 662
1553580 662
1553590 662
1553600 662
1553610 662
1553620 662
1553630 661
1553640 661
1553650 661
1553660 661
1553670 661
1553680 661
1553690 661
1553700 661
1553710 661
1553720 661
1553730 661
1553740 661
1553750 661
1553760 661
1553770 661
1553780 661
1553790 661
1553800 661
1553810 661
1553820 661
1553830 661
1553840 661
1553850 661
1553860 661
1553870 661
1553880 661
1553890 661
1553900 661
1553910 661
1553920 661
1553930 661
1553940 661
1553950 661
1553960 661
1553970 660
1553980 660
1553990 660
1554000 661
1554010 661
1554020 661
1554030 661
1554040 661
1554050 661
1554060 660
1554070 660
1554080 660
1554090 660
1554100 660
1554110 660
1554120 660
1554130 660
1554140 660
1554150 661
1554160 661
1554170 661
1554180 661
1554190 661
1554200 661
1554210 661
1554220 661
1554230 661
1554240 661
1554250 661
1554260 661
1554270 661
1554280 661
1554290 661
1554300 661
1554310 661
1554320 661
1554330 660
1554340 660
1554350 660
1554360 660
1554370 661
1554380 661
1554390 661
1554400 660
1554410 660
1554420 660
1554430 660
1554440 660
1554450 660
1554460 660
1554470 660
1554480 660
1554490 660
1554500 660
1554510 660
1554520 660
1554530 660
1554540 660
1554550 660
1554560 660
1554570 660
1554580 660
1554590 661
1554600 661
1554610 661
1554620 661
1554630 661
1554640 661
1554650 661
1554660 661
1554670 661
1554680 661
1554690 661
1554700 661
1554710 661
1554720 661
1554730 661
1554740 661
1554750 660
1554760 660
1554770 660
1554780 660
1554790 660
1554800 660
1554810 660
1554820 660
1554830 660
1554840 660
1554850 660
1554860 660
1554870 660
1554880 660
1554890 660
1554900 660
1554910 660
1554920 661
1554930 661
1554940 661
1554950 660
1554960 660
1554970 660
1554980 660
1554990 660
1555000 660
1555010 660
1555020 660
1555030 659
1555040 659
1555050 659
1555060 659
1555070 659
1555080 659
1555090 659
1555100 659
1555110 659
1555120 659
1555130 659
1555140 659
1555150 659
1555160 659
1555170 659
1555180 660
1555190 660
1555200 661
1555210 661
1555220 661
1555230 661
1555240 662
1555250 662
1555260 664
1555270 666
1555280 666
1555290 668
1555300 670
1555310 673
1555320 673
1555330 673
1555340 675
1555350 675
1555360 677
1555370 678
1555380 678
1555390 681
1555400 685
1555410 685
1555420 686
1555430 686
1555440 686
1555450 688
1555460 692
1555470 692
1555480 694
1555490 694
1555500 694
1555510 697
1555520 701
1555530 701
1555540 706
1555550 711
1555560 711
1555570 716
1555580 720
1555590 720
1555600 723
1555610 726
1555620 728
1555630 728
1555640 730
1555650 730
1555660 730
1555670 732
1555680 735
1555690 735
1555700 738
1555710 740
1555720 740
1555730 741
1555740 742
1555750 742
1555760 743
1555770 745
1555780 745
1555790 745
1555800 747
1555810 747
1555820 748
1555830 751
1555840 751
1555850 753
1555860 754
1555870 754
1555880 755
1555890 756
1555900 756
1555910 757
1555920 758
1555930 758
1555940 758
1555950 760
1555960 761
1555970 761
1555980 762
1555990 763
1556000 763
1556010 764
1556020 764
1556030 764
1556040 765
1556050 766
1556060 766
1556070 766
1556080 769
1556090 769
1556100 771
1556110 770
1556120 770
1556130 773
1556140 776
1556150 776
1556160 779
1556170 781
1556180 781
1556190 784
1556200 786
1556210 786
1556220 789
1556230 795
1556240 795
1556250 801
1556260 807
1556270 814
1556280 814
1556290 819
1556300 818
1556310 818
1556320 813
1556330 807
1556340 807
1556350 798
1556360 792
1556370 792
1556380 785
1556390 778
1556400 778
1556410 780
1556420 781
1556430 781
1556440 786
1556450 789
1556460 789
1556470 795
1556480 804
1556490 804
1556500 811
1556510 819
1556520 819
1556530 827
1556540 835
1556550 835
1556560 841
1556570 846
1556580 849
1556590 849
1556600 852
1556610 853
1556620 853
1556630 855
1556640 858
1556650 858
1556660 861
1556670 865
1556680 865
1556690 869
1556700 871
1556710 871
1556720 872
1556730 876
1556740 876
1556750 880
1556760 883
1556770 883
1556780 885
1556790 887
1556800 887
1556810 888
1556820 890
1556830 890
1556840 893
1556850 898
1556860 898
1556870 905
1556880 910
1556890 913
1556900 913
1556910 915
1556920 916
1556930 916
1556940 914
1556950 913
1556960 913
1556970 913
1556980 914
1556990 914
1557000 915
1557010 916
1557020 916
1557030 920
1557040 925
1557050 925
1557060 928
1557070 929
1557080 929
1557090 927
1557100 929
1557110 929
1557120 931
1557130 934
1557140 934
1557150 936
1557160 937
1557170 937
1557180 936
1557190 935
1557200 934
1557210 934
1557220 935
1557230 939
1557240 939
1557250 941
1557260 941
1557270 941
1557280 941
1557290 941
1557300 941
1557310 941
1557320 940
1557330 940
1557340 940
1557350 941
1557360 941
1557370 940
1557380 940
1557390 940
1557400 939
1557410 938
1557420 938
1557430 937
1557440 935
1557450 935
1557460 933
1557470 931
1557480 931
1557490 929
1557500 927
1557510 927
1557520 925
1557530 922
1557540 920
1557550 920
1557560 916
1557570 913
1557580 913
1557590 910
1557600 907
1557610 907
1557620 904
1557630 901
1557640 901
1557650 896
1557660 893
1557670 893
1557680 890
1557690 886
1557700 886
1557710 883
1557720 878
1557730 878
1557740 874
1557750 871
1557760 871
1557770 869
1557780 866
1557790 866
1557800 862
1557810 860
1557820 860
1557830 858
1557840 857
1557850 855
1557860 855
1557870 853
1557880 852
1557890 852
1557900 852
1557910 853
1557920 853
1557930 855
1557940 856
1557950 856
1557960 860
1557970 863
1557980 863
1557990 867
1558000 871
1558010 871
1558020 871
1558030 871
1558040 871
1558050 870
1558060 870
1558070 870
1558080 869
1558090 868
1558100 864
1558110 863
1558120 861
1558130 861
1558140 859
1558150 858
1558160 856
1558170 856
1558180 855
1558190 854
1558200 854
1558210 852
1558220 851
1558230 851
1558240 850
1558250 848
1558260 848
1558270 844
1558280 839
1558290 839
1558300 834
1558310 829
1558320 829
1558330 824
1558340 819
1558350 819
1558360 816
1558370 813
1558380 813
1558390 810
1558400 805
1558410 805
1558420 800
1558430 795
1558440 795
1558450 790
1558460 785
1558470 780
1558480 780
1558490 775
1558500 771
1558510 771
1558520 767
1558530 765
1558540 765
1558550 767
1558560 771
1558570 771
1558580 775
1558590 774
1558600 774
1558610 772
1558620 772
1558630 772
1558640 772
1558650 772
1558660 772
1558670 773
1558680 773
1558690 773
1558700 772
1558710 770
1558720 770
1558730 767
1558740 764
1558750 764
1558760 762
1558770 759
1558780 756
1558790 756
1558800 752
1558810 750
1558820 750
1558830 744
1558840 736
1558850 736
1558860 729
1558870 722
1558880 722
1558890 717
1558900 712
1558910 712
1558920 710
1558930 707
1558940 707
1558950 705
1558960 705
1558970 705
1558980 706
1558990 708
1559000 708
1559010 709
1559020 710
1559030 710
1559040 711
1559050 714
1559060 714
1559070 719
1559080 726
1559090 726
1559100 735
1559110 744
1559120 752
1559130 752
1559140 757
1559150 763
1559160 763
1559170 770
1559180 777
1559190 777
1559200 783
1559210 788
1559220 788
1559230 793
1559240 798
1559250 798
1559260 804
1559270 810
1559280 810
1559290 814
1559300 817
1559310 817
1559320 821
1559330 825
1559340 825
1559350 828
1559360 832
1559370 832
1559380 836
1559390 840
1559400 840
1559410 845
1559420 850
1559430 856
1559440 856
1559450 863
1559460 869
1559470 869
1559480 875
1559490 881
1559500 881
1559510 885
1559520 889
1559530 889
1559540 893
1559550 896
1559560 896
1559570 900
1559580 903
1559590 903
1559600 907
1559610 910
1559620 910
1559630 914
1559640 918
1559650 918
1559660 922
1559670 926
1559680 926
1559690 929
1559700 931
1559710 931
1559720 934
1559730 940
1559740 944
1559750 944
1559760 948
1559770 952
1559780 952
1559790 957
1559800 961
1559810 961
1559820 963
1559830 967
1559840 967
1559850 970
1559860 974
1559870 974
1559880 977
1559890 981
1559900 981
1559910 986
1559920 991
1559930 991
1559940 996
1559950 1001
1559960 1001
1559970 1006
1559980 1010
1559990 1010
