1540000 1531
1540010 1533
1540020 1533
1540030 1523
1540040 1513
1540050 1513
1540060 1499
1540070 1488
1540080 1488
1540090 1481
1540100 1472
1540110 1472
1540120 1468
1540130 1466
1540140 1466
1540150 1464
1540160 1464
1540170 1460
1540180 1451
1540190 1440
1540200 1440
1540210 1436
1540220 1430
1540230 1430
1540240 1412
1540250 1406
1540260 1406
1540270 1404
1540280 1399
1540290 1399
1540300 1398
1540310 1393
1540320 1392
1540330 1392
1540340 1389
1540350 1384
1540360 1384
1540370 1381
1540380 1379
1540390 1379
1540400 1381
1540410 1380
1540420 1380
1540430 1374
1540440 1375
1540450 1375
1540460 1374
1540470 1369
1540480 1369
1540490 1367
1540500 1360
1540510 1360
1540520 1349
1540530 1336
1540540 1336
1540550 1319
1540560 1311
1540570 1311
1540580 1308
1540590 1304
1540600 1304
1540610 1303
1540620 1301
1540630 1301
1540640 1295
1540650 1287
1540660 1272
1540670 1272
1540680 1243
1540690 1239
1540700 1239
1540710 1248
1540720 1241
1540730 1241
1540740 1229
1540750 1220
1540760 1220
1540770 1214
1540780 1211
1540790 1211
1540800 1209
1540810 1207
1540820 1207
1540830 1204
1540840 1201
1540850 1201
1540860 1197
1540870 1192
1540880 1192
1540890 1188
1540900 1182
1540910 1182
1540920 1178
1540930 1174
1540940 1174
1540950 1170
1540960 1166
1540970 1164
1540980 1164
1540990 1162
1541000 1159
1541010 1159
1541020 1157
1541030 1154
1541040 1154
1541050 1153
1541060 1150
1541070 1150
1541080 1145
1541090 1142
1541100 1142
1541110 1138
1541120 1136
1541130 1136
1541140 1130
1541150 1125
1541160 1125
1541170 1121
1541180 1118
1541190 1118
1541200 1114
1541210 1112
1541220 1112
1541230 1112
1541240 1111
1541250 1111
1541260 1108
1541270 1102
1541280 1102
1541290 1097
1541300 1090
1541310 1084
1541320 1084
1541330 1078
1541340 1072
1541350 1072
1541360 1067
1541370 1061
1541380 1061
1541390 1054
1541400 1048
1541410 1048
1541420 1041
1541430 1034
1541440 1034
1541450 1031
1541460 1027
1541470 1027
1541480 1024
1541490 1020
1541500 1020
1541510 1012
1541520 1003
1541530 1003
1541540 997
1541550 991
1541560 991
1541570 984
1541580 978
1541590 978
1541600 971
1541610 967
1541620 962
1541630 962
1541640 956
1541650 949
1541660 949
1541670 943
1541680 936
1541690 936
1541700 929
1541710 923
1541720 923
1541730 919
1541740 919
1541750 919
1541760 917
1541770 912
1541780 912
1541790 906
1541800 903
1541810 903
1541820 902
1541830 902
1541840 902
1541850 902
1541860 902
1541870 902
1541880 903
1541890 903
1541900 903
1541910 903
1541920 904
1541930 903
1541940 903
1541950 904
1541960 904
1541970 904
1541980 905
1541990 904
1542000 904
1542010 904
1542020 903
1542030 903
1542040 903
1542050 902
1542060 902
1542070 902
1542080 905
1542090 905
1542100 912
1542110 914
1542120 914
1542130 913
1542140 912
1542150 912
1542160 914
1542170 914
1542180 914
1542190 914
1542200 914
1542210 914
1542220 914
1542230 913
1542240 913
1542250 913
1542260 913
1542270 912
1542280 912
1542290 912
1542300 912
1542310 912
1542320 911
1542330 911
1542340 911
1542350 911
1542360 911
1542370 911
1542380 911
1542390 911
1542400 911
1542410 911
1542420 911
1542430 911
1542440 910
1542450 910
1542460 910
1542470 910
1542480 909
1542490 909
1542500 909
1542510 909
1542520 909
1542530 908
1542540 908
1542550 908
1542560 907
1542570 904
1542580 903
1542590 903
1542600 905
1542610 906
1542620 906
1542630 906
1542640 906
1542650 906
1542660 906
1542670 906
1542680 906
1542690 907
1542700 908
1542710 908
1542720 908
1542730 908
1542740 908
1542750 909
1542760 909
1542770 909
1542780 909
1542790 911
1542800 911
1542810 910
1542820 910
1542830 910
1542840 909
1542850 911
1542860 911
1542870 912
1542880 914
1542890 917
1542900 917
1542910 920
1542920 920
1542930 920
1542940 920
1542950 921
1542960 921
1542970 922
1542980 924
1542990 924
1543000 926
1543010 928
1543020 928
1543030 928
1543040 930
1543050 930
1543060 931
1543070 933
1543080 933
1543090 935
1543100 937
1543110 937
1543120 937
1543130 939
1543140 939
1543150 940
1543160 940
1543170 940
1543180 941
1543190 943
1543200 943
1543210 943
1543220 943
1543230 943
1543240 943
1543250 944
1543260 944
1543270 944
1543280 945
1543290 944
1543300 944
1543310 945
1543320 945
1543330 945
1543340 944
1543350 944
1543360 944
1543370 944
1543380 943
1543390 943
1543400 942
1543410 943
1543420 943
1543430 942
1543440 941
1543450 941
1543460 939
1543470 937
1543480 937
1543490 937
1543500 936
1543510 936
1543520 935
1543530 935
1543540 935
1543550 935
1543560 936
1543570 936
1543580 936
1543590 937
1543600 940
1543610 940
1543620 942
1543630 945
1543640 945
1543650 948
1543660 951
1543670 951
1543680 954
1543690 957
1543700 957
1543710 959
1543720 961
1543730 961
1543740 961
1543750 961
1543760 961
1543770 962
1543780 964
1543790 964
1543800 966
1543810 969
1543820 969
1543830 972
1543840 975
1543850 978
1543860 978
1543870 981
1543880 984
1543890 984
1543900 987
1543910 990
1543920 990
1543930 992
1543940 993
1543950 993
1543960 996
1543970 999
1543980 999
1543990 1001
1544000 1004
1544010 1004
1544020 1006
1544030 1007
1544040 1007
1544050 1010
1544060 1011
1544070 1011
1544080 1013
1544090 1014
1544100 1014
1544110 1017
1544120 1020
1544130 1020
1544140 1023
1544150 1026
1544160 1026
1544170 1029
1544180 1033
1544190 1035
1544200 1035
1544210 1036
1544220 1037
1544230 1037
1544240 1037
1544250 1037
1544260 1037
1544270 1036
1544280 1036
1544290 1036
1544300 1036
1544310 1037
1544320 1037
1544330 1037
1544340 1038
1544350 1038
1544360 1038
1544370 1039
1544380 1039
1544390 1039
1544400 1038
1544410 1038
1544420 1039
1544430 1040
1544440 1040
1544450 1042
1544460 1042
1544470 1042
1544480 1044
1544490 1047
1544500 1051
1544510 1051
1544520 1054
1544530 1058
1544540 1058
1544550 1063
1544560 1068
1544570 1068
1544580 1073
1544590 1078
1544600 1078
1544610 1082
1544620 1088
1544630 1088
1544640 1092
1544650 1096
1544660 1096
1544670 1100
1544680 1105
1544690 1105
1544700 1111
1544710 1116
1544720 1116
1544730 1122
1544740 1127
1544750 1127
1544760 1130
1544770 1139
1544780 1139
1544790 1147
1544800 1154
1544810 1154
1544820 1160
1544830 1167
1544840 1173
1544850 1173
1544860 1179
1544870 1184
1544880 1184
1544890 1188
1544900 1191
1544910 1191
1544920 1189
1544930 1182
1544940 1182
1544950 1175
1544960 1170
1544970 1170
1544980 1164
1544990 1159
1545000 1159
1545010 1154
1545020 1151
1545030 1151
1545040 1146
1545050 1144
1545060 1144
1545070 1140
1545080 1136
1545090 1136
1545100 1132
1545110 1130
1545120 1130
1545130 1128
1545140 1128
1545150 1128
1545160 1128
1545170 1127
1545180 1126
1545190 1126
1545200 1125
1545210 1126
1545220 1126
1545230 1126
1545240 1124
1545250 1124
1545260 1123
1545270 1123
1545280 1123
1545290 1122
1545300 1119
1545310 1119
1545320 1119
1545330 1117
1545340 1117
1545350 1119
1545360 1120
1545370 1120
1545380 1122
1545390 1120
1545400 1120
1545410 1117
1545420 1117
1545430 1117
1545440 1118
1545450 1117
1545460 1117
1545470 1117
1545480 1118
1545490 1120
1545500 1120
1545510 1122
1545520 1125
1545530 1125
1545540 1128
1545550 1131
1545560 1131
1545570 1135
1545580 1139
1545590 1139
1545600 1141
1545610 1142
1545620 1142
1545630 1139
1545640 1137
1545650 1137
1545660 1134
1545670 1131
1545680 1131
1545690 1133
1545700 1139
1545710 1139
1545720 1145
1545730 1150
1545740 1150
1545750 1153
1545760 1159
1545770 1159
1545780 1164
1545790 1170
1545800 1174
1545810 1174
1545820 1176
1545830 1177
1545840 1177
1545850 1180
1545860 1183
1545870 1183
1545880 1185
1545890 1188
1545900 1188
1545910 1192
1545920 1195
1545930 1195
1545940 1197
1545950 1201
1545960 1201
1545970 1203
1545980 1204
1545990 1204
1546000 1204
1546010 1205
1546020 1205
1546030 1207
1546040 1210
1546050 1210
1546060 1211
1546070 1212
1546080 1212
1546090 1214
1546100 1215
1546110 1215
1546120 1215
1546130 1217
1546140 1222
1546150 1222
1546160 1225
1546170 1227
1546180 1227
1546190 1229
1546200 1232
1546210 1232
1546220 1236
1546230 1239
1546240 1239
1546250 1243
1546260 1246
1546270 1246
1546280 1248
1546290 1253
1546300 1253
1546310 1259
1546320 1262
1546330 1262
1546340 1265
1546350 1268
1546360 1268
1546370 1270
1546380 1271
1546390 1271
1546400 1272
1546410 1272
1546420 1272
1546430 1271
1546440 1270
1546450 1268
1546460 1268
1546470 1267
1546480 1265
1546490 1265
1546500 1263
1546510 1261
1546520 1261
1546530 1259
1546540 1256
1546550 1256
1546560 1254
1546570 1251
1546580 1251
1546590 1249
1546600 1247
1546610 1247
1546620 1246
1546630 1245
1546640 1245
1546650 1244
1546660 1242
1546670 1242
1546680 1247
1546690 1245
1546700 1245
1546710 1243
1546720 1240
1546730 1240
1546740 1238
1546750 1236
1546760 1235
1546770 1235
1546780 1235
1546790 1235
1546800 1235
1546810 1236
1546820 1237
1546830 1237
1546840 1239
1546850 1240
1546860 1240
1546870 1241
1546880 1241
1546890 1241
1546900 1241
1546910 1237
1546920 1237
1546930 1233
1546940 1229
1546950 1229
1546960 1228
1546970 1227
1546980 1227
1546990 1225
1547000 1220
1547010 1220
1547020 1217
1547030 1215
1547040 1215
1547050 1212
1547060 1210
1547070 1209
1547080 1209
1547090 1206
1547100 1203
1547110 1203
1547120 1201
1547130 1201
1547140 1201
1547150 1204
1547160 1206
1547170 1206
1547180 1207
1547190 1208
1547200 1208
1547210 1210
1547220 1213
1547230 1213
1547240 1215
1547250 1215
1547260 1215
1547270 1214
1547280 1211
1547290 1211
1547300 1207
1547310 1205
1547320 1205
1547330 1209
1547340 1212
1547350 1212
1547360 1215
1547370 1218
1547380 1218
1547390 1222
1547400 1228
1547410 1233
1547420 1233
1547430 1239
1547440 1245
1547450 1245
1547460 1251
1547470 1254
1547480 1254
1547490 1258
1547500 1263
1547510 1263
1547520 1265
1547530 1263
1547540 1263
1547550 1261
1547560 1256
1547570 1256
1547580 1253
1547590 1250
1547600 1250
1547610 1244
1547620 1238
1547630 1238
1547640 1232
1547650 1229
1547660 1229
1547670 1226
1547680 1224
1547690 1224
1547700 1221
1547710 1220
1547720 1219
1547730 1219
1547740 1218
1547750 1217
1547760 1217
1547770 1217
1547780 1218
1547790 1218
1547800 1220
1547810 1223
1547820 1223
1547830 1225
1547840 1225
1547850 1225
1547860 1223
1547870 1218
1547880 1218
1547890 1214
1547900 1210
1547910 1210
1547920 1207
1547930 1205
1547940 1205
1547950 1205
1547960 1205
1547970 1205
1547980 1204
1547990 1203
1548000 1203
1548010 1204
1548020 1202
1548030 1200
1548040 1200
1548050 1198
1548060 1196
1548070 1196
1548080 1192
1548090 1188
1548100 1188
1548110 1184
1548120 1180
1548130 1180
1548140 1175
1548150 1170
1548160 1170
1548170 1164
1548180 1158
1548190 1158
1548200 1152
1548210 1147
1548220 1147
1548230 1143
1548240 1136
1548250 1136
1548260 1127
1548270 1118
1548280 1118
1548290 1108
1548300 1100
1548310 1100
1548320 1094
1548330 1088
1548340 1088
1548350 1080
1548360 1075
1548370 1067
1548380 1067
1548390 1060
1548400 1056
1548410 1056
1548420 1052
1548430 1049
1548440 1049
1548450 1045
1548460 1041
1548470 1041
1548480 1033
1548490 1025
1548500 1025
1548510 1018
1548520 1015
1548530 1015
1548540 1014
1548550 1008
1548560 1008
1548570 1004
1548580 1000
1548590 1000
1548600 997
1548610 995
1548620 995
1548630 991
1548640 988
1548650 988
1548660 984
1548670 981
1548680 978
1548690 978
1548700 976
1548710 976
1548720 976
1548730 972
1548740 967
1548750 967
1548760 963
1548770 959
1548780 959
1548790 954
1548800 949
1548810 949
1548820 945
1548830 941
1548840 941
1548850 938
1548860 932
1548870 932
1548880 930
1548890 927
1548900 927
1548910 923
1548920 919
1548930 919
1548940 917
1548950 914
1548960 914
1548970 911
1548980 909
1548990 909
1549000 906
1549010 902
1549020 903
1549030 903
1549040 908
1549050 910
1549060 910
1549070 909
1549080 909
1549090 909
1549100 911
1549110 913
1549120 913
1549130 913
1549140 911
1549150 911
1549160 907
1549170 900
1549180 900
1549190 892
1549200 885
1549210 885
1549220 880
1549230 875
1549240 875
1549250 869
1549260 865
1549270 865
1549280 866
1549290 867
1549300 867
1549310 865
1549320 859
1549330 854
1549340 854
1549350 853
1549360 851
1549370 851
1549380 849
1549390 848
1549400 848
1549410 848
1549420 848
1549430 848
1549440 847
1549450 847
1549460 847
1549470 847
1549480 847
1549490 847
1549500 848
1549510 848
1549520 848
1549530 848
1549540 847
1549550 847
1549560 844
1549570 838
1549580 838
1549590 833
1549600 829
1549610 829
1549620 828
1549630 829
1549640 830
1549650 830
1549660 830
1549670 831
1549680 831
1549690 832
1549700 831
1549710 831
1549720 829
1549730 826
1549740 826
1549750 824
1549760 824
1549770 824
1549780 823
1549790 821
1549800 821
1549810 817
1549820 812
1549830 812
1549840 807
1549850 804
1549860 804
1549870 800
1549880 797
1549890 797
1549900 793
1549910 789
1549920 789
1549930 786
1549940 784
1549950 784
1549960 782
1549970 780
1549980 779
1549990 779
1550000 777
1550010 776
1550020 776
1550030 775
1550040 774
1550050 774
1550060 773
1550070 772
1550080 772
1550090 771
1550100 770
1550110 770
1550120 769
1550130 768
1550140 768
1550150 766
1550160 765
1550170 765
1550180 764
1550190 762
1550200 762
1550210 761
1550220 759
1550230 759
1550240 758
1550250 756
1550260 756
1550270 755
1550280 753
1550290 752
1550300 752
1550310 751
1550320 749
1550330 749
1550340 748
1550350 747
1550360 747
1550370 746
1550380 745
1550390 745
1550400 744
1550410 743
1550420 743
1550430 743
1550440 742
1550450 742
1550460 741
1550470 740
1550480 740
1550490 739
1550500 740
1550510 740
1550520 740
1550530 740
1550540 740
1550550 739
1550560 738
1550570 738
1550580 736
1550590 735
1550600 735
1550610 735
1550620 734
1550630 735
1550640 735
1550650 735
1550660 735
1550670 735
1550680 735
1550690 735
1550700 735
1550710 735
1550720 735
1550730 735
1550740 736
1550750 736
1550760 736
1550770 735
1550780 731
1550790 731
1550800 728
1550810 726
1550820 726
1550830 724
1550840 723
1550850 723
1550860 722
1550870 721
1550880 721
1550890 720
1550900 719
1550910 719
1550920 719
1550930 718
1550940 719
1550950 719
1550960 719
1550970 720
1550980 720
1550990 723
1551000 729
1551010 729
1551020 733
1551030 737
1551040 737
1551050 740
1551060 743
1551070 743
1551080 749
1551090 754
1551100 754
1551110 761
1551120 768
1551130 768
1551140 773
1551150 778
1551160 778
1551170 784
1551180 789
1551190 789
1551200 793
1551210 798
1551220 798
1551230 803
1551240 808
1551250 815
1551260 815
1551270 821
1551280 825
1551290 825
1551300 827
1551310 828
1551320 828
1551330 830
1551340 832
1551350 832
1551360 833
1551370 835
1551380 835
1551390 835
1551400 836
1551410 836
1551420 836
1551430 836
1551440 836
1551450 836
1551460 836
1551470 836
1551480 835
1551490 835
1551500 835
1551510 834
1551520 834
1551530 834
1551540 833
1551550 833
1551560 833
1551570 832
1551580 832
1551590 831
1551600 831
1551610 831
1551620 830
1551630 830
1551640 830
1551650 829
1551660 829
1551670 829
1551680 829
1551690 829
1551700 828
1551710 828
1551720 828
1551730 827
1551740 826
1551750 826
1551760 826
1551770 825
1551780 825
1551790 825
1551800 824
1551810 824
1551820 823
1551830 823
1551840 823
1551850 822
1551860 822
1551870 822
1551880 821
1551890 822
1551900 822
1551910 822
1551920 821
1551930 821
1551940 821
1551950 821
1551960 820
1551970 820
1551980 820
1551990 820
1552000 820
1552010 820
1552020 820
1552030 820
1552040 820
1552050 820
1552060 820
1552070 820
1552080 820
1552090 820
1552100 820
1552110 820
1552120 820
1552130 821
1552140 821
1552150 821
1552160 822
1552170 822
1552180 822
1552190 823
1552200 823
1552210 824
1552220 824
1552230 824
1552240 824
1552250 824
1552260 824
1552270 823
1552280 823
1552290 822
1552300 822
1552310 822
1552320 821
1552330 820
1552340 820
1552350 819
1552360 819
1552370 819
1552380 818
1552390 816
1552400 816
1552410 815
1552420 814
1552430 814
1552440 813
1552450 812
1552460 812
1552470 811
1552480 810
1552490 810
1552500 808
1552510 808
1552520 808
1552530 806
1552540 804
1552550 802
1552560 802
1552570 800
1552580 799
1552590 800
1552600 798
1552610 797
1552620 797
1552630 796
1552640 795
1552650 795
1552660 794
1552670 793
1552680 793
1552690 792
1552700 791
1552710 791
1552720 791
1552730 790
1552740 790
1552750 790
1552760 790
1552770 790
1552780 790
1552790 789
1552800 789
1552810 789
1552820 789
1552830 789
1552840 789
1552850 789
1552860 789
1552870 789
1552880 789
1552890 789
1552900 789
1552910 790
1552920 790
1552930 790
1552940 789
1552950 789
1552960 789
1552970 789
1552980 789
1552990 789
1553000 789
1553010 789
1553020 789
1553030 789
1553040 789
1553050 789
1553060 789
1553070 789
1553080 789
1553090 789
1553100 790
1553110 790
1553120 790
1553130 790
1553140 790
1553150 790
1553160 790
1553170 790
1553180 791
1553190 791
1553200 791
1553210 791
1553220 792
1553230 792
1553240 792
1553250 792
1553260 793
1553270 793
1553280 793
1553290 794
1553300 794
1553310 794
1553320 795
1553330 795
1553340 796
1553350 796
1553360 796
1553370 796
1553380 796
1553390 796
1553400 797
1553410 797
1553420 797
1553430 798
1553440 798
1553450 798
1553460 798
1553470 798
1553480 798
1553490 798
1553500 797
1553510 794
1553520 794
1553530 793
1553540 792
1553550 792
1553560 790
1553570 788
1553580 788
1553590 786
1553600 782
1553610 782
1553620 779
1553630 777
1553640 777
1553650 775
1553660 774
1553670 774
1553680 773
1553690 773
1553700 773
1553710 772
1553720 772
1553730 772
1553740 773
1553750 774
1553760 774
1553770 775
1553780 775
1553790 775
1553800 776
1553810 778
1553820 779
1553830 779
1553840 780
1553850 781
1553860 781
1553870 781
1553880 781
1553890 781
1553900 781
1553910 780
1553920 780
1553930 779
1553940 779
1553950 779
1553960 778
1553970 777
1553980 777
1553990 776
1554000 775
1554010 775
1554020 775
1554030 775
1554040 775
1554050 775
1554060 776
1554070 776
1554080 777
1554090 778
1554100 778
1554110 778
1554120 779
1554130 779
1554140 780
1554150 781
1554160 782
1554170 782
1554180 783
1554190 785
1554200 785
1554210 788
1554220 791
1554230 791
1554240 795
1554250 797
1554260 797
1554270 798
1554280 800
1554290 800
1554300 802
1554310 805
1554320 805
1554330 808
1554340 811
1554350 811
1554360 814
1554370 818
1554380 818
1554390 819
1554400 819
1554410 819
1554420 819
1554430 820
1554440 821
1554450 820
1554460 819
1554470 818
1554480 818
1554490 820
1554500 823
1554510 823
1554520 824
1554530 823
1554540 823
1554550 823
1554560 823
1554570 823
1554580 823
1554590 823
1554600 823
1554610 823
1554620 823
1554630 823
1554640 824
1554650 825
1554660 825
1554670 826
1554680 827
1554690 827
1554700 827
1554710 828
1554720 828
1554730 829
1554740 830
1554750 830
1554760 830
1554770 830
1554780 830
1554790 830
1554800 830
1554810 830
1554820 830
1554830 830
1554840 830
1554850 830
1554860 830
1554870 831
1554880 831
1554890 830
1554900 829
1554910 829
1554920 829
1554930 829
1554940 829
1554950 828
1554960 828
1554970 828
1554980 828
1554990 828
1555000 828
1555010 827
1555020 827
1555030 827
1555040 826
1555050 826
1555060 826
1555070 825
1555080 824
1555090 824
1555100 824
1555110 824
1555120 823
1555130 823
1555140 822
1555150 821
1555160 821
1555170 820
1555180 820
1555190 820
1555200 820
1555210 820
1555220 820
1555230 819
1555240 819
1555250 819
1555260 818
1555270 818
1555280 818
1555290 819
1555300 819
1555310 819
1555320 819
1555330 819
1555340 819
1555350 819
1555360 818
1555370 818
1555380 818
1555390 818
1555400 818
1555410 819
1555420 818
1555430 816
1555440 816
1555450 815
1555460 814
1555470 814
1555480 814
1555490 813
1555500 813
1555510 812
1555520 811
1555530 811
1555540 809
1555550 809
1555560 809
1555570 807
1555580 806
1555590 806
1555600 805
1555610 804
1555620 804
1555630 802
1555640 801
1555650 801
1555660 800
1555670 797
1555680 797
1555690 794
1555700 791
1555710 791
1555720 789
1555730 788
1555740 788
1555750 786
1555760 783
1555770 781
1555780 781
1555790 778
1555800 772
1555810 772
1555820 766
1555830 759
1555840 759
1555850 753
1555860 749
1555870 749
1555880 741
1555890 735
1555900 735
1555910 729
1555920 723
1555930 723
1555940 718
1555950 713
1555960 713
1555970 708
1555980 704
1555990 704
1556000 699
1556010 695
1556020 695
1556030 692
1556040 689
1556050 689
1556060 686
1556070 683
1556080 682
1556090 682
1556100 681
1556110 681
1556120 681
1556130 682
1556140 682
1556150 682
1556160 684
1556170 684
1556180 684
1556190 682
1556200 679
1556210 679
1556220 678
1556230 677
1556240 679
1556250 679
1556260 679
1556270 679
1556280 679
1556290 679
1556300 679
1556310 679
1556320 679
1556330 679
1556340 679
1556350 679
1556360 679
1556370 679
1556380 679
1556390 679
1556400 679
1556410 679
1556420 678
1556430 678
1556440 677
1556450 677
1556460 677
1556470 674
1556480 674
1556490 674
1556500 676
1556510 676
1556520 676
1556530 676
1556540 676
1556550 676
1556560 675
1556570 675
1556580 675
1556590 674
1556600 673
1556610 673
1556620 672
1556630 672
1556640 672
1556650 671
1556660 671
1556670 671
1556680 670
1556690 668
1556700 668
1556710 662
1556720 659
1556730 658
1556740 658
1556750 658
1556760 658
1556770 658
1556780 658
1556790 657
1556800 657
1556810 658
1556820 658
1556830 658
1556840 658
1556850 658
1556860 658
1556870 658
1556880 657
1556890 657
1556900 656
1556910 655
1556920 655
1556930 655
1556940 655
1556950 655
1556960 656
1556970 657
1556980 657
1556990 658
1557000 657
1557010 657
1557020 657
1557030 657
1557040 656
1557050 656
1557060 657
1557070 657
1557080 657
1557090 658
1557100 658
1557110 658
1557120 658
1557130 658
1557140 658
1557150 658
1557160 658
1557170 658
1557180 658
1557190 658
1557200 658
1557210 658
1557220 658
1557230 658
1557240 658
1557250 658
1557260 658
1557270 659
1557280 659
1557290 659
1557300 659
1557310 659
1557320 659
1557330 659
1557340 659
1557350 659
1557360 660
1557370 660
1557380 660
1557390 660
1557400 660
1557410 660
1557420 660
1557430 660
1557440 661
1557450 661
1557460 661
1557470 661
1557480 661
1557490 660
1557500 659
1557510 659
1557520 660
1557530 660
1557540 660
1557550 660
1557560 660
1557570 660
1557580 660
1557590 660
1557600 660
1557610 660
1557620 660
1557630 660
1557640 660
1557650 660
1557660 660
1557670 660
1557680 660
1557690 660
1557700 660
1557710 660
1557720 660
1557730 660
1557740 660
1557750 660
1557760 660
1557770 660
1557780 660
1557790 660
1557800 660
1557810 660
1557820 660
1557830 661
1557840 661
1557850 661
1557860 660
1557870 660
1557880 660
1557890 660
1557900 660
1557910 660
1557920 660
1557930 660
1557940 660
1557950 660
1557960 660
1557970 660
1557980 660
1557990 660
1558000 659
1558010 659
1558020 659
1558030 659
1558040 659
1558050 659
1558060 660
1558070 660
1558080 660
1558090 660
1558100 660
1558110 660
1558120 660
1558130 660
1558140 660
1558150 660
1558160 660
1558170 660
1558180 660
1558190 660
1558200 660
1558210 660
1558220 660
1558230 660
1558240 660
1558250 660
1558260 660
1558270 659
1558280 659
1558290 657
1558300 657
1558310 657
1558320 656
1558330 656
1558340 656
1558350 656
1558360 656
1558370 656
1558380 656
1558390 656
1558400 656
1558410 656
1558420 657
1558430 657
1558440 657
1558450 657
1558460 659
1558470 659
1558480 660
1558490 662
1558500 662
1558510 666
1558520 670
1558530 670
1558540 673
1558550 676
1558560 676
1558570 679
1558580 681
1558590 681
1558600 682
1558610 685
1558620 685
1558630 689
1558640 691
1558650 694
1558660 694
1558670 697
1558680 701
1558690 701
1558700 704
1558710 706
1558720 706
1558730 709
1558740 712
1558750 712
1558760 715
1558770 717
1558780 717
1558790 720
1558800 723
1558810 723
1558820 727
1558830 729
1558840 729
1558850 732
1558860 735
1558870 735
1558880 738
1558890 742
1558900 742
1558910 746
1558920 750
1558930 750
1558940 754
1558950 758
1558960 758
1558970 761
1558980 765
1558990 767
1559000 767
1559010 770
1559020 773
1559030 773
1559040 776
1559050 780
1559060 780
1559070 783
1559080 784
1559090 784
1559100 786
1559110 788
1559120 788
1559130 791
1559140 792
1559150 792
1559160 794
1559170 796
1559180 796
1559190 798
1559200 800
1559210 800
1559220 803
1559230 805
1559240 805
1559250 808
1559260 811
1559270 811
1559280 813
1559290 816
1559300 819
1559310 819
1559320 822
1559330 826
1559340 826
1559350 829
1559360 833
1559370 833
1559380 834
1559390 834
1559400 834
1559410 835
1559420 836
1559430 836
1559440 839
1559450 841
1559460 841
1559470 844
1559480 847
1559490 847
1559500 848
1559510 850
1559520 850
1559530 849
1559540 851
1559550 851
1559560 854
1559570 855
1559580 855
1559590 856
1559600 857
1559610 858
1559620 858
1559630 859
1559640 860
1559650 860
1559660 861
1559670 863
1559680 863
1559690 864
1559700 866
1559710 866
1559720 865
1559730 866
1559740 866
1559750 867
1559760 868
1559770 868
1559780 868
1559790 869
1559800 869
1559810 870
1559820 871
1559830 871
1559840 873
1559850 875
1559860 875
1559870 877
1559880 878
1559890 878
1559900 880
1559910 884
1559920 884
1559930 886
1559940 889
1559950 891
1559960 891
1559970 893
1559980 896
1559990 896
