1540000 1159
1540010 1159
1540020 1159
1540030 1158
1540040 1158
1540050 1158
1540060 1158
1540070 1158
1540080 1158
1540090 1159
1540100 1159
1540110 1158
1540120 1157
1540130 1157
1540140 1157
1540150 1156
1540160 1156
1540170 1155
1540180 1155
1540190 1155
1540200 1155
1540210 1154
1540220 1154
1540230 1154
1540240 1154
1540250 1154
1540260 1154
1540270 1153
1540280 1153
1540290 1153
1540300 1154
1540310 1155
1540320 1155
1540330 1154
1540340 1153
1540350 1153
1540360 1152
1540370 1151
1540380 1151
1540390 1151
1540400 1152
1540410 1152
1540420 1152
1540430 1151
1540440 1151
1540450 1151
1540460 1151
1540470 1151
1540480 1152
1540490 1154
1540500 1154
1540510 1159
1540520 1165
1540530 1169
1540540 1169
1540550 1171
1540560 1171
1540570 1171
1540580 1175
1540590 1178
1540600 1178
1540610 1181
1540620 1183
1540630 1183
1540640 1185
1540650 1184
1540660 1184
1540670 1184
1540680 1181
1540690 1181
1540700 1174
1540710 1177
1540720 1177
1540730 1177
1540740 1176
1540750 1176
1540760 1173
1540770 1169
1540780 1169
1540790 1167
1540800 1169
1540810 1169
1540820 1169
1540830 1168
1540840 1167
1540850 1167
1540860 1171
1540870 1179
1540880 1179
1540890 1187
1540900 1196
1540910 1196
1540920 1202
1540930 1205
1540940 1205
1540950 1209
1540960 1210
1540970 1210
1540980 1211
1540990 1214
1541000 1214
1541010 1215
1541020 1215
1541030 1215
1541040 1217
1541050 1222
1541060 1222
1541070 1225
1541080 1229
1541090 1229
1541100 1233
1541110 1238
1541120 1238
1541130 1243
1541140 1248
1541150 1248
1541160 1250
1541170 1252
1541180 1254
1541190 1254
1541200 1255
1541210 1258
1541220 1258
1541230 1261
1541240 1265
1541250 1265
1541260 1271
1541270 1278
1541280 1278
1541290 1284
1541300 1288
1541310 1288
1541320 1291
1541330 1294
1541340 1294
1541350 1296
1541360 1297
1541370 1297
1541380 1299
1541390 1301
1541400 1301
1541410 1304
1541420 1309
1541430 1309
1541440 1313
1541450 1318
1541460 1318
1541470 1324
1541480 1328
1541490 1328
1541500 1334
1541510 1340
1541520 1346
1541530 1346
1541540 1351
1541550 1358
1541560 1358
1541570 1367
1541580 1372
1541590 1372
1541600 1379
1541610 1387
1541620 1387
1541630 1394
1541640 1401
1541650 1401
1541660 1408
1541670 1415
1541680 1415
1541690 1423
1541700 1430
1541710 1430
1541720 1433
1541730 1436
1541740 1436
1541750 1439
1541760 1442
1541770 1442
1541780 1447
1541790 1452
1541800 1452
1541810 1453
1541820 1455
1541830 1458
1541840 1458
1541850 1462
1541860 1467
1541870 1467
1541880 1471
1541890 1473
1541900 1473
1541910 1475
1541920 1476
1541930 1476
1541940 1478
1541950 1479
1541960 1479
1541970 1483
1541980 1486
1541990 1486
1542000 1490
1542010 1492
1542020 1492
1542030 1493
1542040 1495
1542050 1495
1542060 1496
1542070 1497
1542080 1497
1542090 1499
1542100 1501
1542110 1501
1542120 1503
1542130 1506
1542140 1506
1542150 1509
1542160 1512
1542170 1516
1542180 1516
1542190 1520
1542200 1522
1542210 1522
1542220 1524
1542230 1527
1542240 1527
1542250 1529
1542260 1533
1542270 1533
1542280 1537
1542290 1539
1542300 1539
1542310 1541
1542320 1543
1542330 1543
1542340 1545
1542350 1545
1542360 1545
1542370 1546
1542380 1546
1542390 1546
1542400 1548
1542410 1549
1542420 1549
1542430 1551
1542440 1552
1542450 1552
1542460 1553
1542470 1556
1542480 1557
1542490 1557
1542500 1558
1542510 1559
1542520 1559
1542530 1561
1542540 1563
1542550 1563
1542560 1566
1542570 1567
1542580 1567
1542590 1570
1542600 1573
1542610 1573
1542620 1575
1542630 1578
1542640 1578
1542650 1581
1542660 1583
1542670 1583
1542680 1586
1542690 1590
1542700 1590
1542710 1594
1542720 1597
1542730 1597
1542740 1599
1542750 1602
1542760 1602
1542770 1604
1542780 1606
1542790 1606
1542800 1608
1542810 1610
1542820 1612
1542830 1612
1542840 1614
1542850 1617
1542860 1617
1542870 1620
1542880 1623
1542890 1623
1542900 1625
1542910 1628
1542920 1628
1542930 1632
1542940 1635
1542950 1635
1542960 1637
1542970 1640
1542980 1640
1542990 1642
1543000 1643
1543010 1643
1543020 1645
1543030 1647
1543040 1647
1543050 1649
1543060 1650
1543070 1650
1543080 1651
1543090 1652
1543100 1652
1543110 1653
1543120 1653
1543130 1653
1543140 1654
1543150 1656
1543160 1657
1543170 1657
1543180 1659
1543190 1661
1543200 1661
1543210 1664
1543220 1666
1543230 1666
1543240 1668
1543250 1671
1543260 1671
1543270 1672
1543280 1674
1543290 1674
1543300 1672
1543310 1670
1543320 1670
1543330 1666
1543340 1665
1543350 1665
1543360 1665
1543370 1666
1543380 1666
1543390 1666
1543400 1666
1543410 1666
1543420 1667
1543430 1668
1543440 1668
1543450 1668
1543460 1670
1543470 1672
1543480 1672
1543490 1674
1543500 1676
1543510 1676
1543520 1676
1543530 1678
1543540 1678
1543550 1680
1543560 1680
1543570 1680
1543580 1680
1543590 1679
1543600 1679
1543610 1677
1543620 1679
1543630 1679
1543640 1677
1543650 1674
1543660 1674
1543670 1674
1543680 1674
1543690 1674
1543700 1672
1543710 1668
1543720 1668
1543730 1664
1543740 1661
1543750 1661
1543760 1659
1543770 1655
1543780 1655
1543790 1652
1543800 1650
1543810 1648
1543820 1648
1543830 1646
1543840 1646
1543850 1646
1543860 1647
1543870 1649
1543880 1649
1543890 1648
1543900 1648
1543910 1648
1543920 1647
1543930 1645
1543940 1645
1543950 1645
1543960 1646
1543970 1646
1543980 1647
1543990 1649
1544000 1649
1544010 1648
1544020 1648
1544030 1648
1544040 1650
1544050 1655
1544060 1655
1544070 1660
1544080 1664
1544090 1664
1544100 1663
1544110 1664
1544120 1665
1544130 1665
1544140 1663
1544150 1662
1544160 1662
1544170 1661
1544180 1658
1544190 1658
1544200 1654
1544210 1652
1544220 1652
1544230 1651
1544240 1653
1544250 1653
1544260 1655
1544270 1654
1544280 1654
1544290 1656
1544300 1655
1544310 1655
1544320 1657
1544330 1657
1544340 1657
1544350 1658
1544360 1655
1544370 1655
1544380 1651
1544390 1648
1544400 1648
1544410 1645
1544420 1644
1544430 1644
1544440 1643
1544450 1640
1544460 1638
1544470 1638
1544480 1637
1544490 1636
1544500 1636
1544510 1635
1544520 1635
1544530 1635
1544540 1635
1544550 1636
1544560 1636
1544570 1635
1544580 1634
1544590 1634
1544600 1634
1544610 1634
1544620 1634
1544630 1633
1544640 1632
1544650 1632
1544660 1631
1544670 1633
1544680 1633
1544690 1635
1544700 1636
1544710 1636
1544720 1639
1544730 1643
1544740 1643
1544750 1647
1544760 1651
1544770 1651
1544780 1655
1544790 1660
1544800 1664
1544810 1664
1544820 1667
1544830 1670
1544840 1670
1544850 1672
1544860 1671
1544870 1671
1544880 1674
1544890 1677
1544900 1677
1544910 1681
1544920 1687
1544930 1687
1544940 1690
1544950 1690
1544960 1690
1544970 1692
1544980 1694
1544990 1694
1545000 1694
1545010 1694
1545020 1694
1545030 1694
1545040 1698
1545050 1698
1545060 1701
1545070 1706
1545080 1706
1545090 1709
1545100 1711
1545110 1713
1545120 1713
1545130 1713
1545140 1713
1545150 1713
1545160 1713
1545170 1717
1545180 1717
1545190 1716
1545200 1717
1545210 1717
1545220 1718
1545230 1717
1545240 1717
1545250 1721
1545260 1724
1545270 1724
1545280 1725
1545290 1724
1545300 1724
1545310 1724
1545320 1726
1545330 1726
1545340 1727
1545350 1731
1545360 1731
1545370 1733
1545380 1736
1545390 1736
1545400 1741
1545410 1743
1545420 1743
1545430 1744
1545440 1748
1545450 1750
1545460 1750
1545470 1747
1545480 1748
1545490 1748
1545500 1749
1545510 1750
1545520 1750
1545530 1752
1545540 1753
1545550 1753
1545560 1753
1545570 1755
1545580 1755
1545590 1756
1545600 1757
1545610 1757
1545620 1759
1545630 1760
1545640 1760
1545650 1762
1545660 1762
1545670 1762
1545680 1763
1545690 1765
1545700 1765
1545710 1766
1545720 1766
1545730 1766
1545740 1768
1545750 1770
1545760 1770
1545770 1770
1545780 1771
1545790 1772
1545800 1772
1545810 1772
1545820 1772
1545830 1772
1545840 1773
1545850 1773
1545860 1773
1545870 1771
1545880 1769
1545890 1769
1545900 1769
1545910 1769
1545920 1769
1545930 1768
1545940 1766
1545950 1766
1545960 1765
1545970 1765
1545980 1765
1545990 1764
1546000 1764
1546010 1764
1546020 1764
1546030 1764
1546040 1764
1546050 1762
1546060 1759
1546070 1759
1546080 1758
1546090 1758
1546100 1759
1546110 1759
1546120 1760
1546130 1761
1546140 1761
1546150 1763
1546160 1765
1546170 1765
1546180 1766
1546190 1767
1546200 1767
1546210 1769
1546220 1770
1546230 1770
1546240 1773
1546250 1775
1546260 1775
1546270 1775
1546280 1777
1546290 1777
1546300 1778
1546310 1779
1546320 1779
1546330 1780
1546340 1782
1546350 1782
1546360 1786
1546370 1787
1546380 1787
1546390 1790
1546400 1790
1546410 1790
1546420 1791
1546430 1791
1546440 1792
1546450 1792
1546460 1794
1546470 1795
1546480 1795
1546490 1797
1546500 1797
1546510 1797
1546520 1796
1546530 1796
1546540 1796
1546550 1794
1546560 1795
1546570 1795
1546580 1798
1546590 1801
1546600 1801
1546610 1803
1546620 1806
1546630 1806
1546640 1808
1546650 1809
1546660 1809
1546670 1810
1546680 1811
1546690 1811
1546700 1812
1546710 1814
1546720 1814
1546730 1812
1546740 1812
1546750 1813
1546760 1813
1546770 1812
1546780 1812
1546790 1812
1546800 1814
1546810 1814
1546820 1814
1546830 1815
1546840 1815
1546850 1815
1546860 1816
1546870 1816
1546880 1816
1546890 1815
1546900 1812
1546910 1812
1546920 1809
1546930 1807
1546940 1807
1546950 1802
1546960 1797
1546970 1797
1546980 1793
1546990 1790
1547000 1790
1547010 1788
1547020 1787
1547030 1787
1547040 1787
1547050 1783
1547060 1783
1547070 1783
1547080 1785
1547090 1784
1547100 1784
1547110 1779
1547120 1773
1547130 1773
1547140 1768
1547150 1763
1547160 1763
1547170 1758
1547180 1753
1547190 1753
1547200 1751
1547210 1749
1547220 1749
1547230 1748
1547240 1745
1547250 1745
1547260 1743
1547270 1741
1547280 1741
1547290 1740
1547300 1740
1547310 1740
1547320 1740
1547330 1739
1547340 1739
1547350 1735
1547360 1732
1547370 1732
1547380 1729
1547390 1724
1547400 1720
1547410 1720
1547420 1716
1547430 1713
1547440 1713
1547450 1710
1547460 1708
1547470 1708
1547480 1705
1547490 1703
1547500 1703
1547510 1703
1547520 1702
1547530 1710
1547540 1710
1547550 1708
1547560 1708
1547570 1704
1547580 1702
1547590 1702
1547600 1699
1547610 1697
1547620 1697
1547630 1693
1547640 1688
1547650 1688
1547660 1684
1547670 1679
1547680 1679
1547690 1673
1547700 1667
1547710 1667
1547720 1660
1547730 1654
1547740 1648
1547750 1648
1547760 1641
1547770 1634
1547780 1634
1547790 1627
1547800 1621
1547810 1621
1547820 1615
1547830 1610
1547840 1610
1547850 1606
1547860 1603
1547870 1603
1547880 1600
1547890 1596
1547900 1596
1547910 1593
1547920 1589
1547930 1589
1547940 1584
1547950 1578
1547960 1578
1547970 1573
1547980 1569
1547990 1569
1548000 1564
1548010 1558
1548020 1558
1548030 1551
1548040 1546
1548050 1546
1548060 1541
1548070 1534
1548080 1527
1548090 1527
1548100 1521
1548110 1514
1548120 1514
1548130 1507
1548140 1500
1548150 1500
1548160 1494
1548170 1487
1548180 1487
1548190 1480
1548200 1473
1548210 1473
1548220 1467
1548230 1460
1548240 1460
1548250 1453
1548260 1445
1548270 1445
1548280 1438
1548290 1431
1548300 1431
1548310 1424
1548320 1415
1548330 1415
1548340 1413
1548350 1410
1548360 1410
1548370 1401
1548380 1395
1548390 1387
1548400 1387
1548410 1380
1548420 1373
1548430 1373
1548440 1367
1548450 1360
1548460 1360
1548470 1354
1548480 1348
1548490 1348
1548500 1341
1548510 1335
1548520 1335
1548530 1328
1548540 1323
1548550 1323
1548560 1317
1548570 1312
1548580 1312
1548590 1307
1548600 1302
1548610 1302
1548620 1296
1548630 1290
1548640 1290
1548650 1286
1548660 1281
1548670 1281
1548680 1275
1548690 1269
1548700 1269
1548710 1264
1548720 1262
1548730 1261
1548740 1261
1548750 1256
1548760 1248
1548770 1248
1548780 1241
1548790 1234
1548800 1234
1548810 1228
1548820 1223
1548830 1223
1548840 1217
1548850 1213
1548860 1213
1548870 1209
1548880 1206
1548890 1206
1548900 1202
1548910 1199
1548920 1199
1548930 1196
1548940 1193
1548950 1193
1548960 1190
1548970 1186
1548980 1186
1548990 1183
1549000 1178
1549010 1178
1549020 1175
1549030 1171
1549040 1168
1549050 1168
1549060 1165
1549070 1161
1549080 1161
1549090 1158
1549100 1154
1549110 1154
1549120 1150
1549130 1146
1549140 1146
1549150 1142
1549160 1139
1549170 1139
1549180 1136
1549190 1133
1549200 1133
1549210 1129
1549220 1126
1549230 1126
1549240 1122
1549250 1119
1549260 1119
1549270 1117
1549280 1115
1549290 1115
1549300 1115
1549310 1114
1549320 1114
1549330 1114
1549340 1114
1549350 1114
1549360 1114
1549370 1113
1549380 1109
1549390 1109
1549400 1108
1549410 1110
1549420 1110
1549430 1109
1549440 1105
1549450 1105
1549460 1099
1549470 1095
1549480 1095
1549490 1093
1549500 1093
1549510 1093
1549520 1092
1549530 1087
1549540 1087
1549550 1085
1549560 1082
1549570 1082
1549580 1079
1549590 1073
1549600 1073
1549610 1067
1549620 1061
1549630 1061
1549640 1057
1549650 1051
1549660 1051
1549670 1047
1549680 1045
1549690 1045
1549700 1042
1549710 1039
1549720 1035
1549730 1035
1549740 1033
1549750 1030
1549760 1030
1549770 1028
1549780 1026
1549790 1026
1549800 1024
1549810 1021
1549820 1021
1549830 1018
1549840 1015
1549850 1015
1549860 1013
1549870 1009
1549880 1009
1549890 1007
1549900 1003
1549910 1003
1549920 1001
1549930 999
1549940 999
1549950 997
1549960 995
1549970 995
1549980 992
1549990 990
1550000 990
1550010 989
1550020 987
1550030 985
1550040 985
1550050 983
1550060 982
1550070 982
1550080 980
1550090 977
1550100 977
1550110 975
1550120 973
1550130 973
1550140 971
1550150 970
1550160 970
1550170 971
1550180 975
1550190 975
1550200 981
1550210 987
1550220 987
1550230 991
1550240 993
1550250 993
1550260 995
1550270 996
1550280 996
1550290 995
1550300 996
1550310 996
1550320 1000
1550330 1001
1550340 1001
1550350 1000
1550360 998
1550370 996
1550380 996
1550390 995
1550400 992
1550410 992
1550420 987
1550430 985
1550440 985
1550450 989
1550460 991
1550470 991
1550480 993
1550490 996
1550500 996
1550510 994
1550520 992
1550530 992
1550540 989
1550550 982
1550560 982
1550570 975
1550580 969
1550590 969
1550600 965
1550610 963
1550620 963
1550630 969
1550640 973
1550650 973
1550660 977
1550670 979
1550680 982
1550690 982
1550700 985
1550710 985
1550720 985
1550730 982
1550740 979
1550750 979
1550760 976
1550770 972
1550780 972
1550790 970
1550800 969
1550810 969
1550820 970
1550830 970
1550840 970
1550850 968
1550860 967
1550870 967
1550880 964
1550890 969
1550900 969
1550910 973
1550920 973
1550930 973
1550940 970
1550950 967
1550960 967
1550970 967
1550980 970
1550990 970
1551000 971
1551010 972
1551020 976
1551030 976
1551040 977
1551050 976
1551060 976
1551070 974
1551080 973
1551090 973
1551100 971
1551110 970
1551120 970
1551130 966
1551140 959
1551150 959
1551160 950
1551170 946
1551180 946
1551190 945
1551200 944
1551210 944
1551220 944
1551230 944
1551240 944
1551250 943
1551260 939
1551270 939
1551280 936
1551290 935
1551300 935
1551310 940
1551320 941
1551330 941
1551340 934
1551350 930
1551360 926
1551370 926
1551380 921
1551390 918
1551400 918
1551410 914
1551420 909
1551430 909
1551440 904
1551450 900
1551460 900
1551470 899
1551480 893
1551490 893
1551500 890
1551510 889
1551520 889
1551530 888
1551540 887
1551550 887
1551560 885
1551570 883
1551580 883
1551590 883
1551600 882
1551610 882
1551620 882
1551630 880
1551640 880
1551650 878
1551660 876
1551670 874
1551680 874
1551690 874
1551700 872
1551710 872
1551720 870
1551730 869
1551740 869
1551750 867
1551760 867
1551770 867
1551780 869
1551790 872
1551800 872
1551810 877
1551820 880
1551830 880
1551840 883
1551850 886
1551860 886
1551870 888
1551880 885
1551890 885
1551900 880
1551910 875
1551920 875
1551930 870
1551940 865
1551950 865
1551960 860
1551970 854
1551980 854
1551990 848
1552000 844
1552010 840
1552020 840
1552030 835
1552040 830
1552050 830
1552060 828
1552070 825
1552080 825
1552090 823
1552100 820
1552110 820
1552120 821
1552130 824
1552140 824
1552150 823
1552160 824
1552170 824
1552180 827
1552190 831
1552200 831
1552210 836
1552220 837
1552230 837
1552240 835
1552250 832
1552260 832
1552270 826
1552280 819
1552290 819
1552300 812
1552310 806
1552320 806
1552330 800
1552340 796
1552350 795
1552360 795
1552370 793
1552380 792
1552390 792
1552400 790
1552410 788
1552420 788
1552430 787
1552440 785
1552450 785
1552460 784
1552470 783
1552480 783
1552490 784
1552500 786
1552510 786
1552520 790
1552530 790
1552540 790
1552550 792
1552560 796
1552570 796
1552580 801
1552590 804
1552600 804
1552610 807
1552620 812
1552630 812
1552640 814
1552650 815
1552660 815
1552670 815
1552680 816
1552690 816
1552700 816
1552710 816
1552720 815
1552730 815
1552740 815
1552750 814
1552760 814
1552770 814
1552780 812
1552790 812
1552800 811
1552810 810
1552820 810
1552830 808
1552840 807
1552850 807
1552860 806
1552870 805
1552880 805
1552890 803
1552900 802
1552910 802
1552920 800
1552930 799
1552940 799
1552950 797
1552960 796
1552970 796
1552980 794
1552990 793
1553000 791
1553010 791
1553020 789
1553030 787
1553040 787
1553050 785
1553060 783
1553070 783
1553080 782
1553090 780
1553100 780
1553110 776
1553120 772
1553130 772
1553140 769
1553150 767
1553160 767
1553170 764
1553180 762
1553190 762
1553200 758
1553210 754
1553220 754
1553230 749
1553240 745
1553250 745
1553260 741
1553270 735
1553280 735
1553290 728
1553300 720
1553310 714
1553320 714
1553330 710
1553340 707
1553350 707
1553360 708
1553370 706
1553380 706
1553390 706
1553400 706
1553410 706
1553420 705
1553430 707
1553440 707
1553450 709
1553460 713
1553470 713
1553480 716
1553490 717
1553500 717
1553510 717
1553520 715
1553530 715
1553540 713
1553550 711
1553560 711
1553570 710
1553580 709
1553590 709
1553600 709
1553610 708
1553620 708
1553630 706
1553640 706
1553650 707
1553660 707
1553670 709
1553680 709
1553690 709
1553700 706
1553710 701
1553720 701
1553730 699
1553740 698
1553750 698
1553760 698
1553770 697
1553780 697
1553790 697
1553800 698
1553810 698
1553820 699
1553830 698
1553840 698
1553850 696
1553860 693
1553870 693
1553880 690
1553890 686
1553900 686
1553910 682
1553920 678
1553930 678
1553940 676
1553950 675
1553960 675
1553970 675
1553980 675
1553990 674
1554000 674
1554010 673
1554020 673
1554030 673
1554040 672
1554050 672
1554060 672
1554070 672
1554080 672
1554090 672
1554100 672
1554110 672
1554120 672
1554130 672
1554140 672
1554150 672
1554160 672
1554170 672
1554180 672
1554190 672
1554200 672
1554210 672
1554220 671
1554230 671
1554240 671
1554250 670
1554260 669
1554270 669
1554280 668
1554290 668
1554300 668
1554310 668
1554320 667
1554330 669
1554340 669
1554350 669
1554360 668
1554370 668
1554380 668
1554390 669
1554400 669
1554410 669
1554420 669
1554430 669
1554440 669
1554450 669
1554460 669
1554470 669
1554480 669
1554490 669
1554500 669
1554510 669
1554520 669
1554530 669
1554540 669
1554550 669
1554560 669
1554570 668
1554580 668
1554590 668
1554600 668
1554610 668
1554620 668
1554630 668
1554640 668
1554650 668
1554660 668
1554670 667
1554680 667
1554690 667
1554700 667
1554710 667
1554720 669
1554730 670
1554740 670
1554750 671
1554760 673
1554770 673
1554780 674
1554790 676
1554800 676
1554810 678
1554820 680
1554830 680
1554840 682
1554850 685
1554860 685
1554870 687
1554880 688
1554890 688
1554900 690
1554910 691
1554920 691
1554930 693
1554940 694
1554950 694
1554960 695
1554970 696
1554980 697
1554990 697
1555000 698
1555010 699
1555020 699
1555030 700
1555040 701
1555050 701
1555060 702
1555070 703
1555080 703
1555090 703
1555100 704
1555110 704
1555120 704
1555130 705
1555140 705
1555150 705
1555160 705
1555170 705
1555180 705
1555190 703
1555200 703
1555210 703
1555220 702
1555230 702
1555240 701
1555250 700
1555260 700
1555270 699
1555280 697
1555290 695
1555300 695
1555310 694
1555320 694
1555330 694
1555340 694
1555350 694
1555360 694
1555370 694
1555380 695
1555390 695
1555400 695
1555410 695
1555420 695
1555430 695
1555440 695
1555450 695
1555460 695
1555470 695
1555480 695
1555490 696
1555500 696
1555510 696
1555520 696
1555530 695
1555540 695
1555550 694
1555560 694
1555570 694
1555580 694
1555590 694
1555600 694
1555610 694
1555620 694
1555630 693
1555640 693
1555650 694
1555660 693
1555670 693
1555680 693
1555690 693
1555700 693
1555710 694
1555720 693
1555730 693
1555740 692
1555750 690
1555760 690
1555770 684
1555780 678
1555790 678
1555800 675
1555810 675
1555820 675
1555830 680
1555840 685
1555850 685
1555860 686
1555870 688
1555880 688
1555890 689
1555900 690
1555910 690
1555920 690
1555930 690
1555940 690
1555950 690
1555960 690
1555970 691
1555980 691
1555990 691
1556000 691
1556010 691
1556020 691
1556030 691
1556040 691
1556050 691
1556060 690
1556070 690
1556080 690
1556090 689
1556100 689
1556110 688
1556120 686
1556130 686
1556140 684
1556150 681
1556160 681
1556170 678
1556180 672
1556190 672
1556200 670
1556210 677
1556220 677
1556230 681
1556240 682
1556250 682
1556260 683
1556270 685
1556280 686
1556290 686
1556300 687
1556310 688
1556320 688
1556330 688
1556340 689
1556350 689
1556360 690
1556370 690
1556380 690
1556390 690
1556400 690
1556410 690
1556420 691
1556430 691
1556440 691
1556450 691
1556460 691
1556470 691
1556480 691
1556490 691
1556500 691
1556510 691
1556520 691
1556530 691
1556540 690
1556550 688
1556560 688
1556570 686
1556580 684
1556590 684
1556600 681
1556610 678
1556620 676
1556630 676
1556640 676
1556650 675
1556660 675
1556670 672
1556680 673
1556690 673
1556700 680
1556710 687
1556720 687
1556730 690
1556740 691
1556750 691
1556760 691
1556770 691
1556780 691
1556790 691
1556800 691
1556810 691
1556820 691
1556830 691
1556840 691
1556850 690
1556860 690
1556870 690
1556880 690
1556890 690
1556900 690
1556910 690
1556920 690
1556930 690
1556940 690
1556950 690
1556960 689
1556970 689
1556980 688
1556990 687
1557000 687
1557010 687
1557020 686
1557030 686
1557040 685
1557050 685
1557060 685
1557070 685
1557080 684
1557090 684
1557100 684
1557110 684
1557120 684
1557130 683
1557140 682
1557150 682
1557160 681
1557170 681
1557180 681
1557190 681
1557200 681
1557210 681
1557220 681
1557230 682
1557240 682
1557250 683
1557260 685
1557270 686
1557280 686
1557290 686
1557300 687
1557310 687
1557320 687
1557330 688
1557340 688
1557350 688
1557360 689
1557370 689
1557380 689
1557390 689
1557400 689
1557410 690
1557420 690
1557430 690
1557440 691
1557450 691
1557460 691
1557470 691
1557480 692
1557490 692
1557500 691
1557510 691
1557520 691
1557530 692
1557540 692
1557550 692
1557560 692
1557570 691
1557580 691
1557590 691
1557600 690
1557610 689
1557620 689
1557630 688
1557640 687
1557650 687
1557660 686
1557670 685
1557680 685
1557690 684
1557700 683
1557710 683
1557720 683
1557730 683
1557740 683
1557750 682
1557760 683
1557770 683
1557780 683
1557790 683
1557800 683
1557810 682
1557820 682
1557830 682
1557840 681
1557850 681
1557860 681
1557870 681
1557880 681
1557890 681
1557900 682
1557910 682
1557920 682
1557930 682
1557940 681
1557950 682
1557960 682
1557970 683
1557980 685
1557990 685
1558000 689
1558010 692
1558020 692
1558030 694
1558040 693
1558050 693
1558060 695
1558070 697
1558080 697
1558090 697
1558100 696
1558110 696
1558120 695
1558130 696
1558140 696
1558150 696
1558160 695
1558170 695
1558180 694
1558190 693
1558200 693
1558210 693
1558220 694
1558230 694
1558240 696
1558250 700
1558260 704
1558270 704
1558280 705
1558290 705
1558300 705
1558310 704
1558320 702
1558330 702
1558340 699
1558350 695
1558360 695
1558370 690
1558380 685
1558390 685
1558400 679
1558410 673
1558420 673
1558430 667
1558440 662
1558450 662
1558460 657
1558470 655
1558480 655
1558490 653
1558500 653
1558510 653
1558520 653
1558530 653
1558540 653
1558550 652
1558560 652
1558570 652
1558580 652
1558590 652
1558600 653
1558610 653
1558620 652
1558630 652
1558640 652
1558650 652
1558660 652
1558670 652
1558680 652
1558690 652
1558700 652
1558710 652
1558720 652
1558730 652
1558740 653
1558750 653
1558760 653
1558770 653
1558780 653
1558790 653
1558800 653
1558810 653
1558820 653
1558830 653
1558840 653
1558850 653
1558860 653
1558870 652
1558880 652
1558890 652
1558900 652
1558910 652
1558920 652
1558930 652
1558940 652
1558950 652
1558960 652
1558970 653
1558980 653
1558990 653
1559000 653
1559010 653
1559020 653
1559030 652
1559040 652
1559050 652
1559060 652
1559070 652
1559080 653
1559090 653
1559100 653
1559110 653
1559120 653
1559130 653
1559140 653
1559150 652
1559160 652
1559170 651
1559180 651
1559190 651
1559200 651
1559210 652
1559220 652
1559230 653
1559240 653
1559250 652
1559260 652
1559270 652
1559280 652
1559290 652
1559300 652
1559310 652
1559320 652
1559330 652
1559340 652
1559350 652
1559360 652
1559370 652
1559380 652
1559390 652
1559400 652
1559410 652
1559420 652
1559430 652
1559440 652
1559450 652
1559460 652
1559470 652
1559480 652
1559490 652
1559500 652
1559510 652
1559520 652
1559530 652
1559540 652
1559550 652
1559560 652
1559570 652
1559580 652
1559590 652
1559600 652
1559610 652
1559620 652
1559630 652
1559640 652
1559650 653
1559660 653
1559670 653
1559680 653
1559690 653
1559700 653
1559710 653
1559720 653
1559730 653
1559740 653
1559750 653
1559760 653
1559770 653
1559780 653
1559790 653
1559800 653
1559810 653
1559820 653
1559830 653
1559840 653
1559850 653
1559860 654
1559870 654
1559880 654
1559890 654
1559900 654
1559910 654
1559920 654
1559930 654
1559940 654
1559950 654
1559960 655
1559970 655
1559980 655
1559990 655
