1540000 1605
1540010 1605
1540020 1604
1540030 1602
1540040 1602
1540050 1602
1540060 1604
1540070 1604
1540080 1606
1540090 1607
1540100 1607
1540110 1605
1540120 1603
1540130 1603
1540140 1600
1540150 1596
1540160 1596
1540170 1597
1540180 1600
1540190 1600
1540200 1600
1540210 1596
1540220 1596
1540230 1590
1540240 1579
1540250 1579
1540260 1578
1540270 1579
1540280 1579
1540290 1583
1540300 1580
1540310 1580
1540320 1580
1540330 1581
1540340 1586
1540350 1586
1540360 1593
1540370 1593
1540380 1593
1540390 1591
1540400 1585
1540410 1585
1540420 1577
1540430 1572
1540440 1572
1540450 1570
1540460 1562
1540470 1562
1540480 1548
1540490 1546
1540500 1546
1540510 1545
1540520 1544
1540530 1544
1540540 1541
1540550 1532
1540560 1532
1540570 1518
1540580 1514
1540590 1514
1540600 1511
1540610 1506
1540620 1506
1540630 1502
1540640 1500
1540650 1500
1540660 1498
1540670 1497
1540680 1496
1540690 1496
1540700 1496
1540710 1496
1540720 1496
1540730 1495
1540740 1491
1540750 1491
1540760 1485
1540770 1486
1540780 1486
1540790 1483
1540800 1483
1540810 1483
1540820 1488
1540830 1490
1540840 1490
1540850 1491
1540860 1489
1540870 1489
1540880 1487
1540890 1485
1540900 1485
1540910 1488
1540920 1491
1540930 1491
1540940 1492
1540950 1495
1540960 1495
1540970 1496
1540980 1495
1540990 1495
1541000 1495
1541010 1497
1541020 1496
1541030 1496
1541040 1494
1541050 1496
1541060 1496
1541070 1500
1541080 1501
1541090 1501
1541100 1501
1541110 1499
1541120 1499
1541130 1498
1541140 1501
1541150 1501
1541160 1503
1541170 1505
1541180 1505
1541190 1507
1541200 1506
1541210 1506
1541220 1505
1541230 1504
1541240 1504
1541250 1505
1541260 1508
1541270 1508
1541280 1508
1541290 1507
1541300 1507
1541310 1502
1541320 1499
1541330 1499
1541340 1501
1541350 1506
1541360 1507
1541370 1507
1541380 1504
1541390 1499
1541400 1499
1541410 1493
1541420 1490
1541430 1490
1541440 1493
1541450 1498
1541460 1498
1541470 1498
1541480 1502
1541490 1502
1541500 1505
1541510 1505
1541520 1505
1541530 1504
1541540 1502
1541550 1502
1541560 1498
1541570 1495
1541580 1495
1541590 1491
1541600 1487
1541610 1487
1541620 1484
1541630 1482
1541640 1482
1541650 1481
1541660 1482
1541670 1483
1541680 1483
1541690 1484
1541700 1485
1541710 1485
1541720 1487
1541730 1491
1541740 1491
1541750 1491
1541760 1492
1541770 1492
1541780 1496
1541790 1504
1541800 1504
1541810 1509
1541820 1511
1541830 1511
1541840 1512
1541850 1511
1541860 1511
1541870 1508
1541880 1506
1541890 1506
1541900 1507
1541910 1507
1541920 1507
1541930 1507
1541940 1507
1541950 1507
1541960 1505
1541970 1503
1541980 1503
1541990 1503
1542000 1506
1542010 1511
1542020 1511
1542030 1512
1542040 1513
1542050 1513
1542060 1519
1542070 1523
1542080 1523
1542090 1526
1542100 1525
1542110 1525
1542120 1519
1542130 1515
1542140 1515
1542150 1511
1542160 1506
1542170 1506
1542180 1503
1542190 1502
1542200 1502
1542210 1499
1542220 1497
1542230 1497
1542240 1496
1542250 1496
1542260 1496
1542270 1496
1542280 1496
1542290 1496
1542300 1496
1542310 1497
1542320 1497
1542330 1496
1542340 1498
1542350 1499
1542360 1499
1542370 1499
1542380 1499
1542390 1499
1542400 1500
1542410 1500
1542420 1500
1542430 1501
1542440 1502
1542450 1502
1542460 1503
1542470 1505
1542480 1505
1542490 1506
1542500 1505
1542510 1505
1542520 1504
1542530 1504
1542540 1504
1542550 1504
1542560 1505
1542570 1505
1542580 1506
1542590 1506
1542600 1506
1542610 1506
1542620 1504
1542630 1504
1542640 1503
1542650 1503
1542660 1503
1542670 1502
1542680 1501
1542690 1499
1542700 1499
1542710 1498
1542720 1496
1542730 1496
1542740 1495
1542750 1495
1542760 1495
1542770 1495
1542780 1493
1542790 1493
1542800 1492
1542810 1491
1542820 1491
1542830 1488
1542840 1486
1542850 1486
1542860 1485
1542870 1484
1542880 1484
1542890 1483
1542900 1482
1542910 1482
1542920 1481
1542930 1481
1542940 1481
1542950 1480
1542960 1479
1542970 1479
1542980 1478
1542990 1477
1543000 1477
1543010 1475
1543020 1474
1543030 1473
1543040 1473
1543050 1472
1543060 1471
1543070 1471
1543080 1471
1543090 1472
1543100 1472
1543110 1473
1543120 1473
1543130 1473
1543140 1474
1543150 1474
1543160 1474
1543170 1474
1543180 1474
1543190 1474
1543200 1474
1543210 1473
1543220 1473
1543230 1473
1543240 1472
1543250 1472
1543260 1471
1543270 1470
1543280 1470
1543290 1469
1543300 1468
1543310 1468
1543320 1467
1543330 1466
1543340 1466
1543350 1465
1543360 1464
1543370 1463
1543380 1463
1543390 1464
1543400 1462
1543410 1462
1543420 1460
1543430 1460
1543440 1460
1543450 1460
1543460 1459
1543470 1459
1543480 1457
1543490 1457
1543500 1457
1543510 1457
1543520 1458
1543530 1458
1543540 1458
1543550 1457
1543560 1457
1543570 1456
1543580 1457
1543590 1457
1543600 1458
1543610 1459
1543620 1459
1543630 1459
1543640 1459
1543650 1459
1543660 1458
1543670 1456
1543680 1453
1543690 1453
1543700 1451
1543710 1449
1543720 1449
1543730 1448
1543740 1447
1543750 1447
1543760 1446
1543770 1445
1543780 1445
1543790 1444
1543800 1444
1543810 1444
1543820 1444
1543830 1445
1543840 1445
1543850 1446
1543860 1446
1543870 1446
1543880 1445
1543890 1444
1543900 1444
1543910 1444
1543920 1444
1543930 1444
1543940 1444
1543950 1444
1543960 1444
1543970 1444
1543980 1446
1543990 1446
1544000 1445
1544010 1444
1544020 1444
1544030 1444
1544040 1443
1544050 1443
1544060 1443
1544070 1444
1544080 1445
1544090 1445
1544100 1445
1544110 1446
1544120 1446
1544130 1445
1544140 1445
1544150 1445
1544160 1445
1544170 1444
1544180 1444
1544190 1444
1544200 1445
1544210 1445
1544220 1444
1544230 1444
1544240 1444
1544250 1444
1544260 1443
1544270 1443
1544280 1443
1544290 1444
1544300 1444
1544310 1445
1544320 1446
1544330 1446
1544340 1444
1544350 1445
1544360 1448
1544370 1448
1544380 1450
1544390 1452
1544400 1452
1544410 1453
1544420 1452
1544430 1452
1544440 1451
1544450 1451
1544460 1451
1544470 1450
1544480 1451
1544490 1451
1544500 1452
1544510 1454
1544520 1454
1544530 1457
1544540 1459
1544550 1459
1544560 1461
1544570 1462
1544580 1462
1544590 1463
1544600 1462
1544610 1462
1544620 1461
1544630 1460
1544640 1460
1544650 1459
1544660 1458
1544670 1458
1544680 1458
1544690 1457
1544700 1457
1544710 1457
1544720 1457
1544730 1457
1544740 1457
1544750 1455
1544760 1453
1544770 1453
1544780 1450
1544790 1445
1544800 1445
1544810 1441
1544820 1438
1544830 1438
1544840 1437
1544850 1437
1544860 1437
1544870 1440
1544880 1443
1544890 1443
1544900 1446
1544910 1451
1544920 1451
1544930 1454
1544940 1454
1544950 1454
1544960 1456
1544970 1458
1544980 1458
1544990 1459
1545000 1461
1545010 1461
1545020 1462
1545030 1464
1545040 1467
1545050 1467
1545060 1473
1545070 1480
1545080 1480
1545090 1485
1545100 1489
1545110 1489
1545120 1493
1545130 1496
1545140 1496
1545150 1499
1545160 1503
1545170 1503
1545180 1505
1545190 1507
1545200 1507
1545210 1510
1545220 1513
1545230 1513
1545240 1515
1545250 1517
1545260 1517
1545270 1519
1545280 1521
1545290 1521
1545300 1524
1545310 1527
1545320 1527
1545330 1529
1545340 1530
1545350 1529
1545360 1529
1545370 1525
1545380 1517
1545390 1517
1545400 1509
1545410 1505
1545420 1505
1545430 1504
1545440 1501
1545450 1501
1545460 1499
1545470 1496
1545480 1496
1545490 1492
1545500 1488
1545510 1488
1545520 1485
1545530 1483
1545540 1483
1545550 1480
1545560 1478
1545570 1478
1545580 1477
1545590 1477
1545600 1477
1545610 1479
1545620 1481
1545630 1481
1545640 1481
1545650 1483
1545660 1483
1545670 1483
1545680 1485
1545690 1486
1545700 1486
1545710 1488
1545720 1492
1545730 1492
1545740 1493
1545750 1495
1545760 1495
1545770 1498
1545780 1500
1545790 1500
1545800 1501
1545810 1501
1545820 1501
1545830 1501
1545840 1498
1545850 1498
1545860 1495
1545870 1492
1545880 1492
1545890 1489
1545900 1483
1545910 1483
1545920 1477
1545930 1471
1545940 1471
1545950 1466
1545960 1461
1545970 1461
1545980 1457
1545990 1455
1546000 1455
1546010 1452
1546020 1448
1546030 1444
1546040 1444
1546050 1440
1546060 1438
1546070 1438
1546080 1434
1546090 1429
1546100 1429
1546110 1426
1546120 1421
1546130 1421
1546140 1415
1546150 1412
1546160 1412
1546170 1410
1546180 1406
1546190 1406
1546200 1402
1546210 1394
1546220 1394
1546230 1388
1546240 1383
1546250 1383
1546260 1380
1546270 1378
1546280 1378
1546290 1375
1546300 1372
1546310 1372
1546320 1371
1546330 1370
1546340 1370
1546350 1368
1546360 1364
1546370 1361
1546380 1361
1546390 1360
1546400 1359
1546410 1359
1546420 1359
1546430 1358
1546440 1358
1546450 1359
1546460 1358
1546470 1358
1546480 1356
1546490 1355
1546500 1355
1546510 1355
1546520 1356
1546530 1356
1546540 1357
1546550 1358
1546560 1358
1546570 1358
1546580 1355
1546590 1355
1546600 1354
1546610 1353
1546620 1353
1546630 1352
1546640 1353
1546650 1353
1546660 1354
1546670 1355
1546680 1355
1546690 1356
1546700 1357
1546710 1358
1546720 1358
1546730 1359
1546740 1360
1546750 1360
1546760 1361
1546770 1362
1546780 1362
1546790 1364
1546800 1366
1546810 1366
1546820 1368
1546830 1369
1546840 1369
1546850 1371
1546860 1373
1546870 1373
1546880 1375
1546890 1379
1546900 1379
1546910 1383
1546920 1385
1546930 1385
1546940 1385
1546950 1385
1546960 1385
1546970 1384
1546980 1383
1546990 1383
1547000 1383
1547010 1382
1547020 1382
1547030 1383
1547040 1382
1547050 1379
1547060 1379
1547070 1376
1547080 1373
1547090 1373
1547100 1371
1547110 1369
1547120 1369
1547130 1367
1547140 1365
1547150 1365
1547160 1363
1547170 1361
1547180 1361
1547190 1359
1547200 1357
1547210 1357
1547220 1355
1547230 1354
1547240 1354
1547250 1353
1547260 1352
1547270 1352
1547280 1351
1547290 1350
1547300 1350
1547310 1349
1547320 1348
1547330 1348
1547340 1347
1547350 1347
1547360 1347
1547370 1347
1547380 1348
1547390 1349
1547400 1349
1547410 1349
1547420 1348
1547430 1348
1547440 1347
1547450 1345
1547460 1345
1547470 1344
1547480 1341
1547490 1341
1547500 1337
1547510 1335
1547520 1335
1547530 1332
1547540 1329
1547550 1329
1547560 1326
1547570 1323
1547580 1323
1547590 1318
1547600 1315
1547610 1315
1547620 1313
1547630 1309
1547640 1309
1547650 1304
1547660 1294
1547670 1294
1547680 1285
1547690 1277
1547700 1271
1547710 1271
1547720 1267
1547730 1257
1547740 1257
1547750 1240
1547760 1224
1547770 1224
1547780 1208
1547790 1187
1547800 1187
1547810 1169
1547820 1162
1547830 1162
1547840 1156
1547850 1151
1547860 1151
1547870 1147
1547880 1142
1547890 1142
1547900 1137
1547910 1132
1547920 1132
1547930 1127
1547940 1123
1547950 1123
1547960 1119
1547970 1114
1547980 1114
1547990 1110
1548000 1107
1548010 1107
1548020 1103
1548030 1101
1548040 1096
1548050 1096
1548060 1090
1548070 1084
1548080 1084
1548090 1079
1548100 1074
1548110 1074
1548120 1072
1548130 1073
1548140 1073
1548150 1075
1548160 1079
1548170 1079
1548180 1082
1548190 1086
1548200 1086
1548210 1089
1548220 1093
1548230 1093
1548240 1097
1548250 1100
1548260 1100
1548270 1104
1548280 1106
1548290 1106
1548300 1110
1548310 1113
1548320 1113
1548330 1117
1548340 1121
1548350 1121
1548360 1125
1548370 1130
1548380 1135
1548390 1135
1548400 1141
1548410 1148
1548420 1148
1548430 1156
1548440 1164
1548450 1164
1548460 1174
1548470 1180
1548480 1180
1548490 1188
1548500 1200
1548510 1200
1548520 1210
1548530 1220
1548540 1220
1548550 1229
1548560 1240
1548570 1240
1548580 1248
1548590 1255
1548600 1255
1548610 1264
1548620 1275
1548630 1275
1548640 1285
1548650 1291
1548660 1291
1548670 1300
1548680 1313
1548690 1313
1548700 1325
1548710 1330
1548720 1335
1548730 1335
1548740 1338
1548750 1339
1548760 1339
1548770 1341
1548780 1344
1548790 1344
1548800 1348
1548810 1351
1548820 1351
1548830 1354
1548840 1356
1548850 1356
1548860 1360
1548870 1362
1548880 1362
1548890 1363
1548900 1364
1548910 1364
1548920 1366
1548930 1369
1548940 1369
1548950 1372
1548960 1376
1548970 1376
1548980 1379
1548990 1382
1549000 1382
1549010 1386
1549020 1389
1549030 1389
1549040 1392
1549050 1393
1549060 1394
1549070 1394
1549080 1395
1549090 1397
1549100 1397
1549110 1401
1549120 1404
1549130 1404
1549140 1408
1549150 1411
1549160 1411
1549170 1415
1549180 1418
1549190 1418
1549200 1421
1549210 1424
1549220 1424
1549230 1425
1549240 1426
1549250 1426
1549260 1428
1549270 1430
1549280 1430
1549290 1432
1549300 1434
1549310 1434
1549320 1434
1549330 1433
1549340 1433
1549350 1431
1549360 1429
1549370 1426
1549380 1426
1549390 1425
1549400 1423
1549410 1423
1549420 1420
1549430 1417
1549440 1417
1549450 1415
1549460 1414
1549470 1414
1549480 1413
1549490 1413
1549500 1413
1549510 1413
1549520 1414
1549530 1414
1549540 1414
1549550 1411
1549560 1411
1549570 1409
1549580 1407
1549590 1407
1549600 1406
1549610 1405
1549620 1405
1549630 1406
1549640 1408
1549650 1408
1549660 1411
1549670 1413
1549680 1413
1549690 1412
1549700 1411
1549710 1409
1549720 1409
1549730 1407
1549740 1406
1549750 1406
1549760 1405
1549770 1404
1549780 1404
1549790 1404
1549800 1404
1549810 1404
1549820 1404
1549830 1405
1549840 1405
1549850 1407
1549860 1408
1549870 1408
1549880 1409
1549890 1410
1549900 1410
1549910 1411
1549920 1413
1549930 1413
1549940 1419
1549950 1424
1549960 1424
1549970 1429
1549980 1432
1549990 1432
1550000 1437
1550010 1440
1550020 1440
1550030 1443
1550040 1447
1550050 1451
1550060 1451
1550070 1455
1550080 1459
1550090 1459
1550100 1463
1550110 1467
1550120 1467
1550130 1471
1550140 1474
1550150 1474
1550160 1478
1550170 1482
1550180 1482
1550190 1486
1550200 1489
1550210 1489
1550220 1491
1550230 1493
1550240 1493
1550250 1496
1550260 1501
1550270 1501
1550280 1503
1550290 1504
1550300 1504
1550310 1505
1550320 1506
1550330 1506
1550340 1503
1550350 1501
1550360 1501
1550370 1499
1550380 1497
1550390 1494
1550400 1494
1550410 1492
1550420 1490
1550430 1490
1550440 1488
1550450 1488
1550460 1488
1550470 1488
1550480 1490
1550490 1490
1550500 1493
1550510 1495
1550520 1495
1550530 1495
1550540 1495
1550550 1495
1550560 1496
1550570 1496
1550580 1496
1550590 1498
1550600 1498
1550610 1498
1550620 1497
1550630 1495
1550640 1495
1550650 1494
1550660 1494
1550670 1494
1550680 1496
1550690 1496
1550700 1496
1550710 1494
1550720 1493
1550730 1492
1550740 1492
1550750 1491
1550760 1490
1550770 1490
1550780 1490
1550790 1492
1550800 1492
1550810 1493
1550820 1495
1550830 1495
1550840 1497
1550850 1499
1550860 1499
1550870 1502
1550880 1505
1550890 1505
1550900 1507
1550910 1508
1550920 1508
1550930 1508
1550940 1509
1550950 1509
1550960 1508
1550970 1509
1550980 1509
1550990 1509
1551000 1507
1551010 1507
1551020 1504
1551030 1501
1551040 1501
1551050 1492
1551060 1483
1551070 1474
1551080 1474
1551090 1464
1551100 1459
1551110 1459
1551120 1454
1551130 1448
1551140 1448
1551150 1439
1551160 1429
1551170 1429
1551180 1422
1551190 1415
1551200 1415
1551210 1407
1551220 1400
1551230 1400
1551240 1391
1551250 1377
1551260 1380
1551270 1364
1551280 1351
1551290 1351
1551300 1337
1551310 1324
1551320 1324
1551330 1307
1551340 1292
1551350 1292
1551360 1282
1551370 1271
1551380 1259
1551390 1259
1551400 1243
1551410 1214
1551420 1214
1551430 1181
1551440 1157
1551450 1157
1551460 1135
1551470 1126
1551480 1126
1551490 1118
1551500 1100
1551510 1100
1551520 1085
1551530 1090
1551540 1090
1551550 1102
1551560 1117
1551570 1117
1551580 1123
1551590 1116
1551600 1116
1551610 1107
1551620 1092
1551630 1092
1551640 1057
1551650 1041
1551660 1041
1551670 1030
1551680 1019
1551690 1019
1551700 998
1551710 978
1551720 964
1551730 964
1551740 949
1551750 936
1551760 936
1551770 940
1551780 949
1551790 949
1551800 953
1551810 958
1551820 958
1551830 961
1551840 956
1551850 956
1551860 960
1551870 971
1551880 971
1551890 975
1551900 967
1551910 967
1551920 972
1551930 986
1551940 986
1551950 981
1551960 969
1551970 969
1551980 969
1551990 976
1552000 976
1552010 979
1552020 983
1552030 983
1552040 980
1552050 977
1552060 973
1552070 973
1552080 965
1552090 958
1552100 958
1552110 945
1552120 932
1552130 932
1552140 929
1552150 923
1552160 923
1552170 918
1552180 912
1552190 912
1552200 921
1552210 933
1552220 933
1552230 937
1552240 933
1552250 933
1552260 924
1552270 917
1552280 917
1552290 898
1552300 879
1552310 879
1552320 868
1552330 859
1552340 859
1552350 853
1552360 842
1552370 842
1552380 831
1552390 824
1552400 822
1552410 822
1552420 823
1552430 818
1552440 818
1552450 809
1552460 799
1552470 799
1552480 790
1552490 785
1552500 785
1552510 779
1552520 774
1552530 774
1552540 770
1552550 768
1552560 768
1552570 767
1552580 767
1552590 767
1552600 767
1552610 767
1552620 767
1552630 767
1552640 767
1552650 767
1552660 767
1552670 767
1552680 767
1552690 767
1552700 767
1552710 767
1552720 767
1552730 767
1552740 767
1552750 767
1552760 767
1552770 767
1552780 767
1552790 767
1552800 767
1552810 767
1552820 767
1552830 767
1552840 767
1552850 767
1552860 767
1552870 767
1552880 767
1552890 767
1552900 767
1552910 767
1552920 767
1552930 767
1552940 767
1552950 767
1552960 767
1552970 769
1552980 776
1552990 776
1553000 785
1553010 791
1553020 791
1553030 793
1553040 796
1553050 796
1553060 802
1553070 812
1553080 821
1553090 821
1553100 832
1553110 841
1553120 841
1553130 849
1553140 857
1553150 873
1553160 867
1553170 868
1553180 868
1553190 876
1553200 888
1553210 888
1553220 896
1553230 906
1553240 906
1553250 927
1553260 938
1553270 938
1553280 950
1553290 958
1553300 958
1553310 969
1553320 977
1553330 977
1553340 982
1553350 986
1553360 986
1553370 990
1553380 993
1553390 996
1553400 996
1553410 995
1553420 992
1553430 992
1553440 991
1553450 990
1553460 990
1553470 990
1553480 995
1553490 995
1553500 996
1553510 992
1553520 992
1553530 984
1553540 976
1553550 976
1553560 975
1553570 976
1553580 976
1553590 974
1553600 969
1553610 969
1553620 966
1553630 963
1553640 963
1553650 961
1553660 962
1553670 962
1553680 962
1553690 963
1553700 963
1553710 962
1553720 962
1553730 964
1553740 964
1553750 966
1553760 967
1553770 967
1553780 968
1553790 970
1553800 970
1553810 973
1553820 977
1553830 977
1553840 981
1553850 983
1553860 983
1553870 985
1553880 987
1553890 987
1553900 988
1553910 990
1553920 990
1553930 991
1553940 991
1553950 991
1553960 992
1553970 991
1553980 991
1553990 991
1554000 989
1554010 989
1554020 988
1554030 986
1554040 986
1554050 984
1554060 983
1554070 981
1554080 981
1554090 981
1554100 981
1554110 981
1554120 980
1554130 980
1554140 980
1554150 980
1554160 979
1554170 979
1554180 978
1554190 977
1554200 977
1554210 977
1554220 978
1554230 978
1554240 979
1554250 979
1554260 979
1554270 978
1554280 976
1554290 976
1554300 975
1554310 976
1554320 976
1554330 976
1554340 976
1554350 976
1554360 976
1554370 976
1554380 976
1554390 976
1554400 977
1554410 977
1554420 977
1554430 978
1554440 978
1554450 978
1554460 978
1554470 978
1554480 978
1554490 977
1554500 975
1554510 975
1554520 974
1554530 972
1554540 972
1554550 971
1554560 971
1554570 971
1554580 972
1554590 974
1554600 974
1554610 973
1554620 967
1554630 967
1554640 964
1554650 960
1554660 960
1554670 954
1554680 947
1554690 947
1554700 944
1554710 942
1554720 942
1554730 941
1554740 938
1554750 935
1554760 935
1554770 935
1554780 935
1554790 935
1554800 934
1554810 933
1554820 933
1554830 931
1554840 931
1554850 931
1554860 933
1554870 934
1554880 934
1554890 934
1554900 934
1554910 934
1554920 934
1554930 935
1554940 935
1554950 935
1554960 934
1554970 934
1554980 932
1554990 928
1555000 933
1555010 927
1555020 926
1555030 926
1555040 931
1555050 934
1555060 934
1555070 936
1555080 936
1555090 938
1555100 938
1555110 939
1555120 939
1555130 939
1555140 937
1555150 933
1555160 933
1555170 930
1555180 931
1555190 931
1555200 933
1555210 937
1555220 937
1555230 938
1555240 940
1555250 940
1555260 942
1555270 943
1555280 943
1555290 941
1555300 940
1555310 940
1555320 938
1555330 936
1555340 936
1555350 937
1555360 938
1555370 938
1555380 941
1555390 941
1555400 941
1555410 941
1555420 942
1555430 943
1555440 943
1555450 944
1555460 943
1555470 943
1555480 943
1555490 944
1555500 944
1555510 945
1555520 944
1555530 944
1555540 945
1555550 948
1555560 948
1555570 948
1555580 945
1555590 945
1555600 942
1555610 942
1555620 942
1555630 943
1555640 945
1555650 945
1555660 948
1555670 948
1555680 948
1555690 945
1555700 941
1555710 941
1555720 939
1555730 939
1555740 938
1555750 938
1555760 937
1555770 936
1555780 936
1555790 935
1555800 936
1555810 936
1555820 939
1555830 943
1555840 943
1555850 944
1555860 944
1555870 944
1555880 944
1555890 942
1555900 942
1555910 937
1555920 934
1555930 934
1555940 932
1555950 928
1555960 928
1555970 920
1555980 916
1555990 916
1556000 913
1556010 910
1556020 910
1556030 907
1556040 904
1556050 904
1556060 901
1556070 898
1556080 895
1556090 895
1556100 894
1556110 894
1556120 894
1556130 892
1556140 890
1556150 890
1556160 889
1556170 890
1556180 890
1556190 891
1556200 894
1556210 894
1556220 896
1556230 899
1556240 899
1556250 902
1556260 903
1556270 903
1556280 906
1556290 909
1556300 909
1556310 913
1556320 917
1556330 917
1556340 924
1556350 932
1556360 932
1556370 939
1556380 946
1556390 946
1556400 952
1556410 958
1556420 962
1556430 962
1556440 961
1556450 956
1556460 956
1556470 953
1556480 952
1556490 952
1556500 953
1556510 956
1556520 956
1556530 958
1556540 960
1556550 960
1556560 960
1556570 961
1556580 961
1556590 961
1556600 960
1556610 960
1556620 961
1556630 963
1556640 963
1556650 964
1556660 965
1556670 965
1556680 966
1556690 967
1556700 967
1556710 967
1556720 967
1556730 967
1556740 966
1556750 967
1556760 967
1556770 967
1556780 967
1556790 970
1556800 970
1556810 970
1556820 968
1556830 968
1556840 964
1556850 962
1556860 962
1556870 961
1556880 963
1556890 963
1556900 966
1556910 970
1556920 970
1556930 972
1556940 973
1556950 973
1556960 972
1556970 972
1556980 972
1556990 971
1557000 971
1557010 971
1557020 970
1557030 970
1557040 970
1557050 969
1557060 969
1557070 969
1557080 969
1557090 969
1557100 969
1557110 969
1557120 969
1557130 968
1557140 968
1557150 969
1557160 969
1557170 969
1557180 969
1557190 970
1557200 970
1557210 971
1557220 972
1557230 972
1557240 973
1557250 973
1557260 973
1557270 973
1557280 972
1557290 972
1557300 971
1557310 971
1557320 971
1557330 969
1557340 969
1557350 969
1557360 970
1557370 968
1557380 968
1557390 965
1557400 965
1557410 965
1557420 966
1557430 967
1557440 967
1557450 967
1557460 965
1557470 965
1557480 965
1557490 965
1557500 964
1557510 964
1557520 964
1557530 964
1557540 964
1557550 964
1557560 965
1557570 965
1557580 966
1557590 967
1557600 967
1557610 968
1557620 968
1557630 968
1557640 966
1557650 963
1557660 963
1557670 959
1557680 956
1557690 956
1557700 956
1557710 958
1557720 958
1557730 962
1557740 964
1557750 964
1557760 964
1557770 966
1557780 967
1557790 967
1557800 966
1557810 966
1557820 966
1557830 965
1557840 963
1557850 963
1557860 961
1557870 960
1557880 960
1557890 960
1557900 960
1557910 960
1557920 960
1557930 961
1557940 961
1557950 961
1557960 962
1557970 962
1557980 963
1557990 963
1558000 963
1558010 961
1558020 958
1558030 958
1558040 960
1558050 962
1558060 962
1558070 963
1558080 961
1558090 958
1558100 958
1558110 960
1558120 962
1558130 962
1558140 962
1558150 957
1558160 957
1558170 950
1558180 943
1558190 943
1558200 940
1558210 938
1558220 938
1558230 938
1558240 938
1558250 938
1558260 937
1558270 937
1558280 937
1558290 937
1558300 936
1558310 936
1558320 936
1558330 937
1558340 937
1558350 938
1558360 939
1558370 939
1558380 941
1558390 942
1558400 942
1558410 941
1558420 939
1558430 940
1558440 940
1558450 939
1558460 939
1558470 939
1558480 940
1558490 940
1558500 940
1558510 943
1558520 946
1558530 946
1558540 950
1558550 959
1558560 959
1558570 961
1558580 960
1558590 960
1558600 959
1558610 959
1558620 959
1558630 960
1558640 960
1558650 960
1558660 960
1558670 956
1558680 956
1558690 957
1558700 956
1558710 956
1558720 953
1558730 951
1558740 951
1558750 953
1558760 951
1558770 950
1558780 950
1558790 948
1558800 947
1558810 947
1558820 945
1558830 943
1558840 943
1558850 941
1558860 939
1558870 939
1558880 938
1558890 936
1558900 936
1558910 934
1558920 934
1558930 934
1558940 934
1558950 934
1558960 934
1558970 936
1558980 936
1558990 936
1559000 937
1559010 938
1559020 938
1559030 936
1559040 936
1559050 936
1559060 936
1559070 934
1559080 934
1559090 930
1559100 924
1559110 918
1559120 918
1559130 917
1559140 916
1559150 916
1559160 914
1559170 912
1559180 912
1559190 911
1559200 910
1559210 910
1559220 908
1559230 906
1559240 906
1559250 904
1559260 903
1559270 903
1559280 901
1559290 901
1559300 901
1559310 901
1559320 904
1559330 904
1559340 905
1559350 904
1559360 904
1559370 902
1559380 900
1559390 900
1559400 899
1559410 897
1559420 897
1559430 891
1559440 884
1559450 881
1559460 881
1559470 879
1559480 875
1559490 875
1559500 870
1559510 865
1559520 865
1559530 860
1559540 852
1559550 852
1559560 846
1559570 839
1559580 839
1559590 833
1559600 829
1559610 829
1559620 825
1559630 820
1559640 820
1559650 815
1559660 811
1559670 811
1559680 808
1559690 804
1559700 804
1559710 800
1559720 796
1559730 796
1559740 792
1559750 794
1559760 794
1559770 794
1559780 793
1559790 791
1559800 791
1559810 790
1559820 788
1559830 788
1559840 786
1559850 783
1559860 783
1559870 783
1559880 784
1559890 784
1559900 785
1559910 786
1559920 786
1559930 787
1559940 788
1559950 788
1559960 789
1559970 789
1559980 789
1559990 788
