1540000 1723
1540010 1723
1540020 1725
1540030 1727
1540040 1727
1540050 1727
1540060 1728
1540070 1728
1540080 1728
1540090 1727
1540100 1726
1540110 1726
1540120 1725
1540130 1726
1540140 1726
1540150 1728
1540160 1726
1540170 1726
1540180 1725
1540190 1723
1540200 1723
1540210 1720
1540220 1719
1540230 1719
1540240 1717
1540250 1716
1540260 1716
1540270 1715
1540280 1714
1540290 1714
1540300 1714
1540310 1714
1540320 1714
1540330 1713
1540340 1712
1540350 1712
1540360 1712
1540370 1712
1540380 1712
1540390 1712
1540400 1710
1540410 1708
1540420 1708
1540430 1705
1540440 1701
1540450 1701
1540460 1700
1540470 1699
1540480 1699
1540490 1699
1540500 1699
1540510 1699
1540520 1698
1540530 1697
1540540 1697
1540550 1696
1540560 1695
1540570 1695
1540580 1690
1540590 1689
1540600 1689
1540610 1688
1540620 1687
1540630 1687
1540640 1687
1540650 1689
1540660 1689
1540670 1688
1540680 1690
1540690 1690
1540700 1687
1540710 1683
1540720 1684
1540730 1684
1540740 1684
1540750 1684
1540760 1684
1540770 1683
1540780 1683
1540790 1683
1540800 1684
1540810 1684
1540820 1684
1540830 1687
1540840 1687
1540850 1687
1540860 1687
1540870 1689
1540880 1689
1540890 1692
1540900 1698
1540910 1698
1540920 1698
1540930 1701
1540940 1701
1540950 1705
1540960 1707
1540970 1707
1540980 1709
1540990 1709
1541000 1709
1541010 1707
1541020 1707
1541030 1707
1541040 1706
1541050 1704
1541060 1701
1541070 1701
1541080 1698
1541090 1698
1541100 1698
1541110 1697
1541120 1697
1541130 1697
1541140 1696
1541150 1696
1541160 1696
1541170 1693
1541180 1692
1541190 1692
1541200 1690
1541210 1688
1541220 1688
1541230 1684
1541240 1683
1541250 1683
1541260 1684
1541270 1678
1541280 1678
1541290 1673
1541300 1668
1541310 1668
1541320 1667
1541330 1664
1541340 1664
1541350 1663
1541360 1666
1541370 1666
1541380 1662
1541390 1659
1541400 1658
1541410 1658
1541420 1659
1541430 1660
1541440 1660
1541450 1661
1541460 1663
1541470 1663
1541480 1664
1541490 1662
1541500 1662
1541510 1661
1541520 1659
1541530 1659
1541540 1654
1541550 1654
1541560 1654
1541570 1658
1541580 1657
1541590 1657
1541600 1654
1541610 1652
1541620 1652
1541630 1650
1541640 1649
1541650 1649
1541660 1645
1541670 1641
1541680 1641
1541690 1641
1541700 1644
1541710 1644
1541720 1645
1541730 1647
1541740 1649
1541750 1649
1541760 1651
1541770 1651
1541780 1653
1541790 1652
1541800 1652
1541810 1652
1541820 1652
1541830 1654
1541840 1654
1541850 1656
1541860 1659
1541870 1659
1541880 1664
1541890 1670
1541900 1670
1541910 1672
1541920 1677
1541930 1677
1541940 1682
1541950 1685
1541960 1685
1541970 1691
1541980 1697
1541990 1697
1542000 1703
1542010 1709
1542020 1709
1542030 1715
1542040 1723
1542050 1723
1542060 1729
1542070 1732
1542080 1733
1542090 1733
1542100 1733
1542110 1734
1542120 1734
1542130 1735
1542140 1733
1542150 1733
1542160 1732
1542170 1729
1542180 1729
1542190 1728
1542200 1724
1542210 1724
1542220 1721
1542230 1718
1542240 1718
1542250 1713
1542260 1710
1542270 1710
1542280 1711
1542290 1709
1542300 1709
1542310 1708
1542320 1705
1542330 1705
1542340 1703
1542350 1702
1542360 1702
1542370 1703
1542380 1704
1542390 1704
1542400 1701
1542410 1697
1542420 1694
1542430 1694
1542440 1692
1542450 1691
1542460 1691
1542470 1688
1542480 1689
1542490 1689
1542500 1687
1542510 1685
1542520 1685
1542530 1684
1542540 1680
1542550 1680
1542560 1675
1542570 1671
1542580 1671
1542590 1671
1542600 1670
1542610 1670
1542620 1669
1542630 1670
1542640 1670
1542650 1673
1542660 1676
1542670 1676
1542680 1674
1542690 1673
1542700 1673
1542710 1673
1542720 1671
1542730 1671
1542740 1668
1542750 1666
1542760 1666
1542770 1666
1542780 1664
1542790 1663
1542800 1663
1542810 1659
1542820 1656
1542830 1656
1542840 1651
1542850 1648
1542860 1648
1542870 1647
1542880 1645
1542890 1645
1542900 1644
1542910 1645
1542920 1645
1542930 1644
1542940 1643
1542950 1643
1542960 1643
1542970 1643
1542980 1643
1542990 1644
1543000 1642
1543010 1642
1543020 1639
1543030 1636
1543040 1636
1543050 1637
1543060 1640
1543070 1640
1543080 1641
1543090 1641
1543100 1642
1543110 1642
1543120 1642
1543130 1643
1543140 1643
1543150 1646
1543160 1647
1543170 1647
1543180 1647
1543190 1646
1543200 1646
1543210 1645
1543220 1640
1543230 1640
1543240 1638
1543250 1637
1543260 1637
1543270 1636
1543280 1639
1543290 1639
1543300 1641
1543310 1642
1543320 1642
1543330 1642
1543340 1644
1543350 1644
1543360 1644
1543370 1644
1543380 1644
1543390 1642
1543400 1641
1543410 1641
1543420 1641
1543430 1639
1543440 1635
1543450 1635
1543460 1632
1543470 1629
1543480 1629
1543490 1625
1543500 1622
1543510 1622
1543520 1620
1543530 1620
1543540 1620
1543550 1619
1543560 1618
1543570 1618
1543580 1616
1543590 1615
1543600 1615
1543610 1614
1543620 1611
1543630 1611
1543640 1608
1543650 1606
1543660 1606
1543670 1604
1543680 1600
1543690 1600
1543700 1596
1543710 1591
1543720 1591
1543730 1588
1543740 1583
1543750 1583
1543760 1579
1543770 1576
1543780 1573
1543790 1573
1543800 1572
1543810 1574
1543820 1574
1543830 1574
1543840 1573
1543850 1573
1543860 1570
1543870 1564
1543880 1564
1543890 1559
1543900 1555
1543910 1555
1543920 1554
1543930 1553
1543940 1553
1543950 1552
1543960 1549
1543970 1549
1543980 1545
1543990 1545
1544000 1545
1544010 1544
1544020 1542
1544030 1542
1544040 1543
1544050 1544
1544060 1544
1544070 1542
1544080 1539
1544090 1539
1544100 1535
1544110 1531
1544120 1526
1544130 1526
1544140 1523
1544150 1522
1544160 1522
1544170 1519
1544180 1516
1544190 1516
1544200 1514
1544210 1513
1544220 1513
1544230 1512
1544240 1512
1544250 1512
1544260 1514
1544270 1516
1544280 1516
1544290 1517
1544300 1515
1544310 1515
1544320 1514
1544330 1514
1544340 1514
1544350 1513
1544360 1511
1544370 1511
1544380 1509
1544390 1509
1544400 1509
1544410 1510
1544420 1512
1544430 1512
1544440 1513
1544450 1509
1544460 1505
1544470 1505
1544480 1502
1544490 1500
1544500 1500
1544510 1498
1544520 1498
1544530 1498
1544540 1500
1544550 1503
1544560 1503
1544570 1505
1544580 1505
1544590 1505
1544600 1505
1544610 1507
1544620 1507
1544630 1510
1544640 1512
1544650 1512
1544660 1512
1544670 1512
1544680 1512
1544690 1513
1544700 1512
1544710 1512
1544720 1511
1544730 1511
1544740 1511
1544750 1511
1544760 1510
1544770 1510
1544780 1509
1544790 1509
1544800 1508
1544810 1508
1544820 1507
1544830 1505
1544840 1505
1544850 1504
1544860 1502
1544870 1502
1544880 1501
1544890 1500
1544900 1500
1544910 1498
1544920 1495
1544930 1495
1544940 1495
1544950 1494
1544960 1494
1544970 1494
1544980 1494
1544990 1494
1545000 1493
1545010 1492
1545020 1492
1545030 1493
1545040 1495
1545050 1495
1545060 1497
1545070 1499
1545080 1499
1545090 1500
1545100 1500
1545110 1500
1545120 1500
1545130 1501
1545140 1500
1545150 1500
1545160 1500
1545170 1500
1545180 1500
1545190 1502
1545200 1505
1545210 1505
1545220 1505
1545230 1505
1545240 1505
1545250 1506
1545260 1507
1545270 1507
1545280 1511
1545290 1512
1545300 1512
1545310 1513
1545320 1515
1545330 1515
1545340 1515
1545350 1516
1545360 1516
1545370 1518
1545380 1519
1545390 1519
1545400 1520
1545410 1521
1545420 1521
1545430 1521
1545440 1520
1545450 1520
1545460 1520
1545470 1521
1545480 1523
1545490 1523
1545500 1526
1545510 1527
1545520 1527
1545530 1529
1545540 1530
1545550 1530
1545560 1530
1545570 1531
1545580 1531
1545590 1531
1545600 1530
1545610 1530
1545620 1529
1545630 1528
1545640 1528
1545650 1526
1545660 1524
1545670 1524
1545680 1523
1545690 1521
1545700 1521
1545710 1520
1545720 1520
1545730 1520
1545740 1521
1545750 1524
1545760 1524
1545770 1525
1545780 1524
1545790 1522
1545800 1522
1545810 1520
1545820 1519
1545830 1519
1545840 1518
1545850 1517
1545860 1517
1545870 1515
1545880 1513
1545890 1513
1545900 1512
1545910 1509
1545920 1509
1545930 1507
1545940 1505
1545950 1505
1545960 1502
1545970 1500
1545980 1500
1545990 1499
1546000 1497
1546010 1497
1546020 1495
1546030 1492
1546040 1492
1546050 1492
1546060 1489
1546070 1489
1546080 1486
1546090 1485
1546100 1485
1546110 1482
1546120 1480
1546130 1479
1546140 1479
1546150 1477
1546160 1474
1546170 1474
1546180 1472
1546190 1469
1546200 1469
1546210 1465
1546220 1462
1546230 1462
1546240 1459
1546250 1455
1546260 1455
1546270 1450
1546280 1446
1546290 1446
1546300 1442
1546310 1438
1546320 1438
1546330 1434
1546340 1430
1546350 1430
1546360 1426
1546370 1422
1546380 1422
1546390 1419
1546400 1414
1546410 1414
1546420 1410
1546430 1407
1546440 1407
1546450 1405
1546460 1403
1546470 1400
1546480 1400
1546490 1397
1546500 1394
1546510 1394
1546520 1392
1546530 1390
1546540 1390
1546550 1388
1546560 1385
1546570 1385
1546580 1383
1546590 1381
1546600 1381
1546610 1378
1546620 1375
1546630 1375
1546640 1373
1546650 1372
1546660 1372
1546670 1372
1546680 1372
1546690 1372
1546700 1371
1546710 1370
1546720 1370
1546730 1369
1546740 1369
1546750 1369
1546760 1368
1546770 1364
1546780 1364
1546790 1360
1546800 1356
1546810 1353
1546820 1353
1546830 1352
1546840 1348
1546850 1348
1546860 1344
1546870 1339
1546880 1339
1546890 1334
1546900 1330
1546910 1330
1546920 1325
1546930 1322
1546940 1322
1546950 1317
1546960 1313
1546970 1313
1546980 1308
1546990 1301
1547000 1301
1547010 1295
1547020 1293
1547030 1293
1547040 1291
1547050 1287
1547060 1287
1547070 1286
1547080 1284
1547090 1284
1547100 1281
1547110 1278
1547120 1278
1547130 1275
1547140 1271
1547150 1268
1547160 1268
1547170 1267
1547180 1266
1547190 1266
1547200 1267
1547210 1267
1547220 1267
1547230 1266
1547240 1264
1547250 1264
1547260 1263
1547270 1263
1547280 1263
1547290 1262
1547300 1261
1547310 1261
1547320 1261
1547330 1260
1547340 1260
1547350 1259
1547360 1259
1547370 1259
1547380 1259
1547390 1259
1547400 1259
1547410 1259
1547420 1259
1547430 1259
1547440 1260
1547450 1259
1547460 1259
1547470 1259
1547480 1258
1547490 1258
1547500 1258
1547510 1258
1547520 1258
1547530 1258
1547540 1257
1547550 1257
1547560 1257
1547570 1256
1547580 1256
1547590 1256
1547600 1256
1547610 1255
1547620 1255
1547630 1255
1547640 1255
1547650 1255
1547660 1255
1547670 1256
1547680 1256
1547690 1256
1547700 1257
1547710 1257
1547720 1257
1547730 1258
1547740 1258
1547750 1259
1547760 1261
1547770 1261
1547780 1263
1547790 1265
1547800 1265
1547810 1266
1547820 1266
1547830 1267
1547840 1267
1547850 1266
1547860 1265
1547870 1265
1547880 1265
1547890 1265
1547900 1265
1547910 1265
1547920 1264
1547930 1264
1547940 1263
1547950 1262
1547960 1262
1547970 1261
1547980 1262
1547990 1262
1548000 1263
1548010 1263
1548020 1263
1548030 1263
1548040 1263
1548050 1263
1548060 1263
1548070 1263
1548080 1263
1548090 1263
1548100 1263
1548110 1263
1548120 1261
1548130 1259
1548140 1259
1548150 1255
1548160 1252
1548170 1247
1548180 1247
1548190 1242
1548200 1237
1548210 1237
1548220 1228
1548230 1210
1548240 1210
1548250 1198
1548260 1187
1548270 1187
1548280 1168
1548290 1149
1548300 1149
1548310 1139
1548320 1131
1548330 1131
1548340 1123
1548350 1116
1548360 1116
1548370 1108
1548380 1101
1548390 1101
1548400 1093
1548410 1087
1548420 1087
1548430 1080
1548440 1073
1548450 1073
1548460 1067
1548470 1061
1548480 1061
1548490 1055
1548500 1050
1548510 1045
1548520 1045
1548530 1040
1548540 1034
1548550 1034
1548560 1029
1548570 1024
1548580 1024
1548590 1019
1548600 1015
1548610 1015
1548620 1011
1548630 1006
1548640 1006
1548650 1002
1548660 998
1548670 998
1548680 993
1548690 989
1548700 989
1548710 985
1548720 981
1548730 981
1548740 979
1548750 979
1548760 979
1548770 981
1548780 985
1548790 985
1548800 990
1548810 994
1548820 994
1548830 999
1548840 1006
1548850 1012
1548860 1012
1548870 1018
1548880 1025
1548890 1025
1548900 1032
1548910 1039
1548920 1039
1548930 1046
1548940 1052
1548950 1052
1548960 1061
1548970 1071
1548980 1071
1548990 1079
1549000 1088
1549010 1088
1549020 1099
1549030 1111
1549040 1111
1549050 1123
1549060 1132
1549070 1132
1549080 1139
1549090 1149
1549100 1149
1549110 1189
1549120 1220
1549130 1220
1549140 1235
1549150 1242
1549160 1242
1549170 1248
1549180 1255
1549190 1260
1549200 1260
1549210 1260
1549220 1261
1549230 1261
1549240 1264
1549250 1266
1549260 1266
1549270 1268
1549280 1269
1549290 1269
1549300 1270
1549310 1273
1549320 1273
1549330 1274
1549340 1276
1549350 1276
1549360 1277
1549370 1279
1549380 1279
1549390 1280
1549400 1281
1549410 1281
1549420 1283
1549430 1286
1549440 1286
1549450 1288
1549460 1290
1549470 1290
1549480 1290
1549490 1289
1549500 1289
1549510 1288
1549520 1288
1549530 1288
1549540 1288
1549550 1287
1549560 1286
1549570 1286
1549580 1284
1549590 1280
1549600 1280
1549610 1278
1549620 1275
1549630 1275
1549640 1273
1549650 1270
1549660 1270
1549670 1269
1549680 1270
1549690 1270
1549700 1270
1549710 1269
1549720 1269
1549730 1268
1549740 1266
1549750 1266
1549760 1264
1549770 1261
1549780 1261
1549790 1259
1549800 1258
1549810 1258
1549820 1257
1549830 1257
1549840 1257
1549850 1258
1549860 1260
1549870 1260
1549880 1260
1549890 1259
1549900 1259
1549910 1259
1549920 1260
1549930 1260
1549940 1260
1549950 1260
1549960 1260
1549970 1260
1549980 1262
1549990 1264
1550000 1264
1550010 1265
1550020 1266
1550030 1266
1550040 1267
1550050 1268
1550060 1268
1550070 1271
1550080 1274
1550090 1274
1550100 1276
1550110 1278
1550120 1280
1550130 1283
1550140 1286
1550150 1286
1550160 1288
1550170 1291
1550180 1291
1550190 1295
1550200 1300
1550210 1304
1550220 1304
1550230 1307
1550240 1311
1550250 1311
1550260 1315
1550270 1319
1550280 1319
1550290 1324
1550300 1328
1550310 1328
1550320 1332
1550330 1337
1550340 1337
1550350 1341
1550360 1343
1550370 1343
1550380 1346
1550390 1350
1550400 1350
1550410 1353
1550420 1356
1550430 1356
1550440 1358
1550450 1358
1550460 1358
1550470 1358
1550480 1357
1550490 1357
1550500 1353
1550510 1348
1550520 1348
1550530 1341
1550540 1336
1550550 1332
1550560 1332
1550570 1329
1550580 1327
1550590 1327
1550600 1325
1550610 1323
1550620 1323
1550630 1320
1550640 1319
1550650 1319
1550660 1318
1550670 1316
1550680 1316
1550690 1315
1550700 1314
1550710 1314
1550720 1313
1550730 1312
1550740 1312
1550750 1312
1550760 1314
1550770 1314
1550780 1316
1550790 1317
1550800 1317
1550810 1316
1550820 1315
1550830 1315
1550840 1314
1550850 1315
1550860 1315
1550870 1317
1550880 1320
1550890 1322
1550900 1322
1550910 1326
1550920 1328
1550930 1328
1550940 1329
1550950 1332
1550960 1332
1550970 1335
1550980 1338
1550990 1338
1551000 1340
1551010 1343
1551020 1343
1551030 1347
1551040 1350
1551050 1350
1551060 1352
1551070 1354
1551080 1354
1551090 1357
1551100 1359
1551110 1359
1551120 1361
1551130 1361
1551140 1361
1551150 1360
1551160 1358
1551170 1358
1551180 1360
1551190 1362
1551200 1362
1551210 1368
1551220 1371
1551230 1372
1551240 1372
1551250 1368
1551260 1362
1551270 1362
1551280 1355
1551290 1348
1551300 1348
1551310 1338
1551320 1321
1551330 1321
1551340 1302
1551350 1281
1551360 1281
1551370 1269
1551380 1258
1551390 1258
1551400 1250
1551410 1245
1551420 1245
1551430 1242
1551440 1240
1551450 1240
1551460 1239
1551470 1239
1551480 1239
1551490 1237
1551500 1236
1551510 1236
1551520 1235
1551530 1236
1551540 1236
1551550 1239
1551560 1239
1551570 1227
1551580 1227
1551590 1228
1551600 1246
1551610 1246
1551620 1247
1551630 1242
1551640 1242
1551650 1235
1551660 1226
1551670 1226
1551680 1216
1551690 1208
1551700 1208
1551710 1204
1551720 1196
1551730 1196
1551740 1186
1551750 1167
1551760 1167
1551770 1151
1551780 1145
1551790 1145
1551800 1139
1551810 1138
1551820 1138
1551830 1132
1551840 1125
1551850 1125
1551860 1119
1551870 1114
1551880 1114
1551890 1109
1551900 1106
1551910 1101
1551920 1101
1551930 1096
1551940 1092
1551950 1092
1551960 1086
1551970 1078
1551980 1078
1551990 1071
1552000 1068
1552010 1068
1552020 1062
1552030 1052
1552040 1058
1552050 1053
1552060 1052
1552070 1052
1552080 1047
1552090 1034
1552100 1034
1552110 1023
1552120 1001
1552130 1001
1552140 985
1552150 978
1552160 978
1552170 967
1552180 953
1552190 953
1552200 948
1552210 943
1552220 943
1552230 938
1552240 934
1552250 928
1552260 928
1552270 916
1552280 910
1552290 910
1552300 904
1552310 899
1552320 899
1552330 889
1552340 881
1552350 881
1552360 874
1552370 867
1552380 867
1552390 862
1552400 859
1552410 859
1552420 851
1552430 839
1552440 839
1552450 826
1552460 814
1552470 814
1552480 804
1552490 790
1552500 790
1552510 775
1552520 769
1552530 769
1552540 767
1552550 767
1552560 767
1552570 767
1552580 767
1552590 767
1552600 767
1552610 767
1552620 767
1552630 767
1552640 767
1552650 767
1552660 767
1552670 767
1552680 767
1552690 767
1552700 773
1552710 779
1552720 779
1552730 785
1552740 791
1552750 791
1552760 798
1552770 804
1552780 804
1552790 811
1552800 819
1552810 819
1552820 835
1552830 845
1552840 845
1552850 856
1552860 878
1552870 878
1552880 898
1552890 909
1552900 909
1552910 921
1552920 932
1552930 945
1552940 945
1552950 957
1552960 968
1552970 968
1552980 979
1552990 991
1553000 991
1553010 1003
1553020 1016
1553030 1016
1553040 1036
1553050 1059
1553060 1059
1553070 1071
1553080 1083
1553090 1083
1553100 1094
1553110 1105
1553120 1105
1553130 1123
1553140 1138
1553150 1138
1553160 1155
1553170 1177
1553180 1177
1553190 1197
1553200 1221
1553210 1221
1553220 1237
1553230 1245
1553240 1245
1553250 1264
1553260 1288
1553270 1303
1553280 1303
1553290 1317
1553300 1329
1553310 1329
1553320 1340
1553330 1348
1553340 1348
1553350 1358
1553360 1364
1553370 1364
1553380 1369
1553390 1376
1553400 1376
1553410 1382
1553420 1388
1553430 1388
1553440 1394
1553450 1399
1553460 1399
1553470 1404
1553480 1411
1553490 1411
1553500 1417
1553510 1423
1553520 1423
1553530 1430
1553540 1435
1553550 1435
1553560 1442
1553570 1451
1553580 1451
1553590 1461
1553600 1476
1553610 1488
1553620 1488
1553630 1499
1553640 1509
1553650 1509
1553660 1519
1553670 1530
1553680 1530
1553690 1540
1553700 1549
1553710 1549
1553720 1556
1553730 1564
1553740 1564
1553750 1572
1553760 1572
1553770 1572
1553780 1570
1553790 1572
1553800 1572
1553810 1574
1553820 1579
1553830 1579
1553840 1583
1553850 1587
1553860 1587
1553870 1591
1553880 1595
1553890 1595
1553900 1598
1553910 1610
1553920 1610
1553930 1618
1553940 1629
1553950 1639
1553960 1639
1553970 1649
1553980 1656
1553990 1656
1554000 1664
1554010 1663
1554020 1663
1554030 1662
1554040 1670
1554050 1670
1554060 1672
1554070 1679
1554080 1679
1554090 1687
1554100 1699
1554110 1699
1554120 1713
1554130 1714
1554140 1714
1554150 1712
1554160 1707
1554170 1707
1554180 1704
1554190 1704
1554200 1704
1554210 1703
1554220 1701
1554230 1701
1554240 1703
1554250 1706
1554260 1706
1554270 1709
1554280 1714
1554290 1720
1554300 1720
1554310 1724
1554320 1728
1554330 1728
1554340 1733
1554350 1738
1554360 1738
1554370 1743
1554380 1749
1554390 1749
1554400 1754
1554410 1760
1554420 1760
1554430 1770
1554440 1780
1554450 1780
1554460 1786
1554470 1795
1554480 1795
1554490 1801
1554500 1807
1554510 1807
1554520 1816
1554530 1821
1554540 1821
1554550 1820
1554560 1805
1554570 1805
1554580 1787
1554590 1781
1554600 1781
1554610 1773
1554620 1757
1554630 1745
1554640 1745
1554650 1732
1554660 1726
1554670 1726
1554680 1720
1554690 1712
1554700 1712
1554710 1703
1554720 1689
1554730 1689
1554740 1677
1554750 1666
1554760 1666
1554770 1658
1554780 1655
1554790 1655
1554800 1652
1554810 1646
1554820 1646
1554830 1639
1554840 1634
1554850 1634
1554860 1628
1554870 1618
1554880 1618
1554890 1610
1554900 1605
1554910 1605
1554920 1603
1554930 1601
1554940 1601
1554950 1600
1554960 1597
1554970 1593
1554980 1593
1554990 1586
1555000 1576
1555010 1576
1555020 1571
1555030 1561
1555040 1561
1555050 1554
1555060 1553
1555070 1553
1555080 1551
1555090 1548
1555100 1548
1555110 1546
1555120 1545
1555130 1545
1555140 1545
1555150 1544
1555160 1544
1555170 1542
1555180 1540
1555190 1540
1555200 1537
1555210 1535
1555220 1535
1555230 1533
1555240 1531
1555250 1531
1555260 1530
1555270 1528
1555280 1528
1555290 1526
1555300 1521
1555310 1512
1555320 1512
1555330 1495
1555340 1487
1555350 1487
1555360 1477
1555370 1476
1555380 1476
1555390 1483
1555400 1477
1555410 1477
1555420 1467
1555430 1459
1555440 1459
1555450 1446
1555460 1441
1555470 1441
1555480 1434
1555490 1424
1555500 1424
1555510 1414
1555520 1406
1555530 1406
1555540 1400
1555550 1394
1555560 1394
1555570 1390
1555580 1388
1555590 1388
1555600 1384
1555610 1381
1555620 1381
1555630 1378
1555640 1377
1555650 1376
1555660 1376
1555670 1376
1555680 1374
1555690 1374
1555700 1373
1555710 1371
1555720 1371
1555730 1368
1555740 1372
1555750 1372
1555760 1371
1555770 1370
1555780 1370
1555790 1370
1555800 1370
1555810 1370
1555820 1370
1555830 1369
1555840 1369
1555850 1367
1555860 1365
1555870 1365
1555880 1364
1555890 1363
1555900 1363
1555910 1362
1555920 1360
1555930 1360
1555940 1359
1555950 1356
1555960 1356
1555970 1352
1555980 1348
1555990 1343
1556000 1343
1556010 1342
1556020 1341
1556030 1341
1556040 1339
1556050 1337
1556060 1337
1556070 1338
1556080 1340
1556090 1340
1556100 1340
1556110 1340
1556120 1340
1556130 1340
1556140 1340
1556150 1340
1556160 1341
1556170 1341
1556180 1341
1556190 1341
1556200 1342
1556210 1342
1556220 1340
1556230 1340
1556240 1340
1556250 1340
1556260 1339
1556270 1339
1556280 1334
1556290 1332
1556300 1332
1556310 1339
1556320 1342
1556330 1346
1556340 1346
1556350 1349
1556360 1353
1556370 1353
1556380 1356
1556390 1360
1556400 1360
1556410 1366
1556420 1372
1556430 1372
1556440 1371
1556450 1366
1556460 1366
1556470 1365
1556480 1366
1556490 1366
1556500 1369
1556510 1372
1556520 1372
1556530 1373
1556540 1374
1556550 1374
1556560 1377
1556570 1380
1556580 1380
1556590 1383
1556600 1385
1556610 1385
1556620 1388
1556630 1393
1556640 1393
1556650 1394
1556660 1394
1556670 1394
1556680 1394
1556690 1395
1556700 1395
1556710 1395
1556720 1394
1556730 1393
1556740 1393
1556750 1393
1556760 1393
1556770 1393
1556780 1395
1556790 1395
1556800 1395
1556810 1394
1556820 1394
1556830 1394
1556840 1394
1556850 1391
1556860 1391
1556870 1390
1556880 1389
1556890 1389
1556900 1386
1556910 1386
1556920 1386
1556930 1385
1556940 1385
1556950 1385
1556960 1384
1556970 1383
1556980 1383
1556990 1383
1557000 1383
1557010 1383
1557020 1383
1557030 1382
1557040 1385
1557050 1385
1557060 1390
1557070 1395
1557080 1395
1557090 1396
1557100 1393
1557110 1393
1557120 1391
1557130 1392
1557140 1392
1557150 1394
1557160 1395
1557170 1395
1557180 1394
1557190 1394
1557200 1394
1557210 1395
1557220 1395
1557230 1395
1557240 1397
1557250 1398
1557260 1398
1557270 1400
1557280 1404
1557290 1404
1557300 1405
1557310 1402
1557320 1402
1557330 1398
1557340 1402
1557350 1406
1557360 1406
1557370 1406
1557380 1407
1557390 1407
1557400 1406
1557410 1407
1557420 1407
1557430 1407
1557440 1406
1557450 1406
1557460 1405
1557470 1404
1557480 1404
1557490 1403
1557500 1402
1557510 1402
1557520 1408
1557530 1407
1557540 1407
1557550 1407
1557560 1406
1557570 1406
1557580 1406
1557590 1405
1557600 1405
1557610 1405
1557620 1404
1557630 1404
1557640 1403
1557650 1402
1557660 1402
1557670 1401
1557680 1400
1557690 1400
1557700 1400
1557710 1399
1557720 1398
1557730 1398
1557740 1397
1557750 1396
1557760 1396
1557770 1395
1557780 1395
1557790 1395
1557800 1395
1557810 1395
1557820 1395
1557830 1395
1557840 1394
1557850 1394
1557860 1393
1557870 1392
1557880 1392
1557890 1392
1557900 1387
1557910 1387
1557920 1389
1557930 1391
1557940 1391
1557950 1391
1557960 1390
1557970 1390
1557980 1389
1557990 1389
1558000 1389
1558010 1388
1558020 1387
1558030 1387
1558040 1387
1558050 1387
1558060 1388
1558070 1388
1558080 1389
1558090 1389
1558100 1389
1558110 1389
1558120 1389
1558130 1389
1558140 1389
1558150 1390
1558160 1390
1558170 1390
1558180 1389
1558190 1389
1558200 1389
1558210 1389
1558220 1389
1558230 1390
1558240 1389
1558250 1389
1558260 1389
1558270 1388
1558280 1388
1558290 1387
1558300 1387
1558310 1387
1558320 1387
1558330 1385
1558340 1385
1558350 1384
1558360 1382
1558370 1381
1558380 1381
1558390 1381
1558400 1380
1558410 1380
1558420 1377
1558430 1371
1558440 1371
1558450 1365
1558460 1360
1558470 1360
1558480 1355
1558490 1351
1558500 1351
1558510 1347
1558520 1345
1558530 1345
1558540 1343
1558550 1340
1558560 1340
1558570 1337
1558580 1335
1558590 1335
1558600 1334
1558610 1331
1558620 1331
1558630 1326
1558640 1323
1558650 1323
1558660 1322
1558670 1319
1558680 1319
1558690 1319
1558700 1313
1558710 1313
1558720 1313
1558730 1314
1558740 1314
1558750 1314
1558760 1311
1558770 1308
1558780 1308
1558790 1296
1558800 1289
1558810 1289
1558820 1296
1558830 1305
1558840 1305
1558850 1305
1558860 1306
1558870 1306
1558880 1305
1558890 1304
1558900 1304
1558910 1300
1558920 1295
1558930 1295
1558940 1291
1558950 1291
1558960 1291
1558970 1294
1558980 1295
1558990 1295
1559000 1296
1559010 1297
1559020 1297
1559030 1298
1559040 1300
1559050 1303
1559060 1303
1559070 1307
1559080 1311
1559090 1311
1559100 1316
1559110 1320
1559120 1320
1559130 1325
1559140 1329
1559150 1329
1559160 1326
1559170 1319
1559180 1319
1559190 1315
1559200 1320
1559210 1320
1559220 1324
1559230 1324
1559240 1324
1559250 1330
1559260 1330
1559270 1330
1559280 1329
1559290 1328
1559300 1328
1559310 1328
1559320 1327
1559330 1327
1559340 1326
1559350 1322
1559360 1322
1559370 1319
1559380 1323
1559390 1323
1559400 1323
1559410 1324
1559420 1323
1559430 1323
1559440 1322
1559450 1321
1559460 1321
1559470 1320
1559480 1319
1559490 1319
1559500 1319
1559510 1319
1559520 1319
1559530 1317
1559540 1315
1559550 1315
1559560 1314
1559570 1312
1559580 1312
1559590 1310
1559600 1309
1559610 1309
1559620 1307
1559630 1303
1559640 1303
1559650 1300
1559660 1298
1559670 1298
1559680 1296
1559690 1295
1559700 1295
1559710 1293
1559720 1292
1559730 1291
1559740 1291
1559750 1290
1559760 1289
1559770 1289
1559780 1288
1559790 1287
1559800 1287
1559810 1284
1559820 1281
1559830 1281
1559840 1278
1559850 1275
1559860 1275
1559870 1272
1559880 1268
1559890 1268
1559900 1263
1559910 1261
1559920 1261
1559930 1260
1559940 1261
1559950 1261
1559960 1259
1559970 1253
1559980 1253
1559990 1248
