1540000 1493
1540010 1489
1540020 1485
1540030 1485
1540040 1482
1540050 1481
1540060 1481
1540070 1481
1540080 1480
1540090 1480
1540100 1479
1540110 1477
1540120 1477
1540130 1476
1540140 1474
1540150 1474
1540160 1472
1540170 1469
1540180 1469
1540190 1466
1540200 1464
1540210 1461
1540220 1461
1540230 1458
1540240 1454
1540250 1454
1540260 1450
1540270 1444
1540280 1444
1540290 1444
1540300 1442
1540310 1442
1540320 1440
1540330 1440
1540340 1440
1540350 1438
1540360 1436
1540370 1436
1540380 1432
1540390 1434
1540400 1434
1540410 1434
1540420 1430
1540430 1430
1540440 1429
1540450 1429
1540460 1429
1540470 1428
1540480 1425
1540490 1425
1540500 1424
1540510 1425
1540520 1425
1540530 1426
1540540 1424
1540550 1422
1540560 1422
1540570 1423
1540580 1422
1540590 1422
1540600 1418
1540610 1415
1540620 1415
1540630 1411
1540640 1409
1540650 1409
1540660 1410
1540670 1408
1540680 1408
1540690 1404
1540700 1403
1540710 1403
1540720 1401
1540730 1399
1540740 1399
1540750 1399
1540760 1396
1540770 1396
1540780 1392
1540790 1390
1540800 1390
1540810 1391
1540820 1394
1540830 1394
1540840 1394
1540850 1393
1540860 1393
1540870 1394
1540880 1390
1540890 1390
1540900 1387
1540910 1384
1540920 1380
1540930 1380
1540940 1384
1540950 1385
1540960 1385
1540970 1384
1540980 1382
1540990 1382
1541000 1379
1541010 1381
1541020 1381
1541030 1381
1541040 1375
1541050 1375
1541060 1370
1541070 1366
1541080 1366
1541090 1360
1541100 1359
1541110 1359
1541120 1363
1541130 1364
1541140 1364
1541150 1367
1541160 1373
1541170 1373
1541180 1380
1541190 1386
1541200 1386
1541210 1394
1541220 1401
1541230 1401
1541240 1407
1541250 1414
1541260 1422
1541270 1422
1541280 1432
1541290 1440
1541300 1440
1541310 1447
1541320 1453
1541330 1453
1541340 1462
1541350 1469
1541360 1469
1541370 1477
1541380 1482
1541390 1482
1541400 1486
1541410 1492
1541420 1492
1541430 1493
1541440 1493
1541450 1493
1541460 1495
1541470 1495
1541480 1495
1541490 1494
1541500 1495
1541510 1495
1541520 1497
1541530 1499
1541540 1499
1541550 1499
1541560 1501
1541570 1501
1541580 1502
1541590 1504
1541600 1501
1541610 1501
1541620 1500
1541630 1499
1541640 1499
1541650 1499
1541660 1501
1541670 1501
1541680 1501
1541690 1500
1541700 1500
1541710 1498
1541720 1495
1541730 1495
1541740 1490
1541750 1486
1541760 1486
1541770 1482
1541780 1476
1541790 1476
1541800 1470
1541810 1465
1541820 1465
1541830 1457
1541840 1448
1541850 1448
1541860 1442
1541870 1436
1541880 1436
1541890 1432
1541900 1429
1541910 1429
1541920 1427
1541930 1426
1541940 1424
1541950 1424
1541960 1422
1541970 1420
1541980 1420
1541990 1420
1542000 1421
1542010 1421
1542020 1421
1542030 1421
1542040 1421
1542050 1420
1542060 1420
1542070 1420
1542080 1418
1542090 1418
1542100 1418
1542110 1419
1542120 1421
1542130 1421
1542140 1421
1542150 1421
1542160 1421
1542170 1419
1542180 1419
1542190 1419
1542200 1419
1542210 1419
1542220 1419
1542230 1419
1542240 1419
1542250 1419
1542260 1419
1542270 1418
1542280 1418
1542290 1418
1542300 1418
1542310 1415
1542320 1415
1542330 1412
1542340 1410
1542350 1410
1542360 1408
1542370 1406
1542380 1406
1542390 1403
1542400 1400
1542410 1400
1542420 1396
1542430 1390
1542440 1390
1542450 1386
1542460 1383
1542470 1383
1542480 1381
1542490 1379
1542500 1379
1542510 1377
1542520 1376
1542530 1376
1542540 1375
1542550 1372
1542560 1372
1542570 1368
1542580 1365
1542590 1365
1542600 1363
1542610 1360
1542620 1360
1542630 1356
1542640 1353
1542650 1350
1542660 1350
1542670 1349
1542680 1348
1542690 1348
1542700 1344
1542710 1341
1542720 1341
1542730 1337
1542740 1336
1542750 1336
1542760 1334
1542770 1330
1542780 1330
1542790 1325
1542800 1324
1542810 1324
1542820 1326
1542830 1330
1542840 1330
1542850 1333
1542860 1334
1542870 1334
1542880 1338
1542890 1339
1542900 1339
1542910 1340
1542920 1340
1542930 1340
1542940 1341
1542950 1341
1542960 1341
1542970 1339
1542980 1335
1542990 1333
1543000 1333
1543010 1328
1543020 1327
1543030 1327
1543040 1324
1543050 1323
1543060 1323
1543070 1324
1543080 1325
1543090 1325
1543100 1327
1543110 1327
1543120 1327
1543130 1325
1543140 1324
1543150 1324
1543160 1324
1543170 1324
1543180 1324
1543190 1323
1543200 1320
1543210 1320
1543220 1318
1543230 1317
1543240 1317
1543250 1319
1543260 1320
1543270 1320
1543280 1322
1543290 1323
1543300 1323
1543310 1331
1543320 1330
1543330 1330
1543340 1330
1543350 1332
1543360 1335
1543370 1335
1543380 1340
1543390 1350
1543400 1350
1543410 1356
1543420 1359
1543430 1359
1543440 1363
1543450 1370
1543460 1370
1543470 1379
1543480 1388
1543490 1388
1543500 1396
1543510 1399
1543520 1399
1543530 1401
1543540 1400
1543550 1400
1543560 1399
1543570 1397
1543580 1397
1543590 1394
1543600 1392
1543610 1392
1543620 1389
1543630 1389
1543640 1389
1543650 1388
1543660 1385
1543670 1385
1543680 1382
1543690 1376
1543700 1370
1543710 1370
1543720 1366
1543730 1364
1543740 1364
1543750 1363
1543760 1362
1543770 1362
1543780 1363
1543790 1366
1543800 1366
1543810 1372
1543820 1380
1543830 1380
1543840 1390
1543850 1393
1543860 1393
1543870 1397
1543880 1404
1543890 1404
1543900 1410
1543910 1413
1543920 1413
1543930 1415
1543940 1416
1543950 1416
1543960 1413
1543970 1409
1543980 1409
1543990 1404
1544000 1398
1544010 1398
1544020 1394
1544030 1388
1544040 1383
1544050 1383
1544060 1378
1544070 1374
1544080 1374
1544090 1371
1544100 1369
1544110 1369
1544120 1365
1544130 1361
1544140 1361
1544150 1358
1544160 1356
1544170 1356
1544180 1357
1544190 1356
1544200 1356
1544210 1357
1544220 1358
1544230 1358
1544240 1360
1544250 1362
1544260 1362
1544270 1366
1544280 1370
1544290 1370
1544300 1373
1544310 1374
1544320 1374
1544330 1377
1544340 1380
1544350 1380
1544360 1385
1544370 1387
1544380 1388
1544390 1388
1544400 1390
1544410 1392
1544420 1392
1544430 1394
1544440 1396
1544450 1396
1544460 1398
1544470 1401
1544480 1401
1544490 1405
1544500 1408
1544510 1408
1544520 1409
1544530 1410
1544540 1410
1544550 1410
1544560 1409
1544570 1409
1544580 1409
1544590 1410
1544600 1410
1544610 1411
1544620 1411
1544630 1411
1544640 1411
1544650 1409
1544660 1409
1544670 1407
1544680 1407
1544690 1407
1544700 1407
1544710 1407
1544720 1407
1544730 1409
1544740 1407
1544750 1406
1544760 1406
1544770 1407
1544780 1409
1544790 1409
1544800 1409
1544810 1407
1544820 1407
1544830 1407
1544840 1407
1544850 1407
1544860 1406
1544870 1404
1544880 1404
1544890 1401
1544900 1399
1544910 1399
1544920 1397
1544930 1394
1544940 1394
1544950 1391
1544960 1388
1544970 1388
1544980 1384
1544990 1381
1545000 1381
1545010 1377
1545020 1374
1545030 1374
1545040 1373
1545050 1370
1545060 1370
1545070 1366
1545080 1362
1545090 1356
1545100 1356
1545110 1352
1545120 1346
1545130 1346
1545140 1339
1545150 1332
1545160 1332
1545170 1322
1545180 1309
1545190 1309
1545200 1300
1545210 1288
1545220 1288
1545230 1279
1545240 1270
1545250 1270
1545260 1259
1545270 1251
1545280 1251
1545290 1246
1545300 1240
1545310 1240
1545320 1235
1545330 1231
1545340 1231
1545350 1227
1545360 1224
1545370 1224
1545380 1221
1545390 1218
1545400 1218
1545410 1217
1545420 1216
1545430 1214
1545440 1214
1545450 1211
1545460 1207
1545470 1207
1545480 1205
1545490 1203
1545500 1203
1545510 1201
1545520 1199
1545530 1199
1545540 1199
1545550 1198
1545560 1198
1545570 1199
1545580 1200
1545590 1200
1545600 1201
1545610 1203
1545620 1203
1545630 1206
1545640 1208
1545650 1208
1545660 1217
1545670 1226
1545680 1226
1545690 1229
1545700 1229
1545710 1229
1545720 1229
1545730 1233
1545740 1233
1545750 1236
1545760 1234
1545770 1234
1545780 1234
1545790 1238
1545800 1239
1545810 1239
1545820 1239
1545830 1236
1545840 1236
1545850 1235
1545860 1232
1545870 1232
1545880 1228
1545890 1227
1545900 1227
1545910 1221
1545920 1217
1545930 1217
1545940 1214
1545950 1210
1545960 1210
1545970 1205
1545980 1201
1545990 1201
1546000 1195
1546010 1191
1546020 1191
1546030 1188
1546040 1185
1546050 1185
1546060 1181
1546070 1176
1546080 1176
1546090 1170
1546100 1165
1546110 1165
1546120 1159
1546130 1154
1546140 1149
1546150 1149
1546160 1145
1546170 1140
1546180 1140
1546190 1135
1546200 1130
1546210 1130
1546220 1126
1546230 1121
1546240 1121
1546250 1115
1546260 1110
1546270 1110
1546280 1106
1546290 1102
1546300 1102
1546310 1099
1546320 1095
1546330 1095
1546340 1092
1546350 1089
1546360 1089
1546370 1086
1546380 1084
1546390 1084
1546400 1082
1546410 1080
1546420 1080
1546430 1078
1546440 1076
1546450 1076
1546460 1074
1546470 1073
1546480 1070
1546490 1070
1546500 1067
1546510 1065
1546520 1065
1546530 1062
1546540 1059
1546550 1059
1546560 1058
1546570 1058
1546580 1058
1546590 1058
1546600 1058
1546610 1058
1546620 1057
1546630 1056
1546640 1056
1546650 1054
1546660 1054
1546670 1054
1546680 1053
1546690 1051
1546700 1051
1546710 1049
1546720 1047
1546730 1047
1546740 1046
1546750 1045
1546760 1045
1546770 1044
1546780 1043
1546790 1043
1546800 1043
1546810 1043
1546820 1042
1546830 1042
1546840 1041
1546850 1040
1546860 1040
1546870 1039
1546880 1037
1546890 1037
1546900 1036
1546910 1035
1546920 1035
1546930 1034
1546940 1032
1546950 1032
1546960 1029
1546970 1029
1546980 1029
1546990 1029
1547000 1028
1547010 1028
1547020 1027
1547030 1026
1547040 1026
1547050 1025
1547060 1024
1547070 1024
1547080 1022
1547090 1020
1547100 1020
1547110 1019
1547120 1016
1547130 1016
1547140 1014
1547150 1011
1547160 1011
1547170 1009
1547180 1008
1547190 1007
1547200 1007
1547210 1006
1547220 1005
1547230 1005
1547240 1004
1547250 1002
1547260 1002
1547270 999
1547280 997
1547290 997
1547300 996
1547310 995
1547320 995
1547330 994
1547340 994
1547350 994
1547360 992
1547370 990
1547380 990
1547390 988
1547400 986
1547410 986
1547420 985
1547430 983
1547440 983
1547450 982
1547460 981
1547470 981
1547480 980
1547490 979
1547500 979
1547510 978
1547520 975
1547530 974
1547540 974
1547550 973
1547560 972
1547570 972
1547580 969
1547590 968
1547600 968
1547610 965
1547620 963
1547630 963
1547640 964
1547650 965
1547660 965
1547670 965
1547680 965
1547690 965
1547700 964
1547710 964
1547720 964
1547730 964
1547740 963
1547750 963
1547760 961
1547770 959
1547780 959
1547790 957
1547800 954
1547810 954
1547820 953
1547830 953
1547840 953
1547850 950
1547860 948
1547870 946
1547880 946
1547890 948
1547900 950
1547910 950
1547920 954
1547930 957
1547940 957
1547950 959
1547960 957
1547970 957
1547980 955
1547990 954
1548000 954
1548010 954
1548020 954
1548030 954
1548040 954
1548050 954
1548060 954
1548070 954
1548080 954
1548090 954
1548100 954
1548110 953
1548120 953
1548130 953
1548140 952
1548150 952
1548160 951
1548170 950
1548180 950
1548190 949
1548200 949
1548210 949
1548220 948
1548230 948
1548240 947
1548250 947
1548260 946
1548270 945
1548280 945
1548290 944
1548300 943
1548310 943
1548320 942
1548330 941
1548340 941
1548350 941
1548360 937
1548370 937
1548380 936
1548390 935
1548400 935
1548410 935
1548420 934
1548430 934
1548440 933
1548450 930
1548460 930
1548470 927
1548480 924
1548490 924
1548500 923
1548510 922
1548520 922
1548530 920
1548540 919
1548550 919
1548560 918
1548570 917
1548580 916
1548590 916
1548600 914
1548610 911
1548620 911
1548630 910
1548640 909
1548650 909
1548660 908
1548670 907
1548680 907
1548690 904
1548700 899
1548710 899
1548720 893
1548730 892
1548740 892
1548750 894
1548760 898
1548770 898
1548780 898
1548790 900
1548800 900
1548810 905
1548820 904
1548830 904
1548840 904
1548850 903
1548860 903
1548870 904
1548880 905
1548890 905
1548900 906
1548910 909
1548920 910
1548930 910
1548940 914
1548950 916
1548960 916
1548970 917
1548980 918
1548990 918
1549000 920
1549010 923
1549020 923
1549030 924
1549040 925
1549050 925
1549060 926
1549070 927
1549080 927
1549090 927
1549100 928
1549110 928
1549120 932
1549130 934
1549140 934
1549150 936
1549160 938
1549170 938
1549180 940
1549190 940
1549200 940
1549210 939
1549220 938
1549230 938
1549240 937
1549250 936
1549260 936
1549270 935
1549280 934
1549290 932
1549300 932
1549310 930
1549320 929
1549330 929
1549340 928
1549350 928
1549360 928
1549370 928
1549380 928
1549390 928
1549400 926
1549410 923
1549420 923
1549430 920
1549440 921
1549450 921
1549460 921
1549470 920
1549480 920
1549490 918
1549500 916
1549510 916
1549520 913
1549530 906
1549540 906
1549550 901
1549560 898
1549570 898
1549580 897
1549590 894
1549600 894
1549610 891
1549620 888
1549630 884
1549640 884
1549650 879
1549660 872
1549670 872
1549680 866
1549690 861
1549700 861
1549710 856
1549720 852
1549730 852
1549740 848
1549750 844
1549760 844
1549770 840
1549780 836
1549790 836
1549800 832
1549810 828
1549820 828
1549830 825
1549840 821
1549850 821
1549860 816
1549870 812
1549880 812
1549890 807
1549900 804
1549910 804
1549920 801
1549930 797
1549940 797
1549950 793
1549960 790
1549970 787
1549980 787
1549990 784
1550000 780
1550010 780
1550020 777
1550030 774
1550040 774
1550050 772
1550060 768
1550070 768
1550080 766
1550090 766
1550100 766
1550110 766
1550120 766
1550130 766
1550140 766
1550150 766
1550160 766
1550170 766
1550180 766
1550190 766
1550200 766
1550210 766
1550220 766
1550230 766
1550240 766
1550250 766
1550260 766
1550270 766
1550280 766
1550290 766
1550300 766
1550310 766
1550320 766
1550330 766
1550340 767
1550350 767
1550360 769
1550370 772
1550380 772
1550390 776
1550400 781
1550410 781
1550420 788
1550430 793
1550440 793
1550450 799
1550460 806
1550470 806
1550480 812
1550490 821
1550500 821
1550510 831
1550520 839
1550530 839
1550540 850
1550550 858
1550560 858
1550570 862
1550580 864
1550590 864
1550600 866
1550610 867
1550620 867
1550630 869
1550640 871
1550650 871
1550660 872
1550670 872
1550680 872
1550690 872
1550700 872
1550710 871
1550720 871
1550730 870
1550740 870
1550750 870
1550760 870
1550770 870
1550780 870
1550790 870
1550800 871
1550810 871
1550820 872
1550830 872
1550840 872
1550850 872
1550860 871
1550870 871
1550880 870
1550890 869
1550900 869
1550910 867
1550920 867
1550930 867
1550940 866
1550950 864
1550960 864
1550970 864
1550980 864
1550990 864
1551000 860
1551010 857
1551020 854
1551030 854
1551040 855
1551050 856
1551060 856
1551070 858
1551080 858
1551090 858
1551100 860
1551110 862
1551120 862
1551130 864
1551140 862
1551150 862
1551160 859
1551170 852
1551180 852
1551190 843
1551200 831
1551210 831
1551220 827
1551230 825
1551240 825
1551250 824
1551260 824
1551270 824
1551280 823
1551290 823
1551300 823
1551310 823
1551320 823
1551330 823
1551340 823
1551350 824
1551360 824
1551370 824
1551380 824
1551390 825
1551400 825
1551410 826
1551420 826
1551430 826
1551440 827
1551450 828
1551460 826
1551470 827
1551480 828
1551490 828
1551500 830
1551510 832
1551520 832
1551530 833
1551540 834
1551550 834
1551560 834
1551570 835
1551580 835
1551590 836
1551600 836
1551610 836
1551620 837
1551630 838
1551640 838
1551650 838
1551660 839
1551670 839
1551680 839
1551690 839
1551700 839
1551710 840
1551720 842
1551730 843
1551740 843
1551750 844
1551760 844
1551770 844
1551780 845
1551790 845
1551800 845
1551810 846
1551820 846
1551830 846
1551840 847
1551850 847
1551860 847
1551870 849
1551880 852
1551890 852
1551900 855
1551910 858
1551920 858
1551930 861
1551940 864
1551950 864
1551960 865
1551970 867
1551980 867
1551990 869
1552000 870
1552010 870
1552020 871
1552030 871
1552040 871
1552050 871
1552060 871
1552070 870
1552080 870
1552090 869
1552100 869
1552110 869
1552120 868
1552130 868
1552140 868
1552150 868
1552160 867
1552170 867
1552180 866
1552190 866
1552200 866
1552210 865
1552220 865
1552230 865
1552240 864
1552250 864
1552260 864
1552270 864
1552280 864
1552290 864
1552300 862
1552310 862
1552320 862
1552330 860
1552340 856
1552350 856
1552360 852
1552370 851
1552380 851
1552390 850
1552400 852
1552410 857
1552420 857
1552430 862
1552440 868
1552450 868
1552460 875
1552470 879
1552480 879
1552490 880
1552500 881
1552510 881
1552520 882
1552530 883
1552540 883
1552550 883
1552560 883
1552570 883
1552580 884
1552590 885
1552600 885
1552610 886
1552620 886
1552630 886
1552640 887
1552650 888
1552660 888
1552670 889
1552680 890
1552690 890
1552700 892
1552710 894
1552720 894
1552730 896
1552740 898
1552750 899
1552760 899
1552770 901
1552780 902
1552790 902
1552800 903
1552810 904
1552820 904
1552830 905
1552840 907
1552850 907
1552860 909
1552870 913
1552880 913
1552890 916
1552900 918
1552910 918
1552920 922
1552930 926
1552940 926
1552950 931
1552960 935
1552970 935
1552980 945
1552990 952
1553000 952
1553010 957
1553020 962
1553030 962
1553040 965
1553050 968
1553060 968
1553070 974
1553080 978
1553090 978
1553100 983
1553110 984
1553120 986
1553130 986
1553140 987
1553150 988
1553160 988
1553170 990
1553180 990
1553190 990
1553200 990
1553210 990
1553220 990
1553230 990
1553240 992
1553250 992
1553260 993
1553270 993
1553280 993
1553290 994
1553300 995
1553310 995
1553320 997
1553330 1002
1553340 1002
1553350 1013
1553360 1017
1553370 1017
1553380 1024
1553390 1028
1553400 1028
1553410 1031
1553420 1035
1553430 1035
1553440 1040
1553450 1043
1553460 1046
1553470 1046
1553480 1049
1553490 1052
1553500 1052
1553510 1053
1553520 1056
1553530 1056
1553540 1059
1553550 1061
1553560 1061
1553570 1063
1553580 1065
1553590 1065
1553600 1067
1553610 1069
1553620 1069
1553630 1071
1553640 1074
1553650 1074
1553660 1077
1553670 1078
1553680 1078
1553690 1081
1553700 1084
1553710 1084
1553720 1088
1553730 1092
1553740 1092
1553750 1095
1553760 1098
1553770 1098
1553780 1100
1553790 1101
1553800 1102
1553810 1102
1553820 1103
1553830 1104
1553840 1104
1553850 1105
1553860 1105
1553870 1105
1553880 1105
1553890 1104
1553900 1104
1553910 1103
1553920 1103
1553930 1103
1553940 1102
1553950 1101
1553960 1101
1553970 1100
1553980 1098
1553990 1098
1554000 1096
1554010 1095
1554020 1095
1554030 1093
1554040 1092
1554050 1092
1554060 1092
1554070 1095
1554080 1095
1554090 1099
1554100 1103
1554110 1103
1554120 1107
1554130 1110
1554140 1110
1554150 1112
1554160 1112
1554170 1115
1554180 1115
1554190 1120
1554200 1124
1554210 1124
1554220 1126
1554230 1127
1554240 1127
1554250 1128
1554260 1129
1554270 1129
1554280 1129
1554290 1130
1554300 1130
1554310 1133
1554320 1135
1554330 1135
1554340 1137
1554350 1138
1554360 1138
1554370 1138
1554380 1138
1554390 1138
1554400 1138
1554410 1137
1554420 1137
1554430 1136
1554440 1135
1554450 1135
1554460 1133
1554470 1133
1554480 1133
1554490 1132
1554500 1131
1554510 1135
1554520 1135
1554530 1139
1554540 1141
1554550 1141
1554560 1142
1554570 1144
1554580 1144
1554590 1146
1554600 1147
1554610 1147
1554620 1148
1554630 1149
1554640 1149
1554650 1148
1554660 1150
1554670 1150
1554680 1153
1554690 1155
1554700 1155
1554710 1157
1554720 1159
1554730 1159
1554740 1160
1554750 1161
1554760 1161
1554770 1162
1554780 1162
1554790 1162
1554800 1163
1554810 1164
1554820 1164
1554830 1165
1554840 1166
1554850 1169
1554860 1169
1554870 1171
1554880 1173
1554890 1173
1554900 1175
1554910 1178
1554920 1178
1554930 1180
1554940 1182
1554950 1182
1554960 1184
1554970 1184
1554980 1184
1554990 1184
1555000 1185
1555010 1185
1555020 1186
1555030 1188
1555040 1188
1555050 1190
1555060 1192
1555070 1192
1555080 1193
1555090 1195
1555100 1195
1555110 1197
1555120 1198
1555130 1198
1555140 1200
1555150 1202
1555160 1202
1555170 1204
1555180 1205
1555190 1205
1555200 1204
1555210 1205
1555220 1205
1555230 1205
1555240 1206
1555250 1209
1555260 1209
1555270 1210
1555280 1210
1555290 1210
1555300 1211
1555310 1213
1555320 1213
1555330 1214
1555340 1215
1555350 1215
1555360 1216
1555370 1217
1555380 1217
1555390 1217
1555400 1217
1555410 1217
1555420 1216
1555430 1215
1555440 1215
1555450 1213
1555460 1213
1555470 1213
1555480 1215
1555490 1218
1555500 1218
1555510 1221
1555520 1224
1555530 1224
1555540 1227
1555550 1229
1555560 1231
1555570 1231
1555580 1234
1555590 1237
1555600 1237
1555610 1239
1555620 1242
1555630 1242
1555640 1244
1555650 1246
1555660 1246
1555670 1248
1555680 1249
1555690 1249
1555700 1250
1555710 1252
1555720 1252
1555730 1254
1555740 1257
1555750 1257
1555760 1259
1555770 1262
1555780 1262
1555790 1266
1555800 1270
1555810 1270
1555820 1273
1555830 1276
1555840 1276
1555850 1278
1555860 1281
1555870 1281
1555880 1283
1555890 1286
1555900 1289
1555910 1289
1555920 1291
1555930 1293
1555940 1293
1555950 1294
1555960 1295
1555970 1295
1555980 1295
1555990 1295
1556000 1295
1556010 1296
1556020 1297
1556030 1297
1556040 1295
1556050 1292
1556060 1292
1556070 1287
1556080 1280
1556090 1280
1556100 1271
1556110 1259
1556120 1259
1556130 1247
1556140 1234
1556150 1234
1556160 1224
1556170 1216
1556180 1216
1556190 1209
1556200 1202
1556210 1202
1556220 1196
1556230 1190
1556240 1184
1556250 1184
1556260 1179
1556270 1173
1556280 1173
1556290 1168
1556300 1163
1556310 1163
1556320 1158
1556330 1153
1556340 1153
1556350 1148
1556360 1145
1556370 1145
1556380 1142
1556390 1141
1556400 1141
1556410 1144
1556420 1145
1556430 1145
1556440 1142
1556450 1137
1556460 1137
1556470 1135
1556480 1139
1556490 1139
1556500 1143
1556510 1145
1556520 1145
1556530 1147
1556540 1149
1556550 1149
1556560 1153
1556570 1160
1556580 1160
1556590 1167
1556600 1174
1556610 1182
1556620 1182
1556630 1192
1556640 1201
1556650 1201
1556660 1222
1556670 1249
1556680 1249
1556690 1266
1556700 1279
1556710 1279
1556720 1288
1556730 1297
1556740 1297
1556750 1302
1556760 1308
1556770 1308
1556780 1311
1556790 1317
1556800 1317
1556810 1323
1556820 1328
1556830 1328
1556840 1330
1556850 1329
1556860 1329
1556870 1331
1556880 1333
1556890 1333
1556900 1333
1556910 1335
1556920 1335
1556930 1338
1556940 1337
1556950 1337
1556960 1337
1556970 1341
1556980 1343
1556990 1339
1557000 1341
1557010 1342
1557020 1342
1557030 1342
1557040 1343
1557050 1343
1557060 1346
1557070 1347
1557080 1347
1557090 1347
1557100 1348
1557110 1348
1557120 1347
1557130 1348
1557140 1348
1557150 1346
1557160 1345
1557170 1345
1557180 1344
1557190 1344
1557200 1344
1557210 1342
1557220 1341
1557230 1341
1557240 1342
1557250 1342
1557260 1342
1557270 1340
1557280 1341
1557290 1343
1557300 1343
1557310 1345
1557320 1342
1557330 1342
1557340 1338
1557350 1335
1557360 1335
1557370 1331
1557380 1327
1557390 1327
1557400 1325
1557410 1322
1557420 1322
1557430 1320
1557440 1317
1557450 1317
1557460 1313
1557470 1309
1557480 1309
1557490 1307
1557500 1302
1557510 1302
1557520 1295
1557530 1289
1557540 1289
1557550 1288
1557560 1284
1557570 1284
1557580 1279
1557590 1273
1557600 1273
1557610 1263
1557620 1256
1557630 1256
1557640 1251
1557650 1246
1557660 1240
1557670 1240
1557680 1235
1557690 1230
1557700 1230
1557710 1224
1557720 1220
1557730 1220
1557740 1215
1557750 1213
1557760 1213
1557770 1211
1557780 1208
1557790 1208
1557800 1205
1557810 1202
1557820 1202
1557830 1201
1557840 1202
1557850 1202
1557860 1200
1557870 1202
1557880 1202
1557890 1199
1557900 1194
1557910 1194
1557920 1189
1557930 1186
1557940 1186
1557950 1189
1557960 1190
1557970 1190
1557980 1192
1557990 1193
1558000 1193
1558010 1193
1558020 1190
1558030 1187
1558040 1187
1558050 1185
1558060 1184
1558070 1184
1558080 1182
1558090 1181
1558100 1181
1558110 1180
1558120 1178
1558130 1178
1558140 1177
1558150 1178
1558160 1178
1558170 1178
1558180 1179
1558190 1179
1558200 1181
1558210 1184
1558220 1184
1558230 1187
1558240 1190
1558250 1190
1558260 1195
1558270 1200
1558280 1200
1558290 1205
1558300 1210
1558310 1210
1558320 1215
1558330 1220
1558340 1225
1558350 1225
1558360 1229
1558370 1234
1558380 1234
1558390 1239
1558400 1246
1558410 1246
1558420 1251
1558430 1258
1558440 1258
1558450 1265
1558460 1273
1558470 1273
1558480 1283
1558490 1297
1558500 1297
1558510 1305
1558520 1311
1558530 1311
1558540 1318
1558550 1325
1558560 1325
1558570 1333
1558580 1342
1558590 1342
1558600 1350
1558610 1358
1558620 1358
1558630 1373
1558640 1382
1558650 1382
1558660 1389
1558670 1399
1558680 1406
1558690 1406
1558700 1412
1558710 1420
1558720 1420
1558730 1423
1558740 1431
1558750 1431
1558760 1437
1558770 1446
1558780 1446
1558790 1454
1558800 1461
1558810 1461
1558820 1467
1558830 1471
1558840 1471
1558850 1473
1558860 1476
1558870 1476
1558880 1479
1558890 1484
1558900 1484
1558910 1491
1558920 1496
1558930 1496
1558940 1501
1558950 1503
1558960 1503
1558970 1510
1558980 1519
1558990 1519
1559000 1526
1559010 1531
1559020 1531
1559030 1535
1559040 1539
1559050 1546
1559060 1546
1559070 1552
1559080 1556
1559090 1556
1559100 1561
1559110 1568
1559120 1568
1559130 1576
1559140 1580
1559150 1580
1559160 1580
1559170 1580
1559180 1580
1559190 1578
1559200 1574
1559210 1574
1559220 1574
1559230 1577
1559240 1577
1559250 1578
1559260 1588
1559270 1588
1559280 1591
1559290 1592
1559300 1592
1559310 1594
1559320 1596
1559330 1596
1559340 1603
1559350 1607
1559360 1607
1559370 1609
1559380 1603
1559390 1603
1559400 1603
1559410 1610
1559420 1611
1559430 1611
1559440 1611
1559450 1611
1559460 1611
1559470 1611
1559480 1610
1559490 1610
1559500 1607
1559510 1611
1559520 1611
1559530 1621
1559540 1637
1559550 1637
1559560 1642
1559570 1639
1559580 1639
1559590 1636
1559600 1635
1559610 1635
1559620 1636
1559630 1632
1559640 1632
1559650 1625
1559660 1616
1559670 1616
1559680 1628
1559690 1636
1559700 1636
1559710 1643
1559720 1654
1559730 1665
1559740 1665
1559750 1669
1559760 1677
1559770 1677
1559780 1679
1559790 1685
1559800 1685
1559810 1692
1559820 1694
1559830 1694
1559840 1698
1559850 1701
1559860 1701
1559870 1705
1559880 1711
1559890 1711
1559900 1715
1559910 1717
1559920 1717
1559930 1718
1559940 1728
1559950 1728
1559960 1741
1559970 1749
1559980 1749
1559990 1757
