1540000 1382
1540010 1382
1540020 1381
1540030 1379
1540040 1379
1540050 1379
1540060 1381
1540070 1381
1540080 1381
1540090 1376
1540100 1374
1540110 1374
1540120 1372
1540130 1369
1540140 1369
1540150 1368
1540160 1367
1540170 1367
1540180 1368
1540190 1367
1540200 1367
1540210 1363
1540220 1360
1540230 1360
1540240 1354
1540250 1347
1540260 1347
1540270 1339
1540280 1333
1540290 1333
1540300 1329
1540310 1326
1540320 1326
1540330 1322
1540340 1318
1540350 1318
1540360 1314
1540370 1310
1540380 1310
1540390 1307
1540400 1305
1540410 1305
1540420 1301
1540430 1297
1540440 1297
1540450 1295
1540460 1292
1540470 1289
1540480 1289
1540490 1287
1540500 1284
1540510 1284
1540520 1281
1540530 1277
1540540 1277
1540550 1275
1540560 1272
1540570 1272
1540580 1271
1540590 1266
1540600 1266
1540610 1263
1540620 1260
1540630 1260
1540640 1257
1540650 1253
1540660 1253
1540670 1252
1540680 1251
1540690 1251
1540700 1253
1540710 1251
1540720 1251
1540730 1247
1540740 1245
1540750 1245
1540760 1244
1540770 1240
1540780 1240
1540790 1237
1540800 1235
1540810 1232
1540820 1232
1540830 1231
1540840 1230
1540850 1230
1540860 1230
1540870 1229
1540880 1229
1540890 1226
1540900 1222
1540910 1222
1540920 1217
1540930 1213
1540940 1213
1540950 1208
1540960 1203
1540970 1203
1540980 1197
1540990 1191
1541000 1191
1541010 1186
1541020 1183
1541030 1183
1541040 1178
1541050 1173
1541060 1173
1541070 1169
1541080 1171
1541090 1171
1541100 1168
1541110 1164
1541120 1164
1541130 1160
1541140 1156
1541150 1156
1541160 1158
1541170 1161
1541180 1166
1541190 1166
1541200 1168
1541210 1169
1541220 1169
1541230 1172
1541240 1174
1541250 1174
1541260 1175
1541270 1178
1541280 1178
1541290 1183
1541300 1192
1541310 1192
1541320 1196
1541330 1201
1541340 1201
1541350 1202
1541360 1204
1541370 1204
1541380 1207
1541390 1208
1541400 1208
1541410 1207
1541420 1205
1541430 1205
1541440 1203
1541450 1200
1541460 1200
1541470 1195
1541480 1193
1541490 1193
1541500 1191
1541510 1189
1541520 1188
1541530 1188
1541540 1186
1541550 1182
1541560 1182
1541570 1180
1541580 1177
1541590 1177
1541600 1180
1541610 1184
1541620 1184
1541630 1187
1541640 1192
1541650 1192
1541660 1195
1541670 1197
1541680 1197
1541690 1201
1541700 1208
1541710 1208
1541720 1216
1541730 1223
1541740 1223
1541750 1231
1541760 1240
1541770 1240
1541780 1248
1541790 1258
1541800 1258
1541810 1265
1541820 1272
1541830 1272
1541840 1291
1541850 1303
1541860 1304
1541870 1304
1541880 1304
1541890 1306
1541900 1306
1541910 1305
1541920 1306
1541930 1306
1541940 1307
1541950 1308
1541960 1308
1541970 1308
1541980 1307
1541990 1307
1542000 1304
1542010 1302
1542020 1302
1542030 1300
1542040 1299
1542050 1299
1542060 1297
1542070 1294
1542080 1294
1542090 1292
1542100 1290
1542110 1290
1542120 1289
1542130 1289
1542140 1289
1542150 1286
1542160 1282
1542170 1282
1542180 1278
1542190 1275
1542200 1275
1542210 1273
1542220 1271
1542230 1268
1542240 1268
1542250 1265
1542260 1262
1542270 1262
1542280 1258
1542290 1253
1542300 1253
1542310 1248
1542320 1244
1542330 1244
1542340 1239
1542350 1235
1542360 1235
1542370 1234
1542380 1231
1542390 1231
1542400 1230
1542410 1228
1542420 1228
1542430 1225
1542440 1220
1542450 1220
1542460 1215
1542470 1211
1542480 1211
1542490 1207
1542500 1204
1542510 1204
1542520 1202
1542530 1201
1542540 1201
1542550 1200
1542560 1200
1542570 1199
1542580 1199
1542590 1199
1542600 1200
1542610 1200
1542620 1201
1542630 1201
1542640 1201
1542650 1201
1542660 1201
1542670 1201
1542680 1200
1542690 1199
1542700 1199
1542710 1199
1542720 1199
1542730 1199
1542740 1200
1542750 1200
1542760 1200
1542770 1200
1542780 1200
1542790 1200
1542800 1201
1542810 1202
1542820 1202
1542830 1203
1542840 1203
1542850 1203
1542860 1204
1542870 1205
1542880 1205
1542890 1207
1542900 1207
1542910 1207
1542920 1208
1542930 1206
1542940 1205
1542950 1205
1542960 1203
1542970 1203
1542980 1203
1542990 1204
1543000 1205
1543010 1205
1543020 1204
1543030 1203
1543040 1203
1543050 1202
1543060 1199
1543070 1199
1543080 1197
1543090 1195
1543100 1195
1543110 1192
1543120 1189
1543130 1189
1543140 1186
1543150 1183
1543160 1183
1543170 1181
1543180 1180
1543190 1180
1543200 1180
1543210 1180
1543220 1180
1543230 1180
1543240 1179
1543250 1179
1543260 1180
1543270 1181
1543280 1186
1543290 1186
1543300 1190
1543310 1194
1543320 1194
1543330 1195
1543340 1195
1543350 1195
1543360 1196
1543370 1195
1543380 1195
1543390 1196
1543400 1194
1543410 1194
1543420 1193
1543430 1193
1543440 1193
1543450 1193
1543460 1190
1543470 1190
1543480 1188
1543490 1186
1543500 1186
1543510 1184
1543520 1181
1543530 1181
1543540 1181
1543550 1179
1543560 1179
1543570 1179
1543580 1180
1543590 1180
1543600 1184
1543610 1187
1543620 1193
1543630 1193
1543640 1206
1543650 1216
1543660 1216
1543670 1220
1543680 1221
1543690 1221
1543700 1224
1543710 1225
1543720 1225
1543730 1227
1543740 1227
1543750 1227
1543760 1226
1543770 1225
1543780 1225
1543790 1220
1543800 1218
1543810 1218
1543820 1217
1543830 1217
1543840 1217
1543850 1217
1543860 1218
1543870 1218
1543880 1221
1543890 1221
1543900 1221
1543910 1219
1543920 1219
1543930 1219
1543940 1216
1543950 1213
1543960 1213
1543970 1210
1543980 1209
1543990 1205
1544000 1205
1544010 1204
1544020 1201
1544030 1201
1544040 1198
1544050 1194
1544060 1194
1544070 1192
1544080 1188
1544090 1188
1544100 1183
1544110 1180
1544120 1180
1544130 1175
1544140 1171
1544150 1171
1544160 1167
1544170 1164
1544180 1164
1544190 1161
1544200 1160
1544210 1160
1544220 1158
1544230 1157
1544240 1157
1544250 1157
1544260 1160
1544270 1160
1544280 1163
1544290 1165
1544300 1165
1544310 1166
1544320 1169
1544330 1171
1544340 1171
1544350 1172
1544360 1172
1544370 1172
1544380 1171
1544390 1171
1544400 1171
1544410 1171
1544420 1172
1544430 1172
1544440 1172
1544450 1171
1544460 1171
1544470 1170
1544480 1169
1544490 1169
1544500 1168
1544510 1167
1544520 1167
1544530 1165
1544540 1164
1544550 1164
1544560 1162
1544570 1160
1544580 1160
1544590 1159
1544600 1158
1544610 1158
1544620 1159
1544630 1159
1544640 1159
1544650 1160
1544660 1161
1544670 1161
1544680 1163
1544690 1162
1544700 1161
1544710 1161
1544720 1159
1544730 1157
1544740 1157
1544750 1155
1544760 1153
1544770 1153
1544780 1152
1544790 1150
1544800 1150
1544810 1150
1544820 1146
1544830 1146
1544840 1146
1544850 1146
1544860 1146
1544870 1143
1544880 1141
1544890 1141
1544900 1142
1544910 1144
1544920 1144
1544930 1145
1544940 1148
1544950 1148
1544960 1149
1544970 1151
1544980 1151
1544990 1150
1545000 1149
1545010 1149
1545020 1149
1545030 1149
1545040 1148
1545050 1148
1545060 1148
1545070 1143
1545080 1143
1545090 1138
1545100 1136
1545110 1136
1545120 1134
1545130 1132
1545140 1132
1545150 1130
1545160 1129
1545170 1129
1545180 1128
1545190 1127
1545200 1127
1545210 1127
1545220 1126
1545230 1126
1545240 1126
1545250 1126
1545260 1126
1545270 1126
1545280 1126
1545290 1126
1545300 1127
1545310 1126
1545320 1126
1545330 1127
1545340 1128
1545350 1128
1545360 1128
1545370 1128
1545380 1128
1545390 1128
1545400 1128
1545410 1128
1545420 1128
1545430 1127
1545440 1126
1545450 1126
1545460 1124
1545470 1123
1545480 1123
1545490 1121
1545500 1115
1545510 1115
1545520 1114
1545530 1113
1545540 1113
1545550 1113
1545560 1111
1545570 1111
1545580 1109
1545590 1107
1545600 1107
1545610 1106
1545620 1105
1545630 1105
1545640 1103
1545650 1100
1545660 1100
1545670 1097
1545680 1096
1545690 1096
1545700 1095
1545710 1094
1545720 1094
1545730 1092
1545740 1091
1545750 1089
1545760 1089
1545770 1088
1545780 1088
1545790 1088
1545800 1087
1545810 1087
1545820 1087
1545830 1086
1545840 1086
1545850 1086
1545860 1084
1545870 1082
1545880 1082
1545890 1080
1545900 1080
1545910 1080
1545920 1079
1545930 1078
1545940 1078
1545950 1076
1545960 1075
1545970 1075
1545980 1074
1545990 1076
1546000 1076
1546010 1076
1546020 1075
1546030 1075
1546040 1074
1546050 1071
1546060 1071
1546070 1067
1546080 1071
1546090 1072
1546100 1072
1546110 1072
1546120 1071
1546130 1071
1546140 1071
1546150 1070
1546160 1070
1546170 1069
1546180 1069
1546190 1069
1546200 1068
1546210 1068
1546220 1068
1546230 1067
1546240 1067
1546250 1067
1546260 1065
1546270 1065
1546280 1065
1546290 1064
1546300 1064
1546310 1064
1546320 1063
1546330 1062
1546340 1062
1546350 1062
1546360 1061
1546370 1061
1546380 1059
1546390 1057
1546400 1057
1546410 1057
1546420 1056
1546430 1056
1546440 1056
1546450 1056
1546460 1055
1546470 1055
1546480 1054
1546490 1053
1546500 1053
1546510 1052
1546520 1051
1546530 1051
1546540 1049
1546550 1047
1546560 1047
1546570 1045
1546580 1043
1546590 1043
1546600 1042
1546610 1041
1546620 1041
1546630 1040
1546640 1039
1546650 1039
1546660 1038
1546670 1037
1546680 1037
1546690 1036
1546700 1035
1546710 1035
1546720 1034
1546730 1032
1546740 1032
1546750 1031
1546760 1030
1546770 1030
1546780 1029
1546790 1028
1546800 1027
1546810 1027
1546820 1025
1546830 1023
1546840 1023
1546850 1021
1546860 1021
1546870 1021
1546880 1022
1546890 1021
1546900 1021
1546910 1021
1546920 1021
1546930 1021
1546940 1021
1546950 1021
1546960 1021
1546970 1020
1546980 1021
1546990 1021
1547000 1020
1547010 1019
1547020 1019
1547030 1018
1547040 1016
1547050 1016
1547060 1015
1547070 1013
1547080 1013
1547090 1012
1547100 1010
1547110 1010
1547120 1008
1547130 1006
1547140 1006
1547150 1005
1547160 1004
1547170 1003
1547180 1003
1547190 1001
1547200 1000
1547210 1000
1547220 998
1547230 996
1547240 996
1547250 994
1547260 992
1547270 992
1547280 989
1547290 986
1547300 986
1547310 983
1547320 979
1547330 979
1547340 975
1547350 975
1547360 975
1547370 976
1547380 975
1547390 975
1547400 974
1547410 972
1547420 972
1547430 971
1547440 970
1547450 970
1547460 968
1547470 964
1547480 964
1547490 959
1547500 955
1547510 952
1547520 952
1547530 948
1547540 947
1547550 947
1547560 947
1547570 946
1547580 946
1547590 946
1547600 947
1547610 947
1547620 949
1547630 950
1547640 950
1547650 952
1547660 954
1547670 954
1547680 956
1547690 958
1547700 958
1547710 961
1547720 964
1547730 964
1547740 967
1547750 970
1547760 970
1547770 971
1547780 971
1547790 971
1547800 970
1547810 969
1547820 969
1547830 967
1547840 966
1547850 966
1547860 965
1547870 964
1547880 962
1547890 962
1547900 961
1547910 960
1547920 960
1547930 958
1547940 956
1547950 956
1547960 954
1547970 953
1547980 953
1547990 952
1548000 951
1548010 951
1548020 949
1548030 947
1548040 947
1548050 944
1548060 942
1548070 942
1548080 940
1548090 937
1548100 937
1548110 935
1548120 932
1548130 932
1548140 931
1548150 929
1548160 929
1548170 927
1548180 925
1548190 925
1548200 923
1548210 921
1548220 920
1548230 920
1548240 918
1548250 916
1548260 916
1548270 914
1548280 913
1548290 913
1548300 910
1548310 909
1548320 909
1548330 907
1548340 905
1548350 905
1548360 904
1548370 902
1548380 902
1548390 901
1548400 900
1548410 900
1548420 899
1548430 898
1548440 898
1548450 897
1548460 896
1548470 896
1548480 895
1548490 894
1548500 894
1548510 893
1548520 892
1548530 892
1548540 891
1548550 890
1548560 888
1548570 888
1548580 887
1548590 886
1548600 886
1548610 884
1548620 883
1548630 883
1548640 882
1548650 880
1548660 880
1548670 878
1548680 877
1548690 877
1548700 875
1548710 873
1548720 873
1548730 871
1548740 869
1548750 869
1548760 867
1548770 865
1548780 865
1548790 863
1548800 862
1548810 862
1548820 861
1548830 859
1548840 859
1548850 858
1548860 857
1548870 857
1548880 856
1548890 855
1548900 855
1548910 853
1548920 852
1548930 851
1548940 851
1548950 849
1548960 848
1548970 848
1548980 845
1548990 844
1549000 844
1549010 843
1549020 843
1549030 843
1549040 842
1549050 840
1549060 840
1549070 837
1549080 835
1549090 835
1549100 832
1549110 830
1549120 830
1549130 827
1549140 825
1549150 825
1549160 823
1549170 821
1549180 821
1549190 818
1549200 816
1549210 816
1549220 813
1549230 810
1549240 810
1549250 807
1549260 805
1549270 803
1549280 803
1549290 801
1549300 798
1549310 798
1549320 796
1549330 794
1549340 794
1549350 793
1549360 792
1549370 792
1549380 791
1549390 790
1549400 790
1549410 790
1549420 790
1549430 790
1549440 790
1549450 790
1549460 790
1549470 789
1549480 789
1549490 789
1549500 790
1549510 790
1549520 790
1549530 790
1549540 790
1549550 790
1549560 789
1549570 788
1549580 788
1549590 788
1549600 787
1549610 787
1549620 786
1549630 785
1549640 785
1549650 785
1549660 784
1549670 784
1549680 784
1549690 784
1549700 786
1549710 786
1549720 786
1549730 785
1549740 785
1549750 782
1549760 780
1549770 780
1549780 780
1549790 779
1549800 779
1549810 777
1549820 777
1549830 777
1549840 777
1549850 775
1549860 775
1549870 773
1549880 774
1549890 774
1549900 777
1549910 778
1549920 778
1549930 777
1549940 773
1549950 773
1549960 771
1549970 770
1549980 770
1549990 770
1550000 770
1550010 770
1550020 770
1550030 771
1550040 771
1550050 771
1550060 771
1550070 771
1550080 771
1550090 771
1550100 771
1550110 771
1550120 771
1550130 771
1550140 771
1550150 770
1550160 770
1550170 770
1550180 770
1550190 770
1550200 770
1550210 770
1550220 770
1550230 770
1550240 770
1550250 770
1550260 770
1550270 770
1550280 770
1550290 770
1550300 770
1550310 770
1550320 770
1550330 770
1550340 770
1550350 770
1550360 770
1550370 770
1550380 770
1550390 770
1550400 770
1550410 770
1550420 770
1550430 768
1550440 769
1550450 769
1550460 769
1550470 769
1550480 769
1550490 769
1550500 770
1550510 770
1550520 769
1550530 769
1550540 769
1550550 770
1550560 772
1550570 772
1550580 776
1550590 778
1550600 778
1550610 779
1550620 779
1550630 779
1550640 779
1550650 779
1550660 779
1550670 778
1550680 778
1550690 776
1550700 776
1550710 777
1550720 779
1550730 779
1550740 780
1550750 780
1550760 780
1550770 781
1550780 782
1550790 782
1550800 783
1550810 783
1550820 783
1550830 784
1550840 784
1550850 784
1550860 785
1550870 785
1550880 785
1550890 785
1550900 785
1550910 785
1550920 785
1550930 786
1550940 786
1550950 786
1550960 787
1550970 787
1550980 787
1550990 787
1551000 787
1551010 787
1551020 787
1551030 787
1551040 787
1551050 787
1551060 787
1551070 787
1551080 788
1551090 788
1551100 788
1551110 788
1551120 788
1551130 788
1551140 788
1551150 788
1551160 788
1551170 788
1551180 787
1551190 787
1551200 786
1551210 786
1551220 786
1551230 786
1551240 786
1551250 786
1551260 786
1551270 786
1551280 786
1551290 786
1551300 786
1551310 786
1551320 786
1551330 785
1551340 785
1551350 785
1551360 785
1551370 785
1551380 785
1551390 785
1551400 785
1551410 785
1551420 785
1551430 785
1551440 785
1551450 785
1551460 786
1551470 786
1551480 786
1551490 786
1551500 786
1551510 786
1551520 786
1551530 786
1551540 787
1551550 787
1551560 787
1551570 788
1551580 788
1551590 788
1551600 788
1551610 788
1551620 788
1551630 788
1551640 788
1551650 788
1551660 788
1551670 788
1551680 788
1551690 788
1551700 789
1551710 789
1551720 789
1551730 789
1551740 790
1551750 790
1551760 791
1551770 793
1551780 793
1551790 795
1551800 797
1551810 797
1551820 799
1551830 802
1551840 802
1551850 804
1551860 805
1551870 805
1551880 807
1551890 808
1551900 808
1551910 810
1551920 811
1551930 811
1551940 812
1551950 813
1551960 813
1551970 814
1551980 815
1551990 815
1552000 815
1552010 815
1552020 815
1552030 816
1552040 816
1552050 816
1552060 816
1552070 816
1552080 816
1552090 816
1552100 817
1552110 817
1552120 817
1552130 817
1552140 817
1552150 817
1552160 817
1552170 817
1552180 817
1552190 817
1552200 817
1552210 817
1552220 818
1552230 818
1552240 818
1552250 818
1552260 819
1552270 819
1552280 819
1552290 819
1552300 819
1552310 820
1552320 820
1552330 820
1552340 820
1552350 820
1552360 820
1552370 820
1552380 820
1552390 820
1552400 820
1552410 819
1552420 819
1552430 819
1552440 818
1552450 818
1552460 818
1552470 818
1552480 817
1552490 817
1552500 817
1552510 816
1552520 816
1552530 816
1552540 816
1552550 816
1552560 816
1552570 815
1552580 815
1552590 813
1552600 813
1552610 813
1552620 813
1552630 810
1552640 810
1552650 808
1552660 807
1552670 807
1552680 806
1552690 807
1552700 807
1552710 805
1552720 805
1552730 805
1552740 804
1552750 804
1552760 804
1552770 803
1552780 803
1552790 803
1552800 803
1552810 802
1552820 802
1552830 802
1552840 802
1552850 802
1552860 802
1552870 801
1552880 801
1552890 801
1552900 801
1552910 801
1552920 801
1552930 801
1552940 800
1552950 800
1552960 800
1552970 799
1552980 799
1552990 798
1553000 797
1553010 797
1553020 797
1553030 797
1553040 797
1553050 797
1553060 797
1553070 797
1553080 797
1553090 797
1553100 797
1553110 797
1553120 797
1553130 797
1553140 797
1553150 797
1553160 797
1553170 797
1553180 797
1553190 797
1553200 797
1553210 797
1553220 797
1553230 797
1553240 797
1553250 797
1553260 797
1553270 797
1553280 797
1553290 797
1553300 796
1553310 797
1553320 797
1553330 797
1553340 797
1553350 797
1553360 797
1553370 797
1553380 797
1553390 797
1553400 797
1553410 797
1553420 797
1553430 797
1553440 797
1553450 797
1553460 798
1553470 798
1553480 798
1553490 798
1553500 798
1553510 798
1553520 798
1553530 798
1553540 798
1553550 798
1553560 799
1553570 799
1553580 799
1553590 799
1553600 799
1553610 799
1553620 800
1553630 800
1553640 800
1553650 801
1553660 801
1553670 802
1553680 802
1553690 802
1553700 803
1553710 803
1553720 803
1553730 803
1553740 804
1553750 804
1553760 804
1553770 804
1553780 804
1553790 805
1553800 805
1553810 805
1553820 805
1553830 805
1553840 805
1553850 806
1553860 806
1553870 806
1553880 806
1553890 806
1553900 807
1553910 807
1553920 806
1553930 807
1553940 807
1553950 807
1553960 806
1553970 806
1553980 806
1553990 806
1554000 806
1554010 807
1554020 807
1554030 807
1554040 807
1554050 807
1554060 807
1554070 807
1554080 807
1554090 807
1554100 807
1554110 808
1554120 808
1554130 808
1554140 809
1554150 809
1554160 809
1554170 809
1554180 809
1554190 810
1554200 810
1554210 810
1554220 810
1554230 811
1554240 811
1554250 811
1554260 811
1554270 812
1554280 812
1554290 812
1554300 812
1554310 812
1554320 812
1554330 812
1554340 812
1554350 813
1554360 814
1554370 814
1554380 814
1554390 814
1554400 814
1554410 814
1554420 815
1554430 815
1554440 815
1554450 816
1554460 816
1554470 817
1554480 818
1554490 818
1554500 818
1554510 819
1554520 819
1554530 820
1554540 820
1554550 820
1554560 820
1554570 821
1554580 822
1554590 822
1554600 822
1554610 823
1554620 823
1554630 823
1554640 824
1554650 824
1554660 824
1554670 824
1554680 824
1554690 825
1554700 825
1554710 825
1554720 825
1554730 826
1554740 826
1554750 826
1554760 827
1554770 827
1554780 827
1554790 828
1554800 828
1554810 829
1554820 829
1554830 829
1554840 829
1554850 829
1554860 829
1554870 830
1554880 831
1554890 831
1554900 832
1554910 832
1554920 833
1554930 833
1554940 833
1554950 834
1554960 834
1554970 834
1554980 834
1554990 834
1555000 834
1555010 835
1555020 835
1555030 835
1555040 835
1555050 835
1555060 836
1555070 836
1555080 836
1555090 836
1555100 837
1555110 837
1555120 837
1555130 837
1555140 837
1555150 838
1555160 839
1555170 839
1555180 840
1555190 840
1555200 840
1555210 841
1555220 842
1555230 841
1555240 842
1555250 843
1555260 844
1555270 844
1555280 846
1555290 848
1555300 848
1555310 849
1555320 850
1555330 850
1555340 851
1555350 853
1555360 853
1555370 855
1555380 856
1555390 856
1555400 856
1555410 858
1555420 858
1555430 859
1555440 860
1555450 860
1555460 861
1555470 862
1555480 862
1555490 863
1555500 863
1555510 863
1555520 863
1555530 864
1555540 864
1555550 865
1555560 866
1555570 866
1555580 867
1555590 868
1555600 868
1555610 870
1555620 871
1555630 872
1555640 872
1555650 873
1555660 874
1555670 874
1555680 876
1555690 878
1555700 878
1555710 881
1555720 883
1555730 883
1555740 885
1555750 886
1555760 886
1555770 887
1555780 889
1555790 889
1555800 891
1555810 892
1555820 892
1555830 893
1555840 894
1555850 894
1555860 895
1555870 896
1555880 896
1555890 897
1555900 897
1555910 897
1555920 898
1555930 898
1555940 898
1555950 898
1555960 895
1555970 896
1555980 896
1555990 899
1556000 901
1556010 901
1556020 902
1556030 903
1556040 903
1556050 904
1556060 903
1556070 903
1556080 903
1556090 905
1556100 905
1556110 905
1556120 905
1556130 905
1556140 906
1556150 906
1556160 906
1556170 907
1556180 908
1556190 908
1556200 908
1556210 907
1556220 907
1556230 907
1556240 908
1556250 908
1556260 909
1556270 908
1556280 908
1556290 906
1556300 908
1556310 908
1556320 909
1556330 909
1556340 910
1556350 910
1556360 910
1556370 911
1556380 911
1556390 911
1556400 910
1556410 910
1556420 909
1556430 905
1556440 905
1556450 904
1556460 905
1556470 905
1556480 908
1556490 910
1556500 910
1556510 912
1556520 912
1556530 912
1556540 912
1556550 912
1556560 912
1556570 912
1556580 912
1556590 912
1556600 912
1556610 912
1556620 912
1556630 912
1556640 912
1556650 912
1556660 910
1556670 908
1556680 908
1556690 908
1556700 909
1556710 911
1556720 911
1556730 911
1556740 910
1556750 910
1556760 910
1556770 910
1556780 910
1556790 910
1556800 911
1556810 911
1556820 911
1556830 911
1556840 911
1556850 911
1556860 911
1556870 911
1556880 911
1556890 911
1556900 911
1556910 912
1556920 913
1556930 913
1556940 913
1556950 914
1556960 914
1556970 915
1556980 915
1556990 915
1557000 916
1557010 916
1557020 915
1557030 915
1557040 915
1557050 915
1557060 915
1557070 914
1557080 911
1557090 911
1557100 911
1557110 910
1557120 910
1557130 911
1557140 912
1557150 912
1557160 912
1557170 913
1557180 913
1557190 915
1557200 916
1557210 916
1557220 919
1557230 921
1557240 921
1557250 922
1557260 924
1557270 924
1557280 925
1557290 927
1557300 927
1557310 929
1557320 930
1557330 930
1557340 932
1557350 934
1557360 934
1557370 937
1557380 939
1557390 941
1557400 941
1557410 944
1557420 946
1557430 946
1557440 948
1557450 950
1557460 950
1557470 951
1557480 952
1557490 952
1557500 953
1557510 954
1557520 954
1557530 955
1557540 957
1557550 957
1557560 959
1557570 961
1557580 961
1557590 964
1557600 966
1557610 966
1557620 968
1557630 970
1557640 970
1557650 971
1557660 973
1557670 973
1557680 974
1557690 975
1557700 975
1557710 977
1557720 979
1557730 980
1557740 980
1557750 981
1557760 981
1557770 981
1557780 980
1557790 979
1557800 979
1557810 981
1557820 981
1557830 981
1557840 978
1557850 973
1557860 973
1557870 971
1557880 972
1557890 972
1557900 976
1557910 982
1557920 982
1557930 985
1557940 989
1557950 989
1557960 992
1557970 994
1557980 994
1557990 996
1558000 996
1558010 996
1558020 997
1558030 998
1558040 998
1558050 998
1558060 998
1558070 998
1558080 1000
1558090 1001
1558100 1003
1558110 1003
1558120 1005
1558130 1006
1558140 1006
1558150 1009
1558160 1012
1558170 1012
1558180 1014
1558190 1016
1558200 1016
1558210 1017
1558220 1020
1558230 1020
1558240 1021
1558250 1022
1558260 1022
1558270 1022
1558280 1022
1558290 1022
1558300 1023
1558310 1026
1558320 1026
1558330 1029
1558340 1031
1558350 1031
1558360 1033
1558370 1033
1558380 1033
1558390 1034
1558400 1036
1558410 1036
1558420 1038
1558430 1040
1558440 1041
1558450 1041
1558460 1044
1558470 1047
1558480 1047
1558490 1049
1558500 1051
1558510 1051
1558520 1052
1558530 1053
1558540 1053
1558550 1054
1558560 1054
1558570 1054
1558580 1055
1558590 1057
1558600 1057
1558610 1057
1558620 1057
1558630 1057
1558640 1056
1558650 1053
1558660 1053
1558670 1051
1558680 1051
1558690 1051
1558700 1054
1558710 1056
1558720 1056
1558730 1057
1558740 1060
1558750 1060
1558760 1062
1558770 1059
1558780 1061
1558790 1061
1558800 1063
1558810 1065
1558820 1065
1558830 1068
1558840 1071
1558850 1071
1558860 1074
1558870 1076
1558880 1076
1558890 1077
1558900 1078
1558910 1078
1558920 1079
1558930 1082
1558940 1082
1558950 1085
1558960 1087
1558970 1087
1558980 1089
1558990 1089
1559000 1089
1559010 1089
1559020 1088
1559030 1088
1559040 1087
1559050 1087
1559060 1087
1559070 1089
1559080 1092
1559090 1092
1559100 1095
1559110 1097
1559120 1097
1559130 1099
1559140 1096
1559150 1094
1559160 1094
1559170 1097
1559180 1098
1559190 1098
1559200 1096
1559210 1096
1559220 1096
1559230 1099
1559240 1099
1559250 1099
1559260 1100
1559270 1099
1559280 1099
1559290 1100
1559300 1100
1559310 1100
1559320 1101
1559330 1101
1559340 1101
1559350 1101
1559360 1099
1559370 1099
1559380 1102
1559390 1106
1559400 1106
1559410 1107
1559420 1107
1559430 1107
1559440 1108
1559450 1111
1559460 1111
1559470 1113
1559480 1116
1559490 1118
1559500 1118
1559510 1119
1559520 1122
1559530 1122
1559540 1125
1559550 1130
1559560 1130
1559570 1132
1559580 1135
1559590 1135
1559600 1137
1559610 1136
1559620 1136
1559630 1134
1559640 1134
1559650 1134
1559660 1136
1559670 1140
1559680 1140
1559690 1142
1559700 1143
1559710 1143
1559720 1143
1559730 1142
1559740 1142
1559750 1143
1559760 1145
1559770 1145
1559780 1147
1559790 1148
1559800 1148
1559810 1151
1559820 1154
1559830 1154
1559840 1158
1559850 1161
1559860 1164
1559870 1164
1559880 1166
1559890 1168
1559900 1168
1559910 1170
1559920 1172
1559930 1172
1559940 1173
1559950 1175
1559960 1175
1559970 1176
1559980 1177
1559990 1177
