1540000 1084
1540010 1081
1540020 1076
1540030 1076
1540040 1073
1540050 1070
1540060 1070
1540070 1066
1540080 1062
1540090 1062
1540100 1060
1540110 1057
1540120 1057
1540130 1055
1540140 1054
1540150 1054
1540160 1051
1540170 1048
1540180 1048
1540190 1046
1540200 1044
1540210 1044
1540220 1040
1540230 1035
1540240 1035
1540250 1021
1540260 1003
1540270 990
1540280 990
1540290 984
1540300 979
1540310 979
1540320 978
1540330 981
1540340 981
1540350 982
1540360 983
1540370 983
1540380 984
1540390 984
1540400 984
1540410 985
1540420 985
1540430 985
1540440 985
1540450 983
1540460 983
1540470 979
1540480 976
1540490 976
1540500 972
1540510 967
1540520 967
1540530 963
1540540 957
1540550 957
1540560 950
1540570 944
1540580 944
1540590 941
1540600 938
1540610 938
1540620 934
1540630 932
1540640 929
1540650 929
1540660 928
1540670 928
1540680 928
1540690 928
1540700 925
1540710 925
1540720 921
1540730 919
1540740 919
1540750 920
1540760 920
1540770 920
1540780 917
1540790 916
1540800 916
1540810 915
1540820 916
1540830 916
1540840 915
1540850 915
1540860 915
1540870 915
1540880 917
1540890 917
1540900 916
1540910 915
1540920 915
1540930 916
1540940 918
1540950 918
1540960 920
1540970 917
1540980 916
1540990 916
1541000 916
1541010 917
1541020 917
1541030 916
1541040 917
1541050 917
1541060 919
1541070 920
1541080 920
1541090 919
1541100 924
1541110 924
1541120 927
1541130 935
1541140 935
1541150 944
1541160 953
1541170 953
1541180 964
1541190 976
1541200 976
1541210 986
1541220 994
1541230 994
1541240 999
1541250 1001
1541260 1001
1541270 1001
1541280 1002
1541290 1002
1541300 1003
1541310 1002
1541320 1002
1541330 1002
1541340 1002
1541350 1001
1541360 1001
1541370 1000
1541380 1000
1541390 1000
1541400 1000
1541410 999
1541420 999
1541430 998
1541440 998
1541450 998
1541460 998
1541470 997
1541480 997
1541490 998
1541500 997
1541510 994
1541520 994
1541530 994
1541540 994
1541550 995
1541560 994
1541570 994
1541580 994
1541590 995
1541600 995
1541610 997
1541620 998
1541630 998
1541640 1000
1541650 1001
1541660 1001
1541670 1003
1541680 1005
1541690 1008
1541700 1008
1541710 1010
1541720 1013
1541730 1013
1541740 1015
1541750 1018
1541760 1018
1541770 1020
1541780 1023
1541790 1023
1541800 1025
1541810 1029
1541820 1029
1541830 1033
1541840 1037
1541850 1037
1541860 1041
1541870 1044
1541880 1044
1541890 1046
1541900 1049
1541910 1049
1541920 1052
1541930 1055
1541940 1055
1541950 1058
1541960 1059
1541970 1059
1541980 1061
1541990 1063
1542000 1063
1542010 1065
1542020 1068
1542030 1068
1542040 1071
1542050 1074
1542060 1077
1542070 1077
1542080 1080
1542090 1082
1542100 1082
1542110 1085
1542120 1090
1542130 1090
1542140 1094
1542150 1099
1542160 1099
1542170 1102
1542180 1104
1542190 1104
1542200 1106
1542210 1110
1542220 1110
1542230 1114
1542240 1117
1542250 1117
1542260 1120
1542270 1123
1542280 1123
1542290 1126
1542300 1130
1542310 1130
1542320 1132
1542330 1136
1542340 1136
1542350 1141
1542360 1147
1542370 1147
1542380 1151
1542390 1152
1542400 1153
1542410 1153
1542420 1152
1542430 1151
1542440 1151
1542450 1150
1542460 1147
1542470 1147
1542480 1146
1542490 1143
1542500 1143
1542510 1140
1542520 1138
1542530 1138
1542540 1135
1542550 1130
1542560 1130
1542570 1126
1542580 1120
1542590 1120
1542600 1115
1542610 1110
1542620 1110
1542630 1105
1542640 1103
1542650 1103
1542660 1101
1542670 1100
1542680 1100
1542690 1099
1542700 1098
1542710 1098
1542720 1098
1542730 1098
1542740 1098
1542750 1097
1542760 1094
1542770 1092
1542780 1092
1542790 1090
1542800 1089
1542810 1089
1542820 1087
1542830 1085
1542840 1085
1542850 1084
1542860 1084
1542870 1084
1542880 1082
1542890 1081
1542900 1081
1542910 1080
1542920 1079
1542930 1079
1542940 1077
1542950 1076
1542960 1076
1542970 1074
1542980 1074
1542990 1074
1543000 1073
1543010 1072
1543020 1072
1543030 1071
1543040 1069
1543050 1069
1543060 1067
1543070 1066
1543080 1066
1543090 1066
1543100 1063
1543110 1063
1543120 1061
1543130 1062
1543140 1063
1543150 1063
1543160 1063
1543170 1063
1543180 1063
1543190 1061
1543200 1060
1543210 1060
1543220 1057
1543230 1056
1543240 1056
1543250 1055
1543260 1053
1543270 1053
1543280 1051
1543290 1049
1543300 1049
1543310 1046
1543320 1044
1543330 1044
1543340 1042
1543350 1040
1543360 1040
1543370 1039
1543380 1037
1543390 1037
1543400 1036
1543410 1034
1543420 1034
1543430 1033
1543440 1032
1543450 1032
1543460 1030
1543470 1030
1543480 1029
1543490 1029
1543500 1028
1543510 1027
1543520 1027
1543530 1026
1543540 1026
1543550 1026
1543560 1025
1543570 1024
1543580 1024
1543590 1024
1543600 1024
1543610 1024
1543620 1024
1543630 1024
1543640 1024
1543650 1024
1543660 1023
1543670 1023
1543680 1022
1543690 1022
1543700 1022
1543710 1020
1543720 1018
1543730 1018
1543740 1017
1543750 1014
1543760 1014
1543770 1010
1543780 1009
1543790 1009
1543800 1009
1543810 1006
1543820 1006
1543830 1002
1543840 999
1543850 996
1543860 996
1543870 993
1543880 991
1543890 991
1543900 990
1543910 992
1543920 992
1543930 994
1543940 994
1543950 994
1543960 995
1543970 996
1543980 996
1543990 997
1544000 999
1544010 999
1544020 1000
1544030 1001
1544040 1001
1544050 1001
1544060 1002
1544070 1002
1544080 1004
1544090 1007
1544100 1007
1544110 1008
1544120 1007
1544130 1007
1544140 1009
1544150 1010
1544160 1010
1544170 1012
1544180 1013
1544190 1013
1544200 1013
1544210 1013
1544220 1014
1544230 1014
1544240 1013
1544250 1013
1544260 1013
1544270 1014
1544280 1016
1544290 1016
1544300 1017
1544310 1016
1544320 1016
1544330 1015
1544340 1015
1544350 1015
1544360 1014
1544370 1013
1544380 1013
1544390 1012
1544400 1012
1544410 1012
1544420 1011
1544430 1009
1544440 1009
1544450 1008
1544460 1008
1544470 1008
1544480 1007
1544490 1006
1544500 1006
1544510 1006
1544520 1006
1544530 1006
1544540 1006
1544550 1005
1544560 1003
1544570 1003
1544580 1001
1544590 999
1544600 999
1544610 999
1544620 997
1544630 997
1544640 995
1544650 993
1544660 993
1544670 991
1544680 990
1544690 990
1544700 989
1544710 989
1544720 989
1544730 990
1544740 993
1544750 993
1544760 995
1544770 998
1544780 998
1544790 1001
1544800 1004
1544810 1004
1544820 1006
1544830 1008
1544840 1008
1544850 1009
1544860 1010
1544870 1010
1544880 1011
1544890 1013
1544900 1015
1544910 1015
1544920 1016
1544930 1016
1544940 1016
1544950 1016
1544960 1015
1544970 1015
1544980 1013
1544990 1012
1545000 1012
1545010 1011
1545020 1010
1545030 1010
1545040 1009
1545050 1008
1545060 1008
1545070 1007
1545080 1006
1545090 1006
1545100 1005
1545110 1003
1545120 1003
1545130 1002
1545140 1001
1545150 1001
1545160 1001
1545170 1000
1545180 1000
1545190 999
1545200 996
1545210 996
1545220 996
1545230 996
1545240 996
1545250 994
1545260 990
1545270 990
1545280 990
1545290 993
1545300 995
1545310 995
1545320 996
1545330 994
1545340 994
1545350 992
1545360 989
1545370 989
1545380 988
1545390 989
1545400 989
1545410 992
1545420 994
1545430 994
1545440 996
1545450 997
1545460 997
1545470 998
1545480 999
1545490 999
1545500 1000
1545510 1001
1545520 1001
1545530 1001
1545540 1002
1545550 1002
1545560 1002
1545570 1001
1545580 1001
1545590 1001
1545600 1000
1545610 1000
1545620 1000
1545630 1000
1545640 1000
1545650 1000
1545660 1000
1545670 1000
1545680 1000
1545690 1000
1545700 999
1545710 999
1545720 999
1545730 999
1545740 999
1545750 998
1545760 996
1545770 996
1545780 992
1545790 990
1545800 990
1545810 990
1545820 990
1545830 990
1545840 990
1545850 990
1545860 990
1545870 991
1545880 992
1545890 992
1545900 992
1545910 991
1545920 991
1545930 991
1545940 991
1545950 991
1545960 991
1545970 990
1545980 989
1545990 989
1546000 989
1546010 989
1546020 989
1546030 988
1546040 988
1546050 988
1546060 987
1546070 987
1546080 987
1546090 986
1546100 985
1546110 985
1546120 984
1546130 984
1546140 984
1546150 983
1546160 982
1546170 982
1546180 981
1546190 981
1546200 981
1546210 980
1546220 980
1546230 980
1546240 980
1546250 980
1546260 980
1546270 980
1546280 980
1546290 980
1546300 981
1546310 981
1546320 981
1546330 981
1546340 982
1546350 983
1546360 983
1546370 983
1546380 984
1546390 984
1546400 984
1546410 984
1546420 984
1546430 983
1546440 983
1546450 983
1546460 982
1546470 981
1546480 981
1546490 981
1546500 980
1546510 980
1546520 979
1546530 978
1546540 978
1546550 976
1546560 975
1546570 975
1546580 974
1546590 972
1546600 972
1546610 970
1546620 966
1546630 966
1546640 958
1546650 953
1546660 953
1546670 955
1546680 955
1546690 956
1546700 956
1546710 956
1546720 955
1546730 955
1546740 952
1546750 949
1546760 949
1546770 946
1546780 944
1546790 944
1546800 942
1546810 940
1546820 940
1546830 940
1546840 940
1546850 940
1546860 941
1546870 938
1546880 938
1546890 937
1546900 936
1546910 936
1546920 938
1546930 938
1546940 938
1546950 935
1546960 934
1546970 934
1546980 935
1546990 933
1547000 933
1547010 932
1547020 934
1547030 934
1547040 934
1547050 934
1547060 936
1547070 936
1547080 937
1547090 938
1547100 938
1547110 939
1547120 941
1547130 941
1547140 940
1547150 939
1547160 939
1547170 938
1547180 936
1547190 936
1547200 934
1547210 934
1547220 934
1547230 933
1547240 932
1547250 932
1547260 931
1547270 930
1547280 930
1547290 928
1547300 926
1547310 926
1547320 923
1547330 921
1547340 921
1547350 918
1547360 915
1547370 915
1547380 910
1547390 907
1547400 905
1547410 905
1547420 903
1547430 902
1547440 902
1547450 901
1547460 899
1547470 899
1547480 897
1547490 895
1547500 895
1547510 894
1547520 893
1547530 893
1547540 892
1547550 893
1547560 893
1547570 893
1547580 893
1547590 893
1547600 894
1547610 896
1547620 896
1547630 899
1547640 901
1547650 901
1547660 902
1547670 903
1547680 903
1547690 903
1547700 900
1547710 900
1547720 902
1547730 905
1547740 907
1547750 907
1547760 910
1547770 915
1547780 915
1547790 918
1547800 918
1547810 918
1547820 918
1547830 918
1547840 918
1547850 917
1547860 917
1547870 917
1547880 915
1547890 913
1547900 914
1547910 913
1547920 913
1547930 913
1547940 912
1547950 912
1547960 912
1547970 911
1547980 911
1547990 911
1548000 910
1548010 910
1548020 910
1548030 909
1548040 909
1548050 909
1548060 909
1548070 909
1548080 909
1548090 908
1548100 908
1548110 907
1548120 907
1548130 905
1548140 904
1548150 904
1548160 904
1548170 904
1548180 904
1548190 903
1548200 902
1548210 902
1548220 902
1548230 901
1548240 901
1548250 900
1548260 899
1548270 899
1548280 898
1548290 897
1548300 897
1548310 895
1548320 893
1548330 893
1548340 892
1548350 890
1548360 890
1548370 889
1548380 887
1548390 887
1548400 886
1548410 884
1548420 884
1548430 882
1548440 880
1548450 880
1548460 878
1548470 876
1548480 874
1548490 874
1548500 873
1548510 872
1548520 872
1548530 870
1548540 869
1548550 869
1548560 867
1548570 865
1548580 865
1548590 863
1548600 862
1548610 862
1548620 860
1548630 858
1548640 858
1548650 856
1548660 854
1548670 854
1548680 852
1548690 850
1548700 850
1548710 849
1548720 847
1548730 847
1548740 845
1548750 843
1548760 843
1548770 841
1548780 839
1548790 839
1548800 836
1548810 833
1548820 830
1548830 830
1548840 827
1548850 825
1548860 825
1548870 823
1548880 821
1548890 821
1548900 819
1548910 817
1548920 817
1548930 814
1548940 812
1548950 812
1548960 808
1548970 807
1548980 807
1548990 807
1549000 808
1549010 808
1549020 808
1549030 806
1549040 806
1549050 804
1549060 801
1549070 801
1549080 800
1549090 798
1549100 798
1549110 797
1549120 796
1549130 796
1549140 795
1549150 795
1549160 795
1549170 794
1549180 793
1549190 792
1549200 792
1549210 791
1549220 790
1549230 790
1549240 790
1549250 789
1549260 789
1549270 788
1549280 787
1549290 787
1549300 786
1549310 785
1549320 785
1549330 785
1549340 784
1549350 784
1549360 784
1549370 782
1549380 782
1549390 780
1549400 780
1549410 780
1549420 780
1549430 780
1549440 780
1549450 780
1549460 780
1549470 780
1549480 780
1549490 779
1549500 779
1549510 779
1549520 779
1549530 779
1549540 779
1549550 779
1549560 779
1549570 779
1549580 778
1549590 778
1549600 778
1549610 778
1549620 778
1549630 778
1549640 778
1549650 778
1549660 778
1549670 778
1549680 778
1549690 778
1549700 778
1549710 778
1549720 778
1549730 778
1549740 778
1549750 778
1549760 778
1549770 778
1549780 778
1549790 778
1549800 778
1549810 778
1549820 778
1549830 778
1549840 778
1549850 778
1549860 778
1549870 778
1549880 778
1549890 778
1549900 778
1549910 778
1549920 778
1549930 777
1549940 777
1549950 779
1549960 778
1549970 778
1549980 778
1549990 778
1550000 778
1550010 778
1550020 778
1550030 778
1550040 778
1550050 780
1550060 780
1550070 783
1550080 785
1550090 785
1550100 787
1550110 788
1550120 788
1550130 787
1550140 786
1550150 786
1550160 786
1550170 787
1550180 787
1550190 788
1550200 789
1550210 789
1550220 790
1550230 790
1550240 790
1550250 790
1550260 790
1550270 789
1550280 789
1550290 789
1550300 788
1550310 788
1550320 787
1550330 786
1550340 786
1550350 785
1550360 784
1550370 784
1550380 784
1550390 784
1550400 784
1550410 784
1550420 784
1550430 784
1550440 784
1550450 784
1550460 784
1550470 783
1550480 783
1550490 783
1550500 783
1550510 782
1550520 782
1550530 782
1550540 782
1550550 782
1550560 782
1550570 782
1550580 782
1550590 782
1550600 782
1550610 782
1550620 782
1550630 782
1550640 782
1550650 782
1550660 782
1550670 782
1550680 782
1550690 782
1550700 783
1550710 783
1550720 782
1550730 783
1550740 783
1550750 783
1550760 783
1550770 783
1550780 783
1550790 783
1550800 783
1550810 783
1550820 783
1550830 783
1550840 782
1550850 782
1550860 782
1550870 782
1550880 782
1550890 782
1550900 781
1550910 781
1550920 781
1550930 782
1550940 782
1550950 782
1550960 782
1550970 783
1550980 783
1550990 783
1551000 783
1551010 783
1551020 783
1551030 783
1551040 784
1551050 784
1551060 784
1551070 785
1551080 785
1551090 785
1551100 786
1551110 786
1551120 787
1551130 787
1551140 787
1551150 787
1551160 787
1551170 787
1551180 787
1551190 786
1551200 786
1551210 786
1551220 785
1551230 785
1551240 784
1551250 785
1551260 785
1551270 784
1551280 784
1551290 784
1551300 785
1551310 785
1551320 785
1551330 785
1551340 785
1551350 785
1551360 785
1551370 785
1551380 786
1551390 786
1551400 786
1551410 786
1551420 786
1551430 786
1551440 786
1551450 786
1551460 786
1551470 787
1551480 787
1551490 787
1551500 787
1551510 787
1551520 788
1551530 788
1551540 788
1551550 788
1551560 788
1551570 788
1551580 788
1551590 788
1551600 788
1551610 787
1551620 788
1551630 788
1551640 788
1551650 788
1551660 788
1551670 788
1551680 788
1551690 788
1551700 788
1551710 788
1551720 788
1551730 788
1551740 788
1551750 789
1551760 789
1551770 789
1551780 789
1551790 789
1551800 789
1551810 789
1551820 789
1551830 789
1551840 789
1551850 789
1551860 789
1551870 789
1551880 789
1551890 789
1551900 790
1551910 790
1551920 790
1551930 790
1551940 790
1551950 790
1551960 790
1551970 790
1551980 791
1551990 791
1552000 791
1552010 793
1552020 797
1552030 798
1552040 798
1552050 798
1552060 798
1552070 798
1552080 799
1552090 798
1552100 798
1552110 797
1552120 796
1552130 796
1552140 796
1552150 796
1552160 796
1552170 796
1552180 796
1552190 796
1552200 797
1552210 799
1552220 799
1552230 798
1552240 798
1552250 798
1552260 798
1552270 799
1552280 799
1552290 800
1552300 802
1552310 802
1552320 805
1552330 807
1552340 807
1552350 808
1552360 808
1552370 809
1552380 809
1552390 809
1552400 810
1552410 810
1552420 810
1552430 811
1552440 811
1552450 811
1552460 812
1552470 812
1552480 812
1552490 813
1552500 813
1552510 813
1552520 813
1552530 813
1552540 813
1552550 813
1552560 813
1552570 814
1552580 814
1552590 814
1552600 815
1552610 816
1552620 816
1552630 818
1552640 818
1552650 818
1552660 819
1552670 819
1552680 819
1552690 819
1552700 820
1552710 820
1552720 821
1552730 822
1552740 823
1552750 823
1552760 824
1552770 824
1552780 824
1552790 824
1552800 825
1552810 825
1552820 825
1552830 825
1552840 825
1552850 825
1552860 825
1552870 825
1552880 824
1552890 824
1552900 824
1552910 824
1552920 825
1552930 825
1552940 826
1552950 826
1552960 826
1552970 826
1552980 826
1552990 826
1553000 827
1553010 827
1553020 827
1553030 828
1553040 829
1553050 829
1553060 829
1553070 830
1553080 831
1553090 831
1553100 832
1553110 832
1553120 832
1553130 833
1553140 833
1553150 833
1553160 833
1553170 833
1553180 833
1553190 833
1553200 834
1553210 834
1553220 834
1553230 834
1553240 834
1553250 835
1553260 835
1553270 835
1553280 835
1553290 836
1553300 836
1553310 836
1553320 836
1553330 836
1553340 836
1553350 836
1553360 836
1553370 836
1553380 837
1553390 837
1553400 837
1553410 838
1553420 838
1553430 838
1553440 838
1553450 838
1553460 838
1553470 839
1553480 839
1553490 839
1553500 840
1553510 841
1553520 841
1553530 843
1553540 846
1553550 846
1553560 848
1553570 850
1553580 850
1553590 852
1553600 854
1553610 854
1553620 854
1553630 855
1553640 855
1553650 856
1553660 857
1553670 857
1553680 858
1553690 858
1553700 858
1553710 858
1553720 858
1553730 858
1553740 858
1553750 858
1553760 858
1553770 858
1553780 858
1553790 858
1553800 858
1553810 857
1553820 857
1553830 857
1553840 857
1553850 857
1553860 857
1553870 858
1553880 857
1553890 857
1553900 857
1553910 857
1553920 857
1553930 856
1553940 854
1553950 854
1553960 853
1553970 852
1553980 852
1553990 851
1554000 850
1554010 850
1554020 848
1554030 847
1554040 847
1554050 846
1554060 844
1554070 844
1554080 843
1554090 842
1554100 842
1554110 840
1554120 839
1554130 839
1554140 837
1554150 836
1554160 834
1554170 834
1554180 833
1554190 830
1554200 830
1554210 830
1554220 829
1554230 829
1554240 828
1554250 828
1554260 828
1554270 827
1554280 826
1554290 826
1554300 825
1554310 823
1554320 823
1554330 822
1554340 820
1554350 820
1554360 819
1554370 817
1554380 817
1554390 816
1554400 815
1554410 815
1554420 814
1554430 812
1554440 812
1554450 811
1554460 810
1554470 810
1554480 810
1554490 810
1554500 810
1554510 810
1554520 810
1554530 810
1554540 810
1554550 811
1554560 811
1554570 811
1554580 811
1554590 812
1554600 812
1554610 812
1554620 811
1554630 811
1554640 811
1554650 812
1554660 812
1554670 812
1554680 811
1554690 811
1554700 811
1554710 809
1554720 809
1554730 808
1554740 807
1554750 807
1554760 807
1554770 806
1554780 806
1554790 807
1554800 807
1554810 807
1554820 807
1554830 807
1554840 807
1554850 807
1554860 807
1554870 807
1554880 807
1554890 807
1554900 807
1554910 807
1554920 807
1554930 807
1554940 807
1554950 807
1554960 807
1554970 807
1554980 807
1554990 808
1555000 808
1555010 808
1555020 808
1555030 808
1555040 808
1555050 808
1555060 808
1555070 808
1555080 808
1555090 808
1555100 808
1555110 808
1555120 808
1555130 808
1555140 808
1555150 808
1555160 808
1555170 809
1555180 809
1555190 809
1555200 809
1555210 809
1555220 809
1555230 810
1555240 815
1555250 815
1555260 818
1555270 817
1555280 817
1555290 818
1555300 819
1555310 819
1555320 820
1555330 820
1555340 820
1555350 820
1555360 821
1555370 821
1555380 822
1555390 823
1555400 823
1555410 824
1555420 826
1555430 826
1555440 827
1555450 827
1555460 827
1555470 827
1555480 827
1555490 827
1555500 827
1555510 827
1555520 827
1555530 822
1555540 824
1555550 824
1555560 825
1555570 826
1555580 827
1555590 827
1555600 827
1555610 828
1555620 828
1555630 829
1555640 829
1555650 829
1555660 832
1555670 832
1555680 832
1555690 832
1555700 832
1555710 832
1555720 833
1555730 833
1555740 833
1555750 833
1555760 832
1555770 832
1555780 832
1555790 833
1555800 833
1555810 834
1555820 834
1555830 834
1555840 834
1555850 834
1555860 834
1555870 834
1555880 833
1555890 833
1555900 833
1555910 833
1555920 833
1555930 833
1555940 833
1555950 833
1555960 833
1555970 834
1555980 834
1555990 834
1556000 834
1556010 834
1556020 834
1556030 834
1556040 835
1556050 835
1556060 835
1556070 835
1556080 835
1556090 835
1556100 835
1556110 835
1556120 835
1556130 836
1556140 836
1556150 836
1556160 836
1556170 836
1556180 836
1556190 836
1556200 836
1556210 835
1556220 836
1556230 836
1556240 836
1556250 837
1556260 837
1556270 838
1556280 838
1556290 838
1556300 838
1556310 839
1556320 839
1556330 839
1556340 839
1556350 839
1556360 839
1556370 840
1556380 840
1556390 840
1556400 840
1556410 840
1556420 840
1556430 840
1556440 841
1556450 841
1556460 841
1556470 841
1556480 841
1556490 841
1556500 842
1556510 842
1556520 842
1556530 842
1556540 842
1556550 842
1556560 842
1556570 842
1556580 842
1556590 842
1556600 842
1556610 843
1556620 844
1556630 844
1556640 846
1556650 848
1556660 851
1556670 851
1556680 854
1556690 857
1556700 857
1556710 860
1556720 863
1556730 863
1556740 866
1556750 869
1556760 869
1556770 872
1556780 874
1556790 874
1556800 877
1556810 880
1556820 880
1556830 883
1556840 887
1556850 887
1556860 889
1556870 892
1556880 892
1556890 894
1556900 896
1556910 896
1556920 898
1556930 900
1556940 900
1556950 902
1556960 905
1556970 905
1556980 908
1556990 911
1557000 914
1557010 914
1557020 916
1557030 918
1557040 918
1557050 920
1557060 922
1557070 922
1557080 923
1557090 925
1557100 925
1557110 926
1557120 927
1557130 927
1557140 929
1557150 932
1557160 932
1557170 934
1557180 936
1557190 936
1557200 938
1557210 940
1557220 940
1557230 942
1557240 944
1557250 944
1557260 945
1557270 946
1557280 946
1557290 948
1557300 949
1557310 951
1557320 952
1557330 953
1557340 953
1557350 955
1557360 956
1557370 957
1557380 957
1557390 958
1557400 959
1557410 959
1557420 959
1557430 960
1557440 960
1557450 960
1557460 960
1557470 960
1557480 961
1557490 961
1557500 961
1557510 961
1557520 961
1557530 961
1557540 963
1557550 964
1557560 964
1557570 966
1557580 968
1557590 968
1557600 970
1557610 972
1557620 972
1557630 974
1557640 976
1557650 976
1557660 978
1557670 980
1557680 980
1557690 982
1557700 985
1557710 987
1557720 987
1557730 990
1557740 993
1557750 993
1557760 996
1557770 998
1557780 998
1557790 1002
1557800 1005
1557810 1005
1557820 1008
1557830 1012
1557840 1012
1557850 1016
1557860 1020
1557870 1020
1557880 1025
1557890 1029
1557900 1029
1557910 1034
1557920 1039
1557930 1039
1557940 1043
1557950 1047
1557960 1047
1557970 1051
1557980 1055
1557990 1055
1558000 1058
1558010 1061
1558020 1061
1558030 1064
1558040 1066
1558050 1066
1558060 1069
1558070 1072
1558080 1075
1558090 1075
1558100 1078
1558110 1082
1558120 1082
1558130 1085
1558140 1090
1558150 1090
1558160 1094
1558170 1098
1558180 1098
1558190 1102
1558200 1105
1558210 1105
1558220 1107
1558230 1110
1558240 1110
1558250 1111
1558260 1112
1558270 1112
1558280 1113
1558290 1113
1558300 1113
1558310 1114
1558320 1114
1558330 1114
1558340 1114
1558350 1115
1558360 1115
1558370 1115
1558380 1115
1558390 1115
1558400 1114
1558410 1112
1558420 1109
1558430 1109
1558440 1108
1558450 1106
1558460 1106
1558470 1104
1558480 1101
1558490 1101
1558500 1099
1558510 1096
1558520 1096
1558530 1092
1558540 1089
1558550 1089
1558560 1086
1558570 1084
1558580 1084
1558590 1081
1558600 1079
1558610 1079
1558620 1077
1558630 1075
1558640 1075
1558650 1075
1558660 1075
1558670 1075
1558680 1075
1558690 1074
1558700 1074
1558710 1074
1558720 1071
1558730 1071
1558740 1070
1558750 1069
1558760 1069
1558770 1066
1558780 1062
1558790 1058
1558800 1058
1558810 1055
1558820 1052
1558830 1052
1558840 1050
1558850 1050
1558860 1050
1558870 1049
1558880 1048
1558890 1048
1558900 1048
1558910 1047
1558920 1047
1558930 1046
1558940 1047
1558950 1047
1558960 1048
1558970 1050
1558980 1050
1558990 1050
1559000 1049
1559010 1049
1559020 1047
1559030 1045
1559040 1045
1559050 1043
1559060 1041
1559070 1041
1559080 1040
1559090 1039
1559100 1039
1559110 1038
1559120 1037
1559130 1035
1559140 1035
1559150 1033
1559160 1031
1559170 1031
1559180 1029
1559190 1025
1559200 1025
1559210 1018
1559220 1010
1559230 1010
1559240 1002
1559250 996
1559260 996
1559270 992
1559280 990
1559290 990
1559300 988
1559310 985
1559320 985
1559330 981
1559340 978
1559350 978
1559360 975
1559370 972
1559380 972
1559390 967
1559400 964
1559410 964
1559420 960
1559430 954
1559440 954
1559450 949
1559460 944
1559470 944
1559480 940
1559490 935
1559500 931
1559510 931
1559520 927
1559530 923
1559540 923
1559550 918
1559560 914
1559570 914
1559580 911
1559590 906
1559600 906
1559610 902
1559620 899
1559630 899
1559640 895
1559650 891
1559660 891
1559670 887
1559680 882
1559690 882
1559700 877
1559710 873
1559720 873
1559730 868
1559740 865
1559750 865
1559760 865
1559770 864
1559780 864
1559790 862
1559800 861
1559810 861
1559820 861
1559830 861
1559840 860
1559850 860
1559860 860
1559870 860
1559880 860
1559890 861
1559900 861
1559910 861
1559920 863
1559930 864
1559940 864
1559950 865
1559960 865
1559970 865
1559980 865
1559990 864
