1540000 983
1540010 983
1540020 978
1540030 975
1540040 975
1540050 976
1540060 977
1540070 977
1540080 978
1540090 979
1540100 979
1540110 977
1540120 976
1540130 976
1540140 974
1540150 972
1540160 972
1540170 971
1540180 970
1540190 969
1540200 969
1540210 968
1540220 967
1540230 967
1540240 965
1540250 964
1540260 964
1540270 963
1540280 961
1540290 961
1540300 957
1540310 949
1540320 949
1540330 942
1540340 933
1540350 933
1540360 926
1540370 918
1540380 918
1540390 911
1540400 905
1540410 905
1540420 901
1540430 896
1540440 896
1540450 894
1540460 895
1540470 895
1540480 895
1540490 892
1540500 892
1540510 888
1540520 884
1540530 884
1540540 880
1540550 877
1540560 873
1540570 873
1540580 871
1540590 870
1540600 870
1540610 870
1540620 870
1540630 870
1540640 868
1540650 868
1540660 868
1540670 869
1540680 869
1540690 869
1540700 864
1540710 860
1540720 860
1540730 854
1540740 850
1540750 850
1540760 848
1540770 846
1540780 846
1540790 846
1540800 844
1540810 844
1540820 843
1540830 841
1540840 841
1540850 840
1540860 839
1540870 839
1540880 839
1540890 838
1540900 838
1540910 838
1540920 837
1540930 837
1540940 837
1540950 837
1540960 836
1540970 836
1540980 836
1540990 835
1541000 835
1541010 833
1541020 833
1541030 833
1541040 835
1541050 836
1541060 836
1541070 837
1541080 837
1541090 837
1541100 838
1541110 838
1541120 838
1541130 837
1541140 837
1541150 837
1541160 837
1541170 837
1541180 837
1541190 837
1541200 837
1541210 837
1541220 837
1541230 836
1541240 836
1541250 835
1541260 835
1541270 835
1541280 835
1541290 838
1541300 844
1541310 844
1541320 849
1541330 853
1541340 853
1541350 855
1541360 855
1541370 855
1541380 855
1541390 855
1541400 855
1541410 854
1541420 852
1541430 852
1541440 852
1541450 853
1541460 853
1541470 853
1541480 853
1541490 853
1541500 852
1541510 852
1541520 852
1541530 850
1541540 848
1541550 848
1541560 846
1541570 845
1541580 845
1541590 843
1541600 841
1541610 841
1541620 840
1541630 839
1541640 840
1541650 840
1541660 840
1541670 840
1541680 840
1541690 840
1541700 840
1541710 840
1541720 839
1541730 838
1541740 838
1541750 836
1541760 836
1541770 836
1541780 836
1541790 836
1541800 836
1541810 836
1541820 837
1541830 837
1541840 837
1541850 837
1541860 837
1541870 837
1541880 837
1541890 837
1541900 838
1541910 838
1541920 838
1541930 838
1541940 838
1541950 838
1541960 838
1541970 838
1541980 838
1541990 839
1542000 840
1542010 842
1542020 842
1542030 844
1542040 847
1542050 847
1542060 849
1542070 854
1542080 854
1542090 857
1542100 857
1542110 857
1542120 854
1542130 852
1542140 852
1542150 852
1542160 853
1542170 853
1542180 858
1542190 858
1542200 858
1542210 857
1542220 856
1542230 856
1542240 857
1542250 859
1542260 859
1542270 859
1542280 855
1542290 855
1542300 854
1542310 853
1542320 853
1542330 851
1542340 850
1542350 850
1542360 850
1542370 850
1542380 847
1542390 847
1542400 840
1542410 838
1542420 838
1542430 841
1542440 844
1542450 844
1542460 846
1542470 850
1542480 850
1542490 858
1542500 870
1542510 870
1542520 875
1542530 878
1542540 878
1542550 880
1542560 881
1542570 881
1542580 883
1542590 884
1542600 884
1542610 884
1542620 885
1542630 885
1542640 885
1542650 884
1542660 884
1542670 884
1542680 883
1542690 883
1542700 882
1542710 880
1542720 878
1542730 878
1542740 875
1542750 871
1542760 871
1542770 865
1542780 861
1542790 861
1542800 857
1542810 855
1542820 855
1542830 854
1542840 854
1542850 854
1542860 855
1542870 854
1542880 854
1542890 854
1542900 851
1542910 851
1542920 847
1542930 848
1542940 848
1542950 854
1542960 858
1542970 858
1542980 859
1542990 861
1543000 861
1543010 863
1543020 864
1543030 864
1543040 861
1543050 859
1543060 859
1543070 858
1543080 857
1543090 857
1543100 857
1543110 857
1543120 859
1543130 859
1543140 860
1543150 862
1543160 862
1543170 861
1543180 862
1543190 862
1543200 864
1543210 867
1543220 867
1543230 871
1543240 872
1543250 872
1543260 874
1543270 873
1543280 873
1543290 873
1543300 871
1543310 871
1543320 871
1543330 870
1543340 870
1543350 870
1543360 869
1543370 869
1543380 868
1543390 866
1543400 866
1543410 863
1543420 861
1543430 860
1543440 860
1543450 858
1543460 857
1543470 857
1543480 855
1543490 855
1543500 855
1543510 856
1543520 856
1543530 856
1543540 855
1543550 853
1543560 853
1543570 851
1543580 847
1543590 847
1543600 846
1543610 843
1543620 843
1543630 840
1543640 837
1543650 837
1543660 836
1543670 835
1543680 835
1543690 834
1543700 833
1543710 833
1543720 831
1543730 826
1543740 826
1543750 828
1543760 830
1543770 830
1543780 830
1543790 829
1543800 830
1543810 830
1543820 831
1543830 831
1543840 831
1543850 832
1543860 833
1543870 833
1543880 833
1543890 834
1543900 834
1543910 834
1543920 834
1543930 834
1543940 834
1543950 835
1543960 835
1543970 838
1543980 842
1543990 842
1544000 844
1544010 845
1544020 845
1544030 847
1544040 848
1544050 848
1544060 849
1544070 850
1544080 850
1544090 850
1544100 851
1544110 851
1544120 851
1544130 852
1544140 852
1544150 852
1544160 853
1544170 854
1544180 854
1544190 855
1544200 855
1544210 855
1544220 856
1544230 857
1544240 857
1544250 857
1544260 858
1544270 858
1544280 858
1544290 859
1544300 859
1544310 859
1544320 860
1544330 860
1544340 861
1544350 862
1544360 862
1544370 862
1544380 863
1544390 863
1544400 863
1544410 863
1544420 863
1544430 862
1544440 861
1544450 861
1544460 856
1544470 853
1544480 853
1544490 853
1544500 853
1544510 853
1544520 853
1544530 854
1544540 856
1544550 856
1544560 858
1544570 861
1544580 861
1544590 863
1544600 865
1544610 865
1544620 867
1544630 870
1544640 870
1544650 873
1544660 874
1544670 874
1544680 876
1544690 877
1544700 877
1544710 877
1544720 878
1544730 878
1544740 880
1544750 881
1544760 881
1544770 881
1544780 882
1544790 882
1544800 883
1544810 884
1544820 884
1544830 885
1544840 887
1544850 887
1544860 889
1544870 891
1544880 893
1544890 893
1544900 895
1544910 898
1544920 898
1544930 900
1544940 902
1544950 902
1544960 904
1544970 906
1544980 906
1544990 907
1545000 909
1545010 909
1545020 911
1545030 913
1545040 913
1545050 916
1545060 919
1545070 919
1545080 921
1545090 923
1545100 923
1545110 925
1545120 926
1545130 926
1545140 926
1545150 927
1545160 927
1545170 927
1545180 927
1545190 927
1545200 928
1545210 929
1545220 930
1545230 930
1545240 930
1545250 931
1545260 931
1545270 933
1545280 934
1545290 934
1545300 935
1545310 937
1545320 937
1545330 939
1545340 941
1545350 941
1545360 943
1545370 945
1545380 945
1545390 947
1545400 953
1545410 953
1545420 958
1545430 960
1545440 960
1545450 960
1545460 961
1545470 961
1545480 962
1545490 962
1545500 962
1545510 961
1545520 960
1545530 960
1545540 959
1545550 959
1545560 959
1545570 959
1545580 960
1545590 961
1545600 961
1545610 962
1545620 964
1545630 964
1545640 965
1545650 967
1545660 967
1545670 969
1545680 970
1545690 970
1545700 971
1545710 971
1545720 971
1545730 970
1545740 968
1545750 968
1545760 965
1545770 962
1545780 962
1545790 959
1545800 957
1545810 957
1545820 955
1545830 953
1545840 953
1545850 950
1545860 947
1545870 947
1545880 944
1545890 942
1545900 942
1545910 940
1545920 938
1545930 938
1545940 935
1545950 934
1545960 932
1545970 932
1545980 930
1545990 928
1546000 928
1546010 926
1546020 924
1546030 924
1546040 921
1546050 918
1546060 918
1546070 915
1546080 912
1546090 912
1546100 910
1546110 908
1546120 908
1546130 906
1546140 906
1546150 906
1546160 907
1546170 905
1546180 905
1546190 903
1546200 902
1546210 902
1546220 901
1546230 899
1546240 899
1546250 898
1546260 896
1546270 896
1546280 895
1546290 894
1546300 893
1546310 893
1546320 892
1546330 891
1546340 891
1546350 889
1546360 888
1546370 888
1546380 887
1546390 886
1546400 886
1546410 884
1546420 884
1546430 884
1546440 883
1546450 881
1546460 881
1546470 878
1546480 875
1546490 875
1546500 871
1546510 868
1546520 868
1546530 864
1546540 862
1546550 862
1546560 858
1546570 856
1546580 856
1546590 855
1546600 854
1546610 854
1546620 852
1546630 851
1546640 851
1546650 850
1546660 849
1546670 849
1546680 849
1546690 849
1546700 849
1546710 849
1546720 850
1546730 852
1546740 852
1546750 854
1546760 856
1546770 856
1546780 857
1546790 858
1546800 858
1546810 858
1546820 859
1546830 859
1546840 859
1546850 860
1546860 860
1546870 860
1546880 860
1546890 860
1546900 861
1546910 861
1546920 861
1546930 861
1546940 861
1546950 861
1546960 861
1546970 861
1546980 861
1546990 861
1547000 860
1547010 860
1547020 860
1547030 859
1547040 859
1547050 859
1547060 858
1547070 857
1547080 857
1547090 856
1547100 855
1547110 855
1547120 854
1547130 852
1547140 852
1547150 851
1547160 849
1547170 849
1547180 848
1547190 847
1547200 847
1547210 846
1547220 845
1547230 845
1547240 844
1547250 843
1547260 843
1547270 842
1547280 841
1547290 841
1547300 840
1547310 840
1547320 840
1547330 839
1547340 839
1547350 839
1547360 838
1547370 838
1547380 837
1547390 837
1547400 836
1547410 835
1547420 835
1547430 832
1547440 829
1547450 829
1547460 828
1547470 827
1547480 827
1547490 828
1547500 829
1547510 829
1547520 830
1547530 831
1547540 831
1547550 831
1547560 832
1547570 832
1547580 832
1547590 833
1547600 833
1547610 834
1547620 835
1547630 835
1547640 836
1547650 837
1547660 837
1547670 838
1547680 839
1547690 839
1547700 840
1547710 841
1547720 841
1547730 842
1547740 843
1547750 844
1547760 844
1547770 845
1547780 845
1547790 845
1547800 846
1547810 847
1547820 847
1547830 848
1547840 848
1547850 848
1547860 848
1547870 848
1547880 848
1547890 849
1547900 849
1547910 849
1547920 849
1547930 849
1547940 849
1547950 848
1547960 847
1547970 847
1547980 846
1547990 846
1548000 846
1548010 845
1548020 843
1548030 843
1548040 842
1548050 840
1548060 840
1548070 839
1548080 837
1548090 837
1548100 836
1548110 834
1548120 833
1548130 833
1548140 832
1548150 831
1548160 831
1548170 830
1548180 830
1548190 830
1548200 829
1548210 828
1548220 828
1548230 827
1548240 826
1548250 826
1548260 825
1548270 825
1548280 825
1548290 824
1548300 825
1548310 825
1548320 826
1548330 828
1548340 828
1548350 831
1548360 832
1548370 832
1548380 831
1548390 834
1548400 834
1548410 840
1548420 842
1548430 842
1548440 844
1548450 846
1548460 847
1548470 847
1548480 847
1548490 847
1548500 847
1548510 846
1548520 844
1548530 844
1548540 842
1548550 840
1548560 840
1548570 838
1548580 834
1548590 834
1548600 831
1548610 827
1548620 827
1548630 824
1548640 821
1548650 821
1548660 818
1548670 815
1548680 815
1548690 812
1548700 809
1548710 809
1548720 808
1548730 807
1548740 807
1548750 807
1548760 809
1548770 809
1548780 811
1548790 814
1548800 814
1548810 817
1548820 820
1548830 821
1548840 821
1548850 823
1548860 825
1548870 825
1548880 826
1548890 827
1548900 827
1548910 830
1548920 833
1548930 833
1548940 837
1548950 842
1548960 842
1548970 848
1548980 853
1548990 853
1549000 858
1549010 859
1549020 859
1549030 859
1549040 860
1549050 860
1549060 857
1549070 855
1549080 855
1549090 854
1549100 852
1549110 852
1549120 852
1549130 850
1549140 850
1549150 847
1549160 845
1549170 845
1549180 843
1549190 840
1549200 835
1549210 835
1549220 830
1549230 827
1549240 827
1549250 825
1549260 822
1549270 822
1549280 819
1549290 815
1549300 815
1549310 813
1549320 810
1549330 810
1549340 807
1549350 805
1549360 805
1549370 805
1549380 805
1549390 805
1549400 804
1549410 803
1549420 803
1549430 801
1549440 799
1549450 799
1549460 796
1549470 792
1549480 792
1549490 787
1549500 786
1549510 786
1549520 784
1549530 783
1549540 785
1549550 785
1549560 785
1549570 785
1549580 785
1549590 785
1549600 785
1549610 785
1549620 784
1549630 784
1549640 784
1549650 784
1549660 784
1549670 784
1549680 785
1549690 785
1549700 785
1549710 785
1549720 785
1549730 785
1549740 785
1549750 785
1549760 785
1549770 786
1549780 786
1549790 786
1549800 786
1549810 786
1549820 786
1549830 786
1549840 786
1549850 786
1549860 787
1549870 787
1549880 787
1549890 787
1549900 787
1549910 787
1549920 787
1549930 787
1549940 787
1549950 787
1549960 787
1549970 788
1549980 788
1549990 788
1550000 788
1550010 788
1550020 788
1550030 788
1550040 788
1550050 789
1550060 789
1550070 789
1550080 789
1550090 790
1550100 790
1550110 790
1550120 790
1550130 790
1550140 790
1550150 790
1550160 790
1550170 791
1550180 791
1550190 791
1550200 792
1550210 792
1550220 792
1550230 792
1550240 792
1550250 792
1550260 792
1550270 792
1550280 791
1550290 791
1550300 791
1550310 791
1550320 791
1550330 791
1550340 792
1550350 792
1550360 792
1550370 792
1550380 792
1550390 792
1550400 792
1550410 792
1550420 792
1550430 792
1550440 792
1550450 792
1550460 792
1550470 792
1550480 792
1550490 793
1550500 793
1550510 793
1550520 793
1550530 793
1550540 795
1550550 796
1550560 796
1550570 795
1550580 796
1550590 796
1550600 797
1550610 798
1550620 798
1550630 798
1550640 798
1550650 799
1550660 799
1550670 799
1550680 799
1550690 799
1550700 799
1550710 799
1550720 799
1550730 799
1550740 799
1550750 799
1550760 800
1550770 801
1550780 801
1550790 801
1550800 801
1550810 801
1550820 801
1550830 801
1550840 801
1550850 801
1550860 801
1550870 801
1550880 802
1550890 802
1550900 802
1550910 803
1550920 803
1550930 803
1550940 803
1550950 803
1550960 803
1550970 804
1550980 804
1550990 804
1551000 804
1551010 804
1551020 804
1551030 804
1551040 804
1551050 804
1551060 804
1551070 805
1551080 805
1551090 805
1551100 806
1551110 806
1551120 806
1551130 807
1551140 807
1551150 807
1551160 807
1551170 807
1551180 807
1551190 807
1551200 807
1551210 807
1551220 808
1551230 808
1551240 808
1551250 809
1551260 810
1551270 810
1551280 810
1551290 810
1551300 810
1551310 810
1551320 811
1551330 811
1551340 811
1551350 811
1551360 812
1551370 812
1551380 812
1551390 813
1551400 813
1551410 813
1551420 813
1551430 813
1551440 813
1551450 814
1551460 814
1551470 814
1551480 815
1551490 815
1551500 815
1551510 815
1551520 815
1551530 816
1551540 816
1551550 816
1551560 816
1551570 816
1551580 816
1551590 817
1551600 817
1551610 817
1551620 818
1551630 819
1551640 819
1551650 819
1551660 820
1551670 820
1551680 820
1551690 821
1551700 821
1551710 821
1551720 821
1551730 821
1551740 821
1551750 821
1551760 821
1551770 821
1551780 821
1551790 821
1551800 821
1551810 821
1551820 820
1551830 820
1551840 820
1551850 819
1551860 819
1551870 819
1551880 819
1551890 819
1551900 819
1551910 819
1551920 819
1551930 820
1551940 820
1551950 820
1551960 820
1551970 820
1551980 820
1551990 820
1552000 820
1552010 820
1552020 820
1552030 820
1552040 820
1552050 820
1552060 820
1552070 820
1552080 820
1552090 820
1552100 820
1552110 820
1552120 820
1552130 820
1552140 820
1552150 820
1552160 820
1552170 820
1552180 820
1552190 820
1552200 820
1552210 820
1552220 820
1552230 820
1552240 820
1552250 820
1552260 820
1552270 820
1552280 820
1552290 820
1552300 821
1552310 821
1552320 821
1552330 821
1552340 821
1552350 821
1552360 821
1552370 821
1552380 821
1552390 821
1552400 821
1552410 821
1552420 822
1552430 822
1552440 822
1552450 822
1552460 823
1552470 823
1552480 824
1552490 824
1552500 824
1552510 824
1552520 824
1552530 824
1552540 824
1552550 824
1552560 824
1552570 824
1552580 824
1552590 824
1552600 824
1552610 824
1552620 824
1552630 824
1552640 824
1552650 824
1552660 824
1552670 823
1552680 823
1552690 823
1552700 823
1552710 823
1552720 823
1552730 823
1552740 823
1552750 823
1552760 823
1552770 824
1552780 824
1552790 824
1552800 824
1552810 823
1552820 823
1552830 823
1552840 823
1552850 823
1552860 823
1552870 821
1552880 821
1552890 819
1552900 819
1552910 819
1552920 819
1552930 819
1552940 819
1552950 821
1552960 821
1552970 821
1552980 821
1552990 821
1553000 821
1553010 821
1553020 821
1553030 821
1553040 822
1553050 823
1553060 823
1553070 823
1553080 823
1553090 823
1553100 823
1553110 823
1553120 823
1553130 823
1553140 824
1553150 824
1553160 824
1553170 824
1553180 824
1553190 824
1553200 824
1553210 824
1553220 824
1553230 824
1553240 824
1553250 824
1553260 824
1553270 824
1553280 824
1553290 825
1553300 825
1553310 825
1553320 825
1553330 825
1553340 825
1553350 825
1553360 825
1553370 825
1553380 826
1553390 826
1553400 826
1553410 826
1553420 826
1553430 826
1553440 826
1553450 826
1553460 826
1553470 827
1553480 827
1553490 827
1553500 827
1553510 827
1553520 827
1553530 827
1553540 827
1553550 827
1553560 827
1553570 827
1553580 827
1553590 827
1553600 827
1553610 827
1553620 827
1553630 827
1553640 827
1553650 827
1553660 827
1553670 827
1553680 827
1553690 827
1553700 827
1553710 827
1553720 827
1553730 827
1553740 827
1553750 827
1553760 827
1553770 827
1553780 827
1553790 827
1553800 827
1553810 827
1553820 827
1553830 827
1553840 827
1553850 827
1553860 827
1553870 827
1553880 827
1553890 827
1553900 827
1553910 826
1553920 826
1553930 826
1553940 826
1553950 826
1553960 826
1553970 826
1553980 826
1553990 826
1554000 826
1554010 826
1554020 826
1554030 825
1554040 825
1554050 825
1554060 825
1554070 826
1554080 826
1554090 826
1554100 825
1554110 825
1554120 825
1554130 825
1554140 825
1554150 825
1554160 825
1554170 825
1554180 825
1554190 825
1554200 825
1554210 825
1554220 825
1554230 825
1554240 825
1554250 825
1554260 824
1554270 824
1554280 824
1554290 824
1554300 824
1554310 824
1554320 823
1554330 823
1554340 823
1554350 823
1554360 823
1554370 823
1554380 823
1554390 823
1554400 823
1554410 823
1554420 823
1554430 822
1554440 822
1554450 822
1554460 822
1554470 822
1554480 822
1554490 822
1554500 822
1554510 822
1554520 821
1554530 821
1554540 821
1554550 821
1554560 821
1554570 821
1554580 820
1554590 820
1554600 820
1554610 820
1554620 820
1554630 820
1554640 820
1554650 820
1554660 819
1554670 819
1554680 819
1554690 819
1554700 819
1554710 819
1554720 819
1554730 819
1554740 819
1554750 819
1554760 819
1554770 819
1554780 818
1554790 818
1554800 818
1554810 818
1554820 818
1554830 818
1554840 818
1554850 818
1554860 818
1554870 818
1554880 818
1554890 818
1554900 818
1554910 818
1554920 818
1554930 818
1554940 818
1554950 818
1554960 818
1554970 818
1554980 818
1554990 818
1555000 818
1555010 818
1555020 818
1555030 818
1555040 818
1555050 818
1555060 818
1555070 818
1555080 818
1555090 818
1555100 818
1555110 817
1555120 817
1555130 817
1555140 817
1555150 817
1555160 817
1555170 817
1555180 817
1555190 817
1555200 817
1555210 817
1555220 817
1555230 816
1555240 816
1555250 816
1555260 816
1555270 816
1555280 816
1555290 816
1555300 816
1555310 815
1555320 815
1555330 815
1555340 815
1555350 815
1555360 815
1555370 815
1555380 815
1555390 815
1555400 815
1555410 815
1555420 815
1555430 815
1555440 815
1555450 815
1555460 815
1555470 815
1555480 815
1555490 815
1555500 815
1555510 815
1555520 815
1555530 815
1555540 814
1555550 814
1555560 814
1555570 814
1555580 814
1555590 814
1555600 814
1555610 814
1555620 814
1555630 814
1555640 814
1555650 814
1555660 814
1555670 814
1555680 814
1555690 814
1555700 814
1555710 814
1555720 814
1555730 814
1555740 814
1555750 814
1555760 814
1555770 814
1555780 814
1555790 815
1555800 815
1555810 815
1555820 815
1555830 815
1555840 815
1555850 815
1555860 815
1555870 815
1555880 815
1555890 815
1555900 815
1555910 815
1555920 815
1555930 815
1555940 815
1555950 815
1555960 815
1555970 815
1555980 815
1555990 815
1556000 815
1556010 815
1556020 815
1556030 815
1556040 815
1556050 814
1556060 814
1556070 814
1556080 815
1556090 815
1556100 815
1556110 815
1556120 815
1556130 816
1556140 816
1556150 816
1556160 816
1556170 816
1556180 816
1556190 816
1556200 816
1556210 816
1556220 816
1556230 816
1556240 816
1556250 816
1556260 817
1556270 817
1556280 816
1556290 817
1556300 817
1556310 817
1556320 817
1556330 817
1556340 817
1556350 817
1556360 817
1556370 817
1556380 817
1556390 817
1556400 817
1556410 817
1556420 817
1556430 817
1556440 817
1556450 817
1556460 817
1556470 817
1556480 817
1556490 817
1556500 817
1556510 817
1556520 817
1556530 817
1556540 817
1556550 817
1556560 817
1556570 817
1556580 817
1556590 817
1556600 817
1556610 817
1556620 817
1556630 817
1556640 817
1556650 817
1556660 817
1556670 817
1556680 817
1556690 818
1556700 818
1556710 818
1556720 818
1556730 818
1556740 818
1556750 818
1556760 818
1556770 818
1556780 818
1556790 818
1556800 818
1556810 818
1556820 818
1556830 818
1556840 818
1556850 818
1556860 818
1556870 818
1556880 819
1556890 819
1556900 819
1556910 819
1556920 819
1556930 819
1556940 819
1556950 819
1556960 819
1556970 819
1556980 819
1556990 819
1557000 819
1557010 819
1557020 819
1557030 819
1557040 819
1557050 819
1557060 819
1557070 819
1557080 819
1557090 819
1557100 819
1557110 820
1557120 820
1557130 820
1557140 820
1557150 820
1557160 820
1557170 820
1557180 820
1557190 820
1557200 820
1557210 821
1557220 821
1557230 821
1557240 821
1557250 821
1557260 821
1557270 821
1557280 822
1557290 822
1557300 821
1557310 821
1557320 821
1557330 822
1557340 822
1557350 822
1557360 821
1557370 821
1557380 821
1557390 822
1557400 822
1557410 822
1557420 822
1557430 822
1557440 822
1557450 822
1557460 821
1557470 821
1557480 821
1557490 821
1557500 821
1557510 821
1557520 822
1557530 822
1557540 822
1557550 822
1557560 822
1557570 822
1557580 823
1557590 823
1557600 823
1557610 822
1557620 822
1557630 822
1557640 822
1557650 822
1557660 822
1557670 822
1557680 822
1557690 822
1557700 822
1557710 822
1557720 822
1557730 822
1557740 822
1557750 822
1557760 822
1557770 822
1557780 822
1557790 822
1557800 822
1557810 822
1557820 822
1557830 822
1557840 822
1557850 822
1557860 822
1557870 822
1557880 822
1557890 822
1557900 822
1557910 822
1557920 822
1557930 822
1557940 822
1557950 823
1557960 823
1557970 823
1557980 823
1557990 823
1558000 823
1558010 823
1558020 823
1558030 823
1558040 823
1558050 823
1558060 823
1558070 823
1558080 823
1558090 823
1558100 823
1558110 823
1558120 823
1558130 823
1558140 823
1558150 823
1558160 823
1558170 823
1558180 823
1558190 823
1558200 823
1558210 824
1558220 824
1558230 824
1558240 824
1558250 824
1558260 824
1558270 824
1558280 824
1558290 824
1558300 824
1558310 824
1558320 824
1558330 824
1558340 824
1558350 824
1558360 824
1558370 824
1558380 824
1558390 824
1558400 824
1558410 824
1558420 824
1558430 824
1558440 825
1558450 825
1558460 825
1558470 825
1558480 825
1558490 825
1558500 825
1558510 825
1558520 825
1558530 825
1558540 825
1558550 825
1558560 825
1558570 825
1558580 825
1558590 825
1558600 825
1558610 825
1558620 825
1558630 825
1558640 825
1558650 825
1558660 825
1558670 825
1558680 825
1558690 826
1558700 826
1558710 826
1558720 825
1558730 826
1558740 826
1558750 826
1558760 827
1558770 827
1558780 830
1558790 832
1558800 832
1558810 835
1558820 837
1558830 837
1558840 839
1558850 840
1558860 840
1558870 842
1558880 843
1558890 843
1558900 845
1558910 847
1558920 849
1558930 849
1558940 851
1558950 852
1558960 852
1558970 854
1558980 855
1558990 855
1559000 856
1559010 856
1559020 856
1559030 858
1559040 859
1559050 859
1559060 862
1559070 863
1559080 863
1559090 865
1559100 867
1559110 867
1559120 869
1559130 870
1559140 870
1559150 872
1559160 873
1559170 873
1559180 874
1559190 875
1559200 875
1559210 876
1559220 877
1559230 877
1559240 878
1559250 878
1559260 878
1559270 878
1559280 879
1559290 879
1559300 879
1559310 879
1559320 878
1559330 878
1559340 877
1559350 876
1559360 876
1559370 876
1559380 876
1559390 876
1559400 875
1559410 876
1559420 876
1559430 875
1559440 874
1559450 874
1559460 873
1559470 873
1559480 873
1559490 872
1559500 872
1559510 872
1559520 872
1559530 872
1559540 872
1559550 871
1559560 870
1559570 870
1559580 869
1559590 868
1559600 868
1559610 867
1559620 865
1559630 862
1559640 862
1559650 852
1559660 850
1559670 850
1559680 848
1559690 845
1559700 845
1559710 842
1559720 840
1559730 840
1559740 837
1559750 834
1559760 834
1559770 833
1559780 832
1559790 832
1559800 832
1559810 832
1559820 832
1559830 832
1559840 832
1559850 832
1559860 832
1559870 832
1559880 832
1559890 832
1559900 831
1559910 831
1559920 832
1559930 833
1559940 833
1559950 832
1559960 832
1559970 832
1559980 832
1559990 832
