1540000 927
1540010 928
1540020 928
1540030 929
1540040 931
1540050 931
1540060 935
1540070 941
1540080 941
1540090 947
1540100 950
1540110 950
1540120 955
1540130 957
1540140 957
1540150 957
1540160 957
1540170 957
1540180 958
1540190 960
1540200 960
1540210 962
1540220 966
1540230 966
1540240 972
1540250 977
1540260 983
1540270 983
1540280 989
1540290 994
1540300 994
1540310 1001
1540320 1006
1540330 1006
1540340 1009
1540350 1012
1540360 1012
1540370 1016
1540380 1020
1540390 1020
1540400 1025
1540410 1033
1540420 1033
1540430 1041
1540440 1047
1540450 1047
1540460 1051
1540470 1055
1540480 1055
1540490 1063
1540500 1068
1540510 1068
1540520 1074
1540530 1083
1540540 1083
1540550 1089
1540560 1094
1540570 1094
1540580 1098
1540590 1103
1540600 1103
1540610 1109
1540620 1116
1540630 1120
1540640 1120
1540650 1125
1540660 1129
1540670 1129
1540680 1135
1540690 1142
1540700 1142
1540710 1147
1540720 1150
1540730 1150
1540740 1150
1540750 1148
1540760 1148
1540770 1159
1540780 1170
1540790 1170
1540800 1182
1540810 1190
1540820 1190
1540830 1197
1540840 1204
1540850 1204
1540860 1208
1540870 1211
1540880 1211
1540890 1215
1540900 1218
1540910 1218
1540920 1221
1540930 1224
1540940 1224
1540950 1228
1540960 1233
1540970 1233
1540980 1238
1540990 1245
1541000 1245
1541010 1252
1541020 1259
1541030 1266
1541040 1266
1541050 1272
1541060 1279
1541070 1279
1541080 1285
1541090 1293
1541100 1293
1541110 1301
1541120 1313
1541130 1313
1541140 1322
1541150 1327
1541160 1327
1541170 1332
1541180 1336
1541190 1336
1541200 1340
1541210 1343
1541220 1343
1541230 1347
1541240 1350
1541250 1350
1541260 1353
1541270 1356
1541280 1356
1541290 1359
1541300 1362
1541310 1362
1541320 1364
1541330 1364
1541340 1364
1541350 1365
1541360 1364
1541370 1364
1541380 1363
1541390 1363
1541400 1361
1541410 1361
1541420 1358
1541430 1354
1541440 1357
1541450 1354
1541460 1350
1541470 1350
1541480 1344
1541490 1340
1541500 1340
1541510 1340
1541520 1341
1541530 1341
1541540 1339
1541550 1334
1541560 1334
1541570 1329
1541580 1325
1541590 1325
1541600 1323
1541610 1321
1541620 1321
1541630 1319
1541640 1319
1541650 1319
1541660 1320
1541670 1321
1541680 1321
1541690 1321
1541700 1322
1541710 1322
1541720 1322
1541730 1321
1541740 1321
1541750 1321
1541760 1321
1541770 1320
1541780 1320
1541790 1320
1541800 1320
1541810 1320
1541820 1320
1541830 1320
1541840 1320
1541850 1319
1541860 1320
1541870 1320
1541880 1321
1541890 1321
1541900 1321
1541910 1321
1541920 1322
1541930 1322
1541940 1321
1541950 1320
1541960 1320
1541970 1322
1541980 1324
1541990 1324
1542000 1323
1542010 1322
1542020 1322
1542030 1322
1542040 1324
1542050 1324
1542060 1328
1542070 1330
1542080 1330
1542090 1330
1542100 1331
1542110 1331
1542120 1332
1542130 1334
1542140 1334
1542150 1336
1542160 1338
1542170 1341
1542180 1341
1542190 1343
1542200 1346
1542210 1346
1542220 1350
1542230 1354
1542240 1354
1542250 1358
1542260 1362
1542270 1362
1542280 1366
1542290 1371
1542300 1371
1542310 1376
1542320 1380
1542330 1380
1542340 1385
1542350 1390
1542360 1390
1542370 1395
1542380 1400
1542390 1400
1542400 1405
1542410 1410
1542420 1410
1542430 1416
1542440 1422
1542450 1422
1542460 1428
1542470 1434
1542480 1434
1542490 1441
1542500 1447
1542510 1447
1542520 1454
1542530 1460
1542540 1470
1542550 1470
1542560 1487
1542570 1503
1542580 1503
1542590 1514
1542600 1523
1542610 1523
1542620 1534
1542630 1541
1542640 1541
1542650 1544
1542660 1546
1542670 1546
1542680 1548
1542690 1549
1542700 1549
1542710 1550
1542720 1552
1542730 1552
1542740 1556
1542750 1560
1542760 1560
1542770 1560
1542780 1559
1542790 1559
1542800 1555
1542810 1552
1542820 1552
1542830 1548
1542840 1546
1542850 1546
1542860 1544
1542870 1544
1542880 1544
1542890 1541
1542900 1540
1542910 1540
1542920 1540
1542930 1539
1542940 1539
1542950 1539
1542960 1537
1542970 1533
1542980 1533
1542990 1530
1543000 1528
1543010 1528
1543020 1527
1543030 1528
1543040 1528
1543050 1529
1543060 1530
1543070 1530
1543080 1531
1543090 1533
1543100 1533
1543110 1537
1543120 1541
1543130 1541
1543140 1546
1543150 1551
1543160 1551
1543170 1556
1543180 1565
1543190 1565
1543200 1575
1543210 1580
1543220 1580
1543230 1581
1543240 1577
1543250 1577
1543260 1573
1543270 1565
1543280 1565
1543290 1554
1543300 1550
1543310 1549
1543320 1549
1543330 1547
1543340 1545
1543350 1545
1543360 1544
1543370 1542
1543380 1542
1543390 1540
1543400 1538
1543410 1538
1543420 1538
1543430 1536
1543440 1536
1543450 1534
1543460 1533
1543470 1533
1543480 1532
1543490 1531
1543500 1531
1543510 1530
1543520 1530
1543530 1530
1543540 1530
1543550 1530
1543560 1530
1543570 1531
1543580 1532
1543590 1532
1543600 1535
1543610 1538
1543620 1538
1543630 1542
1543640 1546
1543650 1544
1543660 1548
1543670 1552
1543680 1556
1543690 1556
1543700 1560
1543710 1562
1543720 1562
1543730 1563
1543740 1566
1543750 1566
1543760 1569
1543770 1573
1543780 1573
1543790 1577
1543800 1579
1543810 1579
1543820 1580
1543830 1580
1543840 1580
1543850 1582
1543860 1585
1543870 1585
1543880 1589
1543890 1591
1543900 1591
1543910 1592
1543920 1596
1543930 1596
1543940 1601
1543950 1606
1543960 1606
1543970 1611
1543980 1617
1543990 1617
1544000 1630
1544010 1638
1544020 1638
1544030 1643
1544040 1646
1544050 1648
1544060 1648
1544070 1652
1544080 1655
1544090 1655
1544100 1658
1544110 1658
1544120 1658
1544130 1660
1544140 1662
1544150 1662
1544160 1665
1544170 1666
1544180 1666
1544190 1665
1544200 1664
1544210 1664
1544220 1664
1544230 1664
1544240 1664
1544250 1663
1544260 1664
1544270 1664
1544280 1665
1544290 1665
1544300 1665
1544310 1666
1544320 1667
1544330 1667
1544340 1669
1544350 1670
1544360 1670
1544370 1670
1544380 1671
1544390 1671
1544400 1671
1544410 1668
1544420 1668
1544430 1663
1544440 1661
1544450 1659
1544460 1659
1544470 1661
1544480 1664
1544490 1664
1544500 1666
1544510 1668
1544520 1668
1544530 1669
1544540 1671
1544550 1671
1544560 1672
1544570 1672
1544580 1672
1544590 1674
1544600 1676
1544610 1676
1544620 1676
1544630 1675
1544640 1675
1544650 1675
1544660 1675
1544670 1675
1544680 1676
1544690 1677
1544700 1677
1544710 1679
1544720 1681
1544730 1681
1544740 1682
1544750 1683
1544760 1683
1544770 1683
1544780 1682
1544790 1682
1544800 1683
1544810 1682
1544820 1681
1544830 1681
1544840 1680
1544850 1678
1544860 1678
1544870 1670
1544880 1663
1544890 1663
1544900 1661
1544910 1659
1544920 1659
1544930 1659
1544940 1661
1544950 1661
1544960 1657
1544970 1651
1544980 1651
1544990 1648
1545000 1646
1545010 1646
1545020 1643
1545030 1641
1545040 1641
1545050 1641
1545060 1639
1545070 1639
1545080 1635
1545090 1629
1545100 1629
1545110 1624
1545120 1624
1545130 1624
1545140 1624
1545150 1621
1545160 1621
1545170 1618
1545180 1616
1545190 1617
1545200 1617
1545210 1617
1545220 1615
1545230 1615
1545240 1616
1545250 1616
1545260 1616
1545270 1617
1545280 1620
1545290 1620
1545300 1622
1545310 1624
1545320 1624
1545330 1626
1545340 1628
1545350 1628
1545360 1625
1545370 1621
1545380 1621
1545390 1618
1545400 1617
1545410 1617
1545420 1617
1545430 1620
1545440 1620
1545450 1624
1545460 1627
1545470 1627
1545480 1629
1545490 1631
1545500 1631
1545510 1632
1545520 1632
1545530 1632
1545540 1616
1545550 1599
1545560 1599
1545570 1593
1545580 1588
1545590 1585
1545600 1585
1545610 1583
1545620 1575
1545630 1575
1545640 1569
1545650 1564
1545660 1564
1545670 1559
1545680 1552
1545690 1552
1545700 1543
1545710 1535
1545720 1535
1545730 1529
1545740 1523
1545750 1523
1545760 1519
1545770 1515
1545780 1509
1545790 1505
1545800 1501
1545810 1501
1545820 1498
1545830 1494
1545840 1494
1545850 1490
1545860 1486
1545870 1486
1545880 1481
1545890 1476
1545900 1476
1545910 1470
1545920 1464
1545930 1464
1545940 1458
1545950 1451
1545960 1445
1545970 1445
1545980 1438
1545990 1431
1546000 1431
1546010 1424
1546020 1418
1546030 1418
1546040 1410
1546050 1404
1546060 1404
1546070 1398
1546080 1393
1546090 1393
1546100 1388
1546110 1383
1546120 1383
1546130 1378
1546140 1373
1546150 1373
1546160 1367
1546170 1363
1546180 1363
1546190 1356
1546200 1348
1546210 1348
1546220 1341
1546230 1333
1546240 1333
1546250 1326
1546260 1319
1546270 1319
1546280 1312
1546290 1306
1546300 1306
1546310 1303
1546320 1299
1546330 1297
1546340 1297
1546350 1295
1546360 1292
1546370 1292
1546380 1289
1546390 1286
1546400 1286
1546410 1282
1546420 1279
1546430 1279
1546440 1277
1546450 1273
1546460 1273
1546470 1269
1546480 1265
1546490 1265
1546500 1261
1546510 1257
1546520 1257
1546530 1253
1546540 1248
1546550 1248
1546560 1243
1546570 1238
1546580 1238
1546590 1234
1546600 1231
1546610 1231
1546620 1228
1546630 1225
1546640 1225
1546650 1221
1546660 1217
1546670 1217
1546680 1215
1546690 1213
1546700 1213
1546710 1211
1546720 1209
1546730 1205
1546740 1205
1546750 1201
1546760 1197
1546770 1197
1546780 1194
1546790 1191
1546800 1191
1546810 1189
1546820 1188
1546830 1188
1546840 1186
1546850 1185
1546860 1185
1546870 1183
1546880 1182
1546890 1182
1546900 1180
1546910 1178
1546920 1178
1546930 1175
1546940 1172
1546950 1172
1546960 1170
1546970 1167
1546980 1167
1546990 1164
1547000 1160
1547010 1160
1547020 1156
1547030 1153
1547040 1153
1547050 1149
1547060 1146
1547070 1146
1547080 1142
1547090 1138
1547100 1136
1547110 1136
1547120 1133
1547130 1132
1547140 1132
1547150 1130
1547160 1129
1547170 1129
1547180 1127
1547190 1127
1547200 1127
1547210 1126
1547220 1125
1547230 1125
1547240 1125
1547250 1124
1547260 1124
1547270 1123
1547280 1123
1547290 1123
1547300 1122
1547310 1121
1547320 1121
1547330 1121
1547340 1120
1547350 1120
1547360 1119
1547370 1118
1547380 1118
1547390 1117
1547400 1115
1547410 1115
1547420 1114
1547430 1112
1547440 1112
1547450 1110
1547460 1108
1547470 1105
1547480 1105
1547490 1103
1547500 1100
1547510 1100
1547520 1095
1547530 1090
1547540 1090
1547550 1085
1547560 1078
1547570 1078
1547580 1071
1547590 1065
1547600 1065
1547610 1066
1547620 1067
1547630 1067
1547640 1067
1547650 1070
1547660 1070
1547670 1074
1547680 1075
1547690 1075
1547700 1075
1547710 1075
1547720 1075
1547730 1074
1547740 1073
1547750 1073
1547760 1074
1547770 1074
1547780 1074
1547790 1074
1547800 1074
1547810 1074
1547820 1072
1547830 1070
1547840 1072
1547850 1069
1547860 1066
1547870 1063
1547880 1063
1547890 1061
1547900 1060
1547910 1060
1547920 1060
1547930 1057
1547940 1057
1547950 1051
1547960 1047
1547970 1047
1547980 1042
1547990 1037
1548000 1037
1548010 1032
1548020 1028
1548030 1028
1548040 1024
1548050 1021
1548060 1021
1548070 1019
1548080 1018
1548090 1018
1548100 1016
1548110 1014
1548120 1014
1548130 1012
1548140 1010
1548150 1010
1548160 1008
1548170 1006
1548180 1006
1548190 1002
1548200 1000
1548210 1000
1548220 998
1548230 995
1548240 991
1548250 991
1548260 986
1548270 978
1548280 978
1548290 970
1548300 969
1548310 969
1548320 975
1548330 983
1548340 983
1548350 987
1548360 988
1548370 988
1548380 988
1548390 990
1548400 990
1548410 993
1548420 994
1548430 994
1548440 996
1548450 998
1548460 998
1548470 1000
1548480 1001
1548490 1001
1548500 1003
1548510 1004
1548520 1004
1548530 1005
1548540 1006
1548550 1006
1548560 1007
1548570 1007
1548580 1007
1548590 1008
1548600 1008
1548610 1008
1548620 1008
1548630 1007
1548640 1006
1548650 1006
1548660 1004
1548670 1002
1548680 1002
1548690 1000
1548700 998
1548710 998
1548720 996
1548730 994
1548740 994
1548750 992
1548760 988
1548770 988
1548780 985
1548790 984
1548800 984
1548810 983
1548820 982
1548830 982
1548840 980
1548850 978
1548860 978
1548870 975
1548880 974
1548890 974
1548900 974
1548910 973
1548920 973
1548930 971
1548940 968
1548950 968
1548960 964
1548970 959
1548980 959
1548990 954
1549000 948
1549010 943
1549020 943
1549030 939
1549040 936
1549050 936
1549060 932
1549070 928
1549080 928
1549090 926
1549100 925
1549110 925
1549120 924
1549130 924
1549140 924
1549150 923
1549160 921
1549170 921
1549180 920
1549190 920
1549200 920
1549210 919
1549220 917
1549230 917
1549240 917
1549250 916
1549260 916
1549270 915
1549280 914
1549290 914
1549300 914
1549310 913
1549320 913
1549330 913
1549340 912
1549350 912
1549360 911
1549370 911
1549380 910
1549390 910
1549400 910
1549410 909
1549420 909
1549430 909
1549440 908
1549450 908
1549460 908
1549470 907
1549480 907
1549490 906
1549500 904
1549510 904
1549520 900
1549530 895
1549540 895
1549550 889
1549560 884
1549570 884
1549580 882
1549590 882
1549600 882
1549610 883
1549620 888
1549630 888
1549640 895
1549650 901
1549660 901
1549670 904
1549680 907
1549690 907
1549700 908
1549710 908
1549720 908
1549730 908
1549740 908
1549750 909
1549760 909
1549770 909
1549780 909
1549790 909
1549800 909
1549810 909
1549820 909
1549830 909
1549840 910
1549850 910
1549860 910
1549870 911
1549880 911
1549890 911
1549900 913
1549910 913
1549920 915
1549930 916
1549940 916
1549950 918
1549960 920
1549970 920
1549980 923
1549990 924
1550000 924
1550010 926
1550020 927
1550030 927
1550040 928
1550050 928
1550060 928
1550070 929
1550080 930
1550090 930
1550100 930
1550110 931
1550120 931
1550130 932
1550140 933
1550150 935
1550160 935
1550170 938
1550180 939
1550190 939
1550200 940
1550210 940
1550220 940
1550230 939
1550240 938
1550250 938
1550260 937
1550270 935
1550280 935
1550290 934
1550300 933
1550310 933
1550320 932
1550330 932
1550340 932
1550350 931
1550360 931
1550370 931
1550380 931
1550390 931
1550400 931
1550410 931
1550420 930
1550430 930
1550440 930
1550450 931
1550460 931
1550470 932
1550480 933
1550490 933
1550500 933
1550510 934
1550520 934
1550530 934
1550540 934
1550550 936
1550560 936
1550570 937
1550580 938
1550590 938
1550600 939
1550610 940
1550620 940
1550630 942
1550640 943
1550650 943
1550660 944
1550670 946
1550680 946
1550690 947
1550700 949
1550710 949
1550720 951
1550730 953
1550740 953
1550750 955
1550760 957
1550770 957
1550780 959
1550790 961
1550800 961
1550810 963
1550820 966
1550830 966
1550840 968
1550850 970
1550860 970
1550870 972
1550880 974
1550890 977
1550900 977
1550910 980
1550920 983
1550930 983
1550940 986
1550950 990
1550960 990
1550970 992
1550980 995
1550990 995
1551000 998
1551010 1001
1551020 1001
1551030 1003
1551040 1006
1551050 1006
1551060 1010
1551070 1013
1551080 1013
1551090 1017
1551100 1020
1551110 1020
1551120 1023
1551130 1027
1551140 1027
1551150 1031
1551160 1034
1551170 1034
1551180 1038
1551190 1043
1551200 1043
1551210 1046
1551220 1049
1551230 1049
1551240 1050
1551250 1052
1551260 1052
1551270 1055
1551280 1058
1551290 1061
1551300 1061
1551310 1064
1551320 1066
1551330 1066
1551340 1071
1551350 1075
1551360 1075
1551370 1081
1551380 1087
1551390 1087
1551400 1093
1551410 1099
1551420 1099
1551430 1104
1551440 1108
1551450 1108
1551460 1113
1551470 1115
1551480 1115
1551490 1118
1551500 1119
1551510 1119
1551520 1119
1551530 1119
1551540 1119
1551550 1118
1551560 1117
1551570 1117
1551580 1119
1551590 1121
1551600 1121
1551610 1124
1551620 1129
1551630 1129
1551640 1134
1551650 1139
1551660 1143
1551670 1143
1551680 1146
1551690 1146
1551700 1146
1551710 1145
1551720 1145
1551730 1145
1551740 1148
1551750 1151
1551760 1151
1551770 1156
1551780 1160
1551790 1160
1551800 1163
1551810 1165
1551820 1165
1551830 1170
1551840 1175
1551850 1175
1551860 1181
1551870 1187
1551880 1187
1551890 1192
1551900 1196
1551910 1196
1551920 1196
1551930 1196
1551940 1196
1551950 1198
1551960 1203
1551970 1203
1551980 1208
1551990 1212
1552000 1212
1552010 1213
1552020 1210
1552030 1210
1552040 1211
1552050 1213
1552060 1217
1552070 1217
1552080 1219
1552090 1220
1552100 1220
1552110 1222
1552120 1224
1552130 1224
1552140 1225
1552150 1228
1552160 1228
1552170 1233
1552180 1240
1552190 1240
1552200 1246
1552210 1252
1552220 1252
1552230 1258
1552240 1262
1552250 1262
1552260 1266
1552270 1268
1552280 1268
1552290 1269
1552300 1270
1552310 1270
1552320 1273
1552330 1276
1552340 1276
1552350 1280
1552360 1284
1552370 1284
1552380 1288
1552390 1292
1552400 1292
1552410 1295
1552420 1298
1552430 1302
1552440 1302
1552450 1304
1552460 1304
1552470 1304
1552480 1304
1552490 1309
1552500 1309
1552510 1314
1552520 1319
1552530 1319
1552540 1324
1552550 1329
1552560 1329
1552570 1331
1552580 1334
1552590 1334
1552600 1341
1552610 1347
1552620 1347
1552630 1351
1552640 1355
1552650 1355
1552660 1358
1552670 1360
1552680 1360
1552690 1361
1552700 1360
1552710 1360
1552720 1360
1552730 1361
1552740 1361
1552750 1362
1552760 1362
1552770 1362
1552780 1361
1552790 1363
1552800 1367
1552810 1367
1552820 1373
1552830 1377
1552840 1377
1552850 1381
1552860 1383
1552870 1383
1552880 1384
1552890 1385
1552900 1385
1552910 1387
1552920 1388
1552930 1388
1552940 1390
1552950 1391
1552960 1391
1552970 1393
1552980 1394
1552990 1394
1553000 1395
1553010 1395
1553020 1395
1553030 1395
1553040 1396
1553050 1396
1553060 1397
1553070 1397
1553080 1397
1553090 1396
1553100 1394
1553110 1394
1553120 1394
1553130 1397
1553140 1397
1553150 1401
1553160 1405
1553170 1405
1553180 1410
1553190 1415
1553200 1420
1553210 1420
1553220 1423
1553230 1428
1553240 1428
1553250 1430
1553260 1433
1553270 1433
1553280 1438
1553290 1442
1553300 1442
1553310 1445
1553320 1448
1553330 1448
1553340 1450
1553350 1452
1553360 1452
1553370 1453
1553380 1453
1553390 1453
1553400 1453
1553410 1454
1553420 1454
1553430 1455
1553440 1456
1553450 1456
1553460 1457
1553470 1459
1553480 1459
1553490 1460
1553500 1463
1553510 1463
1553520 1463
1553530 1461
1553540 1461
1553550 1460
1553560 1459
1553570 1457
1553580 1457
1553590 1455
1553600 1455
1553610 1455
1553620 1456
1553630 1456
1553640 1456
1553650 1465
1553660 1465
1553670 1465
1553680 1466
1553690 1467
1553700 1467
1553710 1471
1553720 1476
1553730 1476
1553740 1480
1553750 1482
1553760 1482
1553770 1480
1553780 1478
1553790 1478
1553800 1478
1553810 1479
1553820 1479
1553830 1483
1553840 1487
1553850 1487
1553860 1491
1553870 1498
1553880 1498
1553890 1504
1553900 1509
1553910 1509
1553920 1511
1553930 1513
1553940 1516
1553950 1516
1553960 1518
1553970 1520
1553980 1520
1553990 1522
1554000 1523
1554010 1523
1554020 1526
1554030 1528
1554040 1528
1554050 1530
1554060 1532
1554070 1532
1554080 1535
1554090 1537
1554100 1537
1554110 1539
1554120 1541
1554130 1541
1554140 1542
1554150 1544
1554160 1544
1554170 1546
1554180 1549
1554190 1549
1554200 1551
1554210 1553
1554220 1553
1554230 1555
1554240 1557
1554250 1557
1554260 1560
1554270 1562
1554280 1562
1554290 1564
1554300 1567
1554310 1567
1554320 1569
1554330 1570
1554340 1572
1554350 1572
1554360 1574
1554370 1576
1554380 1576
1554390 1578
1554400 1578
1554410 1578
1554420 1578
1554430 1577
1554440 1577
1554450 1577
1554460 1579
1554470 1579
1554480 1580
1554490 1581
1554500 1581
1554510 1582
1554520 1582
1554530 1582
1554540 1582
1554550 1582
1554560 1582
1554570 1581
1554580 1579
1554590 1579
1554600 1578
1554610 1577
1554620 1577
1554630 1576
1554640 1574
1554650 1574
1554660 1572
1554670 1570
1554680 1570
1554690 1567
1554700 1563
1554710 1559
1554720 1559
1554730 1555
1554740 1551
1554750 1551
1554760 1546
1554770 1542
1554780 1542
1554790 1537
1554800 1531
1554810 1531
1554820 1527
1554830 1525
1554840 1525
1554850 1525
1554860 1525
1554870 1525
1554880 1519
1554890 1518
1554900 1518
1554910 1516
1554920 1514
1554930 1514
1554940 1514
1554950 1514
1554960 1514
1554970 1513
1554980 1514
1554990 1514
1555000 1515
1555010 1515
1555020 1515
1555030 1515
1555040 1516
1555050 1516
1555060 1518
1555070 1520
1555080 1521
1555090 1521
1555100 1522
1555110 1524
1555120 1524
1555130 1525
1555140 1525
1555150 1525
1555160 1525
1555170 1525
1555180 1525
1555190 1525
1555200 1525
1555210 1525
1555220 1525
1555230 1524
1555240 1524
1555250 1522
1555260 1521
1555270 1521
1555280 1519
1555290 1517
1555300 1517
1555310 1515
1555320 1513
1555330 1513
1555340 1512
1555350 1509
1555360 1509
1555370 1508
1555380 1507
1555390 1507
1555400 1504
1555410 1501
1555420 1501
1555430 1500
1555440 1497
1555450 1497
1555460 1494
1555470 1489
1555480 1488
1555490 1488
1555500 1484
1555510 1483
1555520 1483
1555530 1479
1555540 1476
1555550 1476
1555560 1473
1555570 1472
1555580 1472
1555590 1471
1555600 1470
1555610 1470
1555620 1470
1555630 1470
1555640 1470
1555650 1470
1555660 1471
1555670 1471
1555680 1468
1555690 1467
1555700 1467
1555710 1468
1555720 1470
1555730 1470
1555740 1471
1555750 1470
1555760 1470
1555770 1469
1555780 1469
1555790 1469
1555800 1472
1555810 1471
1555820 1471
1555830 1472
1555840 1470
1555850 1470
1555860 1470
1555870 1473
1555880 1475
1555890 1475
1555900 1475
1555910 1474
1555920 1474
1555930 1473
1555940 1470
1555950 1470
1555960 1468
1555970 1467
1555980 1467
1555990 1470
1556000 1471
1556010 1471
1556020 1470
1556030 1468
1556040 1468
1556050 1469
1556060 1471
1556070 1471
1556080 1475
1556090 1474
1556100 1474
1556110 1475
1556120 1477
1556130 1477
1556140 1478
1556150 1477
1556160 1477
1556170 1479
1556180 1482
1556190 1482
1556200 1484
1556210 1486
1556220 1488
1556230 1488
1556240 1490
1556250 1492
1556260 1492
1556270 1495
1556280 1498
1556290 1498
1556300 1502
1556310 1506
1556320 1506
1556330 1510
1556340 1515
1556350 1515
1556360 1517
1556370 1520
1556380 1520
1556390 1525
1556400 1531
1556410 1531
1556420 1536
1556430 1543
1556440 1543
1556450 1549
1556460 1554
1556470 1554
1556480 1557
1556490 1560
1556500 1560
1556510 1562
1556520 1564
1556530 1564
1556540 1566
1556550 1567
1556560 1567
1556570 1568
1556580 1567
1556590 1567
1556600 1568
1556610 1571
1556620 1572
1556630 1572
1556640 1573
1556650 1573
1556660 1573
1556670 1572
1556680 1574
1556690 1574
1556700 1575
1556710 1574
1556720 1574
1556730 1573
1556740 1574
1556750 1574
1556760 1576
1556770 1575
1556780 1575
1556790 1575
1556800 1576
1556810 1576
1556820 1578
1556830 1580
1556840 1580
1556850 1582
1556860 1583
1556870 1583
1556880 1583
1556890 1583
1556900 1583
1556910 1584
1556920 1584
1556930 1584
1556940 1583
1556950 1582
1556960 1582
1556970 1580
1556980 1578
1556990 1579
1557000 1579
1557010 1583
1557020 1586
1557030 1586
1557040 1588
1557050 1589
1557060 1589
1557070 1590
1557080 1592
1557090 1592
1557100 1593
1557110 1595
1557120 1595
1557130 1596
1557140 1597
1557150 1597
1557160 1597
1557170 1597
1557180 1597
1557190 1597
1557200 1595
1557210 1595
1557220 1594
1557230 1596
1557240 1596
1557250 1597
1557260 1599
1557270 1599
1557280 1599
1557290 1599
1557300 1599
1557310 1599
1557320 1599
1557330 1599
1557340 1599
1557350 1598
1557360 1598
1557370 1598
1557380 1597
1557390 1597
1557400 1597
1557410 1598
1557420 1599
1557430 1599
1557440 1600
1557450 1601
1557460 1601
1557470 1602
1557480 1604
1557490 1604
1557500 1606
1557510 1611
1557520 1611
1557530 1614
1557540 1616
1557550 1616
1557560 1619
1557570 1621
1557580 1621
1557590 1622
1557600 1621
1557610 1621
1557620 1620
1557630 1621
1557640 1621
1557650 1624
1557660 1628
1557670 1628
1557680 1630
1557690 1630
1557700 1630
1557710 1633
1557720 1634
1557730 1634
1557740 1632
1557750 1632
1557760 1631
1557770 1631
1557780 1632
1557790 1633
1557800 1633
1557810 1631
1557820 1630
1557830 1630
1557840 1631
1557850 1629
1557860 1629
1557870 1628
1557880 1626
1557890 1626
1557900 1625
1557910 1623
1557920 1623
1557930 1624
1557940 1624
1557950 1624
1557960 1623
1557970 1623
1557980 1623
1557990 1623
1558000 1624
1558010 1624
1558020 1626
1558030 1626
1558040 1626
1558050 1625
1558060 1620
1558070 1620
1558080 1615
1558090 1614
1558100 1614
1558110 1616
1558120 1616
1558130 1617
1558140 1617
1558150 1615
1558160 1612
1558170 1612
1558180 1610
1558190 1608
1558200 1608
1558210 1611
1558220 1613
1558230 1613
1558240 1613
1558250 1610
1558260 1610
1558270 1609
1558280 1609
1558290 1609
1558300 1610
1558310 1610
1558320 1610
1558330 1612
1558340 1612
1558350 1612
1558360 1610
1558370 1609
1558380 1609
1558390 1604
1558400 1602
1558410 1602
1558420 1602
1558430 1601
1558440 1601
1558450 1600
1558460 1600
1558470 1600
1558480 1597
1558490 1593
1558500 1591
1558510 1591
1558520 1588
1558530 1585
1558540 1585
1558550 1581
1558560 1578
1558570 1578
1558580 1577
1558590 1577
1558600 1577
1558610 1577
1558620 1577
1558630 1577
1558640 1575
1558650 1574
1558660 1574
1558670 1572
1558680 1571
1558690 1571
1558700 1571
1558710 1571
1558720 1571
1558730 1571
1558740 1573
1558750 1573
1558760 1574
1558770 1575
1558780 1575
1558790 1574
1558800 1574
1558810 1574
1558820 1575
1558830 1576
1558840 1576
1558850 1575
1558860 1575
1558870 1575
1558880 1575
1558890 1573
1558900 1571
1558910 1571
1558920 1567
1558930 1564
1558940 1564
1558950 1563
1558960 1559
1558970 1559
1558980 1557
1558990 1555
1559000 1555
1559010 1556
1559020 1555
1559030 1555
1559040 1553
1559050 1550
1559060 1550
1559070 1546
1559080 1543
1559090 1543
1559100 1540
1559110 1541
1559120 1541
1559130 1542
1559140 1542
1559150 1542
1559160 1541
1559170 1541
1559180 1541
1559190 1540
1559200 1541
1559210 1541
1559220 1540
1559230 1541
1559240 1541
1559250 1539
1559260 1536
1559270 1536
1559280 1536
1559290 1536
1559300 1537
1559310 1537
1559320 1537
1559330 1538
1559340 1538
1559350 1539
1559360 1538
1559370 1538
1559380 1535
1559390 1535
1559400 1535
1559410 1538
1559420 1540
1559430 1540
1559440 1541
1559450 1540
1559460 1540
1559470 1539
1559480 1535
1559490 1535
1559500 1536
1559510 1538
1559520 1538
1559530 1540
1559540 1541
1559550 1541
1559560 1540
1559570 1541
1559580 1541
1559590 1541
1559600 1544
1559610 1544
1559620 1547
1559630 1546
1559640 1544
1559650 1544
1559660 1542
1559670 1539
1559680 1539
1559690 1537
1559700 1533
1559710 1533
1559720 1529
1559730 1525
1559740 1525
1559750 1525
1559760 1525
1559770 1525
1559780 1526
1559790 1528
1559800 1528
1559810 1529
1559820 1530
1559830 1530
1559840 1531
1559850 1533
1559860 1533
1559870 1536
1559880 1535
1559890 1535
1559900 1536
1559910 1539
1559920 1539
1559930 1543
1559940 1548
1559950 1548
1559960 1554
1559970 1560
1559980 1560
1559990 1565
