1540000 927
1540010 927
1540020 927
1540030 930
1540040 932
1540050 932
1540060 935
1540070 940
1540080 940
1540090 947
1540100 951
1540110 951
1540120 954
1540130 956
1540140 956
1540150 956
1540160 956
1540170 956
1540180 957
1540190 957
1540200 957
1540210 959
1540220 964
1540230 964
1540240 968
1540250 974
1540260 979
1540270 979
1540280 984
1540290 990
1540300 990
1540310 998
1540320 1004
1540330 1004
1540340 1009
1540350 1011
1540360 1011
1540370 1014
1540380 1019
1540390 1019
1540400 1024
1540410 1032
1540420 1032
1540430 1037
1540440 1042
1540450 1042
1540460 1047
1540470 1052
1540480 1052
1540490 1059
1540500 1066
1540510 1066
1540520 1072
1540530 1081
1540540 1081
1540550 1086
1540560 1090
1540570 1090
1540580 1093
1540590 1097
1540600 1097
1540610 1102
1540620 1107
1540630 1111
1540640 1111
1540650 1116
1540660 1121
1540670 1121
1540680 1126
1540690 1130
1540700 1142
1540710 1147
1540720 1150
1540730 1150
1540740 1150
1540750 1148
1540760 1148
1540770 1159
1540780 1170
1540790 1170
1540800 1182
1540810 1190
1540820 1190
1540830 1197
1540840 1204
1540850 1204
1540860 1208
1540870 1211
1540880 1211
1540890 1215
1540900 1218
1540910 1218
1540920 1221
1540930 1224
1540940 1224
1540950 1228
1540960 1233
1540970 1233
1540980 1238
1540990 1245
1541000 1245
1541010 1252
1541020 1259
1541030 1266
1541040 1266
1541050 1272
1541060 1279
1541070 1279
1541080 1285
1541090 1293
1541100 1293
1541110 1301
1541120 1313
1541130 1313
1541140 1322
1541150 1327
1541160 1327
1541170 1332
1541180 1336
1541190 1336
1541200 1340
1541210 1343
1541220 1343
1541230 1347
1541240 1350
1541250 1350
1541260 1353
1541270 1356
1541280 1356
1541290 1359
1541300 1362
1541310 1362
1541320 1364
1541330 1364
1541340 1364
1541350 1365
1541360 1364
1541370 1364
1541380 1363
1541390 1363
1541400 1361
1541410 1361
1541420 1358
1541430 1354
1541440 1354
1541450 1350
1541460 1344
1541470 1344
1541480 1337
1541490 1332
1541500 1332
1541510 1332
1541520 1333
1541530 1333
1541540 1329
1541550 1323
1541560 1323
1541570 1321
1541580 1319
1541590 1319
1541600 1317
1541610 1315
1541620 1315
1541630 1313
1541640 1314
1541650 1314
1541660 1315
1541670 1315
1541680 1315
1541690 1315
1541700 1316
1541710 1316
1541720 1316
1541730 1316
1541740 1316
1541750 1315
1541760 1315
1541770 1315
1541780 1315
1541790 1315
1541800 1315
1541810 1315
1541820 1316
1541830 1315
1541840 1315
1541850 1315
1541860 1316
1541870 1316
1541880 1316
1541890 1317
1541900 1317
1541910 1317
1541920 1317
1541930 1317
1541940 1316
1541950 1315
1541960 1315
1541970 1319
1541980 1320
1541990 1320
1542000 1318
1542010 1317
1542020 1317
1542030 1320
1542040 1323
1542050 1323
1542060 1326
1542070 1327
1542080 1327
1542090 1328
1542100 1328
1542110 1328
1542120 1330
1542130 1332
1542140 1332
1542150 1334
1542160 1337
1542170 1339
1542180 1339
1542190 1341
1542200 1343
1542210 1343
1542220 1347
1542230 1352
1542240 1352
1542250 1356
1542260 1359
1542270 1359
1542280 1363
1542290 1368
1542300 1368
1542310 1373
1542320 1377
1542330 1377
1542340 1382
1542350 1387
1542360 1387
1542370 1392
1542380 1397
1542390 1397
1542400 1402
1542410 1407
1542420 1407
1542430 1413
1542440 1419
1542450 1419
1542460 1425
1542470 1431
1542480 1431
1542490 1437
1542500 1443
1542510 1443
1542520 1449
1542530 1454
1542540 1465
1542550 1465
1542560 1477
1542570 1483
1542580 1483
1542590 1500
1542600 1525
1542610 1525
1542620 1532
1542630 1531
1542640 1531
1542650 1533
1542660 1538
1542670 1538
1542680 1542
1542690 1544
1542700 1544
1542710 1546
1542720 1549
1542730 1549
1542740 1552
1542750 1556
1542760 1556
1542770 1558
1542780 1557
1542790 1557
1542800 1556
1542810 1554
1542820 1554
1542830 1550
1542840 1547
1542850 1547
1542860 1546
1542870 1545
1542880 1545
1542890 1543
1542900 1541
1542910 1540
1542920 1540
1542930 1539
1542940 1539
1542950 1539
1542960 1537
1542970 1533
1542980 1533
1542990 1530
1543000 1528
1543010 1528
1543020 1527
1543030 1528
1543040 1528
1543050 1529
1543060 1530
1543070 1530
1543080 1531
1543090 1533
1543100 1533
1543110 1537
1543120 1541
1543130 1541
1543140 1546
1543150 1551
1543160 1551
1543170 1556
1543180 1565
1543190 1565
1543200 1575
1543210 1580
1543220 1580
1543230 1581
1543240 1577
1543250 1577
1543260 1573
1543270 1565
1543280 1565
1543290 1554
1543300 1550
1543310 1549
1543320 1549
1543330 1547
1543340 1545
1543350 1545
1543360 1544
1543370 1542
1543380 1542
1543390 1540
1543400 1538
1543410 1538
1543420 1538
1543430 1536
1543440 1536
1543450 1534
1543460 1533
1543470 1533
1543480 1532
1543490 1531
1543500 1531
1543510 1530
1543520 1530
1543530 1530
1543540 1530
1543550 1530
1543560 1530
1543570 1531
1543580 1532
1543590 1532
1543600 1535
1543610 1538
1543620 1538
1543630 1542
1543640 1546
1543650 1546
1543660 1550
1543670 1553
1543680 1556
1543690 1556
1543700 1559
1543710 1561
1543720 1561
1543730 1562
1543740 1565
1543750 1565
1543760 1568
1543770 1572
1543780 1572
1543790 1575
1543800 1578
1543810 1578
1543820 1578
1543830 1578
1543840 1578
1543850 1581
1543860 1586
1543870 1586
1543880 1590
1543890 1592
1543900 1592
1543910 1595
1543920 1600
1543930 1600
1543940 1603
1543950 1608
1543960 1608
1543970 1613
1543980 1619
1543990 1619
1544000 1628
1544010 1637
1544020 1637
1544030 1643
1544040 1647
1544050 1649
1544060 1649
1544070 1653
1544080 1656
1544090 1656
1544100 1659
1544110 1660
1544120 1660
1544130 1661
1544140 1664
1544150 1664
1544160 1666
1544170 1668
1544180 1668
1544190 1669
1544200 1668
1544210 1668
1544220 1666
1544230 1665
1544240 1665
1544250 1664
1544260 1663
1544270 1663
1544280 1664
1544290 1664
1544300 1664
1544310 1665
1544320 1666
1544330 1666
1544340 1667
1544350 1669
1544360 1669
1544370 1669
1544380 1670
1544390 1670
1544400 1671
1544410 1669
1544420 1669
1544430 1664
1544440 1663
1544450 1662
1544460 1662
1544470 1664
1544480 1667
1544490 1667
1544500 1669
1544510 1670
1544520 1670
1544530 1671
1544540 1673
1544550 1673
1544560 1673
1544570 1673
1544580 1673
1544590 1675
1544600 1677
1544610 1677
1544620 1678
1544630 1678
1544640 1678
1544650 1676
1544660 1676
1544670 1676
1544680 1677
1544690 1679
1544700 1679
1544710 1679
1544720 1681
1544730 1681
1544740 1683
1544750 1683
1544760 1683
1544770 1683
1544780 1684
1544790 1684
1544800 1684
1544810 1682
1544820 1681
1544830 1681
1544840 1678
1544850 1669
1544860 1669
1544870 1660
1544880 1656
1544890 1656
1544900 1657
1544910 1658
1544920 1658
1544930 1658
1544940 1657
1544950 1657
1544960 1651
1544970 1649
1544980 1649
1544990 1647
1545000 1644
1545010 1644
1545020 1639
1545030 1635
1545040 1635
1545050 1634
1545060 1632
1545070 1632
1545080 1629
1545090 1629
1545100 1629
1545110 1624
1545120 1624
1545130 1624
1545140 1624
1545150 1621
1545160 1621
1545170 1618
1545180 1616
1545190 1617
1545200 1617
1545210 1617
1545220 1615
1545230 1615
1545240 1616
1545250 1616
1545260 1616
1545270 1617
1545280 1620
1545290 1620
1545300 1622
1545310 1624
1545320 1624
1545330 1626
1545340 1628
1545350 1628
1545360 1625
1545370 1621
1545380 1621
1545390 1618
1545400 1617
1545410 1617
1545420 1617
1545430 1620
1545440 1620
1545450 1624
1545460 1627
1545470 1627
1545480 1629
1545490 1631
1545500 1631
1545510 1632
1545520 1632
1545530 1632
1545540 1616
1545550 1599
1545560 1599
1545570 1593
1545580 1588
1545590 1585
1545600 1585
1545610 1583
1545620 1575
1545630 1575
1545640 1569
1545650 1564
1545660 1564
1545670 1559
1545680 1552
1545690 1552
1545700 1543
1545710 1535
1545720 1535
1545730 1529
1545740 1523
1545750 1523
1545760 1519
1545770 1515
1545780 1515
1545790 1511
1545800 1507
1545810 1507
1545820 1504
1545830 1500
1545840 1500
1545850 1495
1545860 1491
1545870 1491
1545880 1485
1545890 1480
1545900 1480
1545910 1474
1545920 1468
1545930 1468
1545940 1461
1545950 1453
1545960 1446
1545970 1446
1545980 1439
1545990 1432
1546000 1432
1546010 1425
1546020 1419
1546030 1419
1546040 1413
1546050 1407
1546060 1407
1546070 1401
1546080 1395
1546090 1395
1546100 1389
1546110 1384
1546120 1384
1546130 1379
1546140 1374
1546150 1374
1546160 1369
1546170 1364
1546180 1364
1546190 1359
1546200 1351
1546210 1351
1546220 1343
1546230 1336
1546240 1336
1546250 1329
1546260 1322
1546270 1322
1546280 1315
1546290 1310
1546300 1310
1546310 1305
1546320 1301
1546330 1297
1546340 1297
1546350 1294
1546360 1292
1546370 1292
1546380 1289
1546390 1285
1546400 1285
1546410 1282
1546420 1278
1546430 1278
1546440 1276
1546450 1273
1546460 1273
1546470 1270
1546480 1266
1546490 1266
1546500 1262
1546510 1257
1546520 1257
1546530 1253
1546540 1248
1546550 1248
1546560 1243
1546570 1239
1546580 1239
1546590 1235
1546600 1231
1546610 1231
1546620 1228
1546630 1225
1546640 1225
1546650 1221
1546660 1217
1546670 1217
1546680 1215
1546690 1213
1546700 1213
1546710 1211
1546720 1208
1546730 1204
1546740 1204
1546750 1199
1546760 1195
1546770 1195
1546780 1192
1546790 1190
1546800 1190
1546810 1189
1546820 1188
1546830 1188
1546840 1186
1546850 1184
1546860 1184
1546870 1183
1546880 1182
1546890 1182
1546900 1180
1546910 1178
1546920 1178
1546930 1176
1546940 1173
1546950 1173
1546960 1170
1546970 1167
1546980 1167
1546990 1164
1547000 1161
1547010 1161
1547020 1157
1547030 1153
1547040 1153
1547050 1149
1547060 1146
1547070 1146
1547080 1142
1547090 1139
1547100 1136
1547110 1136
1547120 1133
1547130 1131
1547140 1131
1547150 1129
1547160 1128
1547170 1129
1547180 1127
1547190 1127
1547200 1127
1547210 1126
1547220 1125
1547230 1125
1547240 1125
1547250 1124
1547260 1124
1547270 1123
1547280 1123
1547290 1123
1547300 1122
1547310 1121
1547320 1121
1547330 1121
1547340 1120
1547350 1120
1547360 1119
1547370 1118
1547380 1118
1547390 1117
1547400 1115
1547410 1115
1547420 1114
1547430 1112
1547440 1112
1547450 1110
1547460 1108
1547470 1105
1547480 1105
1547490 1103
1547500 1100
1547510 1100
1547520 1095
1547530 1090
1547540 1090
1547550 1085
1547560 1078
1547570 1078
1547580 1071
1547590 1065
1547600 1065
1547610 1066
1547620 1067
1547630 1067
1547640 1067
1547650 1070
1547660 1070
1547670 1074
1547680 1075
1547690 1075
1547700 1075
1547710 1075
1547720 1075
1547730 1074
1547740 1073
1547750 1073
1547760 1074
1547770 1074
1547780 1074
1547790 1074
1547800 1074
1547810 1074
1547820 1072
1547830 1070
1547840 1070
1547850 1066
1547860 1063
1547870 1059
1547880 1059
1547890 1056
1547900 1055
1547910 1055
1547920 1054
1547930 1053
1547940 1053
1547950 1051
1547960 1046
1547970 1046
1547980 1041
1547990 1036
1548000 1036
1548010 1031
1548020 1027
1548030 1027
1548040 1023
1548050 1021
1548060 1021
1548070 1019
1548080 1017
1548090 1017
1548100 1015
1548110 1014
1548120 1014
1548130 1012
1548140 1009
1548150 1009
1548160 1007
1548170 1005
1548180 1005
1548190 1002
1548200 999
1548210 999
1548220 997
1548230 995
1548240 992
1548250 992
1548260 987
1548270 980
1548280 980
1548290 971
1548300 967
1548310 967
1548320 970
1548330 978
1548340 978
1548350 983
1548360 985
1548370 985
1548380 987
1548390 989
1548400 989
1548410 991
1548420 992
1548430 992
1548440 993
1548450 995
1548460 995
1548470 996
1548480 998
1548490 998
1548500 999
1548510 1000
1548520 1000
1548530 1002
1548540 1003
1548550 1003
1548560 1003
1548570 1004
1548580 1004
1548590 1004
1548600 1004
1548610 1004
1548620 1004
1548630 1004
1548640 1002
1548650 1002
1548660 1001
1548670 999
1548680 999
1548690 997
1548700 995
1548710 995
1548720 993
1548730 991
1548740 991
1548750 988
1548760 985
1548770 985
1548780 983
1548790 981
1548800 981
1548810 981
1548820 980
1548830 980
1548840 979
1548850 977
1548860 977
1548870 974
1548880 973
1548890 973
1548900 974
1548910 972
1548920 972
1548930 970
1548940 967
1548950 967
1548960 963
1548970 959
1548980 959
1548990 953
1549000 948
1549010 943
1549020 943
1549030 939
1549040 937
1549050 937
1549060 932
1549070 928
1549080 928
1549090 927
1549100 925
1549110 925
1549120 924
1549130 923
1549140 923
1549150 923
1549160 922
1549170 922
1549180 921
1549190 920
1549200 920
1549210 919
1549220 917
1549230 917
1549240 917
1549250 916
1549260 916
1549270 915
1549280 914
1549290 914
1549300 914
1549310 913
1549320 913
1549330 913
1549340 912
1549350 912
1549360 911
1549370 911
1549380 910
1549390 910
1549400 910
1549410 909
1549420 909
1549430 909
1549440 908
1549450 908
1549460 908
1549470 907
1549480 907
1549490 906
1549500 904
1549510 904
1549520 900
1549530 895
1549540 895
1549550 889
1549560 884
1549570 884
1549580 882
1549590 882
1549600 882
1549610 883
1549620 888
1549630 888
1549640 895
1549650 901
1549660 901
1549670 904
1549680 907
1549690 907
1549700 908
1549710 908
1549720 908
1549730 908
1549740 908
1549750 909
1549760 909
1549770 909
1549780 909
1549790 909
1549800 909
1549810 909
1549820 909
1549830 909
1549840 910
1549850 910
1549860 910
1549870 911
1549880 911
1549890 911
1549900 913
1549910 913
1549920 915
1549930 916
1549940 916
1549950 918
1549960 920
1549970 920
1549980 922
1549990 924
1550000 924
1550010 926
1550020 927
1550030 927
1550040 927
1550050 928
1550060 928
1550070 929
1550080 929
1550090 929
1550100 930
1550110 931
1550120 931
1550130 932
1550140 933
1550150 935
1550160 935
1550170 937
1550180 939
1550190 939
1550200 939
1550210 939
1550220 939
1550230 939
1550240 937
1550250 937
1550260 936
1550270 935
1550280 935
1550290 933
1550300 932
1550310 932
1550320 931
1550330 931
1550340 931
1550350 930
1550360 930
1550370 930
1550380 930
1550390 930
1550400 930
1550410 930
1550420 929
1550430 929
1550440 929
1550450 930
1550460 930
1550470 931
1550480 931
1550490 931
1550500 932
1550510 932
1550520 933
1550530 933
1550540 934
1550550 935
1550560 935
1550570 936
1550580 938
1550590 938
1550600 939
1550610 940
1550620 940
1550630 941
1550640 942
1550650 942
1550660 943
1550670 945
1550680 945
1550690 947
1550700 949
1550710 949
1550720 951
1550730 952
1550740 952
1550750 954
1550760 956
1550770 956
1550780 958
1550790 961
1550800 961
1550810 963
1550820 965
1550830 965
1550840 967
1550850 969
1550860 969
1550870 971
1550880 974
1550890 978
1550900 978
1550910 982
1550920 985
1550930 985
1550940 987
1550950 990
1550960 990
1550970 993
1550980 995
1550990 995
1551000 997
1551010 999
1551020 999
1551030 1001
1551040 1005
1551050 1005
1551060 1008
1551070 1012
1551080 1012
1551090 1015
1551100 1018
1551110 1018
1551120 1022
1551130 1026
1551140 1026
1551150 1031
1551160 1034
1551170 1034
1551180 1038
1551190 1043
1551200 1043
1551210 1046
1551220 1049
1551230 1049
1551240 1050
1551250 1052
1551260 1052
1551270 1055
1551280 1058
1551290 1061
1551300 1061
1551310 1064
1551320 1066
1551330 1066
1551340 1071
1551350 1075
1551360 1075
1551370 1081
1551380 1087
1551390 1087
1551400 1093
1551410 1099
1551420 1099
1551430 1104
1551440 1108
1551450 1108
1551460 1113
1551470 1115
1551480 1115
1551490 1118
1551500 1119
1551510 1119
1551520 1119
1551530 1119
1551540 1119
1551550 1118
1551560 1117
1551570 1117
1551580 1119
1551590 1121
1551600 1121
1551610 1124
1551620 1129
1551630 1129
1551640 1134
1551650 1139
1551660 1143
1551670 1143
1551680 1146
1551690 1146
1551700 1146
1551710 1145
1551720 1145
1551730 1145
1551740 1148
1551750 1151
1551760 1151
1551770 1154
1551780 1157
1551790 1157
1551800 1160
1551810 1164
1551820 1164
1551830 1169
1551840 1175
1551850 1175
1551860 1181
1551870 1186
1551880 1186
1551890 1191
1551900 1193
1551910 1193
1551920 1191
1551930 1192
1551940 1192
1551950 1196
1551960 1201
1551970 1201
1551980 1206
1551990 1210
1552000 1210
1552010 1209
1552020 1208
1552030 1208
1552040 1208
1552050 1211
1552060 1213
1552070 1213
1552080 1215
1552090 1217
1552100 1217
1552110 1219
1552120 1220
1552130 1220
1552140 1221
1552150 1226
1552160 1226
1552170 1233
1552180 1239
1552190 1239
1552200 1245
1552210 1250
1552220 1250
1552230 1254
1552240 1258
1552250 1258
1552260 1260
1552270 1262
1552280 1262
1552290 1262
1552300 1264
1552310 1264
1552320 1268
1552330 1272
1552340 1272
1552350 1275
1552360 1279
1552370 1279
1552380 1284
1552390 1288
1552400 1288
1552410 1290
1552420 1293
1552430 1295
1552440 1295
1552450 1296
1552460 1297
1552470 1297
1552480 1298
1552490 1304
1552500 1304
1552510 1310
1552520 1315
1552530 1315
1552540 1320
1552550 1325
1552560 1325
1552570 1329
1552580 1334
1552590 1334
1552600 1338
1552610 1342
1552620 1342
1552630 1346
1552640 1350
1552650 1350
1552660 1353
1552670 1354
1552680 1354
1552690 1354
1552700 1353
1552710 1353
1552720 1352
1552730 1353
1552740 1353
1552750 1354
1552760 1354
1552770 1354
1552780 1354
1552790 1357
1552800 1363
1552810 1363
1552820 1368
1552830 1371
1552840 1371
1552850 1374
1552860 1376
1552870 1376
1552880 1377
1552890 1378
1552900 1378
1552910 1380
1552920 1382
1552930 1382
1552940 1383
1552950 1384
1552960 1384
1552970 1386
1552980 1387
1552990 1387
1553000 1387
1553010 1387
1553020 1387
1553030 1387
1553040 1396
1553050 1396
1553060 1397
1553070 1397
1553080 1397
1553090 1396
1553100 1394
1553110 1394
1553120 1394
1553130 1397
1553140 1397
1553150 1401
1553160 1405
1553170 1410
1553180 1410
1553190 1415
1553200 1420
1553210 1420
1553220 1423
1553230 1428
1553240 1428
1553250 1430
1553260 1433
1553270 1433
1553280 1438
1553290 1442
1553300 1442
1553310 1445
1553320 1448
1553330 1448
1553340 1450
1553350 1452
1553360 1452
1553370 1453
1553380 1453
1553390 1453
1553400 1453
1553410 1454
1553420 1454
1553430 1455
1553440 1456
1553450 1456
1553460 1457
1553470 1459
1553480 1459
1553490 1460
1553500 1463
1553510 1463
1553520 1463
1553530 1461
1553540 1461
1553550 1460
1553560 1459
1553570 1457
1553580 1457
1553590 1455
1553600 1455
1553610 1455
1553620 1456
1553630 1456
1553640 1456
1553650 1454
1553660 1456
1553670 1456
1553680 1459
1553690 1463
1553700 1463
1553710 1469
1553720 1474
1553730 1474
1553740 1477
1553750 1476
1553760 1476
1553770 1473
1553780 1471
1553790 1471
1553800 1472
1553810 1474
1553820 1474
1553830 1478
1553840 1482
1553850 1482
1553860 1487
1553870 1493
1553880 1493
1553890 1499
1553900 1504
1553910 1504
1553920 1507
1553930 1508
1553940 1511
1553950 1511
1553960 1513
1553970 1515
1553980 1515
1553990 1517
1554000 1519
1554010 1519
1554020 1522
1554030 1524
1554040 1524
1554050 1526
1554060 1528
1554070 1528
1554080 1530
1554090 1532
1554100 1532
1554110 1534
1554120 1536
1554130 1536
1554140 1537
1554150 1539
1554160 1539
1554170 1542
1554180 1544
1554190 1544
1554200 1546
1554210 1548
1554220 1548
1554230 1550
1554240 1552
1554250 1552
1554260 1554
1554270 1557
1554280 1557
1554290 1559
1554300 1561
1554310 1563
1554320 1563
1554330 1565
1554340 1566
1554350 1566
1554360 1568
1554370 1570
1554380 1570
1554390 1571
1554400 1572
1554410 1572
1554420 1572
1554430 1572
1554440 1572
1554450 1574
1554460 1574
1554470 1574
1554480 1576
1554490 1578
1554500 1578
1554510 1579
1554520 1579
1554530 1579
1554540 1579
1554550 1579
1554560 1579
1554570 1578
1554580 1577
1554590 1577
1554600 1575
1554610 1573
1554620 1573
1554630 1573
1554640 1571
1554650 1571
1554660 1570
1554670 1567
1554680 1567
1554690 1565
1554700 1561
1554710 1558
1554720 1558
1554730 1553
1554740 1549
1554750 1549
1554760 1544
1554770 1540
1554780 1540
1554790 1534
1554800 1528
1554810 1528
1554820 1526
1554830 1525
1554840 1525
1554850 1527
1554860 1521
1554870 1521
1554880 1518
1554890 1518
1554900 1518
1554910 1516
1554920 1514
1554930 1514
1554940 1514
1554950 1514
1554960 1514
1554970 1513
1554980 1514
1554990 1514
1555000 1515
1555010 1515
1555020 1515
1555030 1515
1555040 1516
1555050 1516
1555060 1518
1555070 1520
1555080 1521
1555090 1521
1555100 1522
1555110 1524
1555120 1524
1555130 1525
1555140 1525
1555150 1525
1555160 1525
1555170 1525
1555180 1525
1555190 1525
1555200 1525
1555210 1525
1555220 1525
1555230 1524
1555240 1524
1555250 1522
1555260 1521
1555270 1521
1555280 1519
1555290 1517
1555300 1517
1555310 1515
1555320 1513
1555330 1513
1555340 1512
1555350 1509
1555360 1509
1555370 1508
1555380 1507
1555390 1507
1555400 1504
1555410 1501
1555420 1501
1555430 1500
1555440 1497
1555450 1494
1555460 1494
1555470 1489
1555480 1485
1555490 1485
1555500 1481
1555510 1480
1555520 1480
1555530 1475
1555540 1472
1555550 1472
1555560 1470
1555570 1469
1555580 1469
1555590 1467
1555600 1467
1555610 1467
1555620 1467
1555630 1468
1555640 1468
1555650 1467
1555660 1467
1555670 1467
1555680 1465
1555690 1465
1555700 1465
1555710 1468
1555720 1469
1555730 1469
1555740 1469
1555750 1468
1555760 1468
1555770 1467
1555780 1468
1555790 1468
1555800 1470
1555810 1470
1555820 1470
1555830 1469
1555840 1467
1555850 1467
1555860 1467
1555870 1470
1555880 1471
1555890 1471
1555900 1472
1555910 1471
1555920 1471
1555930 1470
1555940 1467
1555950 1467
1555960 1466
1555970 1467
1555980 1467
1555990 1467
1556000 1468
1556010 1468
1556020 1468
1556030 1469
1556040 1469
1556050 1469
1556060 1470
1556070 1470
1556080 1472
1556090 1471
1556100 1471
1556110 1471
1556120 1476
1556130 1476
1556140 1476
1556150 1476
1556160 1476
1556170 1478
1556180 1481
1556190 1481
1556200 1483
1556210 1485
1556220 1488
1556230 1488
1556240 1490
1556250 1493
1556260 1493
1556270 1496
1556280 1499
1556290 1499
1556300 1503
1556310 1507
1556320 1507
1556330 1510
1556340 1513
1556350 1513
1556360 1515
1556370 1520
1556380 1520
1556390 1524
1556400 1530
1556410 1530
1556420 1535
1556430 1542
1556440 1542
1556450 1549
1556460 1553
1556470 1553
1556480 1556
1556490 1559
1556500 1559
1556510 1561
1556520 1563
1556530 1563
1556540 1565
1556550 1566
1556560 1566
1556570 1567
1556580 1566
1556590 1566
1556600 1566
1556610 1569
1556620 1570
1556630 1570
1556640 1570
1556650 1570
1556660 1570
1556670 1570
1556680 1572
1556690 1574
1556700 1575
1556710 1574
1556720 1574
1556730 1573
1556740 1574
1556750 1574
1556760 1576
1556770 1575
1556780 1575
1556790 1575
1556800 1576
1556810 1576
1556820 1578
1556830 1580
1556840 1580
1556850 1582
1556860 1583
1556870 1583
1556880 1583
1556890 1583
1556900 1583
1556910 1584
1556920 1584
1556930 1584
1556940 1583
1556950 1582
1556960 1582
1556970 1580
1556980 1578
1556990 1579
1557000 1579
1557010 1583
1557020 1586
1557030 1586
1557040 1588
1557050 1589
1557060 1589
1557070 1590
1557080 1592
1557090 1592
1557100 1593
1557110 1595
1557120 1595
1557130 1596
1557140 1597
1557150 1597
1557160 1597
1557170 1597
1557180 1597
1557190 1597
1557200 1595
1557210 1595
1557220 1594
1557230 1596
1557240 1596
1557250 1597
1557260 1597
1557270 1597
1557280 1597
1557290 1598
1557300 1598
1557310 1597
1557320 1596
1557330 1596
1557340 1597
1557350 1596
1557360 1596
1557370 1596
1557380 1596
1557390 1596
1557400 1596
1557410 1595
1557420 1597
1557430 1597
1557440 1599
1557450 1601
1557460 1601
1557470 1602
1557480 1604
1557490 1604
1557500 1607
1557510 1610
1557520 1610
1557530 1613
1557540 1616
1557550 1616
1557560 1619
1557570 1621
1557580 1621
1557590 1621
1557600 1621
1557610 1621
1557620 1621
1557630 1622
1557640 1622
1557650 1625
1557660 1629
1557670 1629
1557680 1630
1557690 1630
1557700 1630
1557710 1632
1557720 1632
1557730 1633
1557740 1633
1557750 1633
1557760 1632
1557770 1632
1557780 1631
1557790 1632
1557800 1632
1557810 1631
1557820 1630
1557830 1630
1557840 1630
1557850 1628
1557860 1628
1557870 1624
1557880 1622
1557890 1622
1557900 1621
1557910 1622
1557920 1622
1557930 1625
1557940 1626
1557950 1626
1557960 1626
1557970 1625
1557980 1625
1557990 1625
1558000 1625
1558010 1625
1558020 1625
1558030 1624
1558040 1624
1558050 1622
1558060 1617
1558070 1617
1558080 1613
1558090 1612
1558100 1612
1558110 1614
1558120 1615
1558130 1616
1558140 1616
1558150 1616
1558160 1613
1558170 1613
1558180 1611
1558190 1609
1558200 1609
1558210 1609
1558220 1612
1558230 1612
1558240 1612
1558250 1608
1558260 1608
1558270 1605
1558280 1606
1558290 1606
1558300 1607
1558310 1608
1558320 1608
1558330 1610
1558340 1609
1558350 1609
1558360 1608
1558370 1607
1558380 1607
1558390 1604
1558400 1602
1558410 1602
1558420 1602
1558430 1600
1558440 1601
1558450 1600
1558460 1600
1558470 1600
1558480 1597
1558490 1593
1558500 1591
1558510 1591
1558520 1588
1558530 1585
1558540 1585
1558550 1581
1558560 1578
1558570 1578
1558580 1577
1558590 1577
1558600 1577
1558610 1577
1558620 1577
1558630 1577
1558640 1575
1558650 1574
1558660 1574
1558670 1572
1558680 1571
1558690 1571
1558700 1571
1558710 1571
1558720 1571
1558730 1571
1558740 1573
1558750 1573
1558760 1574
1558770 1575
1558780 1575
1558790 1574
1558800 1574
1558810 1574
1558820 1575
1558830 1576
1558840 1576
1558850 1575
1558860 1575
1558870 1575
1558880 1575
1558890 1573
1558900 1571
1558910 1571
1558920 1567
1558930 1564
1558940 1564
1558950 1563
1558960 1559
1558970 1559
1558980 1557
1558990 1555
1559000 1555
1559010 1553
1559020 1552
1559030 1552
1559040 1550
1559050 1547
1559060 1547
1559070 1544
1559080 1540
1559090 1540
1559100 1538
1559110 1539
1559120 1539
1559130 1540
1559140 1540
1559150 1540
1559160 1539
1559170 1539
1559180 1539
1559190 1539
1559200 1539
1559210 1539
1559220 1540
1559230 1541
1559240 1541
1559250 1537
1559260 1535
1559270 1535
1559280 1535
1559290 1535
1559300 1535
1559310 1535
1559320 1535
1559330 1535
1559340 1535
1559350 1538
1559360 1537
1559370 1537
1559380 1534
1559390 1533
1559400 1533
1559410 1537
1559420 1539
1559430 1539
1559440 1539
1559450 1538
1559460 1538
1559470 1536
1559480 1534
1559490 1534
1559500 1534
1559510 1535
1559520 1535
1559530 1537
1559540 1538
1559550 1538
1559560 1538
1559570 1539
1559580 1539
1559590 1541
1559600 1542
1559610 1542
1559620 1546
1559630 1545
1559640 1543
1559650 1543
1559660 1540
1559670 1538
1559680 1538
1559690 1536
1559700 1532
1559710 1532
1559720 1526
1559730 1524
1559740 1524
1559750 1524
1559760 1523
1559770 1523
1559780 1522
1559790 1522
1559800 1522
1559810 1523
1559820 1524
1559830 1524
1559840 1526
1559850 1529
1559860 1529
1559870 1533
1559880 1533
1559890 1533
1559900 1532
1559910 1534
1559920 1534
1559930 1537
1559940 1544
1559950 1544
1559960 1551
1559970 1556
1559980 1556
1559990 1561
