1540000 959
1540010 962
1540020 965
1540030 965
1540040 967
1540050 969
1540060 969
1540070 970
1540080 973
1540090 973
1540100 975
1540110 978
1540120 978
1540130 980
1540140 982
1540150 982
1540160 984
1540170 987
1540180 987
1540190 991
1540200 996
1540210 996
1540220 999
1540230 998
1540240 998
1540250 998
1540260 998
1540270 998
1540280 998
1540290 1001
1540300 1005
1540310 1005
1540320 1009
1540330 1013
1540340 1013
1540350 1020
1540360 1027
1540370 1027
1540380 1029
1540390 1029
1540400 1029
1540410 1031
1540420 1034
1540430 1034
1540440 1035
1540450 1036
1540460 1036
1540470 1037
1540480 1038
1540490 1038
1540500 1043
1540510 1048
1540520 1048
1540530 1054
1540540 1060
1540550 1060
1540560 1066
1540570 1072
1540580 1072
1540590 1078
1540600 1082
1540610 1087
1540620 1087
1540630 1091
1540640 1095
1540650 1095
1540660 1098
1540670 1102
1540680 1102
1540690 1105
1540700 1107
1540710 1107
1540720 1109
1540730 1112
1540740 1112
1540750 1115
1540760 1118
1540770 1118
1540780 1120
1540790 1122
1540800 1122
1540810 1123
1540820 1126
1540830 1126
1540840 1128
1540850 1131
1540860 1131
1540870 1133
1540880 1137
1540890 1137
1540900 1141
1540910 1142
1540920 1142
1540930 1143
1540940 1144
1540950 1144
1540960 1145
1540970 1148
1540980 1148
1540990 1151
1541000 1153
1541010 1155
1541020 1155
1541030 1156
1541040 1158
1541050 1158
1541060 1160
1541070 1162
1541080 1162
1541090 1165
1541100 1166
1541110 1166
1541120 1168
1541130 1168
1541140 1168
1541150 1170
1541160 1172
1541170 1172
1541180 1174
1541190 1175
1541200 1175
1541210 1175
1541220 1177
1541230 1177
1541240 1179
1541250 1181
1541260 1181
1541270 1182
1541280 1184
1541290 1184
1541300 1187
1541310 1189
1541320 1189
1541330 1190
1541340 1193
1541350 1193
1541360 1196
1541370 1199
1541380 1204
1541390 1204
1541400 1211
1541410 1215
1541420 1215
1541430 1218
1541440 1217
1541450 1217
1541460 1216
1541470 1216
1541480 1216
1541490 1217
1541500 1221
1541510 1221
1541520 1227
1541530 1236
1541540 1236
1541550 1252
1541560 1267
1541570 1267
1541580 1270
1541590 1270
1541600 1270
1541610 1266
1541620 1265
1541630 1265
1541640 1262
1541650 1261
1541660 1261
1541670 1265
1541680 1265
1541690 1265
1541700 1266
1541710 1268
1541720 1268
1541730 1268
1541740 1273
1541750 1273
1541760 1275
1541770 1275
1541780 1275
1541790 1275
1541800 1278
1541810 1281
1541820 1281
1541830 1285
1541840 1285
1541850 1285
1541860 1286
1541870 1286
1541880 1286
1541890 1287
1541900 1287
1541910 1287
1541920 1286
1541930 1284
1541940 1284
1541950 1287
1541960 1288
1541970 1288
1541980 1287
1541990 1288
1542000 1288
1542010 1291
1542020 1295
1542030 1295
1542040 1301
1542050 1306
1542060 1306
1542070 1316
1542080 1323
1542090 1323
1542100 1327
1542110 1337
1542120 1337
1542130 1345
1542140 1348
1542150 1354
1542160 1354
1542170 1366
1542180 1370
1542190 1370
1542200 1372
1542210 1372
1542220 1366
1542230 1374
1542240 1384
1542250 1384
1542260 1397
1542270 1414
1542280 1414
1542290 1413
1542300 1411
1542310 1411
1542320 1419
1542330 1427
1542340 1427
1542350 1427
1542360 1421
1542370 1421
1542380 1412
1542390 1402
1542400 1402
1542410 1401
1542420 1405
1542430 1405
1542440 1409
1542450 1414
1542460 1414
1542470 1416
1542480 1417
1542490 1417
1542500 1421
1542510 1426
1542520 1426
1542530 1428
1542540 1428
1542550 1427
1542560 1427
1542570 1429
1542580 1439
1542590 1439
1542600 1444
1542610 1440
1542620 1440
1542630 1437
1542640 1434
1542650 1434
1542660 1431
1542670 1430
1542680 1430
1542690 1427
1542700 1426
1542710 1426
1542720 1430
1542730 1435
1542740 1435
1542750 1438
1542760 1441
1542770 1441
1542780 1443
1542790 1441
1542800 1441
1542810 1434
1542820 1430
1542830 1430
1542840 1427
1542850 1425
1542860 1425
1542870 1426
1542880 1428
1542890 1428
1542900 1427
1542910 1427
1542920 1428
1542930 1428
1542940 1430
1542950 1431
1542960 1431
1542970 1428
1542980 1428
1542990 1428
1543000 1428
1543010 1426
1543020 1426
1543030 1420
1543040 1420
1543050 1420
1543060 1421
1543070 1425
1543080 1425
1543090 1433
1543100 1436
1543110 1436
1543120 1436
1543130 1432
1543140 1432
1543150 1429
1543160 1427
1543170 1427
1543180 1428
1543190 1429
1543200 1429
1543210 1431
1543220 1433
1543230 1433
1543240 1434
1543250 1435
1543260 1435
1543270 1435
1543280 1435
1543290 1435
1543300 1438
1543310 1442
1543320 1444
1543330 1444
1543340 1444
1543350 1444
1543360 1444
1543370 1447
1543380 1447
1543390 1447
1543400 1448
1543410 1449
1543420 1449
1543430 1449
1543440 1449
1543450 1449
1543460 1449
1543470 1449
1543480 1449
1543490 1449
1543500 1449
1543510 1449
1543520 1450
1543530 1452
1543540 1452
1543550 1454
1543560 1455
1543570 1455
1543580 1457
1543590 1460
1543600 1460
1543610 1462
1543620 1463
1543630 1463
1543640 1466
1543650 1469
1543660 1469
1543670 1471
1543680 1475
1543690 1479
1543700 1479
1543710 1480
1543720 1482
1543730 1482
1543740 1487
1543750 1491
1543760 1491
1543770 1498
1543780 1508
1543790 1508
1543800 1513
1543810 1514
1543820 1514
1543830 1515
1543840 1517
1543850 1517
1543860 1519
1543870 1521
1543880 1521
1543890 1523
1543900 1524
1543910 1524
1543920 1526
1543930 1526
1543940 1526
1543950 1527
1543960 1522
1543970 1522
1543980 1509
1543990 1497
1544000 1497
1544010 1489
1544020 1482
1544030 1482
1544040 1475
1544050 1469
1544060 1469
1544070 1465
1544080 1463
1544090 1459
1544100 1459
1544110 1457
1544120 1456
1544130 1456
1544140 1455
1544150 1455
1544160 1455
1544170 1456
1544180 1456
1544190 1456
1544200 1455
1544210 1455
1544220 1455
1544230 1452
1544240 1448
1544250 1448
1544260 1444
1544270 1441
1544280 1441
1544290 1438
1544300 1433
1544310 1433
1544320 1429
1544330 1426
1544340 1426
1544350 1425
1544360 1423
1544370 1423
1544380 1421
1544390 1419
1544400 1419
1544410 1418
1544420 1416
1544430 1416
1544440 1415
1544450 1413
1544460 1411
1544470 1411
1544480 1410
1544490 1409
1544500 1409
1544510 1407
1544520 1405
1544530 1405
1544540 1403
1544550 1400
1544560 1400
1544570 1399
1544580 1400
1544590 1400
1544600 1402
1544610 1404
1544620 1404
1544630 1406
1544640 1406
1544650 1406
1544660 1406
1544670 1405
1544680 1405
1544690 1405
1544700 1405
1544710 1405
1544720 1406
1544730 1408
1544740 1408
1544750 1408
1544760 1408
1544770 1408
1544780 1408
1544790 1409
1544800 1409
1544810 1410
1544820 1409
1544830 1409
1544840 1408
1544850 1406
1544860 1405
1544870 1405
1544880 1405
1544890 1406
1544900 1406
1544910 1407
1544920 1410
1544930 1410
1544940 1413
1544950 1414
1544960 1414
1544970 1414
1544980 1414
1544990 1414
1545000 1412
1545010 1407
1545020 1407
1545030 1405
1545040 1404
1545050 1404
1545060 1403
1545070 1404
1545080 1404
1545090 1406
1545100 1409
1545110 1409
1545120 1411
1545130 1414
1545140 1414
1545150 1415
1545160 1415
1545170 1415
1545180 1417
1545190 1419
1545200 1419
1545210 1419
1545220 1423
1545230 1435
1545240 1435
1545250 1439
1545260 1442
1545270 1442
1545280 1447
1545290 1438
1545300 1438
1545310 1425
1545320 1426
1545330 1426
1545340 1424
1545350 1425
1545360 1425
1545370 1426
1545380 1431
1545390 1431
1545400 1437
1545410 1444
1545420 1444
1545430 1438
1545440 1429
1545450 1429
1545460 1427
1545470 1430
1545480 1430
1545490 1434
1545500 1432
1545510 1432
1545520 1428
1545530 1430
1545540 1430
1545550 1435
1545560 1440
1545570 1440
1545580 1444
1545590 1444
1545600 1444
1545610 1445
1545620 1445
1545630 1444
1545640 1444
1545650 1443
1545660 1441
1545670 1441
1545680 1439
1545690 1439
1545700 1439
1545710 1438
1545720 1437
1545730 1437
1545740 1436
1545750 1436
1545760 1436
1545770 1435
1545780 1435
1545790 1435
1545800 1434
1545810 1433
1545820 1433
1545830 1431
1545840 1428
1545850 1428
1545860 1425
1545870 1422
1545880 1422
1545890 1419
1545900 1420
1545910 1420
1545920 1421
1545930 1421
1545940 1421
1545950 1422
1545960 1422
1545970 1422
1545980 1423
1545990 1424
1546000 1423
1546010 1423
1546020 1423
1546030 1422
1546040 1422
1546050 1422
1546060 1422
1546070 1422
1546080 1422
1546090 1423
1546100 1423
1546110 1424
1546120 1427
1546130 1427
1546140 1428
1546150 1430
1546160 1430
1546170 1431
1546180 1430
1546190 1430
1546200 1428
1546210 1422
1546220 1422
1546230 1416
1546240 1409
1546250 1409
1546260 1401
1546270 1393
1546280 1393
1546290 1386
1546300 1380
1546310 1380
1546320 1375
1546330 1372
1546340 1372
1546350 1372
1546360 1373
1546370 1373
1546380 1373
1546390 1373
1546400 1374
1546410 1374
1546420 1377
1546430 1378
1546440 1378
1546450 1381
1546460 1383
1546470 1383
1546480 1384
1546490 1383
1546500 1383
1546510 1385
1546520 1383
1546530 1383
1546540 1381
1546550 1379
1546560 1379
1546570 1376
1546580 1368
1546590 1368
1546600 1363
1546610 1362
1546620 1362
1546630 1362
1546640 1360
1546650 1360
1546660 1358
1546670 1356
1546680 1356
1546690 1354
1546700 1353
1546710 1353
1546720 1351
1546730 1350
1546740 1350
1546750 1349
1546760 1348
1546770 1347
1546780 1347
1546790 1345
1546800 1344
1546810 1344
1546820 1343
1546830 1342
1546840 1342
1546850 1341
1546860 1338
1546870 1338
1546880 1336
1546890 1333
1546900 1333
1546910 1331
1546920 1328
1546930 1328
1546940 1324
1546950 1320
1546960 1320
1546970 1315
1546980 1310
1546990 1310
1547000 1307
1547010 1311
1547020 1311
1547030 1315
1547040 1318
1547050 1318
1547060 1320
1547070 1323
1547080 1323
1547090 1325
1547100 1329
1547110 1329
1547120 1332
1547130 1335
1547140 1335
1547150 1338
1547160 1341
1547170 1345
1547180 1345
1547190 1349
1547200 1353
1547210 1353
1547220 1357
1547230 1360
1547240 1360
1547250 1363
1547260 1366
1547270 1366
1547280 1369
1547290 1373
1547300 1373
1547310 1376
1547320 1378
1547330 1378
1547340 1381
1547350 1382
1547360 1382
1547370 1383
1547380 1384
1547390 1384
1547400 1385
1547410 1386
1547420 1386
1547430 1386
1547440 1386
1547450 1386
1547460 1386
1547470 1386
1547480 1386
1547490 1385
1547500 1385
1547510 1385
1547520 1384
1547530 1383
1547540 1381
1547550 1381
1547560 1379
1547570 1377
1547580 1377
1547590 1376
1547600 1376
1547610 1376
1547620 1376
1547630 1376
1547640 1376
1547650 1377
1547660 1377
1547670 1377
1547680 1378
1547690 1379
1547700 1379
1547710 1380
1547720 1381
1547730 1381
1547740 1381
1547750 1381
1547760 1381
1547770 1382
1547780 1382
1547790 1382
1547800 1382
1547810 1380
1547820 1380
1547830 1378
1547840 1377
1547850 1377
1547860 1377
1547870 1374
1547880 1374
1547890 1371
1547900 1370
1547910 1370
1547920 1369
1547930 1368
1547940 1366
1547950 1366
1547960 1366
1547970 1365
1547980 1365
1547990 1363
1548000 1362
1548010 1362
1548020 1361
1548030 1361
1548040 1361
1548050 1360
1548060 1359
1548070 1359
1548080 1357
1548090 1357
1548100 1357
1548110 1358
1548120 1357
1548130 1357
1548140 1354
1548150 1352
1548160 1352
1548170 1351
1548180 1352
1548190 1352
1548200 1354
1548210 1354
1548220 1354
1548230 1352
1548240 1343
1548250 1343
1548260 1338
1548270 1334
1548280 1334
1548290 1333
1548300 1333
1548310 1331
1548320 1331
1548330 1330
1548340 1330
1548350 1330
1548360 1329
1548370 1329
1548380 1329
1548390 1327
1548400 1326
1548410 1326
1548420 1326
1548430 1324
1548440 1324
1548450 1320
1548460 1317
1548470 1317
1548480 1315
1548490 1314
1548500 1314
1548510 1314
1548520 1313
1548530 1313
1548540 1313
1548550 1317
1548560 1317
1548570 1315
1548580 1314
1548590 1314
1548600 1313
1548610 1314
1548620 1314
1548630 1315
1548640 1315
1548650 1315
1548660 1313
1548670 1312
1548680 1312
1548690 1312
1548700 1311
1548710 1308
1548720 1308
1548730 1305
1548740 1304
1548750 1304
1548760 1302
1548770 1299
1548780 1299
1548790 1297
1548800 1296
1548810 1296
1548820 1293
1548830 1290
1548840 1290
1548850 1288
1548860 1286
1548870 1286
1548880 1284
1548890 1279
1548900 1279
1548910 1272
1548920 1266
1548930 1266
1548940 1261
1548950 1256
1548960 1256
1548970 1251
1548980 1246
1548990 1246
1549000 1241
1549010 1237
1549020 1237
1549030 1232
1549040 1226
1549050 1226
1549060 1219
1549070 1213
1549080 1205
1549090 1205
1549100 1195
1549110 1187
1549120 1187
1549130 1179
1549140 1171
1549150 1171
1549160 1163
1549170 1154
1549180 1154
1549190 1144
1549200 1135
1549210 1135
1549220 1128
1549230 1121
1549240 1121
1549250 1115
1549260 1108
1549270 1108
1549280 1101
1549290 1094
1549300 1094
1549310 1088
1549320 1081
1549330 1081
1549340 1075
1549350 1068
1549360 1068
1549370 1061
1549380 1054
1549390 1054
1549400 1048
1549410 1040
1549420 1040
1549430 1033
1549440 1026
1549450 1026
1549460 1020
1549470 1013
1549480 1006
1549490 1006
1549500 998
1549510 990
1549520 990
1549530 981
1549540 974
1549550 974
1549560 967
1549570 961
1549580 961
1549590 954
1549600 948
1549610 948
1549620 943
1549630 940
1549640 940
1549650 936
1549660 934
1549670 934
1549680 932
1549690 931
1549700 931
1549710 928
1549720 929
1549730 929
1549740 927
1549750 926
1549760 926
1549770 919
1549780 912
1549790 912
1549800 909
1549810 908
1549820 908
1549830 908
1549840 908
1549850 908
1549860 908
1549870 908
1549880 908
1549890 908
1549900 908
1549910 909
1549920 909
1549930 906
1549940 905
1549950 905
1549960 905
1549970 906
1549980 906
1549990 906
1550000 907
1550010 907
1550020 907
1550030 909
1550040 909
1550050 910
1550060 914
1550070 914
1550080 918
1550090 920
1550100 920
1550110 924
1550120 929
1550130 929
1550140 932
1550150 934
1550160 934
1550170 936
1550180 938
1550190 938
1550200 939
1550210 941
1550220 941
1550230 943
1550240 946
1550250 948
1550260 948
1550270 950
1550280 953
1550290 953
1550300 955
1550310 958
1550320 958
1550330 962
1550340 964
1550350 964
1550360 967
1550370 970
1550380 970
1550390 973
1550400 976
1550410 976
1550420 978
1550430 981
1550440 981
1550450 983
1550460 987
1550470 987
1550480 990
1550490 993
1550500 993
1550510 996
1550520 999
1550530 999
1550540 1003
1550550 1006
1550560 1006
1550570 1011
1550580 1015
1550590 1015
1550600 1018
1550610 1021
1550620 1025
1550630 1025
1550640 1029
1550650 1033
1550660 1033
1550670 1036
1550680 1040
1550690 1040
1550700 1044
1550710 1048
1550720 1048
1550730 1052
1550740 1056
1550750 1056
1550760 1059
1550770 1063
1550780 1063
1550790 1068
1550800 1073
1550810 1073
1550820 1077
1550830 1082
1550840 1082
1550850 1087
1550860 1092
1550870 1092
1550880 1096
1550890 1102
1550900 1102
1550910 1110
1550920 1118
1550930 1118
1550940 1124
1550950 1125
1550960 1125
1550970 1130
1550980 1140
1550990 1140
1551000 1150
1551010 1159
1551020 1168
1551030 1168
1551040 1176
1551050 1184
1551060 1184
1551070 1189
1551080 1192
1551090 1192
1551100 1197
1551110 1204
1551120 1204
1551130 1211
1551140 1215
1551150 1215
1551160 1216
1551170 1218
1551180 1218
1551190 1223
1551200 1230
1551210 1230
1551220 1238
1551230 1246
1551240 1246
1551250 1257
1551260 1271
1551270 1271
1551280 1281
1551290 1292
1551300 1292
1551310 1301
1551320 1305
1551330 1305
1551340 1302
1551350 1298
1551360 1298
1551370 1298
1551380 1305
1551390 1307
1551400 1307
1551410 1310
1551420 1314
1551430 1314
1551440 1316
1551450 1316
1551460 1316
1551470 1324
1551480 1335
1551490 1335
1551500 1342
1551510 1349
1551520 1349
1551530 1356
1551540 1362
1551550 1362
1551560 1365
1551570 1369
1551580 1369
1551590 1375
1551600 1381
1551610 1381
1551620 1388
1551630 1394
1551640 1394
1551650 1400
1551660 1407
1551670 1407
1551680 1415
1551690 1426
1551700 1426
1551710 1435
1551720 1435
1551730 1435
1551740 1442
1551750 1449
1551760 1449
1551770 1465
1551780 1480
1551790 1496
1551800 1496
1551810 1505
1551820 1513
1551830 1513
1551840 1521
1551850 1528
1551860 1528
1551870 1531
1551880 1531
1551890 1531
1551900 1529
1551910 1532
1551920 1532
1551930 1536
1551940 1539
1551950 1539
1551960 1542
1551970 1544
1551980 1544
1551990 1551
1552000 1557
1552010 1557
1552020 1561
1552030 1569
1552040 1569
1552050 1578
1552060 1594
1552070 1594
1552080 1613
1552090 1631
1552100 1631
1552110 1640
1552120 1648
1552130 1648
1552140 1656
1552150 1664
1552160 1672
1552170 1672
1552180 1682
1552190 1700
1552200 1700
1552210 1706
1552220 1710
1552230 1710
1552240 1710
1552250 1713
1552260 1713
1552270 1717
1552280 1712
1552290 1712
1552300 1701
1552310 1687
1552320 1687
1552330 1675
1552340 1661
1552350 1661
1552360 1660
1552370 1671
1552380 1671
1552390 1684
1552400 1684
1552410 1684
1552420 1674
1552430 1672
1552440 1665
1552450 1670
1552460 1672
1552470 1672
1552480 1676
1552490 1694
1552500 1694
1552510 1726
1552520 1742
1552530 1742
1552540 1760
1552550 1790
1552560 1805
1552570 1805
1552580 1807
1552590 1801
1552600 1801
1552610 1796
1552620 1788
1552630 1788
1552640 1795
1552650 1804
1552660 1804
1552670 1806
1552680 1814
1552690 1814
1552700 1819
1552710 1826
1552720 1826
1552730 1833
1552740 1841
1552750 1841
1552760 1850
1552770 1862
1552780 1862
1552790 1868
1552800 1876
1552810 1876
1552820 1889
1552830 1907
1552840 1907
1552850 1923
1552860 1931
1552870 1931
1552880 1933
1552890 1934
1552900 1934
1552910 1935
1552920 1933
1552930 1935
1552940 1935
1552950 1936
1552960 1934
1552970 1934
1552980 1936
1552990 1938
1553000 1938
1553010 1938
1553020 1938
1553030 1938
1553040 1937
1553050 1936
1553060 1936
1553070 1934
1553080 1935
1553090 1935
1553100 1934
1553110 1932
1553120 1932
1553130 1932
1553140 1933
1553150 1933
1553160 1934
1553170 1937
1553180 1937
1553190 1940
1553200 1942
1553210 1942
1553220 1943
1553230 1945
1553240 1945
1553250 1947
1553260 1948
1553270 1948
1553280 1951
1553290 1954
1553300 1954
1553310 1956
1553320 1958
1553330 1959
1553340 1959
1553350 1960
1553360 1961
1553370 1961
1553380 1962
1553390 1962
1553400 1962
1553410 1962
1553420 1961
1553430 1961
1553440 1961
1553450 1960
1553460 1960
1553470 1959
1553480 1958
1553490 1958
1553500 1957
1553510 1956
1553520 1956
1553530 1954
1553540 1953
1553550 1953
1553560 1951
1553570 1948
1553580 1948
1553590 1946
1553600 1944
1553610 1944
1553620 1942
1553630 1941
1553640 1941
1553650 1939
1553660 1938
1553670 1938
1553680 1936
1553690 1933
1553700 1930
1553710 1930
1553720 1925
1553730 1919
1553740 1919
1553750 1913
1553760 1907
1553770 1907
1553780 1904
1553790 1905
1553800 1905
1553810 1908
1553820 1913
1553830 1913
1553840 1914
1553850 1915
1553860 1915
1553870 1917
1553880 1918
1553890 1918
1553900 1917
1553910 1915
1553920 1915
1553930 1910
1553940 1903
1553950 1903
1553960 1896
1553970 1892
1553980 1892
1553990 1888
1554000 1883
1554010 1883
1554020 1877
1554030 1872
1554040 1872
1554050 1869
1554060 1871
1554070 1871
1554080 1872
1554090 1875
1554100 1880
1554110 1880
1554120 1884
1554130 1889
1554140 1889
1554150 1893
1554160 1895
1554170 1895
1554180 1895
1554190 1895
1554200 1895
1554210 1895
1554220 1895
1554230 1895
1554240 1895
1554250 1895
1554260 1895
1554270 1895
1554280 1896
1554290 1896
1554300 1894
1554310 1898
1554320 1898
1554330 1900
1554340 1901
1554350 1901
1554360 1902
1554370 1903
1554380 1903
1554390 1903
1554400 1906
1554410 1906
1554420 1907
1554430 1905
1554440 1905
1554450 1906
1554460 1906
1554470 1903
1554480 1903
1554490 1899
1554500 1897
1554510 1897
1554520 1893
1554530 1891
1554540 1891
1554550 1892
1554560 1890
1554570 1890
1554580 1889
1554590 1888
1554600 1888
1554610 1887
1554620 1885
1554630 1885
1554640 1883
1554650 1879
1554660 1879
1554670 1872
1554680 1866
1554690 1866
1554700 1859
1554710 1853
1554720 1853
1554730 1849
1554740 1845
1554750 1845
1554760 1842
1554770 1839
1554780 1839
1554790 1841
1554800 1842
1554810 1842
1554820 1847
1554830 1851
1554840 1851
1554850 1851
1554860 1852
1554870 1853
1554880 1853
1554890 1857
1554900 1860
1554910 1860
1554920 1860
1554930 1862
1554940 1862
1554950 1863
1554960 1866
1554970 1866
1554980 1868
1554990 1873
1555000 1873
1555010 1873
1555020 1872
1555030 1872
1555040 1871
1555050 1869
1555060 1869
1555070 1866
1555080 1863
1555090 1863
1555100 1860
1555110 1857
1555120 1857
1555130 1854
1555140 1850
1555150 1850
1555160 1848
1555170 1849
1555180 1849
1555190 1849
1555200 1847
1555210 1847
1555220 1844
1555230 1842
1555240 1841
1555250 1841
1555260 1839
1555270 1837
1555280 1837
1555290 1834
1555300 1830
1555310 1830
1555320 1824
1555330 1823
1555340 1823
1555350 1822
1555360 1818
1555370 1818
1555380 1815
1555390 1812
1555400 1812
1555410 1809
1555420 1807
1555430 1807
1555440 1805
1555450 1801
1555460 1801
1555470 1796
1555480 1791
1555490 1791
1555500 1789
1555510 1786
1555520 1786
1555530 1784
1555540 1782
1555550 1782
1555560 1777
1555570 1771
1555580 1771
1555590 1765
1555600 1759
1555610 1759
1555620 1754
1555630 1748
1555640 1743
1555650 1743
1555660 1739
1555670 1737
1555680 1737
1555690 1734
1555700 1729
1555710 1729
1555720 1721
1555730 1714
1555740 1714
1555750 1706
1555760 1700
1555770 1700
1555780 1695
1555790 1692
1555800 1692
1555810 1684
1555820 1674
1555830 1674
1555840 1665
1555850 1658
1555860 1658
1555870 1651
1555880 1645
1555890 1645
1555900 1640
1555910 1635
1555920 1635
1555930 1630
1555940 1627
1555950 1627
1555960 1624
1555970 1621
1555980 1621
1555990 1619
1556000 1619
1556010 1619
1556020 1619
1556030 1619
1556040 1620
1556050 1620
1556060 1620
1556070 1620
1556080 1620
1556090 1619
1556100 1619
1556110 1620
1556120 1619
1556130 1619
1556140 1619
1556150 1621
1556160 1624
1556170 1624
1556180 1627
1556190 1629
1556200 1629
1556210 1630
1556220 1629
1556230 1629
1556240 1632
1556250 1636
1556260 1636
1556270 1641
1556280 1645
1556290 1645
1556300 1649
1556310 1652
1556320 1652
1556330 1651
1556340 1650
1556350 1650
1556360 1650
1556370 1650
1556380 1650
1556390 1648
1556400 1645
1556410 1641
1556420 1641
1556430 1641
1556440 1641
1556450 1641
1556460 1644
1556470 1644
1556480 1644
1556490 1640
1556500 1637
1556510 1637
1556520 1636
1556530 1635
1556540 1635
1556550 1631
1556560 1628
1556570 1628
1556580 1630
1556590 1630
1556600 1630
1556610 1629
1556620 1628
1556630 1628
1556640 1626
1556650 1627
1556660 1627
1556670 1628
1556680 1630
1556690 1630
1556700 1632
1556710 1634
1556720 1634
1556730 1636
1556740 1639
1556750 1639
1556760 1639
1556770 1640
1556780 1640
1556790 1640
1556800 1638
1556810 1637
1556820 1637
1556830 1637
1556840 1636
1556850 1636
1556860 1635
1556870 1632
1556880 1632
1556890 1628
1556900 1626
1556910 1626
1556920 1625
1556930 1625
1556940 1625
1556950 1624
1556960 1623
1556970 1623
1556980 1623
1556990 1624
1557000 1624
1557010 1625
1557020 1625
1557030 1625
1557040 1624
1557050 1625
1557060 1625
1557070 1626
1557080 1626
1557090 1626
1557100 1626
1557110 1626
1557120 1626
1557130 1627
1557140 1629
1557150 1629
1557160 1631
1557170 1631
1557180 1631
1557190 1631
1557200 1631
1557210 1633
1557220 1633
1557230 1633
1557240 1633
1557250 1633
1557260 1632
1557270 1632
1557280 1632
1557290 1633
1557300 1632
1557310 1632
1557320 1632
1557330 1632
1557340 1632
1557350 1632
1557360 1633
1557370 1633
1557380 1634
1557390 1635
1557400 1635
1557410 1636
1557420 1637
1557430 1637
1557440 1638
1557450 1639
1557460 1639
1557470 1641
1557480 1641
1557490 1641
1557500 1642
1557510 1641
1557520 1641
1557530 1640
1557540 1639
1557550 1639
1557560 1638
1557570 1636
1557580 1635
1557590 1635
1557600 1633
1557610 1632
1557620 1632
1557630 1632
1557640 1631
1557650 1631
1557660 1630
1557670 1627
1557680 1627
1557690 1625
1557700 1622
1557710 1622
1557720 1621
1557730 1619
1557740 1619
1557750 1615
1557760 1610
1557770 1610
1557780 1607
1557790 1604
1557800 1604
1557810 1601
1557820 1598
1557830 1598
1557840 1595
1557850 1591
1557860 1591
1557870 1586
1557880 1584
1557890 1584
1557900 1587
1557910 1587
1557920 1587
1557930 1587
1557940 1588
1557950 1588
1557960 1588
1557970 1588
1557980 1590
1557990 1590
1558000 1591
1558010 1592
1558020 1592
1558030 1593
1558040 1594
1558050 1594
1558060 1596
1558070 1596
1558080 1596
1558090 1596
1558100 1597
1558110 1597
1558120 1598
1558130 1599
1558140 1599
1558150 1599
1558160 1599
1558170 1599
1558180 1598
1558190 1596
1558200 1596
1558210 1594
1558220 1596
1558230 1596
1558240 1598
1558250 1600
1558260 1600
1558270 1602
1558280 1602
1558290 1602
1558300 1602
1558310 1601
1558320 1601
1558330 1601
1558340 1599
1558350 1597
1558360 1597
1558370 1595
1558380 1594
1558390 1594
1558400 1593
1558410 1593
1558420 1593
1558430 1593
1558440 1592
1558450 1592
1558460 1594
1558470 1596
1558480 1596
1558490 1598
1558500 1600
1558510 1600
1558520 1601
1558530 1602
1558540 1602
1558550 1602
1558560 1602
1558570 1602
1558580 1600
1558590 1599
1558600 1599
1558610 1598
1558620 1598
1558630 1598
1558640 1597
1558650 1596
1558660 1596
1558670 1600
1558680 1602
1558690 1602
1558700 1603
1558710 1604
1558720 1605
1558730 1605
1558740 1605
1558750 1607
1558760 1607
1558770 1608
1558780 1607
1558790 1607
1558800 1607
1558810 1607
1558820 1607
1558830 1608
1558840 1606
1558850 1606
1558860 1604
1558870 1602
1558880 1602
1558890 1601
1558900 1601
1558910 1601
1558920 1600
1558930 1599
1558940 1599
1558950 1599
1558960 1600
1558970 1600
1558980 1602
1558990 1604
1559000 1604
1559010 1605
1559020 1605
1559030 1605
1559040 1605
1559050 1604
1559060 1604
1559070 1604
1559080 1604
1559090 1604
1559100 1607
1559110 1607
1559120 1607
1559130 1607
1559140 1605
1559150 1605
1559160 1605
1559170 1605
1559180 1605
1559190 1605
1559200 1605
1559210 1606
1559220 1606
1559230 1606
1559240 1607
1559250 1607
1559260 1608
1559270 1608
1559280 1608
1559290 1608
1559300 1607
1559310 1607
1559320 1607
1559330 1606
1559340 1606
1559350 1606
1559360 1606
1559370 1606
1559380 1606
1559390 1606
1559400 1606
1559410 1607
1559420 1607
1559430 1607
1559440 1609
1559450 1610
1559460 1610
1559470 1611
1559480 1612
1559490 1614
1559500 1614
1559510 1614
1559520 1615
1559530 1615
1559540 1615
1559550 1615
1559560 1615
1559570 1615
1559580 1615
1559590 1615
1559600 1615
1559610 1619
1559620 1619
1559630 1619
1559640 1620
1559650 1620
1559660 1620
1559670 1621
1559680 1621
1559690 1621
1559700 1622
1559710 1622
1559720 1622
1559730 1622
1559740 1622
1559750 1623
1559760 1623
1559770 1623
1559780 1623
1559790 1622
1559800 1622
1559810 1621
1559820 1621
1559830 1621
1559840 1621
1559850 1621
1559860 1621
1559870 1622
1559880 1622
1559890 1621
1559900 1621
1559910 1621
1559920 1621
1559930 1621
1559940 1621
1559950 1622
1559960 1622
1559970 1622
1559980 1623
1559990 1623
