1540000 714
1540010 713
1540020 714
1540030 714
1540040 713
1540050 711
1540060 711
1540070 710
1540080 709
1540090 709
1540100 708
1540110 708
1540120 708
1540130 708
1540140 707
1540150 707
1540160 707
1540170 707
1540180 707
1540190 707
1540200 707
1540210 707
1540220 707
1540230 707
1540240 707
1540250 707
1540260 707
1540270 707
1540280 707
1540290 707
1540300 707
1540310 707
1540320 707
1540330 707
1540340 707
1540350 707
1540360 707
1540370 707
1540380 707
1540390 707
1540400 707
1540410 707
1540420 707
1540430 707
1540440 707
1540450 707
1540460 707
1540470 707
1540480 707
1540490 707
1540500 707
1540510 707
1540520 707
1540530 707
1540540 707
1540550 707
1540560 707
1540570 707
1540580 707
1540590 707
1540600 707
1540610 707
1540620 707
1540630 707
1540640 707
1540650 707
1540660 707
1540670 707
1540680 707
1540690 707
1540700 707
1540710 707
1540720 707
1540730 707
1540740 707
1540750 707
1540760 707
1540770 707
1540780 707
1540790 707
1540800 707
1540810 707
1540820 707
1540830 707
1540840 707
1540850 707
1540860 707
1540870 707
1540880 707
1540890 707
1540900 707
1540910 707
1540920 707
1540930 707
1540940 707
1540950 707
1540960 707
1540970 707
1540980 707
1540990 707
1541000 707
1541010 707
1541020 707
1541030 707
1541040 707
1541050 707
1541060 707
1541070 707
1541080 707
1541090 707
1541100 707
1541110 707
1541120 707
1541130 707
1541140 707
1541150 707
1541160 707
1541170 707
1541180 707
1541190 707
1541200 707
1541210 707
1541220 707
1541230 707
1541240 707
1541250 707
1541260 707
1541270 707
1541280 707
1541290 707
1541300 707
1541310 707
1541320 707
1541330 707
1541340 707
1541350 707
1541360 707
1541370 707
1541380 707
1541390 707
1541400 707
1541410 707
1541420 707
1541430 707
1541440 707
1541450 707
1541460 707
1541470 707
1541480 707
1541490 707
1541500 707
1541510 707
1541520 707
1541530 707
1541540 707
1541550 707
1541560 707
1541570 707
1541580 707
1541590 707
1541600 707
1541610 707
1541620 707
1541630 707
1541640 707
1541650 707
1541660 707
1541670 707
1541680 707
1541690 707
1541700 707
1541710 707
1541720 707
1541730 707
1541740 707
1541750 707
1541760 707
1541770 707
1541780 707
1541790 707
1541800 707
1541810 707
1541820 707
1541830 708
1541840 708
1541850 708
1541860 708
1541870 708
1541880 708
1541890 708
1541900 708
1541910 708
1541920 710
1541930 711
1541940 711
1541950 710
1541960 710
1541970 710
1541980 710
1541990 709
1542000 709
1542010 709
1542020 708
1542030 708
1542040 708
1542050 708
1542060 708
1542070 707
1542080 707
1542090 707
1542100 707
1542110 707
1542120 707
1542130 707
1542140 707
1542150 708
1542160 708
1542170 709
1542180 712
1542190 712
1542200 714
1542210 715
1542220 715
1542230 717
1542240 719
1542250 719
1542260 720
1542270 722
1542280 722
1542290 724
1542300 725
1542310 725
1542320 728
1542330 731
1542340 731
1542350 735
1542360 739
1542370 739
1542380 743
1542390 747
1542400 747
1542410 751
1542420 756
1542430 756
1542440 760
1542450 764
1542460 764
1542470 768
1542480 773
1542490 773
1542500 778
1542510 783
1542520 780
1542530 784
1542540 788
1542550 793
1542560 793
1542570 800
1542580 807
1542590 807
1542600 814
1542610 830
1542620 830
1542630 841
1542640 848
1542650 848
1542660 855
1542670 861
1542680 861
1542690 866
1542700 872
1542710 872
1542720 876
1542730 882
1542740 882
1542750 887
1542760 893
1542770 893
1542780 900
1542790 907
1542800 907
1542810 913
1542820 919
1542830 919
1542840 926
1542850 934
1542860 934
1542870 940
1542880 946
1542890 946
1542900 953
1542910 959
1542920 959
1542930 966
1542940 975
1542950 984
1542960 984
1542970 991
1542980 999
1542990 999
1543000 1006
1543010 1014
1543020 1014
1543030 1023
1543040 1033
1543050 1033
1543060 1041
1543070 1049
1543080 1049
1543090 1055
1543100 1059
1543110 1059
1543120 1062
1543130 1066
1543140 1066
1543150 1070
1543160 1073
1543170 1073
1543180 1076
1543190 1077
1543200 1077
1543210 1080
1543220 1083
1543230 1083
1543240 1086
1543250 1089
1543260 1089
1543270 1094
1543280 1098
1543290 1098
1543300 1102
1543310 1106
1543320 1106
1543330 1109
1543340 1111
1543350 1113
1543360 1113
1543370 1116
1543380 1120
1543390 1120
1543400 1124
1543410 1129
1543420 1129
1543430 1134
1543440 1137
1543450 1137
1543460 1139
1543470 1141
1543480 1141
1543490 1143
1543500 1145
1543510 1145
1543520 1148
1543530 1151
1543540 1151
1543550 1154
1543560 1156
1543570 1156
1543580 1159
1543590 1161
1543600 1161
1543610 1164
1543620 1166
1543630 1166
1543640 1168
1543650 1171
1543660 1171
1543670 1172
1543680 1174
1543690 1174
1543700 1175
1543710 1176
1543720 1176
1543730 1176
1543740 1175
1543750 1175
1543760 1175
1543770 1175
1543780 1176
1543790 1176
1543800 1177
1543810 1179
1543820 1179
1543830 1180
1543840 1182
1543850 1182
1543860 1184
1543870 1185
1543880 1185
1543890 1186
1543900 1187
1543910 1187
1543920 1189
1543930 1191
1543940 1191
1543950 1192
1543960 1193
1543970 1193
1543980 1192
1543990 1191
1544000 1191
1544010 1192
1544020 1192
1544030 1192
1544040 1193
1544050 1192
1544060 1192
1544070 1192
1544080 1192
1544090 1192
1544100 1192
1544110 1192
1544120 1192
1544130 1191
1544140 1186
1544150 1186
1544160 1173
1544170 1168
1544180 1166
1544190 1166
1544200 1157
1544210 1152
1544220 1152
1544230 1150
1544240 1142
1544250 1142
1544260 1140
1544270 1135
1544280 1135
1544290 1131
1544300 1127
1544310 1127
1544320 1125
1544330 1124
1544340 1124
1544350 1121
1544360 1120
1544370 1120
1544380 1118
1544390 1114
1544400 1114
1544410 1110
1544420 1104
1544430 1104
1544440 1100
1544450 1098
1544460 1098
1544470 1094
1544480 1090
1544490 1090
1544500 1083
1544510 1078
1544520 1078
1544530 1074
1544540 1068
1544550 1068
1544560 1061
1544570 1054
1544580 1050
1544590 1050
1544600 1049
1544610 1048
1544620 1048
1544630 1050
1544640 1057
1544650 1057
1544660 1056
1544670 1048
1544680 1048
1544690 1037
1544700 1032
1544710 1032
1544720 1028
1544730 1021
1544740 1021
1544750 1014
1544760 1008
1544770 1008
1544780 1003
1544790 1000
1544800 1000
1544810 998
1544820 996
1544830 996
1544840 993
1544850 988
1544860 988
1544870 986
1544880 982
1544890 982
1544900 977
1544910 973
1544920 973
1544930 968
1544940 966
1544950 966
1544960 965
1544970 964
1544980 962
1544990 962
1545000 960
1545010 958
1545020 958
1545030 955
1545040 950
1545050 950
1545060 945
1545070 941
1545080 941
1545090 937
1545100 933
1545110 933
1545120 928
1545130 924
1545140 924
1545150 919
1545160 914
1545170 914
1545180 910
1545190 905
1545200 905
1545210 900
1545220 895
1545230 895
1545240 889
1545250 885
1545260 885
1545270 882
1545280 879
1545290 879
1545300 877
1545310 874
1545320 874
1545330 872
1545340 872
1545350 872
1545360 870
1545370 868
1545380 867
1545390 867
1545400 865
1545410 861
1545420 861
1545430 857
1545440 854
1545450 854
1545460 853
1545470 854
1545480 854
1545490 855
1545500 856
1545510 856
1545520 855
1545530 852
1545540 852
1545550 849
1545560 846
1545570 846
1545580 844
1545590 842
1545600 842
1545610 841
1545620 839
1545630 839
1545640 837
1545650 832
1545660 832
1545670 826
1545680 822
1545690 822
1545700 819
1545710 816
1545720 816
1545730 815
1545740 816
1545750 816
1545760 817
1545770 817
1545780 823
1545790 823
1545800 829
1545810 835
1545820 835
1545830 838
1545840 841
1545850 841
1545860 843
1545870 846
1545880 846
1545890 849
1545900 849
1545910 849
1545920 847
1545930 848
1545940 848
1545950 850
1545960 854
1545970 854
1545980 859
1545990 862
1546000 862
1546010 864
1546020 866
1546030 866
1546040 867
1546050 868
1546060 868
1546070 868
1546080 867
1546090 867
1546100 868
1546110 871
1546120 871
1546130 874
1546140 875
1546150 875
1546160 875
1546170 875
1546180 875
1546190 875
1546200 876
1546210 879
1546220 879
1546230 881
1546240 882
1546250 882
1546260 882
1546270 883
1546280 883
1546290 884
1546300 884
1546310 884
1546320 885
1546330 886
1546340 886
1546350 888
1546360 889
1546370 889
1546380 892
1546390 897
1546400 897
1546410 900
1546420 899
1546430 899
1546440 896
1546450 898
1546460 898
1546470 904
1546480 909
1546490 909
1546500 910
1546510 908
1546520 908
1546530 908
1546540 907
1546550 907
1546560 907
1546570 906
1546580 908
1546590 908
1546600 909
1546610 908
1546620 908
1546630 907
1546640 906
1546650 906
1546660 905
1546670 904
1546680 904
1546690 904
1546700 905
1546710 905
1546720 907
1546730 908
1546740 908
1546750 907
1546760 904
1546770 904
1546780 899
1546790 893
1546800 893
1546810 890
1546820 887
1546830 887
1546840 885
1546850 885
1546860 885
1546870 883
1546880 882
1546890 882
1546900 882
1546910 880
1546920 880
1546930 877
1546940 874
1546950 874
1546960 874
1546970 875
1546980 873
1546990 873
1547000 870
1547010 867
1547020 867
1547030 865
1547040 863
1547050 863
1547060 860
1547070 864
1547080 864
1547090 868
1547100 871
1547110 871
1547120 872
1547130 871
1547140 871
1547150 871
1547160 872
1547170 872
1547180 872
1547190 872
1547200 872
1547210 873
1547220 873
1547230 873
1547240 872
1547250 871
1547260 871
1547270 870
1547280 869
1547290 869
1547300 868
1547310 868
1547320 868
1547330 869
1547340 870
1547350 870
1547360 870
1547370 870
1547380 868
1547390 868
1547400 867
1547410 867
1547420 867
1547430 868
1547440 869
1547450 869
1547460 868
1547470 865
1547480 865
1547490 864
1547500 866
1547510 866
1547520 867
1547530 869
1547540 869
1547550 870
1547560 869
1547570 869
1547580 869
1547590 868
1547600 868
1547610 866
1547620 865
1547630 865
1547640 863
1547650 862
1547660 862
1547670 858
1547680 853
1547690 853
1547700 854
1547710 861
1547720 861
1547730 864
1547740 864
1547750 864
1547760 862
1547770 863
1547780 868
1547790 868
1547800 874
1547810 877
1547820 877
1547830 878
1547840 879
1547850 879
1547860 879
1547870 878
1547880 878
1547890 877
1547900 877
1547910 877
1547920 877
1547930 877
1547940 877
1547950 878
1547960 880
1547970 880
1547980 882
1547990 882
1548000 882
1548010 882
1548020 879
1548030 879
1548040 875
1548050 870
1548060 870
1548070 867
1548080 865
1548090 865
1548100 866
1548110 867
1548120 867
1548130 866
1548140 868
1548150 868
1548160 870
1548170 869
1548180 870
1548190 870
1548200 871
1548210 869
1548220 869
1548230 868
1548240 872
1548250 872
1548260 873
1548270 876
1548280 876
1548290 878
1548300 880
1548310 880
1548320 880
1548330 881
1548340 881
1548350 881
1548360 884
1548370 884
1548380 886
1548390 885
1548400 885
1548410 883
1548420 882
1548430 882
1548440 882
1548450 881
1548460 881
1548470 878
1548480 877
1548490 877
1548500 877
1548510 876
1548520 876
1548530 875
1548540 876
1548550 876
1548560 877
1548570 878
1548580 878
1548590 878
1548600 878
1548610 878
1548620 878
1548630 877
1548640 875
1548650 875
1548660 875
1548670 879
1548680 879
1548690 882
1548700 882
1548710 882
1548720 880
1548730 877
1548740 877
1548750 874
1548760 871
1548770 871
1548780 871
1548790 874
1548800 874
1548810 882
1548820 892
1548830 892
1548840 909
1548850 928
1548860 928
1548870 938
1548880 941
1548890 941
1548900 943
1548910 947
1548920 947
1548930 951
1548940 956
1548950 956
1548960 961
1548970 964
1548980 966
1548990 966
1549000 963
1549010 961
1549020 961
1549030 961
1549040 963
1549050 963
1549060 966
1549070 968
1549080 968
1549090 970
1549100 972
1549110 972
1549120 975
1549130 978
1549140 978
1549150 982
1549160 984
1549170 984
1549180 984
1549190 985
1549200 985
1549210 988
1549220 990
1549230 990
1549240 992
1549250 993
1549260 993
1549270 995
1549280 998
1549290 998
1549300 999
1549310 1000
1549320 1000
1549330 1001
1549340 1004
1549350 1004
1549360 1008
1549370 1009
1549380 1011
1549390 1011
1549400 1013
1549410 1015
1549420 1015
1549430 1020
1549440 1024
1549450 1024
1549460 1028
1549470 1031
1549480 1031
1549490 1034
1549500 1037
1549510 1037
1549520 1039
1549530 1043
1549540 1043
1549550 1046
1549560 1047
1549570 1047
1549580 1050
1549590 1053
1549600 1053
1549610 1058
1549620 1062
1549630 1062
1549640 1065
1549650 1067
1549660 1067
1549670 1070
1549680 1072
1549690 1072
1549700 1074
1549710 1076
1549720 1076
1549730 1077
1549740 1078
1549750 1078
1549760 1080
1549770 1084
1549780 1089
1549790 1089
1549800 1095
1549810 1099
1549820 1099
1549830 1098
1549840 1092
1549850 1092
1549860 1087
1549870 1083
1549880 1083
1549890 1077
1549900 1075
1549910 1075
1549920 1075
1549930 1076
1549940 1076
1549950 1076
1549960 1076
1549970 1076
1549980 1077
1549990 1079
1550000 1079
1550010 1080
1550020 1081
1550030 1081
1550040 1084
1550050 1087
1550060 1087
1550070 1090
1550080 1093
1550090 1093
1550100 1096
1550110 1098
1550120 1098
1550130 1101
1550140 1105
1550150 1105
1550160 1109
1550170 1111
1550180 1112
1550190 1112
1550200 1113
1550210 1115
1550220 1115
1550230 1116
1550240 1118
1550250 1118
1550260 1120
1550270 1122
1550280 1122
1550290 1121
1550300 1119
1550310 1119
1550320 1118
1550330 1117
1550340 1117
1550350 1117
1550360 1118
1550370 1118
1550380 1120
1550390 1121
1550400 1121
1550410 1124
1550420 1127
1550430 1127
1550440 1132
1550450 1134
1550460 1134
1550470 1137
1550480 1141
1550490 1141
1550500 1145
1550510 1152
1550520 1152
1550530 1158
1550540 1166
1550550 1166
1550560 1173
1550570 1179
1550580 1186
1550590 1186
1550600 1194
1550610 1202
1550620 1202
1550630 1209
1550640 1215
1550650 1215
1550660 1220
1550670 1226
1550680 1226
1550690 1231
1550700 1237
1550710 1237
1550720 1242
1550730 1248
1550740 1248
1550750 1253
1550760 1259
1550770 1259
1550780 1268
1550790 1273
1550800 1273
1550810 1278
1550820 1284
1550830 1284
1550840 1289
1550850 1292
1550860 1292
1550870 1296
1550880 1300
1550890 1300
1550900 1304
1550910 1307
1550920 1307
1550930 1311
1550940 1313
1550950 1313
1550960 1314
1550970 1312
1550980 1308
1550990 1308
1551000 1302
1551010 1296
1551020 1296
1551030 1290
1551040 1273
1551050 1273
1551060 1263
1551070 1257
1551080 1257
1551090 1255
1551100 1261
1551110 1261
1551120 1265
1551130 1265
1551140 1265
1551150 1255
1551160 1246
1551170 1246
1551180 1243
1551190 1240
1551200 1240
1551210 1239
1551220 1241
1551230 1241
1551240 1241
1551250 1235
1551260 1235
1551270 1234
1551280 1237
1551290 1237
1551300 1238
1551310 1236
1551320 1236
1551330 1233
1551340 1229
1551350 1229
1551360 1227
1551370 1222
1551380 1217
1551390 1217
1551400 1216
1551410 1217
1551420 1217
1551430 1217
1551440 1215
1551450 1215
1551460 1205
1551470 1196
1551480 1196
1551490 1194
1551500 1192
1551510 1192
1551520 1190
1551530 1191
1551540 1191
1551550 1192
1551560 1193
1551570 1193
1551580 1189
1551590 1183
1551600 1183
1551610 1176
1551620 1169
1551630 1169
1551640 1166
1551650 1165
1551660 1165
1551670 1163
1551680 1156
1551690 1156
1551700 1153
1551710 1152
1551720 1152
1551730 1152
1551740 1152
1551750 1152
1551760 1155
1551770 1155
1551780 1154
1551790 1154
1551800 1151
1551810 1147
1551820 1147
1551830 1142
1551840 1138
1551850 1138
1551860 1137
1551870 1136
1551880 1136
1551890 1136
1551900 1136
1551910 1136
1551920 1134
1551930 1132
1551940 1132
1551950 1132
1551960 1132
1551970 1132
1551980 1130
1551990 1126
1552000 1126
1552010 1124
1552020 1122
1552030 1122
1552040 1121
1552050 1120
1552060 1120
1552070 1118
1552080 1117
1552090 1117
1552100 1117
1552110 1118
1552120 1118
1552130 1119
1552140 1118
1552150 1118
1552160 1117
1552170 1116
1552180 1113
1552190 1113
1552200 1110
1552210 1109
1552220 1109
1552230 1108
1552240 1106
1552250 1106
1552260 1105
1552270 1105
1552280 1105
1552290 1106
1552300 1107
1552310 1107
1552320 1107
1552330 1107
1552340 1107
1552350 1107
1552360 1108
1552370 1108
1552380 1108
1552390 1107
1552400 1107
1552410 1107
1552420 1107
1552430 1107
1552440 1108
1552450 1108
1552460 1108
1552470 1108
1552480 1108
1552490 1108
1552500 1108
1552510 1109
1552520 1109
1552530 1110
1552540 1111
1552550 1111
1552560 1113
1552570 1114
1552580 1115
1552590 1115
1552600 1117
1552610 1119
1552620 1119
1552630 1122
1552640 1125
1552650 1125
1552660 1126
1552670 1128
1552680 1128
1552690 1131
1552700 1133
1552710 1133
1552720 1135
1552730 1138
1552740 1138
1552750 1142
1552760 1147
1552770 1147
1552780 1151
1552790 1157
1552800 1157
1552810 1162
1552820 1168
1552830 1168
1552840 1174
1552850 1181
1552860 1181
1552870 1191
1552880 1195
1552890 1195
1552900 1203
1552910 1214
1552920 1214
1552930 1217
1552940 1221
1552950 1221
1552960 1223
1552970 1223
1552980 1227
1552990 1227
1553000 1232
1553010 1237
1553020 1237
1553030 1241
1553040 1246
1553050 1246
1553060 1250
1553070 1253
1553080 1253
1553090 1256
1553100 1260
1553110 1260
1553120 1263
1553130 1268
1553140 1268
1553150 1273
1553160 1279
1553170 1279
1553180 1284
1553190 1292
1553200 1292
1553210 1300
1553220 1310
1553230 1310
1553240 1323
1553250 1328
1553260 1328
1553270 1332
1553280 1338
1553290 1338
1553300 1344
1553310 1350
1553320 1350
1553330 1356
1553340 1361
1553350 1361
1553360 1365
1553370 1369
1553380 1369
1553390 1374
1553400 1379
1553410 1383
1553420 1383
1553430 1387
1553440 1388
1553450 1388
1553460 1388
1553470 1389
1553480 1389
1553490 1390
1553500 1393
1553510 1393
1553520 1394
1553530 1393
1553540 1393
1553550 1395
1553560 1397
1553570 1397
1553580 1398
1553590 1401
1553600 1401
1553610 1403
1553620 1406
1553630 1406
1553640 1406
1553650 1406
1553660 1406
1553670 1406
1553680 1407
1553690 1407
1553700 1410
1553710 1414
1553720 1414
1553730 1415
1553740 1416
1553750 1416
1553760 1415
1553770 1416
1553780 1416
1553790 1416
1553800 1415
1553810 1410
1553820 1410
1553830 1403
1553840 1398
1553850 1398
1553860 1393
1553870 1390
1553880 1390
1553890 1385
1553900 1379
1553910 1379
1553920 1374
1553930 1372
1553940 1372
1553950 1370
1553960 1369
1553970 1369
1553980 1369
1553990 1369
1554000 1369
1554010 1369
1554020 1368
1554030 1368
1554040 1367
1554050 1366
1554060 1366
1554070 1365
1554080 1365
1554090 1365
1554100 1366
1554110 1366
1554120 1366
1554130 1368
1554140 1369
1554150 1369
1554160 1370
1554170 1371
1554180 1371
1554190 1372
1554200 1373
1554210 1375
1554220 1375
1554230 1377
1554240 1380
1554250 1380
1554260 1384
1554270 1389
1554280 1389
1554290 1396
1554300 1408
1554310 1408
1554320 1420
1554330 1431
1554340 1431
1554350 1443
1554360 1451
1554370 1451
1554380 1454
1554390 1458
1554400 1458
1554410 1460
1554420 1463
1554430 1463
1554440 1464
1554450 1465
1554460 1465
1554470 1466
1554480 1468
1554490 1468
1554500 1471
1554510 1475
1554520 1475
1554530 1481
1554540 1487
1554550 1487
1554560 1495
1554570 1505
1554580 1505
1554590 1512
1554600 1519
1554610 1525
1554620 1525
1554630 1531
1554640 1536
1554650 1536
1554660 1542
1554670 1546
1554680 1546
1554690 1550
1554700 1551
1554710 1551
1554720 1552
1554730 1554
1554740 1554
1554750 1558
1554760 1562
1554770 1562
1554780 1565
1554790 1567
1554800 1567
1554810 1567
1554820 1568
1554830 1568
1554840 1570
1554850 1573
1554860 1573
1554870 1579
1554880 1586
1554890 1586
1554900 1592
1554910 1597
1554920 1597
1554930 1602
1554940 1607
1554950 1607
1554960 1610
1554970 1613
1554980 1613
1554990 1614
1555000 1614
1555010 1616
1555020 1616
1555030 1617
1555040 1618
1555050 1618
1555060 1618
1555070 1620
1555080 1620
1555090 1623
1555100 1625
1555110 1625
1555120 1627
1555130 1628
1555140 1628
1555150 1631
1555160 1634
1555170 1634
1555180 1637
1555190 1638
1555200 1638
1555210 1639
1555220 1639
1555230 1639
1555240 1640
1555250 1641
1555260 1641
1555270 1642
1555280 1639
1555290 1639
1555300 1639
1555310 1640
1555320 1640
1555330 1640
1555340 1642
1555350 1642
1555360 1644
1555370 1646
1555380 1646
1555390 1645
1555400 1646
1555410 1647
1555420 1647
1555430 1648
1555440 1651
1555450 1651
1555460 1653
1555470 1655
1555480 1655
1555490 1657
1555500 1659
1555510 1659
1555520 1660
1555530 1662
1555540 1662
1555550 1663
1555560 1664
1555570 1664
1555580 1666
1555590 1668
1555600 1668
1555610 1668
1555620 1669
1555630 1669
1555640 1672
1555650 1675
1555660 1675
1555670 1679
1555680 1680
1555690 1680
1555700 1678
1555710 1676
1555720 1676
1555730 1675
1555740 1679
1555750 1679
1555760 1684
1555770 1685
1555780 1685
1555790 1684
1555800 1681
1555810 1680
1555820 1680
1555830 1679
1555840 1677
1555850 1677
1555860 1673
1555870 1672
1555880 1672
1555890 1669
1555900 1666
1555910 1666
1555920 1665
1555930 1666
1555940 1666
1555950 1668
1555960 1673
1555970 1673
1555980 1678
1555990 1685
1556000 1685
1556010 1690
1556020 1694
1556030 1694
1556040 1695
1556050 1702
1556060 1702
1556070 1709
1556080 1713
1556090 1713
1556100 1720
1556110 1724
1556120 1724
1556130 1728
1556140 1729
1556150 1729
1556160 1729
1556170 1731
1556180 1731
1556190 1733
1556200 1735
1556210 1734
1556220 1734
1556230 1727
1556240 1724
1556250 1724
1556260 1720
1556270 1712
1556280 1712
1556290 1707
1556300 1700
1556310 1700
1556320 1695
1556330 1692
1556340 1696
1556350 1695
1556360 1699
1556370 1699
1556380 1701
1556390 1700
1556400 1700
1556410 1701
1556420 1699
1556430 1699
1556440 1693
1556450 1689
1556460 1689
1556470 1687
1556480 1686
1556490 1686
1556500 1682
1556510 1682
1556520 1682
1556530 1683
1556540 1680
1556550 1680
1556560 1681
1556570 1679
1556580 1679
1556590 1676
1556600 1674
1556610 1675
1556620 1675
1556630 1677
1556640 1680
1556650 1680
1556660 1689
1556670 1696
1556680 1696
1556690 1697
1556700 1698
1556710 1698
1556720 1698
1556730 1698
1556740 1698
1556750 1697
1556760 1697
1556770 1697
1556780 1699
1556790 1700
1556800 1700
1556810 1700
1556820 1700
1556830 1700
1556840 1701
1556850 1700
1556860 1700
1556870 1699
1556880 1700
1556890 1700
1556900 1700
1556910 1699
1556920 1699
1556930 1701
1556940 1703
1556950 1703
1556960 1706
1556970 1707
1556980 1707
1556990 1704
1557000 1704
1557010 1704
1557020 1704
1557030 1705
1557040 1710
1557050 1710
1557060 1714
1557070 1716
1557080 1716
1557090 1720
1557100 1724
1557110 1724
1557120 1728
1557130 1729
1557140 1729
1557150 1726
1557160 1721
1557170 1721
1557180 1724
1557190 1725
1557200 1725
1557210 1725
1557220 1730
1557230 1730
1557240 1732
1557250 1735
1557260 1735
1557270 1738
1557280 1736
1557290 1736
1557300 1734
1557310 1731
1557320 1731
1557330 1731
1557340 1732
1557350 1732
1557360 1730
1557370 1733
1557380 1733
1557390 1735
1557400 1735
1557410 1737
1557420 1737
1557430 1736
1557440 1737
1557450 1737
1557460 1736
1557470 1733
1557480 1733
1557490 1736
1557500 1740
1557510 1740
1557520 1741
1557530 1743
1557540 1743
1557550 1743
1557560 1743
1557570 1743
1557580 1742
1557590 1737
1557600 1737
1557610 1730
1557620 1727
1557630 1727
1557640 1726
1557650 1726
1557660 1726
1557670 1724
1557680 1720
1557690 1720
1557700 1722
1557710 1722
1557720 1722
1557730 1724
1557740 1725
1557750 1725
1557760 1725
1557770 1725
1557780 1725
1557790 1722
1557800 1720
1557810 1722
1557820 1722
1557830 1721
1557840 1719
1557850 1719
1557860 1719
1557870 1715
1557880 1715
1557890 1710
1557900 1705
1557910 1705
1557920 1700
1557930 1696
1557940 1696
1557950 1692
1557960 1692
1557970 1692
1557980 1694
1557990 1701
1558000 1701
1558010 1705
1558020 1706
1558030 1706
1558040 1699
1558050 1698
1558060 1698
1558070 1702
1558080 1708
1558090 1708
1558100 1723
1558110 1735
1558120 1735
1558130 1742
1558140 1750
1558150 1750
1558160 1757
1558170 1759
1558180 1759
1558190 1763
1558200 1765
1558210 1766
1558220 1766
1558230 1767
1558240 1768
1558250 1768
1558260 1771
1558270 1771
1558280 1771
1558290 1773
1558300 1776
1558310 1776
1558320 1784
1558330 1786
1558340 1786
1558350 1786
1558360 1782
1558370 1782
1558380 1777
1558390 1778
1558400 1778
1558410 1778
1558420 1779
1558430 1779
1558440 1779
1558450 1782
1558460 1782
1558470 1786
1558480 1792
1558490 1792
1558500 1797
1558510 1801
1558520 1801
1558530 1803
1558540 1805
1558550 1805
1558560 1802
1558570 1803
1558580 1803
1558590 1804
1558600 1799
1558610 1790
1558620 1790
1558630 1792
1558640 1795
1558650 1795
1558660 1795
1558670 1802
1558680 1802
1558690 1808
1558700 1812
1558710 1812
1558720 1818
1558730 1823
1558740 1823
1558750 1828
1558760 1832
1558770 1832
1558780 1834
1558790 1837
1558800 1837
1558810 1841
1558820 1844
1558830 1844
1558840 1845
1558850 1844
1558860 1844
1558870 1842
1558880 1842
1558890 1842
1558900 1841
1558910 1843
1558920 1843
1558930 1847
1558940 1858
1558950 1858
1558960 1869
1558970 1871
1558980 1871
1558990 1877
1559000 1883
1559010 1888
1559020 1888
1559030 1891
1559040 1895
1559050 1895
1559060 1900
1559070 1906
1559080 1906
1559090 1910
1559100 1915
1559110 1915
1559120 1920
1559130 1922
1559140 1922
1559150 1924
1559160 1928
1559170 1928
1559180 1931
1559190 1935
1559200 1935
1559210 1936
1559220 1934
1559230 1934
1559240 1935
1559250 1945
1559260 1945
1559270 1949
1559280 1956
1559290 1956
1559300 1960
1559310 1967
1559320 1967
1559330 1972
1559340 1977
1559350 1977
1559360 1980
1559370 1978
1559380 1978
1559390 1977
1559400 1981
1559410 1985
1559420 1985
1559430 1990
1559440 1993
1559450 1993
1559460 1992
1559470 1995
1559480 1995
1559490 1996
1559500 1999
1559510 1999
1559520 2003
1559530 2004
1559540 2004
1559550 2004
1559560 2002
1559570 2002
1559580 1998
1559590 1995
1559600 1995
1559610 1994
1559620 1991
1559630 1991
1559640 1988
1559650 1984
1559660 1984
1559670 1980
1559680 1979
1559690 1979
1559700 1976
1559710 1973
1559720 1973
1559730 1971
1559740 1966
1559750 1966
1559760 1962
1559770 1958
1559780 1958
1559790 1958
1559800 1955
1559810 1954
1559820 1954
1559830 1951
1559840 1955
1559850 1955
1559860 1960
1559870 1962
1559880 1962
1559890 1961
1559900 1962
1559910 1962
1559920 1964
1559930 1968
1559940 1968
1559950 1970
1559960 1972
1559970 1972
1559980 1973
1559990 1975
