1540000 728
1540010 727
1540020 726
1540030 726
1540040 725
1540050 724
1540060 724
1540070 723
1540080 723
1540090 723
1540100 722
1540110 721
1540120 721
1540130 721
1540140 720
1540150 720
1540160 719
1540170 717
1540180 717
1540190 716
1540200 715
1540210 715
1540220 714
1540230 713
1540240 713
1540250 713
1540260 711
1540270 710
1540280 710
1540290 710
1540300 709
1540310 709
1540320 709
1540330 709
1540340 709
1540350 709
1540360 709
1540370 709
1540380 709
1540390 709
1540400 709
1540410 709
1540420 708
1540430 708
1540440 708
1540450 707
1540460 707
1540470 707
1540480 707
1540490 707
1540500 707
1540510 707
1540520 707
1540530 707
1540540 707
1540550 707
1540560 707
1540570 707
1540580 707
1540590 707
1540600 707
1540610 707
1540620 707
1540630 707
1540640 707
1540650 707
1540660 707
1540670 707
1540680 707
1540690 707
1540700 707
1540710 707
1540720 707
1540730 707
1540740 707
1540750 707
1540760 707
1540770 707
1540780 707
1540790 707
1540800 707
1540810 707
1540820 707
1540830 707
1540840 707
1540850 707
1540860 707
1540870 707
1540880 707
1540890 707
1540900 707
1540910 707
1540920 707
1540930 707
1540940 707
1540950 707
1540960 707
1540970 707
1540980 707
1540990 707
1541000 707
1541010 707
1541020 707
1541030 707
1541040 707
1541050 707
1541060 707
1541070 707
1541080 707
1541090 707
1541100 707
1541110 707
1541120 707
1541130 707
1541140 707
1541150 707
1541160 707
1541170 707
1541180 707
1541190 707
1541200 707
1541210 707
1541220 707
1541230 707
1541240 707
1541250 707
1541260 707
1541270 707
1541280 707
1541290 707
1541300 707
1541310 707
1541320 707
1541330 707
1541340 707
1541350 707
1541360 707
1541370 707
1541380 707
1541390 707
1541400 707
1541410 707
1541420 707
1541430 707
1541440 707
1541450 707
1541460 707
1541470 707
1541480 707
1541490 707
1541500 707
1541510 707
1541520 707
1541530 707
1541540 707
1541550 707
1541560 707
1541570 707
1541580 707
1541590 707
1541600 707
1541610 707
1541620 707
1541630 707
1541640 707
1541650 707
1541660 707
1541670 707
1541680 707
1541690 707
1541700 707
1541710 707
1541720 707
1541730 707
1541740 707
1541750 707
1541760 707
1541770 707
1541780 707
1541790 707
1541800 707
1541810 707
1541820 707
1541830 707
1541840 707
1541850 707
1541860 707
1541870 707
1541880 707
1541890 707
1541900 707
1541910 707
1541920 707
1541930 707
1541940 707
1541950 707
1541960 707
1541970 707
1541980 707
1541990 707
1542000 707
1542010 707
1542020 707
1542030 707
1542040 707
1542050 707
1542060 707
1542070 707
1542080 707
1542090 707
1542100 707
1542110 707
1542120 707
1542130 707
1542140 707
1542150 707
1542160 707
1542170 707
1542180 707
1542190 707
1542200 707
1542210 707
1542220 707
1542230 707
1542240 707
1542250 707
1542260 707
1542270 707
1542280 707
1542290 707
1542300 707
1542310 707
1542320 708
1542330 709
1542340 709
1542350 712
1542360 713
1542370 713
1542380 715
1542390 718
1542400 718
1542410 720
1542420 722
1542430 722
1542440 724
1542450 726
1542460 726
1542470 728
1542480 730
1542490 730
1542500 733
1542510 737
1542520 737
1542530 741
1542540 744
1542550 744
1542560 747
1542570 751
1542580 751
1542590 754
1542600 759
1542610 759
1542620 764
1542630 769
1542640 774
1542650 774
1542660 778
1542670 783
1542680 783
1542690 788
1542700 795
1542710 795
1542720 801
1542730 806
1542740 806
1542750 812
1542760 819
1542770 819
1542780 825
1542790 832
1542800 832
1542810 840
1542820 851
1542830 851
1542840 857
1542850 860
1542860 860
1542870 868
1542880 877
1542890 877
1542900 887
1542910 897
1542920 897
1542930 903
1542940 910
1542950 910
1542960 919
1542970 923
1542980 923
1542990 928
1543000 934
1543010 934
1543020 940
1543030 945
1543040 945
1543050 952
1543060 959
1543070 966
1543080 966
1543090 975
1543100 983
1543110 983
1543120 991
1543130 996
1543140 996
1543150 1002
1543160 1009
1543170 1009
1543180 1014
1543190 1016
1543200 1016
1543210 1019
1543220 1022
1543230 1022
1543240 1024
1543250 1027
1543260 1027
1543270 1029
1543280 1032
1543290 1032
1543300 1036
1543310 1038
1543320 1038
1543330 1041
1543340 1044
1543350 1044
1543360 1045
1543370 1047
1543380 1047
1543390 1049
1543400 1057
1543410 1057
1543420 1066
1543430 1070
1543440 1070
1543450 1076
1543460 1082
1543470 1087
1543480 1087
1543490 1092
1543500 1096
1543510 1096
1543520 1099
1543530 1101
1543540 1101
1543550 1105
1543560 1106
1543570 1106
1543580 1107
1543590 1108
1543600 1108
1543610 1110
1543620 1112
1543630 1112
1543640 1114
1543650 1115
1543660 1115
1543670 1116
1543680 1118
1543690 1118
1543700 1120
1543710 1122
1543720 1122
1543730 1123
1543740 1118
1543750 1118
1543760 1120
1543770 1121
1543780 1121
1543790 1121
1543800 1120
1543810 1120
1543820 1116
1543830 1113
1543840 1113
1543850 1111
1543860 1111
1543870 1112
1543880 1112
1543890 1113
1543900 1112
1543910 1112
1543920 1108
1543930 1102
1543940 1102
1543950 1098
1543960 1096
1543970 1096
1543980 1094
1543990 1087
1544000 1087
1544010 1081
1544020 1077
1544030 1077
1544040 1074
1544050 1071
1544060 1071
1544070 1068
1544080 1065
1544090 1065
1544100 1060
1544110 1059
1544120 1059
1544130 1062
1544140 1066
1544150 1066
1544160 1065
1544170 1067
1544180 1067
1544190 1064
1544200 1061
1544210 1061
1544220 1057
1544230 1053
1544240 1053
1544250 1049
1544260 1046
1544270 1044
1544280 1044
1544290 1042
1544300 1040
1544310 1040
1544320 1039
1544330 1036
1544340 1036
1544350 1031
1544360 1027
1544370 1027
1544380 1024
1544390 1025
1544400 1025
1544410 1026
1544420 1025
1544430 1025
1544440 1021
1544450 1015
1544460 1015
1544470 1008
1544480 1003
1544490 1003
1544500 999
1544510 995
1544520 995
1544530 989
1544540 985
1544550 985
1544560 981
1544570 978
1544580 978
1544590 974
1544600 970
1544610 970
1544620 966
1544630 963
1544640 963
1544650 960
1544660 959
1544670 959
1544680 959
1544690 958
1544700 955
1544710 955
1544720 950
1544730 947
1544740 947
1544750 947
1544760 943
1544770 943
1544780 938
1544790 934
1544800 934
1544810 931
1544820 931
1544830 931
1544840 930
1544850 926
1544860 926
1544870 924
1544880 923
1544890 923
1544900 922
1544910 919
1544920 919
1544930 918
1544940 916
1544950 916
1544960 914
1544970 913
1544980 913
1544990 911
1545000 908
1545010 908
1545020 904
1545030 901
1545040 901
1545050 898
1545060 895
1545070 895
1545080 895
1545090 892
1545100 887
1545110 887
1545120 883
1545130 880
1545140 880
1545150 876
1545160 873
1545170 873
1545180 873
1545190 870
1545200 870
1545210 865
1545220 858
1545230 858
1545240 851
1545250 847
1545260 847
1545270 845
1545280 840
1545290 840
1545300 835
1545310 833
1545320 833
1545330 833
1545340 833
1545350 833
1545360 830
1545370 824
1545380 824
1545390 818
1545400 815
1545410 815
1545420 818
1545430 818
1545440 818
1545450 820
1545460 822
1545470 824
1545480 824
1545490 825
1545500 826
1545510 826
1545520 827
1545530 826
1545540 826
1545550 826
1545560 825
1545570 825
1545580 825
1545590 825
1545600 825
1545610 823
1545620 820
1545630 820
1545640 818
1545650 818
1545660 818
1545670 817
1545680 815
1545690 815
1545700 814
1545710 810
1545720 810
1545730 806
1545740 805
1545750 805
1545760 804
1545770 802
1545780 802
1545790 800
1545800 796
1545810 796
1545820 792
1545830 790
1545840 790
1545850 789
1545860 791
1545870 790
1545880 789
1545890 788
1545900 788
1545910 788
1545920 783
1545930 782
1545940 782
1545950 782
1545960 785
1545970 785
1545980 793
1545990 794
1546000 794
1546010 793
1546020 794
1546030 794
1546040 797
1546050 800
1546060 800
1546070 806
1546080 810
1546090 810
1546100 814
1546110 817
1546120 817
1546130 820
1546140 822
1546150 822
1546160 824
1546170 826
1546180 826
1546190 827
1546200 828
1546210 828
1546220 829
1546230 826
1546240 826
1546250 823
1546260 822
1546270 821
1546280 821
1546290 822
1546300 823
1546310 823
1546320 823
1546330 824
1546340 824
1546350 824
1546360 824
1546370 824
1546380 825
1546390 825
1546400 825
1546410 825
1546420 824
1546430 824
1546440 824
1546450 824
1546460 824
1546470 825
1546480 826
1546490 826
1546500 827
1546510 829
1546520 829
1546530 833
1546540 839
1546550 839
1546560 841
1546570 842
1546580 842
1546590 844
1546600 844
1546610 844
1546620 844
1546630 843
1546640 843
1546650 840
1546660 839
1546670 840
1546680 840
1546690 841
1546700 844
1546710 844
1546720 846
1546730 848
1546740 848
1546750 848
1546760 848
1546770 848
1546780 847
1546790 846
1546800 846
1546810 845
1546820 847
1546830 847
1546840 851
1546850 852
1546860 852
1546870 851
1546880 850
1546890 850
1546900 846
1546910 843
1546920 843
1546930 844
1546940 844
1546950 844
1546960 845
1546970 844
1546980 844
1546990 844
1547000 845
1547010 845
1547020 847
1547030 846
1547040 846
1547050 844
1547060 845
1547070 844
1547080 844
1547090 843
1547100 841
1547110 841
1547120 838
1547130 836
1547140 836
1547150 833
1547160 832
1547170 832
1547180 831
1547190 830
1547200 830
1547210 831
1547220 832
1547230 832
1547240 829
1547250 831
1547260 831
1547270 834
1547280 837
1547290 837
1547300 839
1547310 840
1547320 840
1547330 839
1547340 839
1547350 839
1547360 841
1547370 843
1547380 843
1547390 846
1547400 848
1547410 848
1547420 850
1547430 847
1547440 847
1547450 845
1547460 845
1547470 845
1547480 845
1547490 846
1547500 844
1547510 844
1547520 842
1547530 841
1547540 841
1547550 841
1547560 839
1547570 839
1547580 840
1547590 840
1547600 840
1547610 839
1547620 839
1547630 839
1547640 838
1547650 837
1547660 837
1547670 835
1547680 832
1547690 832
1547700 829
1547710 824
1547720 824
1547730 823
1547740 824
1547750 824
1547760 821
1547770 823
1547780 823
1547790 825
1547800 825
1547810 825
1547820 823
1547830 822
1547840 822
1547850 823
1547860 824
1547870 827
1547880 827
1547890 830
1547900 836
1547910 836
1547920 839
1547930 837
1547940 837
1547950 838
1547960 839
1547970 839
1547980 838
1547990 836
1548000 836
1548010 836
1548020 837
1548030 837
1548040 839
1548050 840
1548060 840
1548070 840
1548080 839
1548090 839
1548100 838
1548110 836
1548120 836
1548130 835
1548140 836
1548150 836
1548160 836
1548170 838
1548180 838
1548190 839
1548200 838
1548210 838
1548220 841
1548230 844
1548240 844
1548250 844
1548260 847
1548270 849
1548280 849
1548290 850
1548300 850
1548310 850
1548320 849
1548330 850
1548340 850
1548350 851
1548360 851
1548370 851
1548380 851
1548390 852
1548400 852
1548410 854
1548420 855
1548430 855
1548440 854
1548450 854
1548460 854
1548470 855
1548480 854
1548490 854
1548500 854
1548510 854
1548520 854
1548530 855
1548540 857
1548550 857
1548560 858
1548570 859
1548580 859
1548590 860
1548600 854
1548610 854
1548620 850
1548630 854
1548640 854
1548650 856
1548660 852
1548670 848
1548680 848
1548690 844
1548700 849
1548710 849
1548720 855
1548730 862
1548740 862
1548750 869
1548760 873
1548770 873
1548780 877
1548790 881
1548800 881
1548810 887
1548820 894
1548830 894
1548840 899
1548850 904
1548860 904
1548870 908
1548880 912
1548890 912
1548900 916
1548910 921
1548920 921
1548930 926
1548940 932
1548950 932
1548960 936
1548970 941
1548980 941
1548990 945
1549000 949
1549010 949
1549020 953
1549030 955
1549040 955
1549050 958
1549060 958
1549070 954
1549080 954
1549090 952
1549100 951
1549110 951
1549120 952
1549130 955
1549140 955
1549150 957
1549160 962
1549170 962
1549180 966
1549190 968
1549200 968
1549210 971
1549220 975
1549230 975
1549240 976
1549250 977
1549260 977
1549270 979
1549280 982
1549290 982
1549300 986
1549310 990
1549320 990
1549330 992
1549340 994
1549350 994
1549360 997
1549370 1001
1549380 1001
1549390 1005
1549400 1012
1549410 1012
1549420 1019
1549430 1023
1549440 1023
1549450 1027
1549460 1030
1549470 1033
1549480 1033
1549490 1035
1549500 1038
1549510 1038
1549520 1041
1549530 1045
1549540 1045
1549550 1046
1549560 1048
1549570 1048
1549580 1049
1549590 1051
1549600 1051
1549610 1054
1549620 1060
1549630 1060
1549640 1064
1549650 1067
1549660 1067
1549670 1070
1549680 1075
1549690 1075
1549700 1080
1549710 1092
1549720 1092
1549730 1103
1549740 1111
1549750 1111
1549760 1115
1549770 1118
1549780 1118
1549790 1121
1549800 1124
1549810 1124
1549820 1125
1549830 1126
1549840 1126
1549850 1124
1549860 1114
1549870 1114
1549880 1103
1549890 1096
1549900 1091
1549910 1091
1549920 1089
1549930 1093
1549940 1093
1549950 1094
1549960 1096
1549970 1096
1549980 1101
1549990 1100
1550000 1100
1550010 1093
1550020 1087
1550030 1087
1550040 1080
1550050 1078
1550060 1078
1550070 1077
1550080 1077
1550090 1077
1550100 1078
1550110 1080
1550120 1080
1550130 1082
1550140 1084
1550150 1084
1550160 1086
1550170 1088
1550180 1088
1550190 1089
1550200 1090
1550210 1090
1550220 1092
1550230 1093
1550240 1093
1550250 1094
1550260 1095
1550270 1095
1550280 1095
1550290 1095
1550300 1095
1550310 1095
1550320 1096
1550330 1096
1550340 1096
1550350 1096
1550360 1097
1550370 1097
1550380 1100
1550390 1104
1550400 1104
1550410 1105
1550420 1110
1550430 1110
1550440 1118
1550450 1126
1550460 1126
1550470 1135
1550480 1142
1550490 1142
1550500 1149
1550510 1163
1550520 1163
1550530 1170
1550540 1175
1550550 1175
1550560 1181
1550570 1187
1550580 1187
1550590 1193
1550600 1201
1550610 1201
1550620 1211
1550630 1222
1550640 1222
1550650 1230
1550660 1239
1550670 1239
1550680 1248
1550690 1255
1550700 1262
1550710 1262
1550720 1269
1550730 1276
1550740 1276
1550750 1282
1550760 1288
1550770 1288
1550780 1294
1550790 1299
1550800 1299
1550810 1304
1550820 1309
1550830 1309
1550840 1314
1550850 1320
1550860 1320
1550870 1325
1550880 1330
1550890 1330
1550900 1333
1550910 1337
1550920 1337
1550930 1340
1550940 1342
1550950 1342
1550960 1345
1550970 1345
1550980 1345
1550990 1344
1551000 1343
1551010 1343
1551020 1341
1551030 1338
1551040 1338
1551050 1333
1551060 1326
1551070 1326
1551080 1318
1551090 1313
1551100 1309
1551110 1309
1551120 1304
1551130 1297
1551140 1297
1551150 1287
1551160 1269
1551170 1269
1551180 1255
1551190 1247
1551200 1247
1551210 1242
1551220 1239
1551230 1239
1551240 1239
1551250 1238
1551260 1238
1551270 1239
1551280 1234
1551290 1234
1551300 1229
1551310 1226
1551320 1226
1551330 1224
1551340 1223
1551350 1223
1551360 1219
1551370 1215
1551380 1215
1551390 1211
1551400 1206
1551410 1206
1551420 1202
1551430 1198
1551440 1198
1551450 1195
1551460 1193
1551470 1193
1551480 1192
1551490 1191
1551500 1192
1551510 1192
1551520 1193
1551530 1195
1551540 1195
1551550 1196
1551560 1197
1551570 1197
1551580 1197
1551590 1198
1551600 1198
1551610 1200
1551620 1200
1551630 1200
1551640 1201
1551650 1201
1551660 1201
1551670 1204
1551680 1205
1551690 1205
1551700 1204
1551710 1204
1551720 1204
1551730 1202
1551740 1198
1551750 1198
1551760 1194
1551770 1189
1551780 1189
1551790 1184
1551800 1178
1551810 1178
1551820 1168
1551830 1162
1551840 1162
1551850 1155
1551860 1150
1551870 1150
1551880 1144
1551890 1139
1551900 1135
1551910 1135
1551920 1133
1551930 1132
1551940 1132
1551950 1131
1551960 1130
1551970 1130
1551980 1130
1551990 1130
1552000 1130
1552010 1131
1552020 1133
1552030 1133
1552040 1137
1552050 1141
1552060 1141
1552070 1143
1552080 1143
1552090 1143
1552100 1141
1552110 1138
1552120 1138
1552130 1136
1552140 1133
1552150 1133
1552160 1131
1552170 1129
1552180 1129
1552190 1129
1552200 1130
1552210 1130
1552220 1132
1552230 1132
1552240 1132
1552250 1132
1552260 1133
1552270 1133
1552280 1129
1552290 1123
1552300 1117
1552310 1117
1552320 1114
1552330 1113
1552340 1113
1552350 1114
1552360 1116
1552370 1116
1552380 1117
1552390 1117
1552400 1117
1552410 1117
1552420 1117
1552430 1117
1552440 1117
1552450 1117
1552460 1117
1552470 1116
1552480 1116
1552490 1116
1552500 1116
1552510 1118
1552520 1118
1552530 1120
1552540 1122
1552550 1122
1552560 1124
1552570 1126
1552580 1126
1552590 1130
1552600 1133
1552610 1133
1552620 1135
1552630 1135
1552640 1135
1552650 1136
1552660 1138
1552670 1138
1552680 1139
1552690 1142
1552700 1145
1552710 1145
1552720 1147
1552730 1150
1552740 1150
1552750 1153
1552760 1157
1552770 1157
1552780 1161
1552790 1167
1552800 1167
1552810 1174
1552820 1181
1552830 1181
1552840 1191
1552850 1199
1552860 1199
1552870 1203
1552880 1207
1552890 1207
1552900 1212
1552910 1218
1552920 1218
1552930 1226
1552940 1234
1552950 1234
1552960 1241
1552970 1249
1552980 1249
1552990 1256
1553000 1260
1553010 1260
1553020 1263
1553030 1266
1553040 1266
1553050 1268
1553060 1271
1553070 1271
1553080 1275
1553090 1279
1553100 1282
1553110 1282
1553120 1283
1553130 1287
1553140 1287
1553150 1292
1553160 1297
1553170 1297
1553180 1304
1553190 1308
1553200 1308
1553210 1312
1553220 1316
1553230 1316
1553240 1319
1553250 1320
1553260 1320
1553270 1320
1553280 1323
1553290 1323
1553300 1328
1553310 1329
1553320 1329
1553330 1330
1553340 1332
1553350 1332
1553360 1335
1553370 1340
1553380 1340
1553390 1345
1553400 1347
1553410 1347
1553420 1349
1553430 1352
1553440 1352
1553450 1356
1553460 1358
1553470 1358
1553480 1361
1553490 1364
1553500 1366
1553510 1366
1553520 1370
1553530 1374
1553540 1374
1553550 1375
1553560 1379
1553570 1379
1553580 1379
1553590 1377
1553600 1377
1553610 1374
1553620 1375
1553630 1375
1553640 1377
1553650 1382
1553660 1382
1553670 1391
1553680 1397
1553690 1397
1553700 1401
1553710 1405
1553720 1405
1553730 1407
1553740 1410
1553750 1410
1553760 1413
1553770 1414
1553780 1414
1553790 1415
1553800 1413
1553810 1413
1553820 1413
1553830 1414
1553840 1414
1553850 1412
1553860 1411
1553870 1411
1553880 1411
1553890 1411
1553900 1409
1553910 1409
1553920 1405
1553930 1393
1553940 1393
1553950 1388
1553960 1386
1553970 1386
1553980 1384
1553990 1383
1554000 1383
1554010 1382
1554020 1381
1554030 1381
1554040 1379
1554050 1377
1554060 1377
1554070 1377
1554080 1376
1554090 1376
1554100 1376
1554110 1375
1554120 1375
1554130 1375
1554140 1374
1554150 1374
1554160 1373
1554170 1371
1554180 1371
1554190 1372
1554200 1373
1554210 1373
1554220 1374
1554230 1375
1554240 1375
1554250 1375
1554260 1375
1554270 1375
1554280 1375
1554290 1375
1554300 1377
1554310 1377
1554320 1380
1554330 1383
1554340 1383
1554350 1386
1554360 1389
1554370 1389
1554380 1393
1554390 1397
1554400 1397
1554410 1403
1554420 1408
1554430 1408
1554440 1414
1554450 1420
1554460 1420
1554470 1425
1554480 1431
1554490 1431
1554500 1435
1554510 1442
1554520 1442
1554530 1447
1554540 1461
1554550 1461
1554560 1477
1554570 1488
1554580 1488
1554590 1498
1554600 1510
1554610 1510
1554620 1522
1554630 1531
1554640 1531
1554650 1538
1554660 1544
1554670 1544
1554680 1549
1554690 1556
1554700 1564
1554710 1564
1554720 1570
1554730 1579
1554740 1579
1554750 1585
1554760 1593
1554770 1593
1554780 1601
1554790 1608
1554800 1608
1554810 1614
1554820 1619
1554830 1619
1554840 1623
1554850 1628
1554860 1628
1554870 1632
1554880 1637
1554890 1637
1554900 1642
1554910 1647
1554920 1647
1554930 1653
1554940 1658
1554950 1658
1554960 1662
1554970 1661
1554980 1661
1554990 1662
1555000 1664
1555010 1664
1555020 1667
1555030 1670
1555040 1670
1555050 1673
1555060 1676
1555070 1676
1555080 1678
1555090 1680
1555100 1681
1555110 1681
1555120 1683
1555130 1684
1555140 1684
1555150 1684
1555160 1687
1555170 1687
1555180 1689
1555190 1688
1555200 1688
1555210 1687
1555220 1687
1555230 1687
1555240 1688
1555250 1689
1555260 1689
1555270 1690
1555280 1689
1555290 1689
1555300 1689
1555310 1687
1555320 1687
1555330 1686
1555340 1684
1555350 1684
1555360 1682
1555370 1680
1555380 1680
1555390 1679
1555400 1680
1555410 1680
1555420 1682
1555430 1682
1555440 1682
1555450 1683
1555460 1685
1555470 1685
1555480 1682
1555490 1682
1555500 1682
1555510 1684
1555520 1684
1555530 1685
1555540 1685
1555550 1690
1555560 1691
1555570 1691
1555580 1689
1555590 1688
1555600 1688
1555610 1689
1555620 1694
1555630 1694
1555640 1696
1555650 1696
1555660 1696
1555670 1696
1555680 1693
1555690 1693
1555700 1692
1555710 1695
1555720 1695
1555730 1697
1555740 1700
1555750 1700
1555760 1702
1555770 1702
1555780 1702
1555790 1703
1555800 1704
1555810 1704
1555820 1708
1555830 1712
1555840 1712
1555850 1716
1555860 1718
1555870 1718
1555880 1719
1555890 1718
1555900 1718
1555910 1716
1555920 1713
1555930 1711
1555940 1711
1555950 1708
1555960 1707
1555970 1707
1555980 1712
1555990 1713
1556000 1713
1556010 1709
1556020 1707
1556030 1707
1556040 1706
1556050 1707
1556060 1707
1556070 1711
1556080 1716
1556090 1716
1556100 1723
1556110 1722
1556120 1722
1556130 1725
1556140 1729
1556150 1729
1556160 1734
1556170 1740
1556180 1740
1556190 1741
1556200 1741
1556210 1741
1556220 1741
1556230 1742
1556240 1742
1556250 1742
1556260 1747
1556270 1747
1556280 1751
1556290 1755
1556300 1755
1556310 1759
1556320 1758
1556330 1756
1556340 1756
1556350 1757
1556360 1761
1556370 1761
1556380 1759
1556390 1755
1556400 1755
1556410 1747
1556420 1744
1556430 1744
1556440 1746
1556450 1749
1556460 1749
1556470 1751
1556480 1749
1556490 1749
1556500 1742
1556510 1742
1556520 1742
1556530 1735
1556540 1733
1556550 1733
1556560 1729
1556570 1722
1556580 1722
1556590 1710
1556600 1707
1556610 1707
1556620 1706
1556630 1708
1556640 1708
1556650 1711
1556660 1715
1556670 1715
1556680 1720
1556690 1726
1556700 1726
1556710 1730
1556720 1732
1556730 1737
1556740 1737
1556750 1743
1556760 1746
1556770 1746
1556780 1748
1556790 1747
1556800 1747
1556810 1746
1556820 1742
1556830 1742
1556840 1737
1556850 1732
1556860 1732
1556870 1733
1556880 1734
1556890 1734
1556900 1733
1556910 1727
1556920 1727
1556930 1724
1556940 1721
1556950 1721
1556960 1724
1556970 1726
1556980 1726
1556990 1729
1557000 1732
1557010 1732
1557020 1735
1557030 1737
1557040 1737
1557050 1737
1557060 1733
1557070 1733
1557080 1729
1557090 1728
1557100 1728
1557110 1730
1557120 1730
1557130 1731
1557140 1731
1557150 1732
1557160 1737
1557170 1737
1557180 1747
1557190 1752
1557200 1752
1557210 1755
1557220 1756
1557230 1756
1557240 1758
1557250 1760
1557260 1760
1557270 1763
1557280 1765
1557290 1765
1557300 1767
1557310 1771
1557320 1771
1557330 1772
1557340 1776
1557350 1776
1557360 1777
1557370 1778
1557380 1778
1557390 1780
1557400 1781
1557410 1781
1557420 1778
1557430 1776
1557440 1776
1557450 1776
1557460 1779
1557470 1779
1557480 1780
1557490 1782
1557500 1782
1557510 1783
1557520 1784
1557530 1785
1557540 1785
1557550 1788
1557560 1789
1557570 1789
1557580 1788
1557590 1789
1557600 1789
1557610 1790
1557620 1789
1557630 1789
1557640 1789
1557650 1790
1557660 1790
1557670 1793
1557680 1792
1557690 1792
1557700 1789
1557710 1789
1557720 1789
1557730 1790
1557740 1788
1557750 1788
1557760 1786
1557770 1785
1557780 1785
1557790 1784
1557800 1785
1557810 1785
1557820 1783
1557830 1774
1557840 1774
1557850 1768
1557860 1767
1557870 1767
1557880 1770
1557890 1770
1557900 1770
1557910 1768
1557920 1766
1557930 1765
1557940 1765
1557950 1762
1557960 1757
1557970 1757
1557980 1750
1557990 1744
1558000 1744
1558010 1741
1558020 1737
1558030 1737
1558040 1740
1558050 1751
1558060 1751
1558070 1763
1558080 1766
1558090 1766
1558100 1774
1558110 1776
1558120 1776
1558130 1783
1558140 1789
1558150 1789
1558160 1794
1558170 1795
1558180 1795
1558190 1796
1558200 1795
1558210 1795
1558220 1796
1558230 1797
1558240 1797
1558250 1800
1558260 1806
1558270 1806
1558280 1816
1558290 1829
1558300 1829
1558310 1838
1558320 1847
1558330 1859
1558340 1859
1558350 1865
1558360 1864
1558370 1864
1558380 1860
1558390 1853
1558400 1853
1558410 1849
1558420 1841
1558430 1841
1558440 1833
1558450 1829
1558460 1829
1558470 1830
1558480 1836
1558490 1836
1558500 1843
1558510 1844
1558520 1844
1558530 1842
1558540 1841
1558550 1841
1558560 1841
1558570 1838
1558580 1838
1558590 1834
1558600 1831
1558610 1831
1558620 1827
1558630 1828
1558640 1828
1558650 1826
1558660 1826
1558670 1826
1558680 1826
1558690 1833
1558700 1833
1558710 1838
1558720 1839
1558730 1841
1558740 1841
1558750 1840
1558760 1839
1558770 1839
1558780 1847
1558790 1850
1558800 1850
1558810 1848
1558820 1847
1558830 1847
1558840 1858
1558850 1866
1558860 1866
1558870 1868
1558880 1872
1558890 1872
1558900 1874
1558910 1876
1558920 1876
1558930 1877
1558940 1881
1558950 1881
1558960 1888
1558970 1898
1558980 1898
1558990 1904
1559000 1910
1559010 1910
1559020 1917
1559030 1936
1559040 1936
1559050 1954
1559060 1960
1559070 1960
1559080 1970
1559090 1976
1559100 1976
1559110 1984
1559120 1988
1559130 1990
1559140 1990
1559150 1991
1559160 1992
1559170 1992
1559180 1993
1559190 1992
1559200 1992
1559210 1989
1559220 1989
1559230 1989
1559240 1990
1559250 1990
1559260 1990
1559270 1990
1559280 1988
1559290 1988
1559300 1985
1559310 1984
1559320 1984
1559330 1983
1559340 1979
1559350 1979
1559360 1976
1559370 1975
1559380 1975
1559390 1974
1559400 1975
1559410 1975
1559420 1980
1559430 1984
1559440 1984
1559450 1984
1559460 1987
1559470 1987
1559480 1986
1559490 1983
1559500 1983
1559510 1980
1559520 1977
1559530 1978
1559540 1978
1559550 1978
1559560 1982
1559570 1982
1559580 1989
1559590 1991
1559600 1991
1559610 1989
1559620 1987
1559630 1987
1559640 1985
1559650 1982
1559660 1982
1559670 1977
1559680 1976
1559690 1976
1559700 1971
1559710 1965
1559720 1965
1559730 1961
1559740 1958
1559750 1958
1559760 1954
1559770 1946
1559780 1946
1559790 1945
1559800 1943
1559810 1943
1559820 1939
1559830 1937
1559840 1937
1559850 1933
1559860 1929
1559870 1929
1559880 1925
1559890 1921
1559900 1921
1559910 1917
1559920 1914
1559930 1913
1559940 1913
1559950 1918
1559960 1927
1559970 1927
1559980 1935
1559990 1942
