1540000 845
1540010 843
1540020 843
1540030 841
1540040 838
1540050 838
1540060 835
1540070 833
1540080 833
1540090 831
1540100 828
1540110 828
1540120 827
1540130 825
1540140 825
1540150 822
1540160 819
1540170 819
1540180 818
1540190 818
1540200 817
1540210 817
1540220 814
1540230 810
1540240 810
1540250 807
1540260 805
1540270 805
1540280 806
1540290 805
1540300 805
1540310 804
1540320 805
1540330 805
1540340 808
1540350 808
1540360 808
1540370 803
1540380 799
1540390 799
1540400 797
1540410 798
1540420 798
1540430 799
1540440 798
1540450 798
1540460 796
1540470 796
1540480 796
1540490 795
1540500 793
1540510 793
1540520 791
1540530 790
1540540 790
1540550 787
1540560 783
1540570 783
1540580 781
1540590 780
1540600 779
1540610 779
1540620 777
1540630 776
1540640 776
1540650 775
1540660 773
1540670 773
1540680 775
1540690 774
1540700 774
1540710 772
1540720 770
1540730 770
1540740 768
1540750 765
1540760 765
1540770 763
1540780 761
1540790 761
1540800 758
1540810 755
1540820 755
1540830 754
1540840 753
1540850 753
1540860 752
1540870 751
1540880 751
1540890 750
1540900 748
1540910 748
1540920 747
1540930 746
1540940 746
1540950 744
1540960 742
1540970 742
1540980 742
1540990 741
1541000 739
1541010 739
1541020 737
1541030 735
1541040 735
1541050 733
1541060 732
1541070 732
1541080 731
1541090 730
1541100 730
1541110 729
1541120 727
1541130 727
1541140 726
1541150 726
1541160 726
1541170 725
1541180 724
1541190 724
1541200 724
1541210 723
1541220 723
1541230 723
1541240 722
1541250 722
1541260 720
1541270 718
1541280 718
1541290 715
1541300 712
1541310 715
1541320 711
1541330 710
1541340 710
1541350 708
1541360 707
1541370 707
1541380 707
1541390 707
1541400 707
1541410 707
1541420 707
1541430 707
1541440 707
1541450 707
1541460 707
1541470 707
1541480 707
1541490 707
1541500 707
1541510 707
1541520 707
1541530 707
1541540 707
1541550 707
1541560 707
1541570 707
1541580 707
1541590 707
1541600 707
1541610 707
1541620 707
1541630 707
1541640 707
1541650 707
1541660 707
1541670 707
1541680 707
1541690 707
1541700 707
1541710 707
1541720 707
1541730 707
1541740 707
1541750 707
1541760 707
1541770 707
1541780 707
1541790 707
1541800 707
1541810 707
1541820 707
1541830 707
1541840 707
1541850 707
1541860 707
1541870 707
1541880 707
1541890 707
1541900 707
1541910 707
1541920 707
1541930 707
1541940 707
1541950 707
1541960 707
1541970 707
1541980 707
1541990 707
1542000 707
1542010 707
1542020 707
1542030 707
1542040 707
1542050 707
1542060 707
1542070 707
1542080 707
1542090 707
1542100 707
1542110 707
1542120 707
1542130 707
1542140 707
1542150 707
1542160 707
1542170 707
1542180 707
1542190 707
1542200 707
1542210 707
1542220 707
1542230 707
1542240 707
1542250 707
1542260 707
1542270 707
1542280 707
1542290 707
1542300 707
1542310 707
1542320 707
1542330 707
1542340 707
1542350 707
1542360 707
1542370 707
1542380 707
1542390 707
1542400 707
1542410 707
1542420 707
1542430 707
1542440 707
1542450 707
1542460 707
1542470 707
1542480 707
1542490 707
1542500 707
1542510 707
1542520 707
1542530 707
1542540 707
1542550 707
1542560 707
1542570 707
1542580 707
1542590 707
1542600 707
1542610 707
1542620 707
1542630 707
1542640 707
1542650 707
1542660 707
1542670 707
1542680 707
1542690 707
1542700 707
1542710 707
1542720 707
1542730 707
1542740 707
1542750 707
1542760 707
1542770 707
1542780 707
1542790 707
1542800 707
1542810 707
1542820 707
1542830 707
1542840 707
1542850 707
1542860 707
1542870 707
1542880 707
1542890 707
1542900 707
1542910 707
1542920 707
1542930 707
1542940 707
1542950 707
1542960 707
1542970 707
1542980 707
1542990 707
1543000 707
1543010 707
1543020 707
1543030 707
1543040 707
1543050 707
1543060 707
1543070 707
1543080 707
1543090 707
1543100 707
1543110 707
1543120 707
1543130 707
1543140 707
1543150 707
1543160 707
1543170 707
1543180 707
1543190 707
1543200 707
1543210 707
1543220 707
1543230 707
1543240 707
1543250 707
1543260 707
1543270 707
1543280 707
1543290 707
1543300 707
1543310 707
1543320 707
1543330 707
1543340 707
1543350 707
1543360 707
1543370 707
1543380 707
1543390 707
1543400 707
1543410 707
1543420 707
1543430 707
1543440 707
1543450 707
1543460 707
1543470 707
1543480 707
1543490 707
1543500 707
1543510 707
1543520 707
1543530 707
1543540 707
1543550 707
1543560 707
1543570 707
1543580 707
1543590 707
1543600 707
1543610 707
1543620 707
1543630 707
1543640 707
1543650 707
1543660 707
1543670 707
1543680 707
1543690 707
1543700 707
1543710 707
1543720 707
1543730 707
1543740 707
1543750 707
1543760 707
1543770 707
1543780 707
1543790 707
1543800 707
1543810 707
1543820 707
1543830 707
1543840 707
1543850 707
1543860 707
1543870 707
1543880 707
1543890 707
1543900 707
1543910 707
1543920 707
1543930 707
1543940 707
1543950 707
1543960 707
1543970 707
1543980 707
1543990 707
1544000 707
1544010 707
1544020 707
1544030 707
1544040 707
1544050 707
1544060 707
1544070 708
1544080 708
1544090 708
1544100 708
1544110 708
1544120 708
1544130 708
1544140 708
1544150 709
1544160 709
1544170 709
1544180 709
1544190 708
1544200 708
1544210 708
1544220 708
1544230 708
1544240 708
1544250 708
1544260 708
1544270 708
1544280 709
1544290 710
1544300 710
1544310 713
1544320 713
1544330 713
1544340 714
1544350 713
1544360 713
1544370 712
1544380 711
1544390 711
1544400 710
1544410 710
1544420 710
1544430 711
1544440 713
1544450 713
1544460 715
1544470 716
1544480 716
1544490 717
1544500 718
1544510 718
1544520 718
1544530 718
1544540 718
1544550 719
1544560 720
1544570 720
1544580 721
1544590 721
1544600 721
1544610 720
1544620 719
1544630 719
1544640 718
1544650 718
1544660 717
1544670 717
1544680 715
1544690 713
1544700 713
1544710 713
1544720 713
1544730 713
1544740 715
1544750 717
1544760 717
1544770 718
1544780 719
1544790 719
1544800 720
1544810 720
1544820 720
1544830 721
1544840 721
1544850 721
1544860 720
1544870 720
1544880 720
1544890 720
1544900 720
1544910 720
1544920 721
1544930 723
1544940 723
1544950 724
1544960 725
1544970 725
1544980 725
1544990 726
1545000 726
1545010 726
1545020 726
1545030 726
1545040 726
1545050 726
1545060 727
1545070 727
1545080 727
1545090 728
1545100 728
1545110 730
1545120 734
1545130 734
1545140 735
1545150 733
1545160 733
1545170 733
1545180 733
1545190 733
1545200 733
1545210 733
1545220 733
1545230 734
1545240 735
1545250 735
1545260 734
1545270 732
1545280 732
1545290 731
1545300 732
1545310 732
1545320 732
1545330 732
1545340 732
1545350 732
1545360 733
1545370 733
1545380 733
1545390 733
1545400 733
1545410 733
1545420 733
1545430 733
1545440 733
1545450 733
1545460 733
1545470 733
1545480 733
1545490 734
1545500 734
1545510 734
1545520 733
1545530 733
1545540 733
1545550 733
1545560 733
1545570 732
1545580 733
1545590 733
1545600 733
1545610 729
1545620 729
1545630 727
1545640 728
1545650 728
1545660 731
1545670 732
1545680 732
1545690 732
1545700 733
1545710 733
1545720 733
1545730 733
1545740 733
1545750 733
1545760 733
1545770 733
1545780 733
1545790 732
1545800 732
1545810 732
1545820 732
1545830 732
1545840 732
1545850 731
1545860 730
1545870 730
1545880 729
1545890 729
1545900 729
1545910 729
1545920 729
1545930 729
1545940 728
1545950 727
1545960 727
1545970 725
1545980 725
1545990 725
1546000 725
1546010 724
1546020 724
1546030 724
1546040 726
1546050 726
1546060 727
1546070 728
1546080 728
1546090 727
1546100 727
1546110 727
1546120 726
1546130 725
1546140 725
1546150 724
1546160 723
1546170 723
1546180 722
1546190 722
1546200 722
1546210 721
1546220 720
1546230 720
1546240 719
1546250 719
1546260 719
1546270 719
1546280 719
1546290 719
1546300 719
1546310 719
1546320 718
1546330 718
1546340 718
1546350 718
1546360 718
1546370 717
1546380 718
1546390 718
1546400 718
1546410 717
1546420 717
1546430 717
1546440 718
1546450 718
1546460 718
1546470 717
1546480 717
1546490 717
1546500 717
1546510 717
1546520 718
1546530 717
1546540 717
1546550 717
1546560 716
1546570 716
1546580 716
1546590 716
1546600 716
1546610 716
1546620 715
1546630 715
1546640 715
1546650 715
1546660 715
1546670 715
1546680 716
1546690 716
1546700 716
1546710 717
1546720 717
1546730 717
1546740 717
1546750 717
1546760 717
1546770 718
1546780 720
1546790 720
1546800 722
1546810 725
1546820 725
1546830 726
1546840 727
1546850 727
1546860 729
1546870 730
1546880 730
1546890 731
1546900 733
1546910 733
1546920 735
1546930 735
1546940 735
1546950 736
1546960 736
1546970 736
1546980 735
1546990 734
1547000 734
1547010 734
1547020 733
1547030 733
1547040 732
1547050 731
1547060 731
1547070 733
1547080 734
1547090 734
1547100 734
1547110 733
1547120 732
1547130 732
1547140 731
1547150 732
1547160 732
1547170 731
1547180 731
1547190 731
1547200 730
1547210 730
1547220 730
1547230 731
1547240 732
1547250 732
1547260 732
1547270 732
1547280 732
1547290 733
1547300 734
1547310 734
1547320 734
1547330 734
1547340 734
1547350 734
1547360 734
1547370 734
1547380 736
1547390 739
1547400 739
1547410 741
1547420 743
1547430 743
1547440 745
1547450 746
1547460 746
1547470 746
1547480 746
1547490 746
1547500 746
1547510 746
1547520 747
1547530 747
1547540 748
1547550 748
1547560 748
1547570 748
1547580 749
1547590 749
1547600 750
1547610 750
1547620 750
1547630 750
1547640 751
1547650 751
1547660 752
1547670 754
1547680 754
1547690 754
1547700 755
1547710 755
1547720 756
1547730 755
1547740 755
1547750 755
1547760 755
1547770 755
1547780 755
1547790 755
1547800 755
1547810 755
1547820 756
1547830 756
1547840 758
1547850 759
1547860 759
1547870 759
1547880 760
1547890 760
1547900 760
1547910 760
1547920 761
1547930 761
1547940 761
1547950 762
1547960 762
1547970 763
1547980 763
1547990 763
1548000 764
1548010 764
1548020 764
1548030 764
1548040 765
1548050 765
1548060 765
1548070 765
1548080 765
1548090 764
1548100 767
1548110 767
1548120 766
1548130 766
1548140 766
1548150 766
1548160 766
1548170 766
1548180 767
1548190 767
1548200 767
1548210 768
1548220 769
1548230 769
1548240 771
1548250 772
1548260 772
1548270 773
1548280 773
1548290 774
1548300 774
1548310 773
1548320 772
1548330 772
1548340 770
1548350 769
1548360 769
1548370 769
1548380 769
1548390 769
1548400 769
1548410 769
1548420 769
1548430 769
1548440 769
1548450 769
1548460 769
1548470 769
1548480 769
1548490 770
1548500 770
1548510 770
1548520 770
1548530 769
1548540 769
1548550 768
1548560 768
1548570 768
1548580 767
1548590 767
1548600 767
1548610 767
1548620 767
1548630 767
1548640 766
1548650 765
1548660 765
1548670 764
1548680 764
1548690 764
1548700 764
1548710 765
1548720 767
1548730 767
1548740 766
1548750 765
1548760 765
1548770 768
1548780 770
1548790 770
1548800 771
1548810 771
1548820 771
1548830 769
1548840 770
1548850 770
1548860 769
1548870 768
1548880 768
1548890 768
1548900 768
1548910 768
1548920 767
1548930 767
1548940 767
1548950 768
1548960 768
1548970 768
1548980 769
1548990 769
1549000 769
1549010 769
1549020 769
1549030 769
1549040 770
1549050 770
1549060 770
1549070 771
1549080 772
1549090 772
1549100 769
1549110 768
1549120 771
1549130 771
1549140 773
1549150 772
1549160 772
1549170 773
1549180 778
1549190 778
1549200 784
1549210 792
1549220 792
1549230 800
1549240 823
1549250 823
1549260 850
1549270 862
1549280 862
1549290 867
1549300 872
1549310 872
1549320 878
1549330 882
1549340 882
1549350 886
1549360 892
1549370 892
1549380 895
1549390 896
1549400 896
1549410 898
1549420 900
1549430 900
1549440 902
1549450 905
1549460 905
1549470 907
1549480 910
1549490 910
1549500 913
1549510 916
1549520 922
1549530 922
1549540 927
1549550 931
1549560 931
1549570 934
1549580 937
1549590 937
1549600 940
1549610 942
1549620 942
1549630 945
1549640 947
1549650 947
1549660 948
1549670 949
1549680 949
1549690 949
1549700 950
1549710 950
1549720 951
1549730 952
1549740 952
1549750 953
1549760 954
1549770 954
1549780 955
1549790 959
1549800 959
1549810 964
1549820 967
1549830 967
1549840 971
1549850 975
1549860 975
1549870 979
1549880 983
1549890 983
1549900 984
1549910 986
1549920 990
1549930 990
1549940 993
1549950 996
1549960 996
1549970 999
1549980 1002
1549990 1002
1550000 1004
1550010 1005
1550020 1005
1550030 1006
1550040 1007
1550050 1007
1550060 1010
1550070 1013
1550080 1013
1550090 1016
1550100 1020
1550110 1020
1550120 1024
1550130 1029
1550140 1029
1550150 1034
1550160 1041
1550170 1041
1550180 1048
1550190 1053
1550200 1053
1550210 1062
1550220 1070
1550230 1070
1550240 1077
1550250 1082
1550260 1082
1550270 1085
1550280 1088
1550290 1088
1550300 1091
1550310 1092
1550320 1093
1550330 1093
1550340 1092
1550350 1094
1550360 1094
1550370 1095
1550380 1092
1550390 1092
1550400 1088
1550410 1086
1550420 1086
1550430 1092
1550440 1090
1550450 1090
1550460 1085
1550470 1088
1550480 1088
1550490 1090
1550500 1088
1550510 1088
1550520 1083
1550530 1082
1550540 1082
1550550 1081
1550560 1084
1550570 1084
1550580 1088
1550590 1091
1550600 1091
1550610 1094
1550620 1094
1550630 1094
1550640 1093
1550650 1089
1550660 1089
1550670 1088
1550680 1089
1550690 1089
1550700 1089
1550710 1091
1550720 1093
1550730 1093
1550740 1093
1550750 1095
1550760 1095
1550770 1097
1550780 1099
1550790 1099
1550800 1101
1550810 1103
1550820 1103
1550830 1105
1550840 1108
1550850 1108
1550860 1113
1550870 1121
1550880 1121
1550890 1129
1550900 1140
1550910 1140
1550920 1145
1550930 1149
1550940 1149
1550950 1153
1550960 1158
1550970 1158
1550980 1163
1550990 1168
1551000 1168
1551010 1173
1551020 1176
1551030 1176
1551040 1180
1551050 1182
1551060 1182
1551070 1184
1551080 1186
1551090 1186
1551100 1186
1551110 1188
1551120 1185
1551130 1185
1551140 1182
1551150 1180
1551160 1180
1551170 1179
1551180 1184
1551190 1184
1551200 1188
1551210 1188
1551220 1188
1551230 1184
1551240 1181
1551250 1181
1551260 1179
1551270 1179
1551280 1179
1551290 1181
1551300 1185
1551310 1185
1551320 1186
1551330 1184
1551340 1184
1551350 1182
1551360 1179
1551370 1179
1551380 1178
1551390 1178
1551400 1178
1551410 1180
1551420 1181
1551430 1181
1551440 1183
1551450 1185
1551460 1185
1551470 1188
1551480 1194
1551490 1194
1551500 1198
1551510 1202
1551520 1205
1551530 1205
1551540 1209
1551550 1222
1551560 1222
1551570 1230
1551580 1232
1551590 1232
1551600 1229
1551610 1223
1551620 1223
1551630 1219
1551640 1219
1551650 1219
1551660 1215
1551670 1215
1551680 1215
1551690 1215
1551700 1215
1551710 1215
1551720 1216
1551730 1218
1551740 1218
1551750 1223
1551760 1227
1551770 1227
1551780 1229
1551790 1231
1551800 1231
1551810 1232
1551820 1229
1551830 1229
1551840 1230
1551850 1231
1551860 1231
1551870 1228
1551880 1222
1551890 1222
1551900 1218
1551910 1212
1551920 1212
1551930 1206
1551940 1198
1551950 1188
1551960 1188
1551970 1180
1551980 1176
1551990 1176
1552000 1173
1552010 1172
1552020 1172
1552030 1171
1552040 1171
1552050 1171
1552060 1171
1552070 1173
1552080 1173
1552090 1176
1552100 1178
1552110 1178
1552120 1181
1552130 1183
1552140 1183
1552150 1188
1552160 1194
1552170 1194
1552180 1197
1552190 1202
1552200 1202
1552210 1210
1552220 1215
1552230 1215
1552240 1218
1552250 1220
1552260 1220
1552270 1223
1552280 1226
1552290 1226
1552300 1229
1552310 1233
1552320 1233
1552330 1238
1552340 1240
1552350 1241
1552360 1241
1552370 1238
1552380 1234
1552390 1234
1552400 1223
1552410 1219
1552420 1219
1552430 1218
1552440 1222
1552450 1222
1552460 1229
1552470 1230
1552480 1230
1552490 1234
1552500 1232
1552510 1232
1552520 1228
1552530 1228
1552540 1228
1552550 1228
1552560 1226
1552570 1226
1552580 1216
1552590 1212
1552600 1212
1552610 1210
1552620 1211
1552630 1211
1552640 1213
1552650 1213
1552660 1213
1552670 1213
1552680 1213
1552690 1213
1552700 1213
1552710 1212
1552720 1212
1552730 1212
1552740 1213
1552750 1213
1552760 1213
1552770 1218
1552780 1226
1552790 1226
1552800 1229
1552810 1225
1552820 1225
1552830 1221
1552840 1217
1552850 1217
1552860 1216
1552870 1216
1552880 1216
1552890 1218
1552900 1220
1552910 1220
1552920 1225
1552930 1229
1552940 1229
1552950 1233
1552960 1238
1552970 1238
1552980 1238
1552990 1238
1553000 1238
1553010 1243
1553020 1249
1553030 1249
1553040 1254
1553050 1259
1553060 1259
1553070 1264
1553080 1270
1553090 1270
1553100 1274
1553110 1278
1553120 1278
1553130 1282
1553140 1285
1553150 1288
1553160 1288
1553170 1293
1553180 1300
1553190 1300
1553200 1308
1553210 1314
1553220 1314
1553230 1324
1553240 1330
1553250 1330
1553260 1335
1553270 1336
1553280 1336
1553290 1338
1553300 1341
1553310 1341
1553320 1343
1553330 1346
1553340 1346
1553350 1350
1553360 1353
1553370 1353
1553380 1358
1553390 1364
1553400 1364
1553410 1369
1553420 1376
1553430 1376
1553440 1381
1553450 1384
1553460 1384
1553470 1387
1553480 1389
1553490 1389
1553500 1391
1553510 1391
1553520 1391
1553530 1390
1553540 1386
1553550 1381
1553560 1381
1553570 1380
1553580 1380
1553590 1380
1553600 1381
1553610 1381
1553620 1381
1553630 1379
1553640 1378
1553650 1378
1553660 1378
1553670 1377
1553680 1377
1553690 1375
1553700 1373
1553710 1373
1553720 1371
1553730 1371
1553740 1371
1553750 1374
1553760 1379
1553770 1379
1553780 1380
1553790 1377
1553800 1377
1553810 1378
1553820 1379
1553830 1379
1553840 1380
1553850 1382
1553860 1382
1553870 1382
1553880 1383
1553890 1383
1553900 1386
1553910 1391
1553920 1391
1553930 1394
1553940 1396
1553950 1398
1553960 1398
1553970 1399
1553980 1400
1553990 1400
1554000 1400
1554010 1401
1554020 1401
1554030 1402
1554040 1401
1554050 1401
1554060 1402
1554070 1403
1554080 1403
1554090 1404
1554100 1406
1554110 1406
1554120 1410
1554130 1415
1554140 1415
1554150 1420
1554160 1427
1554170 1427
1554180 1441
1554190 1448
1554200 1448
1554210 1451
1554220 1452
1554230 1452
1554240 1452
1554250 1453
1554260 1453
1554270 1457
1554280 1459
1554290 1459
1554300 1460
1554310 1459
1554320 1459
1554330 1458
1554340 1458
1554350 1458
1554360 1457
1554370 1457
1554380 1455
1554390 1455
1554400 1455
1554410 1461
1554420 1461
1554430 1470
1554440 1471
1554450 1471
1554460 1471
1554470 1472
1554480 1472
1554490 1472
1554500 1473
1554510 1473
1554520 1474
1554530 1476
1554540 1476
1554550 1480
1554560 1485
1554570 1485
1554580 1491
1554590 1500
1554600 1500
1554610 1515
1554620 1526
1554630 1526
1554640 1534
1554650 1543
1554660 1543
1554670 1555
1554680 1565
1554690 1565
1554700 1574
1554710 1580
1554720 1580
1554730 1585
1554740 1591
1554750 1591
1554760 1593
1554770 1595
1554780 1600
1554790 1600
1554800 1606
1554810 1611
1554820 1611
1554830 1616
1554840 1620
1554850 1620
1554860 1624
1554870 1629
1554880 1629
1554890 1633
1554900 1638
1554910 1638
1554920 1642
1554930 1645
1554940 1645
1554950 1645
1554960 1644
1554970 1644
1554980 1649
1554990 1655
1555000 1655
1555010 1665
1555020 1674
1555030 1674
1555040 1682
1555050 1686
1555060 1686
1555070 1686
1555080 1689
1555090 1689
1555100 1699
1555110 1706
1555120 1706
1555130 1713
1555140 1719
1555150 1719
1555160 1721
1555170 1723
1555180 1726
1555190 1726
1555200 1725
1555210 1724
1555220 1724
1555230 1727
1555240 1729
1555250 1729
1555260 1733
1555270 1738
1555280 1738
1555290 1738
1555300 1737
1555310 1737
1555320 1738
1555330 1739
1555340 1739
1555350 1742
1555360 1745
1555370 1740
1555380 1741
1555390 1746
1555400 1746
1555410 1750
1555420 1754
1555430 1754
1555440 1758
1555450 1762
1555460 1762
1555470 1763
1555480 1763
1555490 1763
1555500 1766
1555510 1772
1555520 1772
1555530 1777
1555540 1779
1555550 1779
1555560 1778
1555570 1778
1555580 1784
1555590 1784
1555600 1788
1555610 1790
1555620 1790
1555630 1788
1555640 1788
1555650 1788
1555660 1791
1555670 1787
1555680 1787
1555690 1784
1555700 1784
1555710 1784
1555720 1783
1555730 1785
1555740 1785
1555750 1787
1555760 1789
1555770 1789
1555780 1790
1555790 1788
1555800 1788
1555810 1788
1555820 1791
1555830 1791
1555840 1795
1555850 1800
1555860 1800
1555870 1805
1555880 1809
1555890 1809
1555900 1810
1555910 1810
1555920 1810
1555930 1810
1555940 1812
1555950 1812
1555960 1814
1555970 1818
1555980 1823
1555990 1823
1556000 1829
1556010 1835
1556020 1835
1556030 1838
1556040 1842
1556050 1842
1556060 1848
1556070 1852
1556080 1852
1556090 1855
1556100 1855
1556110 1855
1556120 1853
1556130 1845
1556140 1845
1556150 1845
1556160 1852
1556170 1852
1556180 1856
1556190 1857
1556200 1857
1556210 1860
1556220 1863
1556230 1863
1556240 1863
1556250 1859
1556260 1859
1556270 1861
1556280 1861
1556290 1861
1556300 1860
1556310 1861
1556320 1861
1556330 1862
1556340 1861
1556350 1861
1556360 1862
1556370 1863
1556380 1864
1556390 1864
1556400 1865
1556410 1870
1556420 1870
1556430 1873
1556440 1873
1556450 1873
1556460 1873
1556470 1873
1556480 1873
1556490 1872
1556500 1872
1556510 1872
1556520 1876
1556530 1878
1556540 1878
1556550 1879
1556560 1878
1556570 1878
1556580 1885
1556590 1888
1556600 1888
1556610 1889
1556620 1889
1556630 1889
1556640 1885
1556650 1880
1556660 1880
1556670 1884
1556680 1887
1556690 1887
1556700 1887
1556710 1890
1556720 1890
1556730 1896
1556740 1899
1556750 1899
1556760 1901
1556770 1903
1556780 1903
1556790 1905
1556800 1911
1556810 1915
1556820 1915
1556830 1914
1556840 1919
1556850 1919
1556860 1921
1556870 1922
1556880 1922
1556890 1926
1556900 1929
1556910 1929
1556920 1932
1556930 1936
1556940 1936
1556950 1940
1556960 1942
1556970 1942
1556980 1946
1556990 1948
1557000 1948
1557010 1949
1557020 1950
1557030 1950
1557040 1951
1557050 1951
1557060 1951
1557070 1950
1557080 1943
1557090 1943
1557100 1939
1557110 1939
1557120 1939
1557130 1939
1557140 1937
1557150 1937
1557160 1940
1557170 1938
1557180 1938
1557190 1928
1557200 1924
1557210 1919
1557220 1919
1557230 1914
1557240 1907
1557250 1907
1557260 1902
1557270 1894
1557280 1894
1557290 1891
1557300 1893
1557310 1893
1557320 1895
1557330 1896
1557340 1896
1557350 1900
1557360 1904
1557370 1904
1557380 1906
1557390 1902
1557400 1902
1557410 1899
1557420 1902
1557430 1902
1557440 1903
1557450 1900
1557460 1900
1557470 1896
1557480 1897
1557490 1897
1557500 1901
1557510 1899
1557520 1899
1557530 1895
1557540 1888
1557550 1888
1557560 1891
1557570 1890
1557580 1890
1557590 1889
1557600 1890
1557610 1893
1557620 1893
1557630 1890
1557640 1887
1557650 1887
1557660 1894
1557670 1902
1557680 1902
1557690 1903
1557700 1899
1557710 1899
1557720 1901
1557730 1905
1557740 1905
1557750 1910
1557760 1910
1557770 1910
1557780 1909
1557790 1912
1557800 1912
1557810 1914
1557820 1911
1557830 1911
1557840 1900
1557850 1891
1557860 1891
1557870 1886
1557880 1877
1557890 1877
1557900 1868
1557910 1859
1557920 1859
1557930 1854
1557940 1851
1557950 1851
1557960 1848
1557970 1849
1557980 1849
1557990 1860
1558000 1864
1558010 1873
1558020 1873
1558030 1882
1558040 1892
1558050 1892
1558060 1893
1558070 1890
1558080 1890
1558090 1899
1558100 1907
1558110 1907
1558120 1911
1558130 1925
1558140 1925
1558150 1932
1558160 1937
1558170 1937
1558180 1943
1558190 1952
1558200 1952
1558210 1956
1558220 1957
1558230 1957
1558240 1960
1558250 1962
1558260 1962
1558270 1963
1558280 1963
1558290 1963
1558300 1960
1558310 1956
1558320 1956
1558330 1953
1558340 1950
1558350 1950
1558360 1948
1558370 1947
1558380 1947
1558390 1948
1558400 1946
1558410 1942
1558420 1942
1558430 1938
1558440 1931
1558450 1931
1558460 1930
1558470 1933
1558480 1933
1558490 1934
1558500 1935
1558510 1935
1558520 1937
1558530 1938
1558540 1938
1558550 1942
1558560 1938
1558570 1938
1558580 1938
1558590 1939
1558600 1939
1558610 1939
1558620 1941
1558630 1941
1558640 1943
1558650 1947
1558660 1947
1558670 1949
1558680 1951
1558690 1951
1558700 1954
1558710 1955
1558720 1955
1558730 1956
1558740 1954
1558750 1954
1558760 1956
1558770 1959
1558780 1959
1558790 1968
1558800 1975
1558810 1981
1558820 1981
1558830 1988
1558840 1995
1558850 1995
1558860 2000
1558870 2006
1558880 2006
1558890 2012
1558900 2018
1558910 2018
1558920 2027
1558930 2035
1558940 2035
1558950 2040
1558960 2046
1558970 2046
1558980 2051
1558990 2057
1559000 2057
1559010 2060
1559020 2065
1559030 2065
1559040 2069
1559050 2071
1559060 2071
1559070 2072
1559080 2073
1559090 2073
1559100 2073
1559110 2073
1559120 2073
1559130 2075
1559140 2076
1559150 2076
1559160 2077
1559170 2079
1559180 2079
1559190 2081
1559200 2083
1559210 2083
1559220 2085
1559230 2085
1559240 2084
1559250 2084
1559260 2084
1559270 2088
1559280 2088
1559290 2092
1559300 2094
1559310 2094
1559320 2097
1559330 2100
1559340 2100
1559350 2101
1559360 2103
1559370 2103
1559380 2105
1559390 2107
1559400 2107
1559410 2102
1559420 2093
1559430 2093
1559440 2086
1559450 2076
1559460 2076
1559470 2070
1559480 2065
1559490 2065
1559500 2059
1559510 2058
1559520 2058
1559530 2053
1559540 2045
1559550 2045
1559560 2037
1559570 2031
1559580 2031
1559590 2030
1559600 2035
1559610 2035
1559620 2038
1559630 2044
1559640 2053
1559650 2053
1559660 2060
1559670 2062
1559680 2062
1559690 2062
1559700 2062
1559710 2062
1559720 2058
1559730 2053
1559740 2053
1559750 2047
1559760 2041
1559770 2041
1559780 2037
1559790 2030
1559800 2030
1559810 2017
1559820 2000
1559830 2000
1559840 1982
1559850 1971
1559860 1971
1559870 1962
1559880 1952
1559890 1952
1559900 1945
1559910 1938
1559920 1938
1559930 1932
1559940 1927
1559950 1927
1559960 1922
1559970 1918
1559980 1918
1559990 1914
