1540000 1036
1540010 1036
1540020 1033
1540030 1031
1540040 1031
1540050 1029
1540060 1028
1540070 1028
1540080 1027
1540090 1026
1540100 1026
1540110 1023
1540120 1019
1540130 1019
1540140 1016
1540150 1013
1540160 1010
1540170 1010
1540180 1007
1540190 1006
1540200 1006
1540210 1005
1540220 1006
1540230 1006
1540240 1006
1540250 1007
1540260 1007
1540270 1006
1540280 1002
1540290 1002
1540300 998
1540310 994
1540320 994
1540330 992
1540340 991
1540350 991
1540360 988
1540370 986
1540380 986
1540390 982
1540400 978
1540410 978
1540420 975
1540430 972
1540440 972
1540450 969
1540460 966
1540470 966
1540480 963
1540490 961
1540500 961
1540510 958
1540520 955
1540530 955
1540540 951
1540550 947
1540560 944
1540570 944
1540580 942
1540590 942
1540600 942
1540610 943
1540620 943
1540630 943
1540640 942
1540650 939
1540660 939
1540670 936
1540680 931
1540690 931
1540700 926
1540710 921
1540720 921
1540730 917
1540740 914
1540750 914
1540760 914
1540770 912
1540780 912
1540790 910
1540800 910
1540810 910
1540820 906
1540830 904
1540840 904
1540850 902
1540860 903
1540870 903
1540880 901
1540890 899
1540900 899
1540910 897
1540920 896
1540930 896
1540940 894
1540950 891
1540960 890
1540970 890
1540980 889
1540990 887
1541000 887
1541010 886
1541020 885
1541030 885
1541040 883
1541050 883
1541060 883
1541070 882
1541080 881
1541090 881
1541100 880
1541110 879
1541120 879
1541130 879
1541140 878
1541150 878
1541160 877
1541170 876
1541180 876
1541190 874
1541200 871
1541210 871
1541220 868
1541230 866
1541240 866
1541250 862
1541260 859
1541270 859
1541280 857
1541290 855
1541300 855
1541310 852
1541320 851
1541330 851
1541340 852
1541350 854
1541360 854
1541370 856
1541380 856
1541390 855
1541400 855
1541410 853
1541420 850
1541430 850
1541440 846
1541450 839
1541460 839
1541470 833
1541480 830
1541490 830
1541500 824
1541510 818
1541520 818
1541530 813
1541540 808
1541550 808
1541560 803
1541570 799
1541580 799
1541590 793
1541600 788
1541610 788
1541620 782
1541630 778
1541640 778
1541650 774
1541660 771
1541670 771
1541680 768
1541690 765
1541700 765
1541710 762
1541720 759
1541730 759
1541740 756
1541750 754
1541760 754
1541770 753
1541780 750
1541790 748
1541800 748
1541810 745
1541820 742
1541830 742
1541840 740
1541850 737
1541860 740
1541870 738
1541880 736
1541890 736
1541900 735
1541910 734
1541920 734
1541930 733
1541940 732
1541950 732
1541960 731
1541970 729
1541980 729
1541990 727
1542000 726
1542010 726
1542020 725
1542030 725
1542040 725
1542050 724
1542060 724
1542070 724
1542080 724
1542090 724
1542100 724
1542110 724
1542120 722
1542130 722
1542140 720
1542150 719
1542160 719
1542170 718
1542180 716
1542190 714
1542200 714
1542210 712
1542220 712
1542230 712
1542240 712
1542250 711
1542260 711
1542270 711
1542280 711
1542290 711
1542300 710
1542310 710
1542320 710
1542330 711
1542340 711
1542350 711
1542360 711
1542370 711
1542380 711
1542390 710
1542400 708
1542410 708
1542420 708
1542430 707
1542440 707
1542450 707
1542460 707
1542470 707
1542480 707
1542490 707
1542500 707
1542510 707
1542520 707
1542530 707
1542540 707
1542550 707
1542560 707
1542570 707
1542580 707
1542590 707
1542600 707
1542610 707
1542620 707
1542630 707
1542640 707
1542650 707
1542660 707
1542670 707
1542680 707
1542690 707
1542700 707
1542710 707
1542720 707
1542730 707
1542740 707
1542750 707
1542760 707
1542770 707
1542780 707
1542790 707
1542800 707
1542810 707
1542820 707
1542830 707
1542840 707
1542850 707
1542860 707
1542870 707
1542880 707
1542890 707
1542900 707
1542910 707
1542920 707
1542930 707
1542940 707
1542950 707
1542960 707
1542970 707
1542980 707
1542990 707
1543000 707
1543010 707
1543020 707
1543030 707
1543040 707
1543050 707
1543060 707
1543070 707
1543080 707
1543090 707
1543100 707
1543110 707
1543120 707
1543130 707
1543140 707
1543150 707
1543160 707
1543170 707
1543180 707
1543190 707
1543200 707
1543210 707
1543220 707
1543230 707
1543240 707
1543250 707
1543260 707
1543270 707
1543280 707
1543290 707
1543300 707
1543310 707
1543320 707
1543330 707
1543340 707
1543350 707
1543360 707
1543370 707
1543380 707
1543390 707
1543400 707
1543410 707
1543420 707
1543430 707
1543440 707
1543450 707
1543460 707
1543470 707
1543480 707
1543490 707
1543500 707
1543510 707
1543520 707
1543530 707
1543540 707
1543550 707
1543560 707
1543570 707
1543580 707
1543590 707
1543600 707
1543610 707
1543620 707
1543630 707
1543640 707
1543650 707
1543660 707
1543670 707
1543680 707
1543690 707
1543700 707
1543710 707
1543720 707
1543730 707
1543740 707
1543750 707
1543760 707
1543770 707
1543780 707
1543790 707
1543800 707
1543810 707
1543820 707
1543830 707
1543840 707
1543850 707
1543860 707
1543870 707
1543880 707
1543890 707
1543900 707
1543910 707
1543920 707
1543930 707
1543940 707
1543950 707
1543960 707
1543970 707
1543980 707
1543990 707
1544000 707
1544010 707
1544020 707
1544030 707
1544040 707
1544050 707
1544060 707
1544070 707
1544080 707
1544090 707
1544100 707
1544110 707
1544120 707
1544130 707
1544140 707
1544150 707
1544160 707
1544170 707
1544180 707
1544190 707
1544200 707
1544210 707
1544220 707
1544230 707
1544240 707
1544250 707
1544260 707
1544270 707
1544280 707
1544290 707
1544300 707
1544310 707
1544320 707
1544330 707
1544340 707
1544350 707
1544360 707
1544370 707
1544380 707
1544390 707
1544400 707
1544410 707
1544420 707
1544430 707
1544440 707
1544450 707
1544460 707
1544470 707
1544480 707
1544490 707
1544500 707
1544510 707
1544520 707
1544530 707
1544540 707
1544550 707
1544560 707
1544570 707
1544580 707
1544590 707
1544600 707
1544610 707
1544620 707
1544630 707
1544640 707
1544650 707
1544660 707
1544670 707
1544680 707
1544690 707
1544700 707
1544710 707
1544720 707
1544730 707
1544740 707
1544750 707
1544760 707
1544770 707
1544780 707
1544790 707
1544800 707
1544810 707
1544820 707
1544830 707
1544840 707
1544850 707
1544860 707
1544870 707
1544880 707
1544890 707
1544900 707
1544910 707
1544920 707
1544930 707
1544940 707
1544950 707
1544960 707
1544970 707
1544980 707
1544990 707
1545000 707
1545010 707
1545020 707
1545030 707
1545040 707
1545050 707
1545060 707
1545070 707
1545080 707
1545090 707
1545100 707
1545110 707
1545120 707
1545130 707
1545140 707
1545150 707
1545160 707
1545170 707
1545180 707
1545190 707
1545200 707
1545210 707
1545220 707
1545230 707
1545240 707
1545250 707
1545260 707
1545270 707
1545280 707
1545290 707
1545300 707
1545310 707
1545320 707
1545330 707
1545340 707
1545350 707
1545360 707
1545370 707
1545380 707
1545390 707
1545400 707
1545410 707
1545420 707
1545430 707
1545440 707
1545450 707
1545460 707
1545470 707
1545480 707
1545490 707
1545500 707
1545510 707
1545520 707
1545530 707
1545540 707
1545550 707
1545560 707
1545570 707
1545580 707
1545590 707
1545600 707
1545610 707
1545620 707
1545630 707
1545640 707
1545650 707
1545660 707
1545670 707
1545680 707
1545690 707
1545700 707
1545710 707
1545720 707
1545730 707
1545740 707
1545750 707
1545760 707
1545770 707
1545780 707
1545790 707
1545800 707
1545810 707
1545820 707
1545830 707
1545840 707
1545850 707
1545860 707
1545870 707
1545880 707
1545890 707
1545900 707
1545910 707
1545920 707
1545930 707
1545940 707
1545950 707
1545960 707
1545970 707
1545980 707
1545990 707
1546000 707
1546010 707
1546020 707
1546030 707
1546040 707
1546050 707
1546060 707
1546070 707
1546080 707
1546090 707
1546100 707
1546110 707
1546120 707
1546130 707
1546140 707
1546150 707
1546160 707
1546170 707
1546180 707
1546190 707
1546200 707
1546210 707
1546220 707
1546230 707
1546240 707
1546250 707
1546260 707
1546270 707
1546280 707
1546290 707
1546300 707
1546310 707
1546320 707
1546330 707
1546340 707
1546350 707
1546360 707
1546370 707
1546380 707
1546390 707
1546400 707
1546410 707
1546420 707
1546430 707
1546440 707
1546450 707
1546460 707
1546470 707
1546480 707
1546490 707
1546500 707
1546510 707
1546520 707
1546530 707
1546540 707
1546550 707
1546560 707
1546570 707
1546580 707
1546590 707
1546600 707
1546610 707
1546620 707
1546630 707
1546640 707
1546650 707
1546660 707
1546670 707
1546680 707
1546690 707
1546700 707
1546710 707
1546720 707
1546730 707
1546740 707
1546750 707
1546760 707
1546770 707
1546780 707
1546790 707
1546800 707
1546810 707
1546820 707
1546830 707
1546840 707
1546850 707
1546860 707
1546870 707
1546880 707
1546890 707
1546900 707
1546910 707
1546920 707
1546930 707
1546940 707
1546950 707
1546960 707
1546970 707
1546980 707
1546990 707
1547000 707
1547010 707
1547020 707
1547030 707
1547040 707
1547050 707
1547060 707
1547070 707
1547080 707
1547090 707
1547100 707
1547110 707
1547120 707
1547130 707
1547140 707
1547150 707
1547160 707
1547170 707
1547180 707
1547190 707
1547200 707
1547210 707
1547220 707
1547230 707
1547240 707
1547250 707
1547260 707
1547270 707
1547280 707
1547290 707
1547300 707
1547310 707
1547320 707
1547330 707
1547340 707
1547350 707
1547360 707
1547370 707
1547380 707
1547390 707
1547400 707
1547410 707
1547420 707
1547430 707
1547440 707
1547450 707
1547460 707
1547470 707
1547480 707
1547490 707
1547500 707
1547510 707
1547520 707
1547530 707
1547540 707
1547550 707
1547560 707
1547570 707
1547580 707
1547590 707
1547600 708
1547610 708
1547620 709
1547630 709
1547640 709
1547650 708
1547660 709
1547670 709
1547680 709
1547690 709
1547700 709
1547710 710
1547720 710
1547730 710
1547740 710
1547750 710
1547760 710
1547770 710
1547780 710
1547790 710
1547800 710
1547810 710
1547820 710
1547830 710
1547840 709
1547850 709
1547860 710
1547870 710
1547880 709
1547890 709
1547900 709
1547910 709
1547920 709
1547930 711
1547940 710
1547950 710
1547960 711
1547970 713
1547980 713
1547990 718
1548000 721
1548010 721
1548020 722
1548030 722
1548040 722
1548050 721
1548060 722
1548070 722
1548080 721
1548090 723
1548100 723
1548110 725
1548120 726
1548130 726
1548140 726
1548150 727
1548160 727
1548170 726
1548180 722
1548190 722
1548200 718
1548210 718
1548220 718
1548230 720
1548240 721
1548250 721
1548260 723
1548270 725
1548280 725
1548290 727
1548300 728
1548310 728
1548320 728
1548330 728
1548340 728
1548350 728
1548360 724
1548370 721
1548380 721
1548390 719
1548400 720
1548410 720
1548420 720
1548430 721
1548440 721
1548450 721
1548460 721
1548470 721
1548480 721
1548490 721
1548500 721
1548510 721
1548520 721
1548530 721
1548540 721
1548550 721
1548560 721
1548570 721
1548580 721
1548590 721
1548600 721
1548610 722
1548620 722
1548630 721
1548640 722
1548650 722
1548660 722
1548670 722
1548680 722
1548690 722
1548700 722
1548710 723
1548720 723
1548730 724
1548740 724
1548750 724
1548760 724
1548770 725
1548780 725
1548790 726
1548800 727
1548810 727
1548820 733
1548830 736
1548840 736
1548850 734
1548860 737
1548870 737
1548880 736
1548890 732
1548900 732
1548910 730
1548920 727
1548930 727
1548940 727
1548950 729
1548960 729
1548970 731
1548980 732
1548990 732
1549000 732
1549010 732
1549020 732
1549030 733
1549040 734
1549050 734
1549060 729
1549070 726
1549080 726
1549090 725
1549100 726
1549110 727
1549120 727
1549130 727
1549140 728
1549150 728
1549160 728
1549170 728
1549180 728
1549190 729
1549200 729
1549210 729
1549220 729
1549230 729
1549240 729
1549250 729
1549260 729
1549270 729
1549280 729
1549290 729
1549300 729
1549310 729
1549320 729
1549330 729
1549340 729
1549350 730
1549360 730
1549370 730
1549380 732
1549390 732
1549400 734
1549410 736
1549420 736
1549430 738
1549440 741
1549450 741
1549460 745
1549470 749
1549480 749
1549490 755
1549500 762
1549510 770
1549520 770
1549530 777
1549540 787
1549550 787
1549560 796
1549570 804
1549580 804
1549590 810
1549600 815
1549610 815
1549620 820
1549630 827
1549640 827
1549650 835
1549660 843
1549670 843
1549680 857
1549690 873
1549700 873
1549710 883
1549720 898
1549730 898
1549740 906
1549750 913
1549760 913
1549770 918
1549780 921
1549790 921
1549800 922
1549810 921
1549820 921
1549830 922
1549840 927
1549850 927
1549860 934
1549870 939
1549880 939
1549890 942
1549900 946
1549910 946
1549920 949
1549930 954
1549940 959
1549950 959
1549960 963
1549970 966
1549980 966
1549990 971
1550000 977
1550010 977
1550020 982
1550030 987
1550040 987
1550050 992
1550060 994
1550070 994
1550080 989
1550090 986
1550100 986
1550110 990
1550120 990
1550130 990
1550140 991
1550150 995
1550160 995
1550170 999
1550180 1004
1550190 1004
1550200 1005
1550210 1000
1550220 1000
1550230 1002
1550240 1004
1550250 1004
1550260 1006
1550270 1010
1550280 1010
1550290 1014
1550300 1019
1550310 1019
1550320 1021
1550330 1022
1550340 1025
1550350 1025
1550360 1029
1550370 1032
1550380 1032
1550390 1034
1550400 1036
1550410 1036
1550420 1038
1550430 1040
1550440 1040
1550450 1044
1550460 1045
1550470 1045
1550480 1046
1550490 1046
1550500 1046
1550510 1047
1550520 1047
1550530 1047
1550540 1046
1550550 1045
1550560 1045
1550570 1045
1550580 1052
1550590 1052
1550600 1055
1550610 1060
1550620 1060
1550630 1064
1550640 1069
1550650 1069
1550660 1072
1550670 1071
1550680 1071
1550690 1069
1550700 1069
1550710 1069
1550720 1069
1550730 1069
1550740 1068
1550750 1068
1550760 1068
1550770 1068
1550780 1068
1550790 1068
1550800 1068
1550810 1068
1550820 1068
1550830 1069
1550840 1069
1550850 1069
1550860 1069
1550870 1069
1550880 1070
1550890 1070
1550900 1070
1550910 1070
1550920 1070
1550930 1070
1550940 1071
1550950 1071
1550960 1071
1550970 1071
1550980 1071
1550990 1071
1551000 1071
1551010 1072
1551020 1072
1551030 1073
1551040 1074
1551050 1074
1551060 1075
1551070 1077
1551080 1077
1551090 1079
1551100 1079
1551110 1079
1551120 1080
1551130 1082
1551140 1083
1551150 1083
1551160 1084
1551170 1086
1551180 1086
1551190 1088
1551200 1091
1551210 1091
1551220 1093
1551230 1096
1551240 1096
1551250 1099
1551260 1104
1551270 1104
1551280 1108
1551290 1112
1551300 1112
1551310 1117
1551320 1122
1551330 1122
1551340 1126
1551350 1131
1551360 1131
1551370 1135
1551380 1139
1551390 1139
1551400 1143
1551410 1145
1551420 1145
1551430 1147
1551440 1151
1551450 1151
1551460 1155
1551470 1160
1551480 1160
1551490 1164
1551500 1169
1551510 1169
1551520 1174
1551530 1179
1551540 1179
1551550 1182
1551560 1189
1551570 1193
1551580 1193
1551590 1198
1551600 1201
1551610 1201
1551620 1203
1551630 1208
1551640 1208
1551650 1213
1551660 1217
1551670 1217
1551680 1220
1551690 1224
1551700 1224
1551710 1230
1551720 1234
1551730 1234
1551740 1239
1551750 1242
1551760 1242
1551770 1245
1551780 1248
1551790 1248
1551800 1250
1551810 1252
1551820 1252
1551830 1253
1551840 1258
1551850 1258
1551860 1261
1551870 1263
1551880 1263
1551890 1265
1551900 1269
1551910 1269
1551920 1273
1551930 1276
1551940 1276
1551950 1277
1551960 1276
1551970 1276
1551980 1276
1551990 1276
1552000 1273
1552010 1273
1552020 1272
1552030 1272
1552040 1272
1552050 1270
1552060 1268
1552070 1268
1552080 1266
1552090 1262
1552100 1262
1552110 1259
1552120 1258
1552130 1258
1552140 1262
1552150 1264
1552160 1264
1552170 1268
1552180 1270
1552190 1270
1552200 1271
1552210 1271
1552220 1271
1552230 1271
1552240 1272
1552250 1272
1552260 1273
1552270 1275
1552280 1275
1552290 1280
1552300 1283
1552310 1283
1552320 1289
1552330 1293
1552340 1293
1552350 1299
1552360 1304
1552370 1308
1552380 1308
1552390 1310
1552400 1308
1552410 1308
1552420 1306
1552430 1303
1552440 1303
1552450 1302
1552460 1301
1552470 1301
1552480 1300
1552490 1299
1552500 1299
1552510 1297
1552520 1297
1552530 1297
1552540 1299
1552550 1302
1552560 1302
1552570 1302
1552580 1302
1552590 1302
1552600 1302
1552610 1302
1552620 1302
1552630 1302
1552640 1303
1552650 1303
1552660 1303
1552670 1304
1552680 1304
1552690 1305
1552700 1304
1552710 1304
1552720 1304
1552730 1305
1552740 1305
1552750 1305
1552760 1304
1552770 1305
1552780 1305
1552790 1305
1552800 1300
1552810 1300
1552820 1291
1552830 1284
1552840 1284
1552850 1281
1552860 1280
1552870 1280
1552880 1279
1552890 1279
1552900 1279
1552910 1281
1552920 1282
1552930 1282
1552940 1289
1552950 1295
1552960 1295
1552970 1298
1552980 1298
1552990 1298
1553000 1297
1553010 1294
1553020 1294
1553030 1291
1553040 1291
1553050 1291
1553060 1293
1553070 1295
1553080 1295
1553090 1297
1553100 1298
1553110 1298
1553120 1298
1553130 1301
1553140 1301
1553150 1302
1553160 1304
1553170 1304
1553180 1307
1553190 1311
1553200 1318
1553210 1318
1553220 1325
1553230 1332
1553240 1332
1553250 1337
1553260 1342
1553270 1342
1553280 1345
1553290 1346
1553300 1346
1553310 1344
1553320 1340
1553330 1340
1553340 1336
1553350 1336
1553360 1336
1553370 1339
1553380 1341
1553390 1341
1553400 1342
1553410 1343
1553420 1343
1553430 1344
1553440 1344
1553450 1344
1553460 1345
1553470 1346
1553480 1346
1553490 1347
1553500 1348
1553510 1348
1553520 1348
1553530 1346
1553540 1346
1553550 1344
1553560 1342
1553570 1342
1553580 1339
1553590 1337
1553600 1337
1553610 1337
1553620 1339
1553630 1344
1553640 1344
1553650 1347
1553660 1350
1553670 1350
1553680 1353
1553690 1358
1553700 1358
1553710 1363
1553720 1370
1553730 1370
1553740 1376
1553750 1381
1553760 1381
1553770 1383
1553780 1386
1553790 1386
1553800 1390
1553810 1392
1553820 1392
1553830 1394
1553840 1396
1553850 1396
1553860 1396
1553870 1397
1553880 1397
1553890 1399
1553900 1400
1553910 1400
1553920 1402
1553930 1404
1553940 1404
1553950 1406
1553960 1405
1553970 1405
1553980 1404
1553990 1402
1554000 1403
1554010 1403
1554020 1402
1554030 1402
1554040 1402
1554050 1401
1554060 1400
1554070 1400
1554080 1400
1554090 1401
1554100 1401
1554110 1404
1554120 1406
1554130 1406
1554140 1411
1554150 1418
1554160 1418
1554170 1422
1554180 1422
1554190 1422
1554200 1422
1554210 1422
1554220 1422
1554230 1424
1554240 1428
1554250 1428
1554260 1432
1554270 1437
1554280 1437
1554290 1443
1554300 1455
1554310 1455
1554320 1465
1554330 1471
1554340 1471
1554350 1479
1554360 1489
1554370 1489
1554380 1497
1554390 1505
1554400 1510
1554410 1510
1554420 1515
1554430 1526
1554440 1526
1554450 1536
1554460 1544
1554470 1544
1554480 1551
1554490 1559
1554500 1559
1554510 1566
1554520 1574
1554530 1574
1554540 1580
1554550 1589
1554560 1589
1554570 1600
1554580 1609
1554590 1609
1554600 1618
1554610 1625
1554620 1625
1554630 1630
1554640 1638
1554650 1638
1554660 1646
1554670 1652
1554680 1652
1554690 1657
1554700 1658
1554710 1658
1554720 1654
1554730 1653
1554740 1653
1554750 1654
1554760 1655
1554770 1655
1554780 1655
1554790 1652
1554800 1652
1554810 1652
1554820 1652
1554830 1648
1554840 1648
1554850 1644
1554860 1649
1554870 1649
1554880 1651
1554890 1651
1554900 1651
1554910 1649
1554920 1648
1554930 1648
1554940 1648
1554950 1650
1554960 1650
1554970 1654
1554980 1661
1554990 1661
1555000 1664
1555010 1663
1555020 1663
1555030 1662
1555040 1665
1555050 1665
1555060 1665
1555070 1665
1555080 1665
1555090 1672
1555100 1673
1555110 1673
1555120 1676
1555130 1678
1555140 1678
1555150 1681
1555160 1686
1555170 1686
1555180 1685
1555190 1684
1555200 1684
1555210 1682
1555220 1683
1555230 1686
1555240 1686
1555250 1686
1555260 1688
1555270 1688
1555280 1690
1555290 1690
1555300 1690
1555310 1695
1555320 1700
1555330 1700
1555340 1697
1555350 1693
1555360 1693
1555370 1692
1555380 1695
1555390 1695
1555400 1695
1555410 1690
1555420 1690
1555430 1688
1555440 1687
1555450 1687
1555460 1686
1555470 1687
1555480 1687
1555490 1687
1555500 1686
1555510 1686
1555520 1691
1555530 1694
1555540 1694
1555550 1696
1555560 1700
1555570 1700
1555580 1706
1555590 1709
1555600 1709
1555610 1712
1555620 1710
1555630 1709
1555640 1709
1555650 1711
1555660 1716
1555670 1716
1555680 1719
1555690 1722
1555700 1722
1555710 1726
1555720 1724
1555730 1724
1555740 1721
1555750 1725
1555760 1725
1555770 1733
1555780 1741
1555790 1741
1555800 1745
1555810 1750
1555820 1750
1555830 1756
1555840 1762
1555850 1762
1555860 1767
1555870 1772
1555880 1772
1555890 1775
1555900 1776
1555910 1776
1555920 1778
1555930 1782
1555940 1782
1555950 1786
1555960 1787
1555970 1787
1555980 1787
1555990 1790
1556000 1790
1556010 1792
1556020 1795
1556030 1796
1556040 1796
1556050 1798
1556060 1797
1556070 1797
1556080 1797
1556090 1804
1556100 1804
1556110 1811
1556120 1817
1556130 1817
1556140 1824
1556150 1828
1556160 1828
1556170 1829
1556180 1830
1556190 1830
1556200 1827
1556210 1824
1556220 1824
1556230 1825
1556240 1827
1556250 1827
1556260 1828
1556270 1829
1556280 1829
1556290 1828
1556300 1825
1556310 1825
1556320 1825
1556330 1825
1556340 1825
1556350 1828
1556360 1829
1556370 1829
1556380 1826
1556390 1825
1556400 1825
1556410 1823
1556420 1821
1556430 1821
1556440 1821
1556450 1819
1556460 1817
1556470 1817
1556480 1820
1556490 1820
1556500 1820
1556510 1825
1556520 1830
1556530 1830
1556540 1832
1556550 1831
1556560 1831
1556570 1832
1556580 1835
1556590 1835
1556600 1836
1556610 1836
1556620 1836
1556630 1840
1556640 1842
1556650 1842
1556660 1842
1556670 1841
1556680 1841
1556690 1844
1556700 1847
1556710 1847
1556720 1849
1556730 1855
1556740 1855
1556750 1861
1556760 1867
1556770 1867
1556780 1874
1556790 1882
1556800 1882
1556810 1890
1556820 1900
1556830 1900
1556840 1907
1556850 1909
1556860 1915
1556870 1915
1556880 1920
1556890 1923
1556900 1923
1556910 1921
1556920 1923
1556930 1923
1556940 1926
1556950 1929
1556960 1929
1556970 1926
1556980 1926
1556990 1926
1557000 1928
1557010 1930
1557020 1930
1557030 1932
1557040 1930
1557050 1930
1557060 1930
1557070 1929
1557080 1929
1557090 1929
1557100 1929
1557110 1929
1557120 1929
1557130 1928
1557140 1928
1557150 1930
1557160 1932
1557170 1932
1557180 1935
1557190 1938
1557200 1938
1557210 1936
1557220 1934
1557230 1934
1557240 1932
1557250 1933
1557260 1934
1557270 1934
1557280 1936
1557290 1938
1557300 1938
1557310 1936
1557320 1936
1557330 1936
1557340 1933
1557350 1930
1557360 1930
1557370 1930
1557380 1929
1557390 1929
1557400 1928
1557410 1929
1557420 1929
1557430 1930
1557440 1934
1557450 1934
1557460 1935
1557470 1931
1557480 1931
1557490 1928
1557500 1924
1557510 1924
1557520 1921
1557530 1916
1557540 1916
1557550 1912
1557560 1904
1557570 1904
1557580 1896
1557590 1888
1557600 1885
1557610 1879
1557620 1876
1557630 1876
1557640 1872
1557650 1868
1557660 1861
1557670 1861
1557680 1856
1557690 1855
1557700 1855
1557710 1852
1557720 1851
1557730 1851
1557740 1858
1557750 1869
1557760 1869
1557770 1878
1557780 1885
1557790 1885
1557800 1888
1557810 1891
1557820 1891
1557830 1897
1557840 1901
1557850 1901
1557860 1909
1557870 1913
1557880 1913
1557890 1917
1557900 1918
1557910 1918
1557920 1924
1557930 1928
1557940 1928
1557950 1930
1557960 1929
1557970 1929
1557980 1924
1557990 1928
1558000 1928
1558010 1934
1558020 1937
1558030 1937
1558040 1939
1558050 1942
1558060 1942
1558070 1943
1558080 1941
1558090 1938
1558100 1938
1558110 1936
1558120 1937
1558130 1937
1558140 1938
1558150 1945
1558160 1945
1558170 1951
1558180 1957
1558190 1957
1558200 1963
1558210 1968
1558220 1968
1558230 1972
1558240 1974
1558250 1974
1558260 1978
1558270 1981
1558280 1981
1558290 1983
1558300 1987
1558310 1987
1558320 1992
1558330 1997
1558340 1997
1558350 2003
1558360 2009
1558370 2009
1558380 2012
1558390 2017
1558400 2017
1558410 2022
1558420 2025
1558430 2025
1558440 2032
1558450 2039
1558460 2039
1558470 2045
1558480 2056
1558490 2062
1558500 2062
1558510 2065
1558520 2066
1558530 2066
1558540 2070
1558550 2078
1558560 2078
1558570 2086
1558580 2092
1558590 2092
1558600 2097
1558610 2113
1558620 2113
1558630 2126
1558640 2134
1558650 2134
1558660 2141
1558670 2146
1558680 2146
1558690 2146
1558700 2143
1558710 2143
1558720 2138
1558730 2132
1558740 2132
1558750 2127
1558760 2123
1558770 2123
1558780 2120
1558790 2118
1558800 2118
1558810 2118
1558820 2117
1558830 2117
1558840 2117
1558850 2117
1558860 2117
1558870 2117
1558880 2114
1558890 2111
1558900 2111
1558910 2113
1558920 2117
1558930 2117
1558940 2121
1558950 2126
1558960 2126
1558970 2132
1558980 2138
1558990 2138
1559000 2143
1559010 2148
1559020 2148
1559030 2153
1559040 2157
1559050 2157
1559060 2159
1559070 2158
1559080 2158
1559090 2154
1559100 2149
1559110 2149
1559120 2141
1559130 2132
1559140 2132
1559150 2124
1559160 2121
1559170 2121
1559180 2114
1559190 2109
1559200 2109
1559210 2102
1559220 2093
1559230 2093
1559240 2089
1559250 2087
1559260 2087
1559270 2087
1559280 2087
1559290 2084
1559300 2084
1559310 2082
1559320 2079
1559330 2077
1559340 2081
1559350 2082
1559360 2082
1559370 2082
1559380 2085
1559390 2085
1559400 2088
1559410 2091
1559420 2091
1559430 2092
1559440 2093
1559450 2093
1559460 2096
1559470 2097
1559480 2097
1559490 2096
1559500 2097
1559510 2097
1559520 2097
1559530 2099
1559540 2099
1559550 2098
1559560 2099
1559570 2099
1559580 2100
1559590 2104
1559600 2104
1559610 2105
1559620 2109
1559630 2109
1559640 2116
1559650 2124
1559660 2124
1559670 2122
1559680 2124
1559690 2124
1559700 2125
1559710 2129
1559720 2134
1559730 2134
1559740 2134
1559750 2134
1559760 2134
1559770 2134
1559780 2136
1559790 2136
1559800 2134
1559810 2130
1559820 2130
1559830 2129
1559840 2127
1559850 2127
1559860 2120
1559870 2113
1559880 2113
1559890 2109
1559900 2106
1559910 2106
1559920 2101
1559930 2095
1559940 2095
1559950 2085
1559960 2076
1559970 2076
1559980 2072
1559990 2073
