1540000 1890
1540010 1892
1540020 1891
1540030 1878
1540040 1878
1540050 1875
1540060 1870
1540070 1870
1540080 1861
1540090 1855
1540100 1855
1540110 1852
1540120 1849
1540130 1849
1540140 1847
1540150 1853
1540160 1853
1540170 1863
1540180 1866
1540190 1866
1540200 1866
1540210 1864
1540220 1864
1540230 1855
1540240 1851
1540250 1851
1540260 1849
1540270 1852
1540280 1852
1540290 1858
1540300 1859
1540310 1859
1540320 1857
1540330 1851
1540340 1851
1540350 1854
1540360 1852
1540370 1852
1540380 1846
1540390 1840
1540400 1840
1540410 1833
1540420 1830
1540430 1830
1540440 1823
1540450 1814
1540460 1814
1540470 1808
1540480 1811
1540490 1810
1540500 1810
1540510 1799
1540520 1791
1540530 1791
1540540 1788
1540550 1779
1540560 1779
1540570 1768
1540580 1760
1540590 1760
1540600 1751
1540610 1743
1540620 1743
1540630 1739
1540640 1732
1540650 1732
1540660 1721
1540670 1713
1540680 1713
1540690 1705
1540700 1695
1540710 1695
1540720 1680
1540730 1673
1540740 1673
1540750 1662
1540760 1646
1540770 1646
1540780 1639
1540790 1634
1540800 1634
1540810 1626
1540820 1619
1540830 1619
1540840 1611
1540850 1609
1540860 1609
1540870 1610
1540880 1610
1540890 1610
1540900 1608
1540910 1601
1540920 1594
1540930 1594
1540940 1587
1540950 1579
1540960 1579
1540970 1571
1540980 1561
1540990 1561
1541000 1553
1541010 1540
1541020 1540
1541030 1534
1541040 1532
1541050 1532
1541060 1528
1541070 1515
1541080 1515
1541090 1504
1541100 1500
1541110 1500
1541120 1495
1541130 1488
1541140 1488
1541150 1484
1541160 1478
1541170 1478
1541180 1474
1541190 1471
1541200 1471
1541210 1469
1541220 1465
1541230 1465
1541240 1455
1541250 1451
1541260 1451
1541270 1451
1541280 1454
1541290 1454
1541300 1457
1541310 1459
1541320 1459
1541330 1459
1541340 1457
1541350 1457
1541360 1453
1541370 1448
1541380 1447
1541390 1447
1541400 1446
1541410 1446
1541420 1446
1541430 1447
1541440 1447
1541450 1447
1541460 1449
1541470 1452
1541480 1452
1541490 1455
1541500 1458
1541510 1458
1541520 1464
1541530 1467
1541540 1467
1541550 1469
1541560 1471
1541570 1471
1541580 1472
1541590 1469
1541600 1469
1541610 1467
1541620 1464
1541630 1464
1541640 1462
1541650 1460
1541660 1460
1541670 1457
1541680 1454
1541690 1454
1541700 1453
1541710 1453
1541720 1453
1541730 1454
1541740 1453
1541750 1453
1541760 1453
1541770 1454
1541780 1454
1541790 1457
1541800 1461
1541810 1461
1541820 1463
1541830 1464
1541840 1462
1541850 1462
1541860 1459
1541870 1458
1541880 1458
1541890 1459
1541900 1459
1541910 1459
1541920 1458
1541930 1457
1541940 1457
1541950 1457
1541960 1456
1541970 1456
1541980 1461
1541990 1467
1542000 1467
1542010 1469
1542020 1470
1542030 1470
1542040 1471
1542050 1476
1542060 1476
1542070 1478
1542080 1481
1542090 1481
1542100 1485
1542110 1489
1542120 1489
1542130 1491
1542140 1490
1542150 1490
1542160 1488
1542170 1489
1542180 1489
1542190 1491
1542200 1491
1542210 1491
1542220 1490
1542230 1490
1542240 1490
1542250 1493
1542260 1496
1542270 1498
1542280 1498
1542290 1501
1542300 1504
1542310 1504
1542320 1504
1542330 1505
1542340 1505
1542350 1505
1542360 1506
1542370 1506
1542380 1506
1542390 1508
1542400 1508
1542410 1510
1542420 1510
1542430 1510
1542440 1511
1542450 1513
1542460 1513
1542470 1513
1542480 1515
1542490 1515
1542500 1515
1542510 1516
1542520 1516
1542530 1517
1542540 1517
1542550 1517
1542560 1516
1542570 1515
1542580 1515
1542590 1515
1542600 1516
1542610 1516
1542620 1517
1542630 1516
1542640 1516
1542650 1517
1542660 1520
1542670 1520
1542680 1522
1542690 1522
1542700 1522
1542710 1520
1542720 1519
1542730 1519
1542740 1519
1542750 1518
1542760 1521
1542770 1521
1542780 1524
1542790 1526
1542800 1526
1542810 1528
1542820 1530
1542830 1530
1542840 1533
1542850 1532
1542860 1532
1542870 1530
1542880 1528
1542890 1528
1542900 1527
1542910 1527
1542920 1527
1542930 1527
1542940 1527
1542950 1527
1542960 1528
1542970 1530
1542980 1530
1542990 1528
1543000 1527
1543010 1527
1543020 1526
1543030 1528
1543040 1528
1543050 1531
1543060 1531
1543070 1531
1543080 1529
1543090 1524
1543100 1524
1543110 1521
1543120 1518
1543130 1518
1543140 1519
1543150 1520
1543160 1524
1543170 1524
1543180 1526
1543190 1528
1543200 1528
1543210 1528
1543220 1529
1543230 1529
1543240 1529
1543250 1529
1543260 1529
1543270 1534
1543280 1539
1543290 1539
1543300 1540
1543310 1541
1543320 1541
1543330 1541
1543340 1544
1543350 1544
1543360 1544
1543370 1544
1543380 1544
1543390 1547
1543400 1549
1543410 1549
1543420 1551
1543430 1551
1543440 1551
1543450 1550
1543460 1550
1543470 1550
1543480 1553
1543490 1557
1543500 1557
1543510 1560
1543520 1560
1543530 1560
1543540 1560
1543550 1561
1543560 1561
1543570 1563
1543580 1567
1543590 1567
1543600 1570
1543610 1572
1543620 1574
1543630 1574
1543640 1575
1543650 1576
1543660 1576
1543670 1578
1543680 1582
1543690 1582
1543700 1586
1543710 1589
1543720 1589
1543730 1592
1543740 1594
1543750 1594
1543760 1596
1543770 1599
1543780 1599
1543790 1602
1543800 1604
1543810 1604
1543820 1608
1543830 1612
1543840 1612
1543850 1615
1543860 1616
1543870 1616
1543880 1615
1543890 1616
1543900 1616
1543910 1621
1543920 1622
1543930 1622
1543940 1622
1543950 1620
1543960 1620
1543970 1624
1543980 1624
1543990 1624
1544000 1625
1544010 1626
1544020 1626
1544030 1625
1544040 1623
1544050 1623
1544060 1623
1544070 1628
1544080 1631
1544090 1627
1544100 1630
1544110 1630
1544120 1630
1544130 1630
1544140 1630
1544150 1630
1544160 1629
1544170 1629
1544180 1629
1544190 1632
1544200 1638
1544210 1638
1544220 1642
1544230 1645
1544240 1645
1544250 1646
1544260 1646
1544270 1646
1544280 1647
1544290 1648
1544300 1648
1544310 1648
1544320 1647
1544330 1647
1544340 1651
1544350 1653
1544360 1653
1544370 1651
1544380 1647
1544390 1647
1544400 1643
1544410 1639
1544420 1639
1544430 1638
1544440 1638
1544450 1638
1544460 1638
1544470 1640
1544480 1640
1544490 1641
1544500 1644
1544510 1650
1544520 1650
1544530 1655
1544540 1660
1544550 1660
1544560 1662
1544570 1660
1544580 1660
1544590 1662
1544600 1661
1544610 1661
1544620 1662
1544630 1661
1544640 1661
1544650 1662
1544660 1662
1544670 1662
1544680 1660
1544690 1659
1544700 1659
1544710 1657
1544720 1655
1544730 1655
1544740 1655
1544750 1658
1544760 1658
1544770 1658
1544780 1658
1544790 1658
1544800 1658
1544810 1656
1544820 1656
1544830 1656
1544840 1659
1544850 1659
1544860 1664
1544870 1670
1544880 1670
1544890 1676
1544900 1680
1544910 1680
1544920 1681
1544930 1680
1544940 1680
1544950 1677
1544960 1676
1544970 1677
1544980 1677
1544990 1680
1545000 1682
1545010 1682
1545020 1683
1545030 1684
1545040 1684
1545050 1686
1545060 1691
1545070 1691
1545080 1697
1545090 1702
1545100 1702
1545110 1708
1545120 1710
1545130 1710
1545140 1711
1545150 1713
1545160 1713
1545170 1714
1545180 1716
1545190 1716
1545200 1715
1545210 1713
1545220 1713
1545230 1711
1545240 1709
1545250 1709
1545260 1709
1545270 1710
1545280 1710
1545290 1711
1545300 1713
1545310 1713
1545320 1713
1545330 1716
1545340 1716
1545350 1717
1545360 1717
1545370 1717
1545380 1719
1545390 1723
1545400 1723
1545410 1727
1545420 1730
1545430 1734
1545440 1734
1545450 1735
1545460 1735
1545470 1735
1545480 1740
1545490 1746
1545500 1746
1545510 1748
1545520 1749
1545530 1749
1545540 1750
1545550 1751
1545560 1751
1545570 1750
1545580 1747
1545590 1747
1545600 1755
1545610 1761
1545620 1761
1545630 1761
1545640 1759
1545650 1759
1545660 1757
1545670 1761
1545680 1761
1545690 1762
1545700 1766
1545710 1766
1545720 1767
1545730 1765
1545740 1765
1545750 1767
1545760 1768
1545770 1768
1545780 1767
1545790 1772
1545800 1772
1545810 1776
1545820 1775
1545830 1775
1545840 1775
1545850 1778
1545860 1783
1545870 1783
1545880 1786
1545890 1787
1545900 1787
1545910 1787
1545920 1786
1545930 1786
1545940 1785
1545950 1786
1545960 1786
1545970 1785
1545980 1785
1545990 1785
1546000 1784
1546010 1780
1546020 1780
1546030 1779
1546040 1779
1546050 1779
1546060 1782
1546070 1783
1546080 1783
1546090 1782
1546100 1781
1546110 1781
1546120 1779
1546130 1776
1546140 1776
1546150 1774
1546160 1772
1546170 1772
1546180 1771
1546190 1773
1546200 1773
1546210 1774
1546220 1778
1546230 1778
1546240 1781
1546250 1784
1546260 1784
1546270 1786
1546280 1784
1546290 1784
1546300 1783
1546310 1782
1546320 1781
1546330 1781
1546340 1779
1546350 1779
1546360 1779
1546370 1779
1546380 1776
1546390 1776
1546400 1773
1546410 1774
1546420 1774
1546430 1775
1546440 1776
1546450 1776
1546460 1778
1546470 1779
1546480 1779
1546490 1779
1546500 1780
1546510 1780
1546520 1781
1546530 1783
1546540 1783
1546550 1781
1546560 1781
1546570 1781
1546580 1781
1546590 1782
1546600 1782
1546610 1783
1546620 1785
1546630 1785
1546640 1785
1546650 1784
1546660 1784
1546670 1784
1546680 1785
1546690 1785
1546700 1784
1546710 1785
1546720 1785
1546730 1787
1546740 1785
1546750 1783
1546760 1783
1546770 1780
1546780 1780
1546790 1780
1546800 1777
1546810 1775
1546820 1775
1546830 1775
1546840 1773
1546850 1773
1546860 1769
1546870 1768
1546880 1768
1546890 1770
1546900 1766
1546910 1766
1546920 1764
1546930 1764
1546940 1764
1546950 1762
1546960 1762
1546970 1762
1546980 1758
1546990 1759
1547000 1759
1547010 1760
1547020 1761
1547030 1761
1547040 1764
1547050 1764
1547060 1764
1547070 1765
1547080 1766
1547090 1766
1547100 1767
1547110 1766
1547120 1766
1547130 1765
1547140 1763
1547150 1763
1547160 1760
1547170 1762
1547180 1762
1547190 1766
1547200 1769
1547210 1769
1547220 1769
1547230 1769
1547240 1770
1547250 1770
1547260 1772
1547270 1772
1547280 1772
1547290 1771
1547300 1769
1547310 1769
1547320 1765
1547330 1765
1547340 1765
1547350 1764
1547360 1761
1547370 1761
1547380 1760
1547390 1759
1547400 1759
1547410 1754
1547420 1753
1547430 1753
1547440 1753
1547450 1756
1547460 1756
1547470 1755
1547480 1755
1547490 1755
1547500 1753
1547510 1753
1547520 1753
1547530 1751
1547540 1750
1547550 1750
1547560 1750
1547570 1751
1547580 1751
1547590 1755
1547600 1762
1547610 1762
1547620 1769
1547630 1772
1547640 1772
1547650 1774
1547660 1772
1547670 1771
1547680 1771
1547690 1769
1547700 1770
1547710 1770
1547720 1771
1547730 1773
1547740 1773
1547750 1774
1547760 1772
1547770 1772
1547780 1770
1547790 1768
1547800 1768
1547810 1765
1547820 1764
1547830 1764
1547840 1764
1547850 1761
1547860 1761
1547870 1757
1547880 1754
1547890 1754
1547900 1753
1547910 1753
1547920 1753
1547930 1753
1547940 1753
1547950 1753
1547960 1754
1547970 1756
1547980 1756
1547990 1757
1548000 1759
1548010 1759
1548020 1761
1548030 1768
1548040 1768
1548050 1775
1548060 1783
1548070 1783
1548080 1790
1548090 1793
1548100 1793
1548110 1793
1548120 1793
1548130 1788
1548140 1788
1548150 1789
1548160 1791
1548170 1791
1548180 1792
1548190 1791
1548200 1791
1548210 1789
1548220 1786
1548230 1786
1548240 1782
1548250 1778
1548260 1776
1548270 1777
1548280 1778
1548290 1778
1548300 1772
1548310 1769
1548320 1769
1548330 1768
1548340 1770
1548350 1770
1548360 1770
1548370 1770
1548380 1770
1548390 1771
1548400 1773
1548410 1773
1548420 1775
1548430 1779
1548440 1779
1548450 1785
1548460 1788
1548470 1788
1548480 1789
1548490 1790
1548500 1790
1548510 1786
1548520 1784
1548530 1784
1548540 1786
1548550 1785
1548560 1780
1548570 1780
1548580 1777
1548590 1774
1548600 1774
1548610 1770
1548620 1775
1548630 1775
1548640 1781
1548650 1783
1548660 1783
1548670 1782
1548680 1782
1548690 1782
1548700 1781
1548710 1777
1548720 1777
1548730 1778
1548740 1783
1548750 1783
1548760 1784
1548770 1785
1548780 1785
1548790 1785
1548800 1784
1548810 1784
1548820 1782
1548830 1779
1548840 1779
1548850 1773
1548860 1770
1548870 1770
1548880 1771
1548890 1774
1548900 1774
1548910 1776
1548920 1776
1548930 1776
1548940 1775
1548950 1774
1548960 1774
1548970 1782
1548980 1783
1548990 1783
1549000 1788
1549010 1789
1549020 1788
1549030 1788
1549040 1789
1549050 1791
1549060 1791
1549070 1788
1549080 1786
1549090 1786
1549100 1785
1549110 1785
1549120 1785
1549130 1788
1549140 1788
1549150 1788
1549160 1784
1549170 1782
1549180 1782
1549190 1782
1549200 1786
1549210 1786
1549220 1789
1549230 1789
1549240 1789
1549250 1787
1549260 1784
1549270 1784
1549280 1782
1549290 1779
1549300 1779
1549310 1776
1549320 1782
1549330 1782
1549340 1781
1549350 1782
1549360 1782
1549370 1785
1549380 1782
1549390 1782
1549400 1784
1549410 1784
1549420 1784
1549430 1783
1549440 1783
1549450 1782
1549460 1782
1549470 1785
1549480 1783
1549490 1783
1549500 1781
1549510 1785
1549520 1785
1549530 1787
1549540 1788
1549550 1788
1549560 1789
1549570 1793
1549580 1793
1549590 1793
1549600 1792
1549610 1792
1549620 1793
1549630 1793
1549640 1793
1549650 1799
1549660 1798
1549670 1798
1549680 1800
1549690 1805
1549700 1805
1549710 1809
1549720 1812
1549730 1812
1549740 1817
1549750 1816
1549760 1816
1549770 1818
1549780 1822
1549790 1822
1549800 1825
1549810 1832
1549820 1832
1549830 1833
1549840 1838
1549850 1838
1549860 1842
1549870 1844
1549880 1844
1549890 1846
1549900 1846
1549910 1843
1549920 1843
1549930 1845
1549940 1846
1549950 1846
1549960 1848
1549970 1847
1549980 1847
1549990 1845
1550000 1844
1550010 1844
1550020 1842
1550030 1839
1550040 1839
1550050 1836
1550060 1832
1550070 1832
1550080 1830
1550090 1830
1550100 1830
1550110 1830
1550120 1831
1550130 1831
1550140 1834
1550150 1840
1550160 1840
1550170 1846
1550180 1855
1550190 1855
1550200 1864
1550210 1870
1550220 1870
1550230 1875
1550240 1876
1550250 1876
1550260 1882
1550270 1886
1550280 1886
1550290 1892
1550300 1898
1550310 1898
1550320 1907
1550330 1917
1550340 1917
1550350 1925
1550360 1933
1550370 1940
1550380 1940
1550390 1948
1550400 1956
1550410 1956
1550420 1958
1550430 1965
1550440 1965
1550450 1974
1550460 1982
1550470 1982
1550480 1987
1550490 1990
1550500 1990
1550510 1993
1550520 1993
1550530 1993
1550540 1996
1550550 2001
1550560 2001
1550570 2004
1550580 2006
1550590 2006
1550600 2010
1550610 2016
1550620 2016
1550630 2020
1550640 2024
1550650 2024
1550660 2026
1550670 2028
1550680 2028
1550690 2031
1550700 2035
1550710 2035
1550720 2037
1550730 2036
1550740 2036
1550750 2039
1550760 2042
1550770 2042
1550780 2033
1550790 2003
1550800 1982
1550810 1982
1550820 1972
1550830 1958
1550840 1958
1550850 1945
1550860 1933
1550870 1933
1550880 1921
1550890 1912
1550900 1912
1550910 1904
1550920 1897
1550930 1897
1550940 1889
1550950 1882
1550960 1882
1550970 1877
1550980 1873
1550990 1873
1551000 1869
1551010 1864
1551020 1864
1551030 1859
1551040 1854
1551050 1854
1551060 1850
1551070 1845
1551080 1845
1551090 1839
1551100 1835
1551110 1835
1551120 1830
1551130 1826
1551140 1826
1551150 1822
1551160 1819
1551170 1819
1551180 1814
1551190 1807
1551200 1807
1551210 1802
1551220 1798
1551230 1798
1551240 1795
1551250 1793
1551260 1791
1551270 1791
1551280 1790
1551290 1790
1551300 1790
1551310 1789
1551320 1789
1551330 1789
1551340 1787
1551350 1786
1551360 1786
1551370 1784
1551380 1783
1551390 1783
1551400 1784
1551410 1788
1551420 1788
1551430 1791
1551440 1792
1551450 1792
1551460 1792
1551470 1791
1551480 1791
1551490 1792
1551500 1793
1551510 1793
1551520 1795
1551530 1795
1551540 1795
1551550 1793
1551560 1793
1551570 1793
1551580 1793
1551590 1797
1551600 1797
1551610 1799
1551620 1803
1551630 1803
1551640 1804
1551650 1806
1551660 1806
1551670 1809
1551680 1812
1551690 1812
1551700 1815
1551710 1820
1551720 1824
1551730 1824
1551740 1832
1551750 1840
1551760 1840
1551770 1847
1551780 1853
1551790 1853
1551800 1859
1551810 1862
1551820 1862
1551830 1866
1551840 1871
1551850 1871
1551860 1875
1551870 1878
1551880 1878
1551890 1882
1551900 1883
1551910 1883
1551920 1886
1551930 1891
1551940 1891
1551950 1896
1551960 1900
1551970 1900
1551980 1904
1551990 1907
1552000 1907
1552010 1908
1552020 1909
1552030 1909
1552040 1908
1552050 1911
1552060 1911
1552070 1913
1552080 1917
1552090 1917
1552100 1921
1552110 1924
1552120 1924
1552130 1928
1552140 1929
1552150 1931
1552160 1931
1552170 1931
1552180 1930
1552190 1930
1552200 1934
1552210 1938
1552220 1938
1552230 1941
1552240 1945
1552250 1945
1552260 1953
1552270 1955
1552280 1955
1552290 1957
1552300 1961
1552310 1961
1552320 1964
1552330 1967
1552340 1967
1552350 1970
1552360 1976
1552370 1976
1552380 1981
1552390 1983
1552400 1983
1552410 1986
1552420 1989
1552430 1989
1552440 1992
1552450 1997
1552460 1997
1552470 2001
1552480 2004
1552490 2004
1552500 2006
1552510 2006
1552520 2006
1552530 2007
1552540 2010
1552550 2010
1552560 2010
1552570 2010
1552580 2010
1552590 2013
1552600 2016
1552610 2018
1552620 2018
1552630 2019
1552640 2019
1552650 2019
1552660 2018
1552670 2017
1552680 2017
1552690 2017
1552700 2018
1552710 2018
1552720 2020
1552730 2022
1552740 2022
1552750 2024
1552760 2026
1552770 2026
1552780 2028
1552790 2031
1552800 2031
1552810 2033
1552820 2035
1552830 2035
1552840 2038
1552850 2041
1552860 2041
1552870 2044
1552880 2046
1552890 2046
1552900 2048
1552910 2050
1552920 2050
1552930 2052
1552940 2053
1552950 2053
1552960 2051
1552970 2048
1552980 2048
1552990 2046
1553000 2047
1553010 2047
1553020 2043
1553030 2041
1553040 2041
1553050 2039
1553060 2039
1553070 2040
1553080 2040
1553090 2040
1553100 2041
1553110 2041
1553120 2041
1553130 2040
1553140 2040
1553150 2041
1553160 2041
1553170 2041
1553180 2032
1553190 2027
1553200 2027
1553210 2025
1553220 2022
1553230 2022
1553240 2019
1553250 2016
1553260 2016
1553270 2017
1553280 2015
1553290 2015
1553300 2013
1553310 2009
1553320 2009
1553330 2006
1553340 2007
1553350 2007
1553360 2005
1553370 2003
1553380 2003
1553390 2001
1553400 1999
1553410 1999
1553420 1999
1553430 1999
1553440 1999
1553450 2000
1553460 2004
1553470 2004
1553480 2000
1553490 1995
1553500 1991
1553510 1991
1553520 1987
1553530 1983
1553540 1983
1553550 1981
1553560 1980
1553570 1980
1553580 1976
1553590 1971
1553600 1971
1553610 1966
1553620 1965
1553630 1965
1553640 1963
1553650 1961
1553660 1961
1553670 1962
1553680 1960
1553690 1960
1553700 1956
1553710 1954
1553720 1954
1553730 1951
1553740 1948
1553750 1948
1553760 1945
1553770 1941
1553780 1941
1553790 1937
1553800 1934
1553810 1934
1553820 1932
1553830 1931
1553840 1931
1553850 1928
1553860 1925
1553870 1925
1553880 1922
1553890 1919
1553900 1919
1553910 1916
1553920 1913
1553930 1913
1553940 1904
1553950 1898
1553960 1894
1553970 1894
1553980 1890
1553990 1888
1554000 1888
1554010 1884
1554020 1882
1554030 1882
1554040 1878
1554050 1874
1554060 1874
1554070 1868
1554080 1865
1554090 1865
1554100 1862
1554110 1858
1554120 1858
1554130 1853
1554140 1850
1554150 1850
1554160 1847
1554170 1842
1554180 1842
1554190 1841
1554200 1839
1554210 1839
1554220 1839
1554230 1836
1554240 1836
1554250 1833
1554260 1831
1554270 1831
1554280 1830
1554290 1828
1554300 1828
1554310 1825
1554320 1822
1554330 1822
1554340 1819
1554350 1818
1554360 1818
1554370 1817
1554380 1816
1554390 1816
1554400 1815
1554410 1814
1554420 1811
1554430 1811
1554440 1810
1554450 1810
1554460 1810
1554470 1810
1554480 1808
1554490 1808
1554500 1806
1554510 1806
1554520 1806
1554530 1809
1554540 1810
1554550 1810
1554560 1811
1554570 1812
1554580 1812
1554590 1812
1554600 1813
1554610 1813
1554620 1813
1554630 1811
1554640 1811
1554650 1809
1554660 1807
1554670 1807
1554680 1805
1554690 1802
1554700 1802
1554710 1799
1554720 1797
1554730 1797
1554740 1794
1554750 1793
1554760 1793
1554770 1794
1554780 1796
1554790 1796
1554800 1795
1554810 1794
1554820 1794
1554830 1794
1554840 1792
1554850 1791
1554860 1791
1554870 1789
1554880 1787
1554890 1787
1554900 1784
1554910 1783
1554920 1783
1554930 1783
1554940 1783
1554950 1783
1554960 1782
1554970 1782
1554980 1782
1554990 1783
1555000 1783
1555010 1783
1555020 1781
1555030 1782
1555040 1782
1555050 1782
1555060 1783
1555070 1783
1555080 1782
1555090 1781
1555100 1781
1555110 1783
1555120 1786
1555130 1786
1555140 1787
1555150 1786
1555160 1786
1555170 1785
1555180 1784
1555190 1784
1555200 1783
1555210 1782
1555220 1782
1555230 1780
1555240 1779
1555250 1779
1555260 1780
1555270 1779
1555280 1779
1555290 1776
1555300 1775
1555310 1774
1555320 1774
1555330 1772
1555340 1770
1555350 1770
1555360 1764
1555370 1762
1555380 1762
1555390 1761
1555400 1758
1555410 1758
1555420 1757
1555430 1758
1555440 1758
1555450 1757
1555460 1755
1555470 1755
1555480 1752
1555490 1748
1555500 1748
1555510 1749
1555520 1749
1555530 1749
1555540 1748
1555550 1748
1555560 1748
1555570 1747
1555580 1745
1555590 1745
1555600 1743
1555610 1741
1555620 1741
1555630 1740
1555640 1741
1555650 1741
1555660 1744
1555670 1742
1555680 1742
1555690 1739
1555700 1735
1555710 1735
1555720 1731
1555730 1727
1555740 1727
1555750 1727
1555760 1727
1555770 1726
1555780 1726
1555790 1726
1555800 1727
1555810 1727
1555820 1730
1555830 1731
1555840 1731
1555850 1725
1555860 1722
1555870 1722
1555880 1720
1555890 1719
1555900 1719
1555910 1720
1555920 1723
1555930 1723
1555940 1722
1555950 1716
1555960 1716
1555970 1717
1555980 1718
1555990 1718
1556000 1718
1556010 1719
1556020 1719
1556030 1719
1556040 1714
1556050 1714
1556060 1716
1556070 1716
1556080 1716
1556090 1715
1556100 1714
1556110 1714
1556120 1712
1556130 1710
1556140 1710
1556150 1707
1556160 1705
1556170 1705
1556180 1704
1556190 1702
1556200 1703
1556210 1703
1556220 1701
1556230 1700
1556240 1700
1556250 1700
1556260 1698
1556270 1698
1556280 1699
1556290 1700
1556300 1700
1556310 1699
1556320 1699
1556330 1699
1556340 1700
1556350 1702
1556360 1702
1556370 1704
1556380 1704
1556390 1704
1556400 1703
1556410 1708
1556420 1708
1556430 1709
1556440 1710
1556450 1710
1556460 1711
1556470 1712
1556480 1712
1556490 1713
1556500 1713
1556510 1713
1556520 1713
1556530 1715
1556540 1715
1556550 1718
1556560 1719
1556570 1719
1556580 1719
1556590 1722
1556600 1722
1556610 1723
1556620 1724
1556630 1724
1556640 1724
1556650 1724
1556660 1724
1556670 1724
1556680 1726
1556690 1724
1556700 1724
1556710 1724
1556720 1727
1556730 1727
1556740 1730
1556750 1730
1556760 1730
1556770 1728
1556780 1732
1556790 1732
1556800 1737
1556810 1742
1556820 1742
1556830 1747
1556840 1751
1556850 1751
1556860 1758
1556870 1763
1556880 1763
1556890 1766
1556900 1769
1556910 1769
1556920 1772
1556930 1775
1556940 1775
1556950 1776
1556960 1777
1556970 1777
1556980 1778
1556990 1785
1557000 1785
1557010 1796
1557020 1806
1557030 1806
1557040 1814
1557050 1817
1557060 1817
1557070 1820
1557080 1825
1557090 1825
1557100 1829
1557110 1833
1557120 1834
1557130 1834
1557140 1832
1557150 1833
1557160 1833
1557170 1840
1557180 1850
1557190 1850
1557200 1859
1557210 1867
1557220 1867
1557230 1872
1557240 1875
1557250 1875
1557260 1879
1557270 1883
1557280 1883
1557290 1887
1557300 1889
1557310 1889
1557320 1894
1557330 1895
1557340 1895
1557350 1898
1557360 1906
1557370 1906
1557380 1912
1557390 1913
1557400 1913
1557410 1915
1557420 1918
1557430 1918
1557440 1924
1557450 1930
1557460 1930
1557470 1932
1557480 1936
1557490 1936
1557500 1941
1557510 1947
1557520 1947
1557530 1953
1557540 1958
1557550 1963
1557560 1963
1557570 1969
1557580 1984
1557590 1984
1557600 2007
1557610 2026
1557620 2026
1557630 2043
1557640 2054
1557650 2054
1557660 2064
1557670 2070
1557680 2070
1557690 2078
1557700 2086
1557710 2086
1557720 2095
1557730 2102
1557740 2102
1557750 2109
1557760 2117
1557770 2117
1557780 2127
1557790 2137
1557800 2137
1557810 2146
1557820 2154
1557830 2154
1557840 2165
1557850 2174
1557860 2174
1557870 2174
1557880 2159
1557890 2159
1557900 2139
1557910 2126
1557920 2126
1557930 2114
1557940 2103
1557950 2103
1557960 2094
1557970 2088
1557980 2088
1557990 2083
1558000 2077
1558010 2071
1558020 2071
1558030 2065
1558040 2058
1558050 2058
1558060 2053
1558070 2048
1558080 2048
1558090 2040
1558100 2030
1558110 2030
1558120 2021
1558130 2015
1558140 2015
1558150 2010
1558160 2005
1558170 2005
1558180 2002
1558190 1998
1558200 1998
1558210 1995
1558220 1992
1558230 1992
1558240 1987
1558250 1983
1558260 1983
1558270 1979
1558280 1977
1558290 1977
1558300 1974
1558310 1969
1558320 1969
1558330 1964
1558340 1959
1558350 1959
1558360 1957
1558370 1956
1558380 1956
1558390 1956
1558400 1954
1558410 1954
1558420 1953
1558430 1953
1558440 1953
1558450 1952
1558460 1950
1558470 1949
1558480 1949
1558490 1948
1558500 1946
1558510 1946
1558520 1944
1558530 1943
1558540 1943
1558550 1942
1558560 1940
1558570 1940
1558580 1936
1558590 1932
1558600 1932
1558610 1929
1558620 1934
1558630 1934
1558640 1937
1558650 1938
1558660 1938
1558670 1937
1558680 1936
1558690 1936
1558700 1934
1558710 1933
1558720 1933
1558730 1933
1558740 1931
1558750 1931
1558760 1928
1558770 1927
1558780 1927
1558790 1926
1558800 1924
1558810 1924
1558820 1924
1558830 1922
1558840 1922
1558850 1918
1558860 1915
1558870 1915
1558880 1908
1558890 1902
1558900 1899
1558910 1899
1558920 1894
1558930 1889
1558940 1889
1558950 1885
1558960 1880
1558970 1880
1558980 1879
1558990 1879
1559000 1879
1559010 1878
1559020 1874
1559030 1874
1559040 1869
1559050 1867
1559060 1867
1559070 1862
1559080 1854
1559090 1854
1559100 1848
1559110 1843
1559120 1843
1559130 1839
1559140 1836
1559150 1836
1559160 1831
1559170 1825
1559180 1825
1559190 1823
1559200 1823
1559210 1823
1559220 1826
1559230 1825
1559240 1825
1559250 1821
1559260 1817
1559270 1817
1559280 1812
1559290 1809
1559300 1809
1559310 1805
1559320 1804
1559330 1804
1559340 1802
1559350 1799
1559360 1797
1559370 1797
1559380 1795
1559390 1796
1559400 1796
1559410 1796
1559420 1795
1559430 1795
1559440 1788
1559450 1783
1559460 1783
1559470 1781
1559480 1777
1559490 1777
1559500 1771
1559510 1766
1559520 1766
1559530 1763
1559540 1760
1559550 1760
1559560 1760
1559570 1758
1559580 1758
1559590 1758
1559600 1757
1559610 1757
1559620 1756
1559630 1755
1559640 1755
1559650 1759
1559660 1763
1559670 1763
1559680 1766
1559690 1768
1559700 1768
1559710 1768
1559720 1770
1559730 1770
1559740 1769
1559750 1769
1559760 1769
1559770 1770
1559780 1771
1559790 1771
1559800 1773
1559810 1774
1559820 1775
1559830 1775
1559840 1777
1559850 1776
1559860 1776
1559870 1777
1559880 1779
1559890 1779
1559900 1784
1559910 1789
1559920 1789
1559930 1795
1559940 1801
1559950 1801
1559960 1805
1559970 1807
1559980 1807
1559990 1807
