1540000 1674
1540010 1675
1540020 1675
1540030 1674
1540040 1669
1540050 1669
1540060 1664
1540070 1658
1540080 1658
1540090 1652
1540100 1647
1540110 1647
1540120 1644
1540130 1641
1540140 1641
1540150 1639
1540160 1636
1540170 1636
1540180 1634
1540190 1629
1540200 1629
1540210 1623
1540220 1620
1540230 1618
1540240 1618
1540250 1615
1540260 1612
1540270 1612
1540280 1608
1540290 1605
1540300 1605
1540310 1603
1540320 1603
1540330 1603
1540340 1603
1540350 1604
1540360 1604
1540370 1607
1540380 1610
1540390 1610
1540400 1614
1540410 1618
1540420 1618
1540430 1621
1540440 1621
1540450 1621
1540460 1620
1540470 1615
1540480 1615
1540490 1609
1540500 1600
1540510 1600
1540520 1592
1540530 1584
1540540 1584
1540550 1571
1540560 1555
1540570 1555
1540580 1543
1540590 1532
1540600 1532
1540610 1524
1540620 1517
1540630 1517
1540640 1511
1540650 1506
1540660 1506
1540670 1503
1540680 1500
1540690 1500
1540700 1497
1540710 1496
1540720 1498
1540730 1498
1540740 1501
1540750 1503
1540760 1503
1540770 1499
1540780 1488
1540790 1488
1540800 1476
1540810 1465
1540820 1465
1540830 1456
1540840 1447
1540850 1447
1540860 1438
1540870 1430
1540880 1430
1540890 1421
1540900 1412
1540910 1412
1540920 1404
1540930 1398
1540940 1398
1540950 1393
1540960 1389
1540970 1389
1540980 1386
1540990 1382
1541000 1382
1541010 1380
1541020 1383
1541030 1383
1541040 1386
1541050 1387
1541060 1387
1541070 1387
1541080 1387
1541090 1387
1541100 1386
1541110 1384
1541120 1384
1541130 1382
1541140 1382
1541150 1382
1541160 1384
1541170 1386
1541180 1385
1541190 1385
1541200 1384
1541210 1384
1541220 1378
1541230 1381
1541240 1380
1541250 1380
1541260 1377
1541270 1376
1541280 1376
1541290 1373
1541300 1366
1541310 1366
1541320 1364
1541330 1367
1541340 1367
1541350 1369
1541360 1369
1541370 1369
1541380 1367
1541390 1366
1541400 1366
1541410 1369
1541420 1371
1541430 1371
1541440 1370
1541450 1368
1541460 1368
1541470 1369
1541480 1371
1541490 1371
1541500 1369
1541510 1370
1541520 1370
1541530 1372
1541540 1371
1541550 1371
1541560 1370
1541570 1369
1541580 1369
1541590 1367
1541600 1367
1541610 1367
1541620 1369
1541630 1372
1541640 1372
1541650 1378
1541660 1382
1541670 1385
1541680 1385
1541690 1387
1541700 1387
1541710 1387
1541720 1383
1541730 1379
1541740 1379
1541750 1375
1541760 1369
1541770 1369
1541780 1367
1541790 1363
1541800 1363
1541810 1359
1541820 1355
1541830 1355
1541840 1352
1541850 1350
1541860 1350
1541870 1348
1541880 1347
1541890 1347
1541900 1347
1541910 1346
1541920 1346
1541930 1347
1541940 1348
1541950 1348
1541960 1349
1541970 1349
1541980 1349
1541990 1350
1542000 1350
1542010 1350
1542020 1350
1542030 1350
1542040 1350
1542050 1352
1542060 1355
1542070 1355
1542080 1355
1542090 1352
1542100 1352
1542110 1347
1542120 1342
1542130 1342
1542140 1337
1542150 1335
1542160 1335
1542170 1335
1542180 1340
1542190 1344
1542200 1344
1542210 1346
1542220 1347
1542230 1347
1542240 1348
1542250 1347
1542260 1347
1542270 1346
1542280 1346
1542290 1346
1542300 1347
1542310 1350
1542320 1350
1542330 1354
1542340 1359
1542350 1359
1542360 1364
1542370 1369
1542380 1369
1542390 1373
1542400 1376
1542410 1376
1542420 1378
1542430 1384
1542440 1384
1542450 1388
1542460 1394
1542470 1394
1542480 1400
1542490 1406
1542500 1406
1542510 1412
1542520 1419
1542530 1419
1542540 1426
1542550 1435
1542560 1435
1542570 1443
1542580 1451
1542590 1451
1542600 1459
1542610 1466
1542620 1472
1542630 1472
1542640 1479
1542650 1485
1542660 1485
1542670 1492
1542680 1498
1542690 1498
1542700 1505
1542710 1512
1542720 1512
1542730 1520
1542740 1529
1542750 1529
1542760 1537
1542770 1545
1542780 1545
1542790 1558
1542800 1574
1542810 1574
1542820 1583
1542830 1593
1542840 1593
1542850 1603
1542860 1611
1542870 1611
1542880 1620
1542890 1627
1542900 1627
1542910 1636
1542920 1646
1542930 1646
1542940 1659
1542950 1668
1542960 1668
1542970 1674
1542980 1679
1542990 1679
1543000 1686
1543010 1693
1543020 1693
1543030 1688
1543040 1680
1543050 1680
1543060 1672
1543070 1664
1543080 1664
1543090 1657
1543100 1652
1543110 1645
1543120 1645
1543130 1640
1543140 1636
1543150 1636
1543160 1633
1543170 1632
1543180 1632
1543190 1631
1543200 1631
1543210 1631
1543220 1629
1543230 1628
1543240 1628
1543250 1626
1543260 1624
1543270 1624
1543280 1622
1543290 1619
1543300 1619
1543310 1616
1543320 1613
1543330 1613
1543340 1610
1543350 1610
1543360 1610
1543370 1610
1543380 1609
1543390 1609
1543400 1607
1543410 1606
1543420 1606
1543430 1605
1543440 1601
1543450 1601
1543460 1599
1543470 1598
1543480 1598
1543490 1596
1543500 1594
1543510 1594
1543520 1591
1543530 1586
1543540 1586
1543550 1580
1543560 1572
1543570 1562
1543580 1562
1543590 1551
1543600 1541
1543610 1541
1543620 1535
1543630 1529
1543640 1529
1543650 1524
1543660 1521
1543670 1521
1543680 1519
1543690 1518
1543700 1518
1543710 1519
1543720 1522
1543730 1522
1543740 1524
1543750 1527
1543760 1527
1543770 1529
1543780 1530
1543790 1530
1543800 1532
1543810 1535
1543820 1535
1543830 1540
1543840 1543
1543850 1543
1543860 1547
1543870 1550
1543880 1550
1543890 1550
1543900 1551
1543910 1551
1543920 1550
1543930 1547
1543940 1547
1543950 1547
1543960 1547
1543970 1547
1543980 1548
1543990 1548
1544000 1548
1544010 1547
1544020 1546
1544030 1546
1544040 1548
1544050 1549
1544060 1550
1544070 1550
1544080 1551
1544090 1552
1544100 1552
1544110 1550
1544120 1549
1544130 1549
1544140 1547
1544150 1544
1544160 1544
1544170 1541
1544180 1539
1544190 1539
1544200 1538
1544210 1537
1544220 1537
1544230 1536
1544240 1534
1544250 1534
1544260 1532
1544270 1530
1544280 1530
1544290 1531
1544300 1532
1544310 1532
1544320 1533
1544330 1533
1544340 1533
1544350 1531
1544360 1530
1544370 1530
1544380 1528
1544390 1526
1544400 1526
1544410 1525
1544420 1526
1544430 1526
1544440 1528
1544450 1530
1544460 1530
1544470 1535
1544480 1544
1544490 1544
1544500 1546
1544510 1535
1544520 1531
1544530 1531
1544540 1538
1544550 1549
1544560 1549
1544570 1556
1544580 1558
1544590 1558
1544600 1552
1544610 1550
1544620 1550
1544630 1551
1544640 1546
1544650 1546
1544660 1542
1544670 1539
1544680 1539
1544690 1541
1544700 1545
1544710 1545
1544720 1544
1544730 1541
1544740 1541
1544750 1539
1544760 1536
1544770 1536
1544780 1536
1544790 1540
1544800 1540
1544810 1542
1544820 1536
1544830 1536
1544840 1527
1544850 1522
1544860 1522
1544870 1526
1544880 1530
1544890 1530
1544900 1529
1544910 1528
1544920 1528
1544930 1529
1544940 1531
1544950 1531
1544960 1532
1544970 1533
1544980 1533
1544990 1535
1545000 1535
1545010 1537
1545020 1537
1545030 1541
1545040 1544
1545050 1544
1545060 1545
1545070 1547
1545080 1547
1545090 1550
1545100 1552
1545110 1552
1545120 1551
1545130 1553
1545140 1553
1545150 1555
1545160 1542
1545170 1542
1545180 1516
1545190 1500
1545200 1500
1545210 1493
1545220 1487
1545230 1487
1545240 1482
1545250 1476
1545260 1476
1545270 1471
1545280 1467
1545290 1467
1545300 1464
1545310 1459
1545320 1459
1545330 1455
1545340 1451
1545350 1451
1545360 1447
1545370 1444
1545380 1444
1545390 1441
1545400 1438
1545410 1438
1545420 1437
1545430 1438
1545440 1438
1545450 1439
1545460 1439
1545470 1439
1545480 1439
1545490 1438
1545500 1437
1545510 1437
1545520 1436
1545530 1434
1545540 1434
1545550 1432
1545560 1433
1545570 1433
1545580 1429
1545590 1433
1545600 1433
1545610 1436
1545620 1437
1545630 1437
1545640 1434
1545650 1432
1545660 1432
1545670 1431
1545680 1430
1545690 1430
1545700 1429
1545710 1428
1545720 1428
1545730 1427
1545740 1425
1545750 1425
1545760 1424
1545770 1424
1545780 1424
1545790 1424
1545800 1424
1545810 1424
1545820 1421
1545830 1420
1545840 1420
1545850 1424
1545860 1426
1545870 1426
1545880 1430
1545890 1435
1545900 1435
1545910 1443
1545920 1456
1545930 1456
1545940 1465
1545950 1470
1545960 1472
1545970 1472
1545980 1471
1545990 1472
1546000 1472
1546010 1473
1546020 1473
1546030 1473
1546040 1473
1546050 1469
1546060 1469
1546070 1465
1546080 1461
1546090 1461
1546100 1458
1546110 1454
1546120 1454
1546130 1451
1546140 1448
1546150 1448
1546160 1446
1546170 1448
1546180 1448
1546190 1448
1546200 1445
1546210 1445
1546220 1440
1546230 1439
1546240 1439
1546250 1438
1546260 1435
1546270 1435
1546280 1433
1546290 1436
1546300 1436
1546310 1439
1546320 1444
1546330 1444
1546340 1449
1546350 1449
1546360 1449
1546370 1444
1546380 1437
1546390 1437
1546400 1431
1546410 1429
1546420 1429
1546430 1430
1546440 1426
1546450 1419
1546460 1419
1546470 1415
1546480 1403
1546490 1403
1546500 1385
1546510 1370
1546520 1370
1546530 1362
1546540 1329
1546550 1329
1546560 1236
1546570 1160
1546580 1160
1546590 1155
1546600 1149
1546610 1149
1546620 1141
1546630 1133
1546640 1133
1546650 1123
1546660 1115
1546670 1115
1546680 1114
1546690 1113
1546700 1113
1546710 1113
1546720 1112
1546730 1112
1546740 1110
1546750 1110
1546760 1110
1546770 1108
1546780 1105
1546790 1105
1546800 1102
1546810 1100
1546820 1100
1546830 1097
1546840 1096
1546850 1096
1546860 1094
1546870 1090
1546880 1090
1546890 1087
1546900 1085
1546910 1083
1546920 1083
1546930 1080
1546940 1078
1546950 1078
1546960 1076
1546970 1074
1546980 1074
1546990 1072
1547000 1070
1547010 1070
1547020 1068
1547030 1065
1547040 1065
1547050 1063
1547060 1060
1547070 1060
1547080 1058
1547090 1056
1547100 1056
1547110 1054
1547120 1053
1547130 1053
1547140 1052
1547150 1051
1547160 1051
1547170 1051
1547180 1051
1547190 1051
1547200 1051
1547210 1052
1547220 1052
1547230 1052
1547240 1052
1547250 1052
1547260 1052
1547270 1053
1547280 1053
1547290 1055
1547300 1056
1547310 1056
1547320 1057
1547330 1057
1547340 1057
1547350 1058
1547360 1059
1547370 1059
1547380 1060
1547390 1061
1547400 1062
1547410 1062
1547420 1062
1547430 1062
1547440 1062
1547450 1064
1547460 1064
1547470 1064
1547480 1065
1547490 1065
1547500 1065
1547510 1066
1547520 1067
1547530 1067
1547540 1068
1547550 1071
1547560 1071
1547570 1075
1547580 1081
1547590 1081
1547600 1087
1547610 1092
1547620 1092
1547630 1099
1547640 1105
1547650 1106
1547660 1112
1547670 1118
1547680 1118
1547690 1125
1547700 1132
1547710 1132
1547720 1139
1547730 1145
1547740 1145
1547750 1149
1547760 1150
1547770 1150
1547780 1152
1547790 1155
1547800 1155
1547810 1158
1547820 1159
1547830 1159
1547840 1160
1547850 1161
1547860 1161
1547870 1165
1547880 1172
1547890 1178
1547900 1178
1547910 1185
1547920 1191
1547930 1191
1547940 1199
1547950 1207
1547960 1207
1547970 1213
1547980 1217
1547990 1217
1548000 1223
1548010 1229
1548020 1229
1548030 1235
1548040 1243
1548050 1243
1548060 1251
1548070 1256
1548080 1256
1548090 1260
1548100 1265
1548110 1265
1548120 1269
1548130 1273
1548140 1273
1548150 1277
1548160 1282
1548170 1282
1548180 1287
1548190 1292
1548200 1292
1548210 1298
1548220 1306
1548230 1306
1548240 1312
1548250 1317
1548260 1317
1548270 1321
1548280 1325
1548290 1325
1548300 1328
1548310 1330
1548320 1330
1548330 1331
1548340 1334
1548350 1337
1548360 1337
1548370 1342
1548380 1347
1548390 1347
1548400 1349
1548410 1350
1548420 1350
1548430 1351
1548440 1353
1548450 1353
1548460 1352
1548470 1351
1548480 1351
1548490 1350
1548500 1348
1548510 1348
1548520 1345
1548530 1341
1548540 1341
1548550 1338
1548560 1335
1548570 1335
1548580 1332
1548590 1331
1548600 1331
1548610 1330
1548620 1329
1548630 1329
1548640 1327
1548650 1326
1548660 1326
1548670 1325
1548680 1324
1548690 1324
1548700 1324
1548710 1323
1548720 1323
1548730 1323
1548740 1321
1548750 1321
1548760 1319
1548770 1316
1548780 1316
1548790 1312
1548800 1307
1548810 1307
1548820 1302
1548830 1296
1548840 1291
1548850 1291
1548860 1287
1548870 1285
1548880 1285
1548890 1282
1548900 1281
1548910 1281
1548920 1280
1548930 1279
1548940 1279
1548950 1277
1548960 1274
1548970 1274
1548980 1269
1548990 1263
1549000 1263
1549010 1256
1549020 1249
1549030 1249
1549040 1241
1549050 1233
1549060 1233
1549070 1226
1549080 1219
1549090 1219
1549100 1212
1549110 1205
1549120 1205
1549130 1198
1549140 1192
1549150 1192
1549160 1187
1549170 1183
1549180 1183
1549190 1180
1549200 1179
1549210 1179
1549220 1181
1549230 1182
1549240 1182
1549250 1182
1549260 1182
1549270 1182
1549280 1176
1549290 1166
1549300 1166
1549310 1159
1549320 1152
1549330 1146
1549340 1146
1549350 1140
1549360 1135
1549370 1135
1549380 1130
1549390 1123
1549400 1123
1549410 1115
1549420 1106
1549430 1106
1549440 1097
1549450 1089
1549460 1089
1549470 1080
1549480 1072
1549490 1072
1549500 1064
1549510 1056
1549520 1056
1549530 1047
1549540 1039
1549550 1039
1549560 1032
1549570 1025
1549580 1025
1549590 1019
1549600 1012
1549610 1012
1549620 1007
1549630 1003
1549640 1003
1549650 1006
1549660 1005
1549670 1005
1549680 1004
1549690 1001
1549700 1001
1549710 998
1549720 997
1549730 997
1549740 1000
1549750 1008
1549760 1008
1549770 1008
1549780 1001
1549790 995
1549800 995
1549810 987
1549820 977
1549830 977
1549840 970
1549850 965
1549860 965
1549870 960
1549880 957
1549890 957
1549900 961
1549910 966
1549920 966
1549930 969
1549940 969
1549950 969
1549960 965
1549970 961
1549980 961
1549990 958
1550000 953
1550010 953
1550020 946
1550030 943
1550040 943
1550050 940
1550060 935
1550070 935
1550080 928
1550090 920
1550100 920
1550110 914
1550120 908
1550130 908
1550140 903
1550150 896
1550160 896
1550170 889
1550180 883
1550190 883
1550200 877
1550210 872
1550220 872
1550230 868
1550240 866
1550250 866
1550260 863
1550270 858
1550280 852
1550290 852
1550300 846
1550310 840
1550320 840
1550330 835
1550340 830
1550350 830
1550360 827
1550370 826
1550380 826
1550390 822
1550400 817
1550410 817
1550420 811
1550430 806
1550440 806
1550450 800
1550460 794
1550470 794
1550480 789
1550490 783
1550500 783
1550510 779
1550520 773
1550530 773
1550540 767
1550550 762
1550560 762
1550570 757
1550580 753
1550590 753
1550600 749
1550610 744
1550620 744
1550630 741
1550640 738
1550650 738
1550660 735
1550670 731
1550680 731
1550690 727
1550700 722
1550710 722
1550720 718
1550730 714
1550740 710
1550750 710
1550760 706
1550770 700
1550780 700
1550790 696
1550800 688
1550810 688
1550820 679
1550830 671
1550840 671
1550850 665
1550860 661
1550870 661
1550880 659
1550890 655
1550900 655
1550910 650
1550920 645
1550930 645
1550940 641
1550950 639
1550960 639
1550970 637
1550980 636
1550990 636
1551000 636
1551010 635
1551020 635
1551030 633
1551040 633
1551050 633
1551060 634
1551070 634
1551080 634
1551090 634
1551100 634
1551110 634
1551120 635
1551130 635
1551140 635
1551150 635
1551160 635
1551170 635
1551180 635
1551190 635
1551200 635
1551210 635
1551220 635
1551230 634
1551240 634
1551250 634
1551260 634
1551270 634
1551280 634
1551290 634
1551300 634
1551310 635
1551320 635
1551330 635
1551340 635
1551350 635
1551360 635
1551370 636
1551380 636
1551390 636
1551400 636
1551410 636
1551420 636
1551430 636
1551440 637
1551450 637
1551460 637
1551470 637
1551480 637
1551490 637
1551500 637
1551510 637
1551520 637
1551530 638
1551540 638
1551550 638
1551560 639
1551570 639
1551580 639
1551590 640
1551600 639
1551610 638
1551620 638
1551630 638
1551640 639
1551650 639
1551660 639
1551670 639
1551680 639
1551690 639
1551700 638
1551710 638
1551720 637
1551730 637
1551740 637
1551750 636
1551760 636
1551770 636
1551780 636
1551790 636
1551800 636
1551810 636
1551820 636
1551830 636
1551840 636
1551850 636
1551860 635
1551870 634
1551880 634
1551890 633
1551900 633
1551910 633
1551920 632
1551930 631
1551940 631
1551950 630
1551960 629
1551970 629
1551980 628
1551990 627
1552000 627
1552010 626
1552020 625
1552030 625
1552040 624
1552050 623
1552060 623
1552070 623
1552080 624
1552090 624
1552100 624
1552110 624
1552120 624
1552130 624
1552140 625
1552150 625
1552160 624
1552170 624
1552180 624
1552190 624
1552200 625
1552210 627
1552220 627
1552230 629
1552240 633
1552250 633
1552260 636
1552270 639
1552280 639
1552290 643
1552300 646
1552310 646
1552320 649
1552330 652
1552340 652
1552350 654
1552360 657
1552370 657
1552380 658
1552390 661
1552400 661
1552410 662
1552420 661
1552430 661
1552440 660
1552450 662
1552460 662
1552470 664
1552480 667
1552490 667
1552500 669
1552510 673
1552520 673
1552530 678
1552540 682
1552550 682
1552560 685
1552570 689
1552580 689
1552590 694
1552600 699
1552610 699
1552620 699
1552630 698
1552640 698
1552650 701
1552660 705
1552670 709
1552680 709
1552690 713
1552700 716
1552710 716
1552720 718
1552730 720
1552740 720
1552750 720
1552760 720
1552770 720
1552780 718
1552790 714
1552800 714
1552810 716
1552820 720
1552830 720
1552840 718
1552850 717
1552860 717
1552870 717
1552880 717
1552890 717
1552900 716
1552910 713
1552920 713
1552930 708
1552940 703
1552950 703
1552960 703
1552970 704
1552980 704
1552990 701
1553000 705
1553010 705
1553020 713
1553030 718
1553040 718
1553050 719
1553060 719
1553070 719
1553080 719
1553090 719
1553100 719
1553110 717
1553120 715
1553130 715
1553140 713
1553150 712
1553160 709
1553170 709
1553180 705
1553190 698
1553200 698
1553210 690
1553220 687
1553230 687
1553240 688
1553250 687
1553260 687
1553270 683
1553280 679
1553290 679
1553300 676
1553310 673
1553320 673
1553330 670
1553340 667
1553350 667
1553360 666
1553370 663
1553380 663
1553390 657
1553400 653
1553410 653
1553420 649
1553430 646
1553440 646
1553450 646
1553460 645
1553470 645
1553480 643
1553490 643
1553500 643
1553510 644
1553520 644
1553530 644
1553540 644
1553550 645
1553560 645
1553570 646
1553580 646
1553590 646
1553600 646
1553610 646
1553620 646
1553630 646
1553640 647
1553650 647
1553660 647
1553670 647
1553680 647
1553690 647
1553700 648
1553710 648
1553720 648
1553730 646
1553740 646
1553750 646
1553760 645
1553770 644
1553780 644
1553790 644
1553800 645
1553810 645
1553820 646
1553830 646
1553840 646
1553850 646
1553860 645
1553870 645
1553880 644
1553890 645
1553900 645
1553910 646
1553920 646
1553930 646
1553940 645
1553950 646
1553960 646
1553970 646
1553980 647
1553990 647
1554000 647
1554010 647
1554020 647
1554030 648
1554040 648
1554050 648
1554060 648
1554070 649
1554080 649
1554090 649
1554100 650
1554110 651
1554120 651
1554130 651
1554140 652
1554150 652
1554160 653
1554170 654
1554180 654
1554190 654
1554200 654
1554210 654
1554220 654
1554230 655
1554240 655
1554250 655
1554260 656
1554270 656
1554280 656
1554290 657
1554300 657
1554310 657
1554320 658
1554330 658
1554340 658
1554350 659
1554360 659
1554370 659
1554380 660
1554390 660
1554400 661
1554410 661
1554420 661
1554430 662
1554440 663
1554450 663
1554460 663
1554470 664
1554480 664
1554490 665
1554500 665
1554510 665
1554520 666
1554530 667
1554540 667
1554550 668
1554560 668
1554570 669
1554580 669
1554590 670
1554600 670
1554610 670
1554620 671
1554630 671
1554640 671
1554650 672
1554660 672
1554670 672
1554680 673
1554690 673
1554700 673
1554710 674
1554720 675
1554730 675
1554740 676
1554750 676
1554760 676
1554770 677
1554780 678
1554790 678
1554800 679
1554810 679
1554820 679
1554830 680
1554840 680
1554850 680
1554860 681
1554870 681
1554880 681
1554890 682
1554900 682
1554910 682
1554920 682
1554930 683
1554940 683
1554950 683
1554960 684
1554970 684
1554980 685
1554990 686
1555000 686
1555010 687
1555020 688
1555030 688
1555040 689
1555050 691
1555060 692
1555070 692
1555080 693
1555090 694
1555100 694
1555110 695
1555120 696
1555130 696
1555140 697
1555150 698
1555160 698
1555170 699
1555180 701
1555190 701
1555200 701
1555210 702
1555220 702
1555230 703
1555240 704
1555250 704
1555260 706
1555270 708
1555280 708
1555290 709
1555300 710
1555310 710
1555320 714
1555330 715
1555340 715
1555350 717
1555360 718
1555370 718
1555380 719
1555390 721
1555400 721
1555410 723
1555420 727
1555430 727
1555440 732
1555450 738
1555460 738
1555470 743
1555480 748
1555490 748
1555500 753
1555510 760
1555520 760
1555530 767
1555540 773
1555550 777
1555560 777
1555570 783
1555580 787
1555590 787
1555600 793
1555610 798
1555620 798
1555630 803
1555640 807
1555650 807
1555660 813
1555670 818
1555680 818
1555690 823
1555700 828
1555710 828
1555720 833
1555730 836
1555740 836
1555750 839
1555760 843
1555770 843
1555780 850
1555790 856
1555800 856
1555810 863
1555820 870
1555830 870
1555840 878
1555850 885
1555860 885
1555870 891
1555880 895
1555890 895
1555900 896
1555910 899
1555920 899
1555930 899
1555940 898
1555950 898
1555960 899
1555970 900
1555980 900
1555990 902
1556000 905
1556010 908
1556020 908
1556030 909
1556040 916
1556050 916
1556060 927
1556070 939
1556080 939
1556090 947
1556100 949
1556110 949
1556120 952
1556130 958
1556140 958
1556150 965
1556160 972
1556170 972
1556180 978
1556190 985
1556200 985
1556210 991
1556220 997
1556230 997
1556240 1003
1556250 1008
1556260 1008
1556270 1013
1556280 1019
1556290 1019
1556300 1025
1556310 1032
1556320 1032
1556330 1034
1556340 1026
1556350 1026
1556360 1010
1556370 1000
1556380 1000
1556390 993
1556400 986
1556410 986
1556420 979
1556430 974
1556440 974
1556450 968
1556460 964
1556470 964
1556480 986
1556490 975
1556500 969
1556510 969
1556520 977
1556530 976
1556540 976
1556550 988
1556560 995
1556570 995
1556580 988
1556590 990
1556600 990
1556610 1006
1556620 1016
1556630 1016
1556640 1020
1556650 1027
1556660 1027
1556670 1035
1556680 1042
1556690 1042
1556700 1050
1556710 1058
1556720 1058
1556730 1066
1556740 1076
1556750 1076
1556760 1093
1556770 1109
1556780 1109
1556790 1121
1556800 1132
1556810 1132
1556820 1147
1556830 1161
1556840 1161
1556850 1171
1556860 1180
1556870 1180
1556880 1190
1556890 1201
1556900 1201
1556910 1210
1556920 1218
1556930 1218
1556940 1224
1556950 1237
1556960 1255
1556970 1255
1556980 1266
1556990 1278
1557000 1278
1557010 1290
1557020 1299
1557030 1299
1557040 1307
1557050 1316
1557060 1316
1557070 1327
1557080 1332
1557090 1332
1557100 1332
1557110 1332
1557120 1339
1557130 1340
1557140 1346
1557150 1346
1557160 1353
1557170 1360
1557180 1360
1557190 1366
1557200 1371
1557210 1371
1557220 1379
1557230 1386
1557240 1386
1557250 1388
1557260 1395
1557270 1395
1557280 1404
1557290 1409
1557300 1409
1557310 1416
1557320 1425
1557330 1425
1557340 1431
1557350 1432
1557360 1432
1557370 1431
1557380 1433
1557390 1433
1557400 1439
1557410 1441
1557420 1441
1557430 1445
1557440 1452
1557450 1455
1557460 1455
1557470 1457
1557480 1464
1557490 1464
1557500 1466
1557510 1461
1557520 1461
1557530 1460
1557540 1462
1557550 1462
1557560 1463
1557570 1463
1557580 1463
1557590 1463
1557600 1466
1557610 1466
1557620 1469
1557630 1472
1557640 1472
1557650 1474
1557660 1475
1557670 1475
1557680 1476
1557690 1478
1557700 1478
1557710 1480
1557720 1480
1557730 1480
1557740 1481
1557750 1481
1557760 1481
1557770 1482
1557780 1484
1557790 1484
1557800 1486
1557810 1487
1557820 1487
1557830 1491
1557840 1495
1557850 1495
1557860 1500
1557870 1504
1557880 1504
1557890 1508
1557900 1510
1557910 1510
1557920 1512
1557930 1514
1557940 1517
1557950 1517
1557960 1517
1557970 1514
1557980 1514
1557990 1511
1558000 1517
1558010 1517
1558020 1522
1558030 1525
1558040 1525
1558050 1526
1558060 1525
1558070 1525
1558080 1523
1558090 1523
1558100 1523
1558110 1528
1558120 1540
1558130 1540
1558140 1546
1558150 1552
1558160 1552
1558170 1559
1558180 1562
1558190 1562
1558200 1565
1558210 1568
1558220 1568
1558230 1571
1558240 1573
1558250 1573
1558260 1577
1558270 1583
1558280 1583
1558290 1590
1558300 1600
1558310 1600
1558320 1607
1558330 1611
1558340 1611
1558350 1614
1558360 1616
1558370 1616
1558380 1621
1558390 1628
1558400 1635
1558410 1635
1558420 1642
1558430 1648
1558440 1648
1558450 1654
1558460 1660
1558470 1660
1558480 1666
1558490 1672
1558500 1672
1558510 1677
1558520 1683
1558530 1683
1558540 1689
1558550 1696
1558560 1696
1558570 1702
1558580 1710
1558590 1710
1558600 1717
1558610 1723
1558620 1723
1558630 1729
1558640 1736
1558650 1736
1558660 1743
1558670 1750
1558680 1750
1558690 1759
1558700 1771
1558710 1771
1558720 1777
1558730 1786
1558740 1786
1558750 1810
1558760 1831
1558770 1831
1558780 1846
1558790 1853
1558800 1853
1558810 1855
1558820 1858
1558830 1858
1558840 1866
1558850 1877
1558860 1882
1558870 1889
1558880 1896
1558890 1903
1558900 1903
1558910 1908
1558920 1904
1558930 1904
1558940 1898
1558950 1893
1558960 1893
1558970 1889
1558980 1882
1558990 1882
1559000 1874
1559010 1865
1559020 1865
1559030 1853
1559040 1838
1559050 1838
1559060 1824
1559070 1819
1559080 1819
1559090 1813
1559100 1793
1559110 1793
1559120 1776
1559130 1764
1559140 1764
1559150 1742
1559160 1725
1559170 1725
1559180 1712
1559190 1700
1559200 1700
1559210 1692
1559220 1681
1559230 1681
1559240 1671
1559250 1661
1559260 1661
1559270 1650
1559280 1637
1559290 1637
1559300 1630
1559310 1625
1559320 1625
1559330 1619
1559340 1612
1559350 1612
1559360 1602
1559370 1593
1559380 1584
1559390 1584
1559400 1576
1559410 1566
1559420 1566
1559430 1556
1559440 1551
1559450 1551
1559460 1550
1559470 1548
1559480 1548
1559490 1544
1559500 1538
1559510 1538
1559520 1531
1559530 1525
1559540 1525
1559550 1519
1559560 1513
1559570 1513
1559580 1507
1559590 1502
1559600 1502
1559610 1496
1559620 1491
1559630 1491
1559640 1486
1559650 1481
1559660 1481
1559670 1476
1559680 1471
1559690 1471
1559700 1466
1559710 1461
1559720 1461
1559730 1457
1559740 1452
1559750 1452
1559760 1448
1559770 1443
1559780 1443
1559790 1438
1559800 1433
1559810 1433
1559820 1429
1559830 1426
1559840 1422
1559850 1422
1559860 1416
1559870 1408
1559880 1408
1559890 1401
1559900 1394
1559910 1394
1559920 1387
1559930 1381
1559940 1381
1559950 1375
1559960 1368
1559970 1368
1559980 1361
1559990 1354
