1540000 1096
1540010 1087
1540020 1079
1540030 1079
1540040 1070
1540050 1061
1540060 1061
1540070 1054
1540080 1047
1540090 1047
1540100 1040
1540110 1033
1540120 1033
1540130 1028
1540140 1024
1540150 1024
1540160 1019
1540170 1006
1540180 1006
1540190 996
1540200 989
1540210 989
1540220 980
1540230 972
1540240 972
1540250 964
1540260 957
1540270 957
1540280 948
1540290 943
1540300 943
1540310 946
1540320 950
1540330 948
1540340 948
1540350 943
1540360 939
1540370 939
1540380 935
1540390 932
1540400 932
1540410 927
1540420 920
1540430 920
1540440 910
1540450 898
1540460 898
1540470 890
1540480 885
1540490 885
1540500 880
1540510 873
1540520 873
1540530 865
1540540 858
1540550 858
1540560 853
1540570 849
1540580 849
1540590 844
1540600 839
1540610 839
1540620 832
1540630 824
1540640 824
1540650 814
1540660 805
1540670 805
1540680 799
1540690 791
1540700 791
1540710 782
1540720 773
1540730 773
1540740 766
1540750 761
1540760 761
1540770 755
1540780 749
1540790 743
1540800 743
1540810 737
1540820 730
1540830 730
1540840 725
1540850 722
1540860 722
1540870 720
1540880 716
1540890 716
1540900 717
1540910 716
1540920 716
1540930 716
1540940 714
1540950 714
1540960 712
1540970 711
1540980 711
1540990 710
1541000 709
1541010 709
1541020 708
1541030 707
1541040 707
1541050 708
1541060 708
1541070 708
1541080 708
1541090 709
1541100 709
1541110 709
1541120 709
1541130 709
1541140 709
1541150 710
1541160 710
1541170 710
1541180 710
1541190 710
1541200 708
1541210 708
1541220 708
1541230 708
1541240 708
1541250 708
1541260 708
1541270 709
1541280 711
1541290 711
1541300 713
1541310 714
1541320 714
1541330 715
1541340 716
1541350 716
1541360 717
1541370 719
1541380 719
1541390 720
1541400 721
1541410 721
1541420 722
1541430 724
1541440 724
1541450 725
1541460 726
1541470 726
1541480 727
1541490 729
1541500 729
1541510 730
1541520 731
1541530 731
1541540 733
1541550 734
1541560 734
1541570 735
1541580 736
1541590 736
1541600 738
1541610 739
1541620 739
1541630 741
1541640 742
1541650 742
1541660 744
1541670 746
1541680 746
1541690 748
1541700 750
1541710 750
1541720 752
1541730 755
1541740 755
1541750 757
1541760 759
1541770 761
1541780 761
1541790 763
1541800 765
1541810 765
1541820 768
1541830 771
1541840 771
1541850 774
1541860 777
1541870 777
1541880 780
1541890 783
1541900 783
1541910 787
1541920 790
1541930 790
1541940 792
1541950 795
1541960 795
1541970 799
1541980 803
1541990 803
1542000 807
1542010 810
1542020 810
1542030 814
1542040 817
1542050 817
1542060 821
1542070 826
1542080 826
1542090 830
1542100 834
1542110 834
1542120 839
1542130 842
1542140 842
1542150 845
1542160 848
1542170 848
1542180 852
1542190 860
1542200 860
1542210 869
1542220 877
1542230 877
1542240 884
1542250 889
1542260 895
1542270 895
1542280 903
1542290 914
1542300 914
1542310 923
1542320 929
1542330 929
1542340 935
1542350 939
1542360 939
1542370 942
1542380 944
1542390 944
1542400 946
1542410 948
1542420 948
1542430 949
1542440 953
1542450 953
1542460 958
1542470 961
1542480 961
1542490 964
1542500 968
1542510 968
1542520 973
1542530 980
1542540 980
1542550 993
1542560 1010
1542570 1010
1542580 1025
1542590 1035
1542600 1035
1542610 1051
1542620 1068
1542630 1068
1542640 1083
1542650 1093
1542660 1093
1542670 1100
1542680 1102
1542690 1102
1542700 1108
1542710 1129
1542720 1129
1542730 1155
1542740 1162
1542750 1162
1542760 1162
1542770 1162
1542780 1170
1542790 1170
1542800 1180
1542810 1189
1542820 1189
1542830 1197
1542840 1204
1542850 1204
1542860 1211
1542870 1219
1542880 1219
1542890 1224
1542900 1225
1542910 1225
1542920 1229
1542930 1237
1542940 1237
1542950 1243
1542960 1247
1542970 1247
1542980 1252
1542990 1260
1543000 1260
1543010 1270
1543020 1279
1543030 1279
1543040 1285
1543050 1291
1543060 1291
1543070 1297
1543080 1302
1543090 1302
1543100 1304
1543110 1301
1543120 1297
1543130 1294
1543140 1291
1543150 1291
1543160 1288
1543170 1285
1543180 1285
1543190 1280
1543200 1273
1543210 1273
1543220 1266
1543230 1260
1543240 1254
1543250 1254
1543260 1250
1543270 1247
1543280 1247
1543290 1244
1543300 1241
1543310 1241
1543320 1241
1543330 1240
1543340 1240
1543350 1239
1543360 1238
1543370 1238
1543380 1239
1543390 1239
1543400 1239
1543410 1240
1543420 1240
1543430 1240
1543440 1240
1543450 1239
1543460 1239
1543470 1239
1543480 1238
1543490 1238
1543500 1237
1543510 1234
1543520 1234
1543530 1232
1543540 1230
1543550 1230
1543560 1228
1543570 1228
1543580 1228
1543590 1227
1543600 1226
1543610 1226
1543620 1226
1543630 1225
1543640 1225
1543650 1224
1543660 1224
1543670 1224
1543680 1225
1543690 1226
1543700 1226
1543710 1227
1543720 1228
1543730 1228
1543740 1228
1543750 1227
1543760 1226
1543770 1226
1543780 1226
1543790 1226
1543800 1226
1543810 1226
1543820 1227
1543830 1227
1543840 1229
1543850 1229
1543860 1229
1543870 1230
1543880 1231
1543890 1231
1543900 1232
1543910 1232
1543920 1232
1543930 1232
1543940 1232
1543950 1232
1543960 1232
1543970 1232
1543980 1232
1543990 1231
1544000 1231
1544010 1231
1544020 1230
1544030 1229
1544040 1229
1544050 1228
1544060 1227
1544070 1227
1544080 1226
1544090 1224
1544100 1224
1544110 1223
1544120 1221
1544130 1221
1544140 1220
1544150 1219
1544160 1219
1544170 1217
1544180 1215
1544190 1215
1544200 1213
1544210 1211
1544220 1209
1544230 1209
1544240 1206
1544250 1204
1544260 1204
1544270 1202
1544280 1200
1544290 1200
1544300 1197
1544310 1195
1544320 1195
1544330 1192
1544340 1189
1544350 1189
1544360 1185
1544370 1180
1544380 1180
1544390 1174
1544400 1167
1544410 1167
1544420 1160
1544430 1153
1544440 1153
1544450 1146
1544460 1139
1544470 1139
1544480 1132
1544490 1125
1544500 1125
1544510 1118
1544520 1112
1544530 1112
1544540 1105
1544550 1100
1544560 1100
1544570 1096
1544580 1092
1544590 1092
1544600 1087
1544610 1082
1544620 1082
1544630 1079
1544640 1075
1544650 1075
1544660 1071
1544670 1067
1544680 1067
1544690 1063
1544700 1060
1544710 1055
1544720 1055
1544730 1051
1544740 1047
1544750 1047
1544760 1044
1544770 1041
1544780 1041
1544790 1038
1544800 1034
1544810 1034
1544820 1030
1544830 1025
1544840 1025
1544850 1021
1544860 1017
1544870 1017
1544880 1013
1544890 1009
1544900 1009
1544910 1004
1544920 999
1544930 999
1544940 994
1544950 989
1544960 989
1544970 985
1544980 983
1544990 983
1545000 981
1545010 978
1545020 978
1545030 976
1545040 973
1545050 973
1545060 970
1545070 967
1545080 967
1545090 965
1545100 962
1545110 962
1545120 960
1545130 956
1545140 956
1545150 953
1545160 951
1545170 950
1545180 950
1545190 949
1545200 948
1545210 948
1545220 946
1545230 944
1545240 944
1545250 941
1545260 938
1545270 938
1545280 936
1545290 938
1545300 938
1545310 943
1545320 950
1545330 950
1545340 953
1545350 954
1545360 954
1545370 956
1545380 958
1545390 958
1545400 958
1545410 958
1545420 958
1545430 957
1545440 956
1545450 956
1545460 955
1545470 955
1545480 955
1545490 955
1545500 955
1545510 955
1545520 956
1545530 956
1545540 956
1545550 957
1545560 957
1545570 957
1545580 955
1545590 950
1545600 950
1545610 954
1545620 962
1545630 962
1545640 971
1545650 979
1545660 984
1545670 984
1545680 989
1545690 992
1545700 992
1545710 995
1545720 998
1545730 998
1545740 1001
1545750 1003
1545760 1003
1545770 1004
1545780 1003
1545790 1003
1545800 1005
1545810 1008
1545820 1008
1545830 1009
1545840 1009
1545850 1009
1545860 1009
1545870 1008
1545880 1008
1545890 1008
1545900 1008
1545910 1008
1545920 1006
1545930 1004
1545940 1004
1545950 1004
1545960 1005
1545970 1005
1545980 1006
1545990 1007
1546000 1007
1546010 1008
1546020 1011
1546030 1011
1546040 1015
1546050 1019
1546060 1019
1546070 1023
1546080 1026
1546090 1026
1546100 1028
1546110 1031
1546120 1031
1546130 1032
1546140 1032
1546150 1033
1546160 1033
1546170 1035
1546180 1037
1546190 1037
1546200 1039
1546210 1040
1546220 1040
1546230 1041
1546240 1043
1546250 1043
1546260 1045
1546270 1048
1546280 1048
1546290 1051
1546300 1053
1546310 1053
1546320 1056
1546330 1058
1546340 1058
1546350 1061
1546360 1064
1546370 1064
1546380 1068
1546390 1071
1546400 1071
1546410 1073
1546420 1076
1546430 1076
1546440 1081
1546450 1086
1546460 1086
1546470 1090
1546480 1095
1546490 1095
1546500 1099
1546510 1102
1546520 1102
1546530 1105
1546540 1106
1546550 1106
1546560 1106
1546570 1107
1546580 1107
1546590 1110
1546600 1115
1546610 1115
1546620 1118
1546630 1121
1546640 1124
1546650 1124
1546660 1128
1546670 1131
1546680 1131
1546690 1134
1546700 1136
1546710 1136
1546720 1138
1546730 1139
1546740 1139
1546750 1139
1546760 1139
1546770 1139
1546780 1139
1546790 1139
1546800 1139
1546810 1140
1546820 1141
1546830 1141
1546840 1142
1546850 1144
1546860 1144
1546870 1146
1546880 1147
1546890 1147
1546900 1149
1546910 1150
1546920 1150
1546930 1152
1546940 1152
1546950 1152
1546960 1151
1546970 1152
1546980 1152
1546990 1155
1547000 1160
1547010 1160
1547020 1165
1547030 1170
1547040 1170
1547050 1175
1547060 1181
1547070 1181
1547080 1186
1547090 1191
1547100 1191
1547110 1197
1547120 1202
1547130 1207
1547140 1207
1547150 1209
1547160 1208
1547170 1208
1547180 1205
1547190 1200
1547200 1200
1547210 1195
1547220 1190
1547230 1190
1547240 1186
1547250 1182
1547260 1182
1547270 1178
1547280 1172
1547290 1172
1547300 1170
1547310 1169
1547320 1169
1547330 1166
1547340 1161
1547350 1161
1547360 1161
1547370 1154
1547380 1154
1547390 1149
1547400 1144
1547410 1144
1547420 1138
1547430 1132
1547440 1132
1547450 1129
1547460 1126
1547470 1126
1547480 1122
1547490 1117
1547500 1117
1547510 1109
1547520 1101
1547530 1101
1547540 1094
1547550 1090
1547560 1090
1547570 1087
1547580 1088
1547590 1088
1547600 1086
1547610 1079
1547620 1075
1547630 1075
1547640 1072
1547650 1069
1547660 1069
1547670 1066
1547680 1063
1547690 1063
1547700 1061
1547710 1058
1547720 1058
1547730 1056
1547740 1052
1547750 1052
1547760 1044
1547770 1033
1547780 1033
1547790 1024
1547800 1014
1547810 1014
1547820 1005
1547830 997
1547840 997
1547850 989
1547860 981
1547870 981
1547880 975
1547890 971
1547900 971
1547910 968
1547920 965
1547930 965
1547940 961
1547950 956
1547960 956
1547970 950
1547980 943
1547990 943
1548000 936
1548010 929
1548020 929
1548030 921
1548040 913
1548050 913
1548060 906
1548070 899
1548080 899
1548090 891
1548100 884
1548110 875
1548120 875
1548130 867
1548140 861
1548150 861
1548160 858
1548170 857
1548180 857
1548190 853
1548200 849
1548210 849
1548220 846
1548230 843
1548240 843
1548250 839
1548260 836
1548270 836
1548280 833
1548290 831
1548300 831
1548310 828
1548320 824
1548330 824
1548340 820
1548350 818
1548360 818
1548370 815
1548380 813
1548390 813
1548400 811
1548410 808
1548420 808
1548430 806
1548440 803
1548450 803
1548460 800
1548470 798
1548480 798
1548490 795
1548500 792
1548510 792
1548520 789
1548530 786
1548540 786
1548550 783
1548560 780
1548570 780
1548580 778
1548590 777
1548600 776
1548610 776
1548620 775
1548630 774
1548640 774
1548650 773
1548660 773
1548670 773
1548680 771
1548690 771
1548700 771
1548710 770
1548720 769
1548730 769
1548740 767
1548750 763
1548760 763
1548770 757
1548780 752
1548790 752
1548800 748
1548810 745
1548820 745
1548830 740
1548840 733
1548850 733
1548860 730
1548870 730
1548880 730
1548890 730
1548900 731
1548910 731
1548920 735
1548930 740
1548940 740
1548950 744
1548960 749
1548970 749
1548980 754
1548990 758
1549000 758
1549010 762
1549020 770
1549030 770
1549040 777
1549050 782
1549060 782
1549070 785
1549080 789
1549090 793
1549100 793
1549110 798
1549120 803
1549130 803
1549140 808
1549150 814
1549160 814
1549170 821
1549180 827
1549190 827
1549200 832
1549210 837
1549220 837
1549230 843
1549240 850
1549250 850
1549260 856
1549270 860
1549280 860
1549290 861
1549300 859
1549310 859
1549320 862
1549330 870
1549340 870
1549350 876
1549360 878
1549370 878
1549380 882
1549390 887
1549400 887
1549410 891
1549420 894
1549430 894
1549440 897
1549450 900
1549460 900
1549470 903
1549480 905
1549490 905
1549500 905
1549510 901
1549520 901
1549530 898
1549540 900
1549550 900
1549560 905
1549570 909
1549580 913
1549590 913
1549600 917
1549610 920
1549620 920
1549630 923
1549640 926
1549650 926
1549660 929
1549670 930
1549680 930
1549690 931
1549700 931
1549710 931
1549720 930
1549730 929
1549740 929
1549750 930
1549760 934
1549770 934
1549780 937
1549790 940
1549800 940
1549810 943
1549820 942
1549830 942
1549840 938
1549850 937
1549860 937
1549870 940
1549880 945
1549890 945
1549900 949
1549910 954
1549920 954
1549930 959
1549940 963
1549950 963
1549960 967
1549970 969
1549980 969
1549990 969
1550000 967
1550010 967
1550020 965
1550030 965
1550040 965
1550050 964
1550060 964
1550070 964
1550080 964
1550090 964
1550100 964
1550110 964
1550120 964
1550130 963
1550140 963
1550150 962
1550160 962
1550170 962
1550180 962
1550190 962
1550200 962
1550210 962
1550220 962
1550230 962
1550240 961
1550250 961
1550260 961
1550270 962
1550280 963
1550290 963
1550300 965
1550310 967
1550320 967
1550330 969
1550340 970
1550350 970
1550360 972
1550370 973
1550380 973
1550390 975
1550400 976
1550410 976
1550420 977
1550430 977
1550440 977
1550450 977
1550460 976
1550470 976
1550480 975
1550490 974
1550500 974
1550510 972
1550520 969
1550530 966
1550540 966
1550550 963
1550560 962
1550570 962
1550580 959
1550590 957
1550600 957
1550610 956
1550620 955
1550630 955
1550640 954
1550650 952
1550660 952
1550670 950
1550680 949
1550690 949
1550700 948
1550710 947
1550720 947
1550730 946
1550740 945
1550750 945
1550760 944
1550770 943
1550780 943
1550790 941
1550800 939
1550810 939
1550820 938
1550830 937
1550840 937
1550850 936
1550860 935
1550870 935
1550880 933
1550890 932
1550900 932
1550910 930
1550920 929
1550930 929
1550940 927
1550950 926
1550960 926
1550970 924
1550980 922
1550990 922
1551000 920
1551010 919
1551020 917
1551030 917
1551040 915
1551050 916
1551060 916
1551070 917
1551080 915
1551090 915
1551100 913
1551110 912
1551120 912
1551130 911
1551140 908
1551150 908
1551160 905
1551170 905
1551180 905
1551190 905
1551200 907
1551210 907
1551220 909
1551230 910
1551240 910
1551250 911
1551260 909
1551270 909
1551280 906
1551290 904
1551300 904
1551310 906
1551320 905
1551330 905
1551340 903
1551350 903
1551360 903
1551370 900
1551380 894
1551390 894
1551400 888
1551410 884
1551420 884
1551430 881
1551440 877
1551450 877
1551460 872
1551470 868
1551480 868
1551490 865
1551500 861
1551510 856
1551520 856
1551530 852
1551540 846
1551550 846
1551560 843
1551570 841
1551580 841
1551590 838
1551600 835
1551610 835
1551620 829
1551630 823
1551640 823
1551650 817
1551660 812
1551670 812
1551680 807
1551690 803
1551700 803
1551710 800
1551720 796
1551730 796
1551740 793
1551750 790
1551760 790
1551770 787
1551780 784
1551790 784
1551800 781
1551810 776
1551820 776
1551830 775
1551840 773
1551850 773
1551860 768
1551870 763
1551880 763
1551890 758
1551900 754
1551910 754
1551920 751
1551930 747
1551940 747
1551950 744
1551960 740
1551970 740
1551980 737
1551990 732
1552000 728
1552010 728
1552020 722
1552030 716
1552040 716
1552050 710
1552060 705
1552070 705
1552080 699
1552090 695
1552100 695
1552110 690
1552120 685
1552130 685
1552140 680
1552150 674
1552160 674
1552170 669
1552180 663
1552190 663
1552200 657
1552210 652
1552220 652
1552230 647
1552240 642
1552250 642
1552260 638
1552270 634
1552280 634
1552290 630
1552300 627
1552310 627
1552320 623
1552330 619
1552340 619
1552350 614
1552360 612
1552370 612
1552380 612
1552390 612
1552400 612
1552410 612
1552420 611
1552430 611
1552440 611
1552450 610
1552460 610
1552470 610
1552480 610
1552490 610
1552500 610
1552510 610
1552520 609
1552530 609
1552540 609
1552550 609
1552560 609
1552570 609
1552580 609
1552590 609
1552600 608
1552610 608
1552620 608
1552630 608
1552640 608
1552650 608
1552660 607
1552670 607
1552680 607
1552690 607
1552700 606
1552710 606
1552720 606
1552730 606
1552740 606
1552750 606
1552760 606
1552770 606
1552780 605
1552790 605
1552800 605
1552810 605
1552820 605
1552830 605
1552840 604
1552850 604
1552860 604
1552870 604
1552880 604
1552890 604
1552900 604
1552910 603
1552920 603
1552930 603
1552940 603
1552950 603
1552960 603
1552970 603
1552980 603
1552990 603
1553000 602
1553010 602
1553020 602
1553030 602
1553040 602
1553050 602
1553060 602
1553070 602
1553080 602
1553090 601
1553100 601
1553110 601
1553120 600
1553130 600
1553140 600
1553150 600
1553160 600
1553170 600
1553180 599
1553190 599
1553200 599
1553210 599
1553220 599
1553230 599
1553240 598
1553250 598
1553260 598
1553270 598
1553280 597
1553290 597
1553300 597
1553310 597
1553320 597
1553330 596
1553340 596
1553350 596
1553360 596
1553370 595
1553380 595
1553390 595
1553400 595
1553410 595
1553420 594
1553430 594
1553440 594
1553450 594
1553460 594
1553470 593
1553480 593
1553490 593
1553500 593
1553510 593
1553520 594
1553530 593
1553540 593
1553550 593
1553560 594
1553570 594
1553580 594
1553590 594
1553600 594
1553610 594
1553620 594
1553630 594
1553640 594
1553650 594
1553660 594
1553670 594
1553680 594
1553690 594
1553700 594
1553710 596
1553720 596
1553730 599
1553740 602
1553750 602
1553760 605
1553770 609
1553780 609
1553790 612
1553800 616
1553810 616
1553820 620
1553830 624
1553840 624
1553850 628
1553860 631
1553870 631
1553880 634
1553890 636
1553900 636
1553910 639
1553920 642
1553930 642
1553940 645
1553950 648
1553960 651
1553970 651
1553980 654
1553990 657
1554000 657
1554010 659
1554020 661
1554030 661
1554040 663
1554050 667
1554060 667
1554070 675
1554080 687
1554090 687
1554100 704
1554110 720
1554120 720
1554130 736
1554140 750
1554150 750
1554160 764
1554170 778
1554180 778
1554190 789
1554200 803
1554210 803
1554220 816
1554230 830
1554240 830
1554250 837
1554260 832
1554270 832
1554280 826
1554290 833
1554300 833
1554310 844
1554320 844
1554330 844
1554340 842
1554350 842
1554360 842
1554370 840
1554380 834
1554390 834
1554400 831
1554410 829
1554420 829
1554430 825
1554440 825
1554450 831
1554460 831
1554470 834
1554480 835
1554490 835
1554500 838
1554510 842
1554520 842
1554530 847
1554540 856
1554550 856
1554560 864
1554570 873
1554580 873
1554590 880
1554600 887
1554610 887
1554620 893
1554630 899
1554640 899
1554650 905
1554660 921
1554670 921
1554680 939
1554690 959
1554700 959
1554710 975
1554720 980
1554730 980
1554740 983
1554750 992
1554760 992
1554770 1004
1554780 1009
1554790 1009
1554800 1018
1554810 1028
1554820 1028
1554830 1046
1554840 1064
1554850 1064
1554860 1077
1554870 1088
1554880 1088
1554890 1095
1554900 1100
1554910 1100
1554920 1103
1554930 1105
1554940 1106
1554950 1106
1554960 1106
1554970 1104
1554980 1104
1554990 1098
1555000 1095
1555010 1095
1555020 1095
1555030 1096
1555040 1096
1555050 1109
1555060 1118
1555070 1118
1555080 1143
1555090 1169
1555100 1169
1555110 1184
1555120 1191
1555130 1191
1555140 1196
1555150 1198
1555160 1198
1555170 1195
1555180 1192
1555190 1192
1555200 1190
1555210 1188
1555220 1188
1555230 1189
1555240 1192
1555250 1192
1555260 1198
1555270 1205
1555280 1205
1555290 1210
1555300 1210
1555310 1210
1555320 1210
1555330 1211
1555340 1211
1555350 1215
1555360 1219
1555370 1219
1555380 1225
1555390 1231
1555400 1231
1555410 1237
1555420 1243
1555430 1249
1555440 1249
1555450 1255
1555460 1260
1555470 1260
1555480 1263
1555490 1264
1555500 1264
1555510 1264
1555520 1264
1555530 1264
1555540 1263
1555550 1264
1555560 1264
1555570 1264
1555580 1264
1555590 1264
1555600 1263
1555610 1260
1555620 1260
1555630 1257
1555640 1253
1555650 1253
1555660 1249
1555670 1245
1555680 1245
1555690 1242
1555700 1239
1555710 1239
1555720 1236
1555730 1232
1555740 1232
1555750 1228
1555760 1225
1555770 1225
1555780 1221
1555790 1218
1555800 1218
1555810 1215
1555820 1214
1555830 1214
1555840 1213
1555850 1213
1555860 1213
1555870 1213
1555880 1212
1555890 1212
1555900 1211
1555910 1208
1555920 1206
1555930 1206
1555940 1203
1555950 1199
1555960 1199
1555970 1196
1555980 1194
1555990 1194
1556000 1190
1556010 1187
1556020 1187
1556030 1184
1556040 1182
1556050 1182
1556060 1180
1556070 1178
1556080 1178
1556090 1177
1556100 1174
1556110 1174
1556120 1174
1556130 1173
1556140 1173
1556150 1176
1556160 1181
1556170 1181
1556180 1185
1556190 1189
1556200 1189
1556210 1191
1556220 1193
1556230 1193
1556240 1196
1556250 1204
1556260 1204
1556270 1212
1556280 1219
1556290 1219
1556300 1225
1556310 1231
1556320 1231
1556330 1239
1556340 1247
1556350 1247
1556360 1256
1556370 1262
1556380 1262
1556390 1268
1556400 1276
1556410 1283
1556420 1283
1556430 1291
1556440 1298
1556450 1298
1556460 1309
1556470 1320
1556480 1320
1556490 1328
1556500 1336
1556510 1336
1556520 1346
1556530 1356
1556540 1356
1556550 1377
1556560 1401
1556570 1401
1556580 1420
1556590 1442
1556600 1442
1556610 1462
1556620 1469
1556630 1469
1556640 1468
1556650 1466
1556660 1466
1556670 1464
1556680 1463
1556690 1463
1556700 1461
1556710 1457
1556720 1457
1556730 1450
1556740 1443
1556750 1443
1556760 1437
1556770 1434
1556780 1434
1556790 1430
1556800 1427
1556810 1427
1556820 1427
1556830 1426
1556840 1426
1556850 1402
1556860 1395
1556870 1388
1556880 1388
1556890 1385
1556900 1386
1556910 1386
1556920 1388
1556930 1393
1556940 1393
1556950 1414
1556960 1414
1556970 1414
1556980 1396
1556990 1384
1557000 1384
1557010 1373
1557020 1364
1557030 1364
1557040 1356
1557050 1350
1557060 1350
1557070 1343
1557080 1333
1557090 1333
1557100 1329
1557110 1330
1557120 1330
1557130 1331
1557140 1331
1557150 1331
1557160 1333
1557170 1335
1557180 1335
1557190 1332
1557200 1330
1557210 1330
1557220 1331
1557230 1334
1557240 1334
1557250 1335
1557260 1337
1557270 1337
1557280 1339
1557290 1342
1557300 1342
1557310 1345
1557320 1349
1557330 1349
1557340 1354
1557350 1359
1557360 1364
1557370 1364
1557380 1370
1557390 1380
1557400 1380
1557410 1386
1557420 1393
1557430 1393
1557440 1401
1557450 1409
1557460 1409
1557470 1417
1557480 1423
1557490 1423
1557500 1423
1557510 1429
1557520 1429
1557530 1433
1557540 1436
1557550 1436
1557560 1440
1557570 1439
1557580 1439
1557590 1438
1557600 1429
1557610 1429
1557620 1424
1557630 1430
1557640 1430
1557650 1438
1557660 1445
1557670 1445
1557680 1448
1557690 1455
1557700 1455
1557710 1462
1557720 1466
1557730 1466
1557740 1469
1557750 1472
1557760 1472
1557770 1476
1557780 1482
1557790 1482
1557800 1490
1557810 1499
1557820 1499
1557830 1508
1557840 1514
1557850 1519
1557860 1519
1557870 1524
1557880 1531
1557890 1531
1557900 1537
1557910 1543
1557920 1543
1557930 1550
1557940 1559
1557950 1559
1557960 1569
1557970 1580
1557980 1580
1557990 1588
1558000 1595
1558010 1595
1558020 1602
1558030 1607
1558040 1607
1558050 1610
1558060 1614
1558070 1614
1558080 1619
1558090 1624
1558100 1624
1558110 1628
1558120 1632
1558130 1632
1558140 1635
1558150 1640
1558160 1640
1558170 1644
1558180 1649
1558190 1649
1558200 1653
1558210 1658
1558220 1658
1558230 1662
1558240 1666
1558250 1666
1558260 1670
1558270 1669
1558280 1669
1558290 1656
1558300 1640
1558310 1640
1558320 1622
1558330 1603
1558340 1588
1558350 1588
1558360 1580
1558370 1574
1558380 1574
1558390 1568
1558400 1564
1558410 1564
1558420 1560
1558430 1559
1558440 1559
1558450 1564
1558460 1580
1558470 1580
1558480 1595
1558490 1607
1558500 1607
1558510 1618
1558520 1626
1558530 1626
1558540 1632
1558550 1633
1558560 1633
1558570 1628
1558580 1617
1558590 1617
1558600 1595
1558610 1573
1558620 1573
1558630 1560
1558640 1553
1558650 1553
1558660 1546
1558670 1539
1558680 1539
1558690 1531
1558700 1523
1558710 1523
1558720 1516
1558730 1509
1558740 1509
1558750 1502
1558760 1495
1558770 1495
1558780 1489
1558790 1482
1558800 1482
1558810 1477
1558820 1472
1558830 1466
1558840 1466
1558850 1460
1558860 1453
1558870 1453
1558880 1447
1558890 1438
1558900 1438
1558910 1430
1558920 1422
1558930 1422
1558940 1415
1558950 1408
1558960 1408
1558970 1402
1558980 1396
1558990 1396
1559000 1391
1559010 1386
1559020 1386
1559030 1382
1559040 1378
1559050 1378
1559060 1375
1559070 1372
1559080 1372
1559090 1369
1559100 1365
1559110 1365
1559120 1360
1559130 1357
1559140 1357
1559150 1352
1559160 1347
1559170 1347
1559180 1342
1559190 1337
1559200 1337
1559210 1332
1559220 1328
1559230 1328
1559240 1324
1559250 1318
1559260 1318
1559270 1315
1559280 1310
1559290 1310
1559300 1304
1559310 1297
1559320 1289
1559330 1289
1559340 1280
1559350 1271
1559360 1271
1559370 1263
1559380 1258
1559390 1258
1559400 1253
1559410 1248
1559420 1248
1559430 1244
1559440 1239
1559450 1239
1559460 1234
1559470 1228
1559480 1228
1559490 1222
1559500 1215
1559510 1215
1559520 1209
1559530 1203
1559540 1203
1559550 1198
1559560 1193
1559570 1193
1559580 1188
1559590 1183
1559600 1183
1559610 1176
1559620 1172
1559630 1172
1559640 1169
1559650 1166
1559660 1166
1559670 1162
1559680 1158
1559690 1158
1559700 1147
1559710 1135
1559720 1135
1559730 1125
1559740 1117
1559750 1117
1559760 1105
1559770 1077
1559780 1077
1559790 1053
1559800 1039
1559810 1025
1559820 1025
1559830 1020
1559840 1027
1559850 1027
1559860 1033
1559870 1040
1559880 1040
1559890 1053
1559900 1067
1559910 1067
1559920 1075
1559930 1080
1559940 1080
1559950 1084
1559960 1086
1559970 1086
1559980 1079
1559990 1060
