1540000 649
1540010 649
1540020 649
1540030 649
1540040 649
1540050 649
1540060 649
1540070 649
1540080 649
1540090 649
1540100 649
1540110 649
1540120 649
1540130 649
1540140 649
1540150 649
1540160 649
1540170 649
1540180 649
1540190 649
1540200 649
1540210 649
1540220 649
1540230 649
1540240 649
1540250 649
1540260 649
1540270 649
1540280 649
1540290 649
1540300 649
1540310 649
1540320 649
1540330 649
1540340 649
1540350 649
1540360 649
1540370 649
1540380 649
1540390 649
1540400 649
1540410 649
1540420 649
1540430 649
1540440 649
1540450 649
1540460 649
1540470 649
1540480 649
1540490 649
1540500 649
1540510 649
1540520 649
1540530 649
1540540 649
1540550 649
1540560 649
1540570 649
1540580 649
1540590 649
1540600 649
1540610 649
1540620 649
1540630 649
1540640 649
1540650 649
1540660 649
1540670 649
1540680 649
1540690 649
1540700 649
1540710 649
1540720 649
1540730 649
1540740 649
1540750 649
1540760 649
1540770 649
1540780 649
1540790 649
1540800 649
1540810 649
1540820 649
1540830 649
1540840 649
1540850 649
1540860 649
1540870 649
1540880 649
1540890 649
1540900 649
1540910 649
1540920 649
1540930 649
1540940 649
1540950 649
1540960 649
1540970 649
1540980 649
1540990 649
1541000 649
1541010 649
1541020 649
1541030 649
1541040 649
1541050 649
1541060 649
1541070 649
1541080 649
1541090 649
1541100 649
1541110 649
1541120 650
1541130 650
1541140 652
1541150 653
1541160 653
1541170 655
1541180 656
1541190 656
1541200 658
1541210 659
1541220 659
1541230 661
1541240 663
1541250 664
1541260 664
1541270 666
1541280 669
1541290 669
1541300 671
1541310 673
1541320 673
1541330 675
1541340 678
1541350 678
1541360 681
1541370 684
1541380 684
1541390 687
1541400 689
1541410 689
1541420 692
1541430 694
1541440 694
1541450 697
1541460 700
1541470 700
1541480 703
1541490 706
1541500 706
1541510 709
1541520 712
1541530 712
1541540 715
1541550 717
1541560 717
1541570 720
1541580 723
1541590 723
1541600 726
1541610 730
1541620 730
1541630 733
1541640 738
1541650 738
1541660 743
1541670 749
1541680 749
1541690 754
1541700 760
1541710 760
1541720 766
1541730 771
1541740 773
1541750 773
1541760 775
1541770 781
1541780 781
1541790 798
1541800 812
1541810 812
1541820 821
1541830 821
1541840 821
1541850 819
1541860 823
1541870 823
1541880 830
1541890 833
1541900 833
1541910 837
1541920 841
1541930 841
1541940 844
1541950 846
1541960 846
1541970 849
1541980 852
1541990 852
1542000 858
1542010 863
1542020 863
1542030 865
1542040 869
1542050 869
1542060 873
1542070 878
1542080 878
1542090 882
1542100 887
1542110 887
1542120 893
1542130 899
1542140 899
1542150 900
1542160 906
1542170 906
1542180 912
1542190 917
1542200 917
1542210 922
1542220 929
1542230 929
1542240 935
1542250 941
1542260 947
1542270 947
1542280 955
1542290 961
1542300 961
1542310 967
1542320 971
1542330 971
1542340 974
1542350 977
1542360 977
1542370 979
1542380 982
1542390 982
1542400 985
1542410 989
1542420 989
1542430 994
1542440 1002
1542450 1002
1542460 1011
1542470 1019
1542480 1019
1542490 1025
1542500 1031
1542510 1031
1542520 1038
1542530 1045
1542540 1045
1542550 1052
1542560 1060
1542570 1060
1542580 1068
1542590 1075
1542600 1075
1542610 1084
1542620 1092
1542630 1092
1542640 1099
1542650 1104
1542660 1104
1542670 1112
1542680 1121
1542690 1121
1542700 1127
1542710 1136
1542720 1136
1542730 1147
1542740 1147
1542750 1149
1542760 1149
1542770 1154
1542780 1163
1542790 1163
1542800 1168
1542810 1164
1542820 1164
1542830 1156
1542840 1156
1542850 1156
1542860 1161
1542870 1169
1542880 1169
1542890 1179
1542900 1182
1542910 1182
1542920 1192
1542930 1203
1542940 1203
1542950 1211
1542960 1215
1542970 1215
1542980 1220
1542990 1223
1543000 1223
1543010 1227
1543020 1231
1543030 1231
1543040 1237
1543050 1245
1543060 1245
1543070 1257
1543080 1268
1543090 1268
1543100 1259
1543110 1237
1543120 1237
1543130 1233
1543140 1226
1543150 1226
1543160 1222
1543170 1225
1543180 1225
1543190 1228
1543200 1237
1543210 1237
1543220 1251
1543230 1263
1543240 1272
1543250 1272
1543260 1281
1543270 1291
1543280 1291
1543290 1298
1543300 1299
1543310 1299
1543320 1301
1543330 1302
1543340 1302
1543350 1303
1543360 1307
1543370 1307
1543380 1311
1543390 1316
1543400 1316
1543410 1320
1543420 1324
1543430 1324
1543440 1329
1543450 1333
1543460 1333
1543470 1338
1543480 1342
1543490 1342
1543500 1347
1543510 1352
1543520 1352
1543530 1357
1543540 1361
1543550 1361
1543560 1366
1543570 1371
1543580 1371
1543590 1376
1543600 1381
1543610 1381
1543620 1386
1543630 1391
1543640 1391
1543650 1393
1543660 1391
1543670 1391
1543680 1389
1543690 1390
1543700 1390
1543710 1389
1543720 1388
1543730 1388
1543740 1390
1543750 1391
1543760 1390
1543770 1390
1543780 1387
1543790 1380
1543800 1380
1543810 1372
1543820 1364
1543830 1364
1543840 1358
1543850 1352
1543860 1352
1543870 1344
1543880 1337
1543890 1337
1543900 1334
1543910 1332
1543920 1332
1543930 1330
1543940 1327
1543950 1327
1543960 1325
1543970 1323
1543980 1323
1543990 1320
1544000 1318
1544010 1318
1544020 1317
1544030 1319
1544040 1319
1544050 1321
1544060 1325
1544070 1325
1544080 1333
1544090 1341
1544100 1341
1544110 1348
1544120 1351
1544130 1351
1544140 1352
1544150 1355
1544160 1355
1544170 1359
1544180 1353
1544190 1353
1544200 1350
1544210 1355
1544220 1355
1544230 1346
1544240 1326
1544250 1323
1544260 1323
1544270 1323
1544280 1328
1544290 1328
1544300 1332
1544310 1326
1544320 1326
1544330 1312
1544340 1299
1544350 1299
1544360 1290
1544370 1291
1544380 1291
1544390 1292
1544400 1291
1544410 1291
1544420 1288
1544430 1280
1544440 1280
1544450 1271
1544460 1261
1544470 1271
1544480 1262
1544490 1257
1544500 1257
1544510 1263
1544520 1271
1544530 1271
1544540 1258
1544550 1253
1544560 1253
1544570 1248
1544580 1241
1544590 1241
1544600 1235
1544610 1232
1544620 1232
1544630 1233
1544640 1243
1544650 1243
1544660 1254
1544670 1260
1544680 1260
1544690 1262
1544700 1263
1544710 1263
1544720 1266
1544730 1272
1544740 1278
1544750 1278
1544760 1281
1544770 1280
1544780 1280
1544790 1277
1544800 1280
1544810 1280
1544820 1286
1544830 1288
1544840 1288
1544850 1283
1544860 1273
1544870 1273
1544880 1268
1544890 1263
1544900 1263
1544910 1258
1544920 1255
1544930 1255
1544940 1253
1544950 1250
1544960 1250
1544970 1245
1544980 1240
1544990 1240
1545000 1235
1545010 1231
1545020 1231
1545030 1229
1545040 1227
1545050 1227
1545060 1224
1545070 1221
1545080 1221
1545090 1221
1545100 1223
1545110 1223
1545120 1223
1545130 1225
1545140 1225
1545150 1231
1545160 1233
1545170 1233
1545180 1234
1545190 1234
1545200 1234
1545210 1227
1545220 1217
1545230 1209
1545240 1209
1545250 1202
1545260 1193
1545270 1193
1545280 1185
1545290 1180
1545300 1180
1545310 1176
1545320 1172
1545330 1172
1545340 1165
1545350 1159
1545360 1159
1545370 1155
1545380 1147
1545390 1147
1545400 1136
1545410 1129
1545420 1129
1545430 1123
1545440 1118
1545450 1118
1545460 1112
1545470 1107
1545480 1107
1545490 1103
1545500 1096
1545510 1096
1545520 1086
1545530 1077
1545540 1077
1545550 1068
1545560 1062
1545570 1062
1545580 1056
1545590 1047
1545600 1047
1545610 1040
1545620 1033
1545630 1033
1545640 1028
1545650 1022
1545660 1022
1545670 1016
1545680 1010
1545690 1010
1545700 1005
1545710 1001
1545720 1001
1545730 997
1545740 995
1545750 996
1545760 996
1545770 995
1545780 992
1545790 992
1545800 987
1545810 982
1545820 982
1545830 976
1545840 969
1545850 969
1545860 963
1545870 957
1545880 957
1545890 953
1545900 948
1545910 948
1545920 944
1545930 940
1545940 940
1545950 936
1545960 933
1545970 933
1545980 930
1545990 927
1546000 927
1546010 923
1546020 921
1546030 921
1546040 921
1546050 922
1546060 922
1546070 922
1546080 922
1546090 922
1546100 925
1546110 929
1546120 929
1546130 931
1546140 932
1546150 932
1546160 932
1546170 934
1546180 934
1546190 937
1546200 940
1546210 940
1546220 943
1546230 946
1546240 948
1546250 948
1546260 951
1546270 952
1546280 952
1546290 953
1546300 953
1546310 953
1546320 953
1546330 954
1546340 954
1546350 954
1546360 954
1546370 954
1546380 953
1546390 953
1546400 953
1546410 952
1546420 950
1546430 950
1546440 949
1546450 947
1546460 947
1546470 945
1546480 942
1546490 942
1546500 942
1546510 943
1546520 943
1546530 944
1546540 944
1546550 944
1546560 941
1546570 938
1546580 941
1546590 939
1546600 940
1546610 940
1546620 941
1546630 941
1546640 941
1546650 940
1546660 940
1546670 940
1546680 940
1546690 939
1546700 939
1546710 939
1546720 938
1546730 936
1546740 936
1546750 935
1546760 934
1546770 934
1546780 933
1546790 933
1546800 933
1546810 932
1546820 932
1546830 932
1546840 932
1546850 933
1546860 933
1546870 934
1546880 934
1546890 934
1546900 934
1546910 932
1546920 932
1546930 932
1546940 932
1546950 932
1546960 932
1546970 931
1546980 931
1546990 931
1547000 930
1547010 930
1547020 929
1547030 928
1547040 928
1547050 926
1547060 925
1547070 925
1547080 924
1547090 923
1547100 923
1547110 921
1547120 919
1547130 919
1547140 917
1547150 914
1547160 914
1547170 911
1547180 908
1547190 908
1547200 904
1547210 900
1547220 900
1547230 896
1547240 893
1547250 889
1547260 889
1547270 885
1547280 882
1547290 882
1547300 879
1547310 876
1547320 876
1547330 873
1547340 869
1547350 869
1547360 865
1547370 861
1547380 861
1547390 858
1547400 854
1547410 854
1547420 851
1547430 850
1547440 850
1547450 850
1547460 850
1547470 850
1547480 850
1547490 850
1547500 850
1547510 851
1547520 851
1547530 851
1547540 851
1547550 850
1547560 850
1547570 850
1547580 849
1547590 849
1547600 850
1547610 850
1547620 850
1547630 851
1547640 851
1547650 851
1547660 851
1547670 852
1547680 852
1547690 852
1547700 854
1547710 854
1547720 855
1547730 855
1547740 856
1547750 856
1547760 856
1547770 857
1547780 857
1547790 857
1547800 857
1547810 857
1547820 857
1547830 857
1547840 857
1547850 858
1547860 859
1547870 859
1547880 858
1547890 856
1547900 856
1547910 858
1547920 859
1547930 859
1547940 860
1547950 860
1547960 860
1547970 860
1547980 861
1547990 861
1548000 862
1548010 863
1548020 863
1548030 864
1548040 865
1548050 865
1548060 867
1548070 869
1548080 869
1548090 871
1548100 872
1548110 872
1548120 876
1548130 880
1548140 880
1548150 883
1548160 887
1548170 887
1548180 892
1548190 896
1548200 896
1548210 899
1548220 901
1548230 902
1548240 902
1548250 903
1548260 903
1548270 903
1548280 902
1548290 901
1548300 901
1548310 899
1548320 895
1548330 895
1548340 894
1548350 894
1548360 894
1548370 895
1548380 896
1548390 896
1548400 896
1548410 895
1548420 895
1548430 895
1548440 899
1548450 899
1548460 903
1548470 906
1548480 906
1548490 908
1548500 910
1548510 910
1548520 913
1548530 914
1548540 914
1548550 916
1548560 917
1548570 917
1548580 919
1548590 921
1548600 921
1548610 922
1548620 927
1548630 927
1548640 929
1548650 930
1548660 930
1548670 931
1548680 933
1548690 933
1548700 935
1548710 936
1548720 936
1548730 937
1548740 936
1548750 934
1548760 934
1548770 932
1548780 929
1548790 929
1548800 926
1548810 924
1548820 924
1548830 922
1548840 919
1548850 919
1548860 916
1548870 913
1548880 913
1548890 910
1548900 907
1548910 907
1548920 904
1548930 899
1548940 899
1548950 894
1548960 888
1548970 888
1548980 882
1548990 876
1549000 876
1549010 872
1549020 868
1549030 868
1549040 865
1549050 865
1549060 865
1549070 866
1549080 867
1549090 867
1549100 867
1549110 867
1549120 867
1549130 867
1549140 867
1549150 867
1549160 866
1549170 866
1549180 866
1549190 866
1549200 866
1549210 866
1549220 865
1549230 866
1549240 866
1549250 866
1549260 865
1549270 864
1549280 864
1549290 863
1549300 863
1549310 863
1549320 864
1549330 864
1549340 864
1549350 864
1549360 865
1549370 865
1549380 866
1549390 868
1549400 868
1549410 870
1549420 872
1549430 872
1549440 875
1549450 877
1549460 877
1549470 878
1549480 878
1549490 878
1549500 878
1549510 878
1549520 878
1549530 878
1549540 877
1549550 877
1549560 877
1549570 876
1549580 876
1549590 875
1549600 875
1549610 875
1549620 875
1549630 877
1549640 877
1549650 879
1549660 881
1549670 881
1549680 882
1549690 883
1549700 883
1549710 885
1549720 887
1549730 889
1549740 889
1549750 889
1549760 888
1549770 888
1549780 887
1549790 887
1549800 887
1549810 887
1549820 887
1549830 887
1549840 886
1549850 885
1549860 885
1549870 884
1549880 881
1549890 881
1549900 878
1549910 874
1549920 874
1549930 873
1549940 872
1549950 872
1549960 871
1549970 870
1549980 870
1549990 868
1550000 865
1550010 865
1550020 861
1550030 857
1550040 857
1550050 853
1550060 850
1550070 850
1550080 847
1550090 841
1550100 841
1550110 835
1550120 827
1550130 827
1550140 820
1550150 814
1550160 814
1550170 809
1550180 805
1550190 805
1550200 801
1550210 800
1550220 800
1550230 801
1550240 800
1550250 798
1550260 798
1550270 796
1550280 791
1550290 791
1550300 787
1550310 785
1550320 785
1550330 783
1550340 780
1550350 780
1550360 776
1550370 772
1550380 772
1550390 768
1550400 765
1550410 765
1550420 761
1550430 758
1550440 758
1550450 755
1550460 751
1550470 751
1550480 749
1550490 747
1550500 747
1550510 744
1550520 742
1550530 742
1550540 739
1550550 737
1550560 737
1550570 734
1550580 731
1550590 731
1550600 729
1550610 726
1550620 726
1550630 723
1550640 721
1550650 721
1550660 718
1550670 716
1550680 716
1550690 714
1550700 712
1550710 712
1550720 710
1550730 708
1550740 704
1550750 704
1550760 700
1550770 697
1550780 697
1550790 693
1550800 689
1550810 689
1550820 685
1550830 680
1550840 680
1550850 675
1550860 670
1550870 670
1550880 665
1550890 660
1550900 660
1550910 654
1550920 647
1550930 647
1550940 643
1550950 639
1550960 639
1550970 637
1550980 635
1550990 635
1551000 632
1551010 631
1551020 631
1551030 630
1551040 631
1551050 631
1551060 633
1551070 638
1551080 638
1551090 645
1551100 650
1551110 650
1551120 656
1551130 663
1551140 663
1551150 668
1551160 673
1551170 673
1551180 675
1551190 678
1551200 678
1551210 680
1551220 681
1551230 683
1551240 683
1551250 684
1551260 684
1551270 684
1551280 681
1551290 677
1551300 677
1551310 671
1551320 665
1551330 665
1551340 660
1551350 657
1551360 657
1551370 656
1551380 655
1551390 655
1551400 654
1551410 654
1551420 654
1551430 653
1551440 652
1551450 652
1551460 651
1551470 649
1551480 649
1551490 648
1551500 647
1551510 647
1551520 645
1551530 644
1551540 644
1551550 642
1551560 641
1551570 641
1551580 640
1551590 638
1551600 638
1551610 638
1551620 637
1551630 637
1551640 636
1551650 635
1551660 635
1551670 635
1551680 635
1551690 635
1551700 635
1551710 634
1551720 634
1551730 634
1551740 634
1551750 634
1551760 634
1551770 634
1551780 634
1551790 634
1551800 634
1551810 633
1551820 633
1551830 631
1551840 629
1551850 629
1551860 627
1551870 628
1551880 628
1551890 631
1551900 635
1551910 635
1551920 639
1551930 639
1551940 639
1551950 638
1551960 639
1551970 639
1551980 640
1551990 639
1552000 639
1552010 638
1552020 637
1552030 637
1552040 637
1552050 637
1552060 637
1552070 635
1552080 633
1552090 633
1552100 631
1552110 631
1552120 631
1552130 632
1552140 634
1552150 634
1552160 635
1552170 635
1552180 635
1552190 635
1552200 635
1552210 635
1552220 635
1552230 635
1552240 635
1552250 635
1552260 635
1552270 634
1552280 634
1552290 634
1552300 634
1552310 634
1552320 636
1552330 638
1552340 638
1552350 641
1552360 643
1552370 643
1552380 644
1552390 644
1552400 644
1552410 645
1552420 645
1552430 645
1552440 645
1552450 645
1552460 645
1552470 645
1552480 645
1552490 645
1552500 645
1552510 645
1552520 645
1552530 645
1552540 646
1552550 646
1552560 647
1552570 648
1552580 648
1552590 648
1552600 648
1552610 648
1552620 649
1552630 648
1552640 648
1552650 647
1552660 647
1552670 647
1552680 646
1552690 646
1552700 646
1552710 644
1552720 642
1552730 641
1552740 641
1552750 640
1552760 639
1552770 639
1552780 637
1552790 634
1552800 634
1552810 631
1552820 627
1552830 627
1552840 621
1552850 617
1552860 617
1552870 612
1552880 608
1552890 608
1552900 605
1552910 602
1552920 602
1552930 598
1552940 595
1552950 595
1552960 594
1552970 594
1552980 594
1552990 594
1553000 594
1553010 594
1553020 593
1553030 593
1553040 593
1553050 591
1553060 589
1553070 589
1553080 588
1553090 587
1553100 587
1553110 587
1553120 587
1553130 587
1553140 587
1553150 587
1553160 587
1553170 587
1553180 587
1553190 587
1553200 587
1553210 587
1553220 587
1553230 587
1553240 587
1553250 587
1553260 587
1553270 587
1553280 587
1553290 587
1553300 587
1553310 587
1553320 587
1553330 587
1553340 587
1553350 587
1553360 587
1553370 587
1553380 587
1553390 587
1553400 587
1553410 587
1553420 587
1553430 587
1553440 587
1553450 587
1553460 587
1553470 587
1553480 587
1553490 587
1553500 587
1553510 587
1553520 587
1553530 587
1553540 587
1553550 587
1553560 587
1553570 587
1553580 587
1553590 587
1553600 587
1553610 587
1553620 587
1553630 587
1553640 587
1553650 587
1553660 587
1553670 587
1553680 587
1553690 587
1553700 587
1553710 587
1553720 587
1553730 587
1553740 587
1553750 587
1553760 587
1553770 587
1553780 587
1553790 587
1553800 587
1553810 587
1553820 587
1553830 587
1553840 587
1553850 587
1553860 587
1553870 587
1553880 587
1553890 587
1553900 587
1553910 587
1553920 587
1553930 587
1553940 587
1553950 587
1553960 587
1553970 587
1553980 587
1553990 587
1554000 587
1554010 587
1554020 587
1554030 587
1554040 587
1554050 587
1554060 587
1554070 587
1554080 587
1554090 587
1554100 587
1554110 587
1554120 587
1554130 587
1554140 587
1554150 587
1554160 588
1554170 588
1554180 590
1554190 591
1554200 591
1554210 592
1554220 595
1554230 597
1554240 597
1554250 599
1554260 603
1554270 603
1554280 609
1554290 615
1554300 615
1554310 620
1554320 626
1554330 626
1554340 633
1554350 640
1554360 640
1554370 653
1554380 660
1554390 660
1554400 667
1554410 680
1554420 680
1554430 696
1554440 707
1554450 707
1554460 715
1554470 724
1554480 724
1554490 732
1554500 740
1554510 740
1554520 749
1554530 757
1554540 757
1554550 764
1554560 771
1554570 771
1554580 778
1554590 784
1554600 784
1554610 789
1554620 792
1554630 792
1554640 794
1554650 794
1554660 794
1554670 794
1554680 795
1554690 795
1554700 795
1554710 794
1554720 794
1554730 794
1554740 794
1554750 796
1554760 796
1554770 800
1554780 805
1554790 805
1554800 809
1554810 813
1554820 813
1554830 816
1554840 819
1554850 819
1554860 822
1554870 826
1554880 826
1554890 829
1554900 832
1554910 832
1554920 834
1554930 836
1554940 836
1554950 836
1554960 836
1554970 836
1554980 836
1554990 836
1555000 836
1555010 836
1555020 835
1555030 835
1555040 835
1555050 834
1555060 834
1555070 834
1555080 834
1555090 834
1555100 835
1555110 835
1555120 835
1555130 836
1555140 837
1555150 837
1555160 837
1555170 837
1555180 837
1555190 838
1555200 838
1555210 838
1555220 838
1555230 839
1555240 841
1555250 841
1555260 841
1555270 842
1555280 842
1555290 842
1555300 843
1555310 843
1555320 843
1555330 843
1555340 843
1555350 843
1555360 843
1555370 843
1555380 844
1555390 845
1555400 845
1555410 845
1555420 846
1555430 846
1555440 847
1555450 848
1555460 848
1555470 849
1555480 850
1555490 850
1555500 851
1555510 852
1555520 852
1555530 853
1555540 853
1555550 853
1555560 853
1555570 853
1555580 853
1555590 853
1555600 852
1555610 852
1555620 852
1555630 853
1555640 853
1555650 854
1555660 855
1555670 855
1555680 856
1555690 856
1555700 856
1555710 856
1555720 857
1555730 858
1555740 858
1555750 859
1555760 859
1555770 859
1555780 859
1555790 859
1555800 859
1555810 859
1555820 859
1555830 859
1555840 858
1555850 859
1555860 859
1555870 862
1555880 863
1555890 863
1555900 865
1555910 866
1555920 866
1555930 865
1555940 863
1555950 863
1555960 860
1555970 855
1555980 855
1555990 849
1556000 844
1556010 844
1556020 840
1556030 837
1556040 837
1556050 834
1556060 828
1556070 828
1556080 823
1556090 815
1556100 815
1556110 806
1556120 807
1556130 807
1556140 808
1556150 809
1556160 809
1556170 811
1556180 825
1556190 825
1556200 827
1556210 827
1556220 827
1556230 830
1556240 836
1556250 844
1556260 844
1556270 849
1556280 854
1556290 854
1556300 858
1556310 861
1556320 861
1556330 864
1556340 868
1556350 868
1556360 872
1556370 877
1556380 877
1556390 879
1556400 880
1556410 880
1556420 880
1556430 880
1556440 880
1556450 881
1556460 883
1556470 883
1556480 885
1556490 886
1556500 886
1556510 887
1556520 889
1556530 889
1556540 890
1556550 893
1556560 893
1556570 897
1556580 902
1556590 902
1556600 906
1556610 910
1556620 910
1556630 914
1556640 918
1556650 918
1556660 922
1556670 925
1556680 925
1556690 929
1556700 934
1556710 934
1556720 938
1556730 942
1556740 948
1556750 948
1556760 953
1556770 958
1556780 958
1556790 964
1556800 969
1556810 969
1556820 974
1556830 978
1556840 978
1556850 984
1556860 988
1556870 988
1556880 993
1556890 998
1556900 998
1556910 1003
1556920 1008
1556930 1008
1556940 1013
1556950 1018
1556960 1018
1556970 1022
1556980 1027
1556990 1027
1557000 1031
1557010 1036
1557020 1036
1557030 1040
1557040 1044
1557050 1044
1557060 1048
1557070 1051
1557080 1051
1557090 1054
1557100 1057
1557110 1057
1557120 1060
1557130 1062
1557140 1062
1557150 1063
1557160 1063
1557170 1063
1557180 1063
1557190 1063
1557200 1063
1557210 1063
1557220 1063
1557230 1063
1557240 1063
1557250 1061
1557260 1062
1557270 1062
1557280 1063
1557290 1063
1557300 1063
1557310 1063
1557320 1063
1557330 1063
1557340 1062
1557350 1062
1557360 1062
1557370 1062
1557380 1062
1557390 1062
1557400 1062
1557410 1061
1557420 1061
1557430 1059
1557440 1057
1557450 1057
1557460 1056
1557470 1056
1557480 1056
1557490 1056
1557500 1057
1557510 1057
1557520 1059
1557530 1060
1557540 1060
1557550 1060
1557560 1059
1557570 1059
1557580 1059
1557590 1056
1557600 1056
1557610 1053
1557620 1049
1557630 1049
1557640 1045
1557650 1041
1557660 1041
1557670 1036
1557680 1031
1557690 1031
1557700 1026
1557710 1022
1557720 1022
1557730 1018
1557740 1014
1557750 1011
1557760 1011
1557770 1007
1557780 1004
1557790 1004
1557800 1001
1557810 998
1557820 998
1557830 996
1557840 994
1557850 994
1557860 992
1557870 987
1557880 987
1557890 983
1557900 985
1557910 985
1557920 984
1557930 980
1557940 980
1557950 976
1557960 973
1557970 973
1557980 974
1557990 975
1558000 975
1558010 974
1558020 973
1558030 973
1558040 972
1558050 971
1558060 971
1558070 970
1558080 969
1558090 969
1558100 968
1558110 967
1558120 967
1558130 966
1558140 964
1558150 964
1558160 961
1558170 959
1558180 959
1558190 956
1558200 953
1558210 953
1558220 950
1558230 948
1558240 946
1558250 946
1558260 945
1558270 943
1558280 943
1558290 942
1558300 942
1558310 942
1558320 940
1558330 938
1558340 938
1558350 935
1558360 931
1558370 931
1558380 926
1558390 922
1558400 922
1558410 919
1558420 915
1558430 915
1558440 914
1558450 913
1558460 913
1558470 912
1558480 910
1558490 910
1558500 907
1558510 900
1558520 900
1558530 895
1558540 894
1558550 894
1558560 894
1558570 889
1558580 889
1558590 883
1558600 881
1558610 881
1558620 884
1558630 887
1558640 887
1558650 891
1558660 895
1558670 895
1558680 899
1558690 904
1558700 904
1558710 907
1558720 909
1558730 909
1558740 912
1558750 914
1558760 917
1558770 917
1558780 920
1558790 923
1558800 923
1558810 926
1558820 929
1558830 929
1558840 934
1558850 940
1558860 940
1558870 947
1558880 952
1558890 952
1558900 957
1558910 961
1558920 961
1558930 964
1558940 966
1558950 966
1558960 969
1558970 973
1558980 973
1558990 976
1559000 979
1559010 979
1559020 982
1559030 986
1559040 986
1559050 988
1559060 992
1559070 992
1559080 995
1559090 998
1559100 998
1559110 1002
1559120 1005
1559130 1005
1559140 1007
1559150 1009
1559160 1009
1559170 1010
1559180 1012
1559190 1012
1559200 1013
1559210 1014
1559220 1014
1559230 1014
1559240 1014
1559250 1014
1559260 1014
1559270 1013
1559280 1012
1559290 1012
1559300 1012
1559310 1010
1559320 1010
1559330 1009
1559340 1007
1559350 1007
1559360 1005
1559370 1003
1559380 1003
1559390 1000
1559400 996
1559410 996
1559420 990
1559430 986
1559440 986
1559450 982
1559460 979
1559470 979
1559480 976
1559490 972
1559500 972
1559510 967
1559520 963
1559530 963
1559540 958
1559550 956
1559560 956
1559570 950
1559580 952
1559590 952
1559600 954
1559610 953
1559620 953
1559630 953
1559640 952
1559650 952
1559660 951
1559670 950
1559680 950
1559690 942
1559700 940
1559710 940
1559720 936
1559730 933
1559740 935
1559750 935
1559760 936
1559770 935
1559780 935
1559790 933
1559800 931
1559810 931
1559820 929
1559830 927
1559840 927
1559850 925
1559860 921
1559870 921
1559880 918
1559890 914
1559900 914
1559910 910
1559920 906
1559930 906
1559940 902
1559950 898
1559960 898
1559970 894
1559980 890
1559990 890
