1540000 652
1540010 652
1540020 652
1540030 653
1540040 653
1540050 653
1540060 654
1540070 654
1540080 654
1540090 654
1540100 654
1540110 654
1540120 655
1540130 655
1540140 655
1540150 655
1540160 655
1540170 655
1540180 656
1540190 656
1540200 656
1540210 656
1540220 656
1540230 656
1540240 657
1540250 657
1540260 657
1540270 657
1540280 657
1540290 657
1540300 657
1540310 657
1540320 657
1540330 657
1540340 657
1540350 657
1540360 657
1540370 657
1540380 657
1540390 657
1540400 657
1540410 657
1540420 657
1540430 658
1540440 658
1540450 658
1540460 658
1540470 658
1540480 658
1540490 658
1540500 658
1540510 658
1540520 659
1540530 659
1540540 659
1540550 658
1540560 658
1540570 659
1540580 659
1540590 659
1540600 659
1540610 659
1540620 659
1540630 659
1540640 659
1540650 659
1540660 659
1540670 659
1540680 659
1540690 659
1540700 659
1540710 659
1540720 659
1540730 659
1540740 659
1540750 659
1540760 659
1540770 659
1540780 659
1540790 659
1540800 659
1540810 660
1540820 660
1540830 660
1540840 659
1540850 659
1540860 659
1540870 659
1540880 659
1540890 659
1540900 659
1540910 659
1540920 659
1540930 659
1540940 660
1540950 660
1540960 660
1540970 660
1540980 660
1540990 660
1541000 660
1541010 660
1541020 660
1541030 659
1541040 659
1541050 659
1541060 660
1541070 660
1541080 660
1541090 660
1541100 660
1541110 660
1541120 661
1541130 664
1541140 664
1541150 665
1541160 665
1541170 665
1541180 666
1541190 667
1541200 667
1541210 667
1541220 667
1541230 667
1541240 667
1541250 667
1541260 667
1541270 668
1541280 670
1541290 671
1541300 674
1541310 679
1541320 679
1541330 684
1541340 689
1541350 689
1541360 695
1541370 701
1541380 706
1541390 706
1541400 711
1541410 717
1541420 717
1541430 723
1541440 731
1541450 731
1541460 739
1541470 750
1541480 750
1541490 766
1541500 787
1541510 787
1541520 800
1541530 808
1541540 808
1541550 815
1541560 822
1541570 822
1541580 831
1541590 837
1541600 837
1541610 841
1541620 841
1541630 841
1541640 845
1541650 850
1541660 850
1541670 857
1541680 865
1541690 865
1541700 872
1541710 880
1541720 880
1541730 888
1541740 897
1541750 897
1541760 908
1541770 914
1541780 914
1541790 920
1541800 925
1541810 925
1541820 931
1541830 936
1541840 936
1541850 942
1541860 948
1541870 954
1541880 954
1541890 962
1541900 969
1541910 969
1541920 977
1541930 985
1541940 985
1541950 990
1541960 990
1541970 990
1541980 984
1541990 973
1542000 973
1542010 968
1542020 971
1542030 971
1542040 967
1542050 961
1542060 961
1542070 960
1542080 962
1542090 962
1542100 965
1542110 968
1542120 968
1542130 971
1542140 976
1542150 976
1542160 977
1542170 976
1542180 976
1542190 975
1542200 977
1542210 977
1542220 984
1542230 991
1542240 991
1542250 999
1542260 1006
1542270 1006
1542280 1013
1542290 1021
1542300 1021
1542310 1030
1542320 1039
1542330 1039
1542340 1047
1542350 1054
1542360 1054
1542370 1061
1542380 1068
1542390 1076
1542400 1076
1542410 1085
1542420 1093
1542430 1093
1542440 1099
1542450 1106
1542460 1106
1542470 1112
1542480 1120
1542490 1120
1542500 1126
1542510 1131
1542520 1131
1542530 1136
1542540 1142
1542550 1142
1542560 1147
1542570 1151
1542580 1151
1542590 1156
1542600 1160
1542610 1160
1542620 1164
1542630 1168
1542640 1168
1542650 1168
1542660 1163
1542670 1163
1542680 1151
1542690 1145
1542700 1145
1542710 1139
1542720 1133
1542730 1133
1542740 1127
1542750 1122
1542760 1122
1542770 1115
1542780 1107
1542790 1107
1542800 1096
1542810 1084
1542820 1084
1542830 1073
1542840 1063
1542850 1063
1542860 1051
1542870 1036
1542880 1026
1542890 1026
1542900 1017
1542910 1007
1542920 1007
1542930 996
1542940 987
1542950 987
1542960 978
1542970 970
1542980 970
1542990 962
1543000 955
1543010 955
1543020 948
1543030 941
1543040 941
1543050 935
1543060 928
1543070 928
1543080 921
1543090 915
1543100 915
1543110 908
1543120 902
1543130 902
1543140 896
1543150 891
1543160 891
1543170 885
1543180 879
1543190 879
1543200 873
1543210 868
1543220 868
1543230 862
1543240 857
1543250 857
1543260 852
1543270 847
1543280 847
1543290 842
1543300 836
1543310 836
1543320 831
1543330 828
1543340 828
1543350 827
1543360 828
1543370 828
1543380 828
1543390 829
1543400 827
1543410 827
1543420 824
1543430 823
1543440 823
1543450 822
1543460 822
1543470 822
1543480 822
1543490 824
1543500 824
1543510 826
1543520 824
1543530 824
1543540 823
1543550 823
1543560 823
1543570 823
1543580 822
1543590 822
1543600 822
1543610 824
1543620 824
1543630 825
1543640 826
1543650 826
1543660 828
1543670 830
1543680 830
1543690 832
1543700 833
1543710 833
1543720 833
1543730 831
1543740 831
1543750 829
1543760 827
1543770 827
1543780 822
1543790 818
1543800 818
1543810 817
1543820 818
1543830 818
1543840 819
1543850 824
1543860 824
1543870 828
1543880 830
1543890 830
1543900 837
1543910 844
1543920 849
1543930 849
1543940 852
1543950 854
1543960 854
1543970 855
1543980 855
1543990 855
1544000 856
1544010 856
1544020 856
1544030 858
1544040 860
1544050 860
1544060 864
1544070 868
1544080 868
1544090 872
1544100 875
1544110 875
1544120 880
1544130 884
1544140 884
1544150 889
1544160 894
1544170 894
1544180 899
1544190 905
1544200 905
1544210 911
1544220 918
1544230 918
1544240 924
1544250 931
1544260 931
1544270 937
1544280 943
1544290 943
1544300 950
1544310 956
1544320 956
1544330 962
1544340 968
1544350 968
1544360 975
1544370 982
1544380 982
1544390 988
1544400 994
1544410 1001
1544420 1001
1544430 1008
1544440 1015
1544450 1015
1544460 1022
1544470 1029
1544480 1029
1544490 1035
1544500 1039
1544510 1039
1544520 1040
1544530 1041
1544540 1041
1544550 1040
1544560 1037
1544570 1037
1544580 1034
1544590 1032
1544600 1032
1544610 1030
1544620 1029
1544630 1029
1544640 1030
1544650 1031
1544660 1031
1544670 1033
1544680 1034
1544690 1034
1544700 1036
1544710 1037
1544720 1037
1544730 1039
1544740 1041
1544750 1041
1544760 1041
1544770 1040
1544780 1040
1544790 1039
1544800 1037
1544810 1037
1544820 1032
1544830 1026
1544840 1026
1544850 1019
1544860 1012
1544870 1012
1544880 1006
1544890 1000
1544900 1000
1544910 995
1544920 989
1544930 984
1544940 984
1544950 978
1544960 971
1544970 971
1544980 966
1544990 964
1545000 964
1545010 964
1545020 963
1545030 963
1545040 959
1545050 955
1545060 955
1545070 950
1545080 946
1545090 946
1545100 944
1545110 946
1545120 946
1545130 948
1545140 953
1545150 953
1545160 958
1545170 963
1545180 963
1545190 969
1545200 975
1545210 975
1545220 980
1545230 986
1545240 986
1545250 991
1545260 997
1545270 997
1545280 1003
1545290 1008
1545300 1008
1545310 1014
1545320 1019
1545330 1019
1545340 1025
1545350 1031
1545360 1031
1545370 1035
1545380 1041
1545390 1041
1545400 1046
1545410 1052
1545420 1052
1545430 1057
1545440 1063
1545450 1069
1545460 1069
1545470 1075
1545480 1082
1545490 1082
1545500 1088
1545510 1095
1545520 1095
1545530 1102
1545540 1109
1545550 1109
1545560 1115
1545570 1122
1545580 1122
1545590 1129
1545600 1135
1545610 1135
1545620 1139
1545630 1142
1545640 1142
1545650 1144
1545660 1143
1545670 1143
1545680 1142
1545690 1141
1545700 1141
1545710 1138
1545720 1133
1545730 1133
1545740 1128
1545750 1122
1545760 1122
1545770 1116
1545780 1110
1545790 1110
1545800 1105
1545810 1101
1545820 1101
1545830 1097
1545840 1094
1545850 1094
1545860 1090
1545870 1086
1545880 1086
1545890 1083
1545900 1079
1545910 1079
1545920 1075
1545930 1072
1545940 1067
1545950 1067
1545960 1062
1545970 1056
1545980 1056
1545990 1050
1546000 1045
1546010 1045
1546020 1040
1546030 1036
1546040 1036
1546050 1033
1546060 1031
1546070 1031
1546080 1028
1546090 1027
1546100 1027
1546110 1031
1546120 1035
1546130 1035
1546140 1038
1546150 1040
1546160 1040
1546170 1046
1546180 1051
1546190 1051
1546200 1057
1546210 1066
1546220 1066
1546230 1074
1546240 1083
1546250 1083
1546260 1091
1546270 1094
1546280 1094
1546290 1096
1546300 1099
1546310 1099
1546320 1103
1546330 1106
1546340 1106
1546350 1109
1546360 1112
1546370 1112
1546380 1115
1546390 1117
1546400 1117
1546410 1119
1546420 1120
1546430 1120
1546440 1121
1546450 1122
1546460 1122
1546470 1122
1546480 1122
1546490 1122
1546500 1122
1546510 1123
1546520 1123
1546530 1123
1546540 1125
1546550 1127
1546560 1127
1546570 1127
1546580 1127
1546590 1127
1546600 1127
1546610 1126
1546620 1126
1546630 1125
1546640 1125
1546650 1125
1546660 1126
1546670 1129
1546680 1129
1546690 1133
1546700 1138
1546710 1138
1546720 1141
1546730 1146
1546740 1146
1546750 1150
1546760 1154
1546770 1154
1546780 1159
1546790 1164
1546800 1164
1546810 1167
1546820 1168
1546830 1168
1546840 1169
1546850 1169
1546860 1169
1546870 1168
1546880 1168
1546890 1168
1546900 1168
1546910 1170
1546920 1170
1546930 1174
1546940 1179
1546950 1179
1546960 1185
1546970 1191
1546980 1196
1546990 1196
1547000 1198
1547010 1199
1547020 1199
1547030 1198
1547040 1196
1547050 1196
1547060 1193
1547070 1190
1547080 1190
1547090 1186
1547100 1182
1547110 1182
1547120 1179
1547130 1176
1547140 1176
1547150 1173
1547160 1170
1547170 1170
1547180 1168
1547190 1166
1547200 1166
1547210 1163
1547220 1159
1547230 1159
1547240 1155
1547250 1150
1547260 1150
1547270 1145
1547280 1141
1547290 1141
1547300 1138
1547310 1135
1547320 1135
1547330 1133
1547340 1132
1547350 1132
1547360 1131
1547370 1129
1547380 1129
1547390 1129
1547400 1129
1547410 1129
1547420 1129
1547430 1130
1547440 1130
1547450 1130
1547460 1130
1547470 1128
1547480 1128
1547490 1126
1547500 1123
1547510 1123
1547520 1119
1547530 1115
1547540 1115
1547550 1111
1547560 1107
1547570 1107
1547580 1103
1547590 1100
1547600 1100
1547610 1097
1547620 1093
1547630 1093
1547640 1090
1547650 1086
1547660 1086
1547670 1083
1547680 1079
1547690 1079
1547700 1076
1547710 1072
1547720 1072
1547730 1070
1547740 1065
1547750 1065
1547760 1060
1547770 1055
1547780 1055
1547790 1050
1547800 1044
1547810 1044
1547820 1038
1547830 1032
1547840 1032
1547850 1026
1547860 1019
1547870 1019
1547880 1013
1547890 1008
1547900 1008
1547910 1002
1547920 997
1547930 997
1547940 992
1547950 987
1547960 987
1547970 984
1547980 982
1547990 981
1548000 981
1548010 980
1548020 980
1548030 980
1548040 981
1548050 983
1548060 983
1548070 985
1548080 986
1548090 986
1548100 988
1548110 990
1548120 990
1548130 992
1548140 994
1548150 994
1548160 997
1548170 999
1548180 999
1548190 1002
1548200 1004
1548210 1004
1548220 1007
1548230 1010
1548240 1010
1548250 1013
1548260 1016
1548270 1016
1548280 1018
1548290 1021
1548300 1021
1548310 1023
1548320 1026
1548330 1026
1548340 1030
1548350 1032
1548360 1032
1548370 1033
1548380 1035
1548390 1035
1548400 1037
1548410 1040
1548420 1040
1548430 1042
1548440 1043
1548450 1043
1548460 1043
1548470 1042
1548480 1042
1548490 1042
1548500 1041
1548510 1040
1548520 1040
1548530 1040
1548540 1038
1548550 1038
1548560 1037
1548570 1036
1548580 1036
1548590 1035
1548600 1032
1548610 1032
1548620 1027
1548630 1021
1548640 1021
1548650 1014
1548660 1004
1548670 1004
1548680 994
1548690 985
1548700 985
1548710 979
1548720 974
1548730 974
1548740 969
1548750 966
1548760 966
1548770 965
1548780 966
1548790 966
1548800 967
1548810 967
1548820 967
1548830 968
1548840 969
1548850 969
1548860 969
1548870 968
1548880 968
1548890 967
1548900 966
1548910 966
1548920 965
1548930 965
1548940 965
1548950 964
1548960 962
1548970 962
1548980 961
1548990 960
1549000 959
1549010 959
1549020 958
1549030 957
1549040 957
1549050 955
1549060 953
1549070 953
1549080 951
1549090 949
1549100 949
1549110 949
1549120 948
1549130 948
1549140 947
1549150 945
1549160 945
1549170 943
1549180 941
1549190 941
1549200 938
1549210 934
1549220 934
1549230 929
1549240 925
1549250 925
1549260 921
1549270 916
1549280 916
1549290 910
1549300 905
1549310 905
1549320 900
1549330 895
1549340 895
1549350 890
1549360 886
1549370 886
1549380 881
1549390 877
1549400 877
1549410 872
1549420 868
1549430 868
1549440 865
1549450 862
1549460 862
1549470 859
1549480 856
1549490 856
1549500 853
1549510 852
1549520 849
1549530 849
1549540 847
1549550 845
1549560 845
1549570 843
1549580 841
1549590 841
1549600 838
1549610 837
1549620 837
1549630 837
1549640 836
1549650 836
1549660 836
1549670 835
1549680 835
1549690 834
1549700 833
1549710 833
1549720 832
1549730 833
1549740 833
1549750 833
1549760 833
1549770 833
1549780 832
1549790 832
1549800 832
1549810 832
1549820 832
1549830 832
1549840 832
1549850 832
1549860 832
1549870 831
1549880 829
1549890 829
1549900 828
1549910 825
1549920 825
1549930 821
1549940 815
1549950 815
1549960 808
1549970 803
1549980 803
1549990 800
1550000 799
1550010 799
1550020 801
1550030 805
1550040 808
1550050 808
1550060 813
1550070 820
1550080 820
1550090 825
1550100 827
1550110 827
1550120 826
1550130 824
1550140 824
1550150 824
1550160 824
1550170 824
1550180 825
1550190 824
1550200 824
1550210 823
1550220 821
1550230 821
1550240 820
1550250 820
1550260 820
1550270 821
1550280 822
1550290 822
1550300 823
1550310 823
1550320 823
1550330 824
1550340 824
1550350 824
1550360 824
1550370 822
1550380 822
1550390 820
1550400 816
1550410 816
1550420 812
1550430 810
1550440 810
1550450 808
1550460 806
1550470 806
1550480 803
1550490 800
1550500 800
1550510 798
1550520 795
1550530 791
1550540 791
1550550 789
1550560 788
1550570 788
1550580 788
1550590 790
1550600 790
1550610 790
1550620 791
1550630 791
1550640 791
1550650 790
1550660 790
1550670 789
1550680 788
1550690 788
1550700 787
1550710 785
1550720 785
1550730 783
1550740 781
1550750 781
1550760 779
1550770 777
1550780 777
1550790 776
1550800 774
1550810 774
1550820 773
1550830 772
1550840 772
1550850 771
1550860 769
1550870 769
1550880 766
1550890 763
1550900 763
1550910 759
1550920 755
1550930 755
1550940 752
1550950 749
1550960 749
1550970 746
1550980 742
1550990 742
1551000 740
1551010 738
1551020 738
1551030 736
1551040 734
1551050 731
1551060 731
1551070 728
1551080 724
1551090 724
1551100 720
1551110 715
1551120 715
1551130 711
1551140 707
1551150 707
1551160 705
1551170 702
1551180 702
1551190 700
1551200 698
1551210 698
1551220 696
1551230 695
1551240 695
1551250 693
1551260 690
1551270 690
1551280 687
1551290 684
1551300 684
1551310 680
1551320 676
1551330 676
1551340 673
1551350 670
1551360 670
1551370 667
1551380 664
1551390 664
1551400 662
1551410 660
1551420 660
1551430 658
1551440 656
1551450 656
1551460 654
1551470 652
1551480 652
1551490 650
1551500 649
1551510 649
1551520 647
1551530 645
1551540 645
1551550 644
1551560 642
1551570 641
1551580 641
1551590 640
1551600 638
1551610 638
1551620 637
1551630 636
1551640 636
1551650 636
1551660 637
1551670 635
1551680 636
1551690 635
1551700 635
1551710 636
1551720 636
1551730 636
1551740 635
1551750 635
1551760 635
1551770 633
1551780 630
1551790 630
1551800 627
1551810 622
1551820 622
1551830 618
1551840 618
1551850 618
1551860 618
1551870 618
1551880 618
1551890 618
1551900 619
1551910 619
1551920 619
1551930 618
1551940 618
1551950 617
1551960 617
1551970 617
1551980 616
1551990 616
1552000 616
1552010 615
1552020 614
1552030 614
1552040 612
1552050 612
1552060 611
1552070 611
1552080 611
1552090 611
1552100 611
1552110 611
1552120 611
1552130 611
1552140 611
1552150 611
1552160 611
1552170 611
1552180 611
1552190 611
1552200 611
1552210 611
1552220 611
1552230 610
1552240 609
1552250 609
1552260 608
1552270 607
1552280 607
1552290 605
1552300 604
1552310 604
1552320 603
1552330 602
1552340 602
1552350 601
1552360 601
1552370 601
1552380 601
1552390 600
1552400 600
1552410 600
1552420 600
1552430 600
1552440 600
1552450 599
1552460 599
1552470 599
1552480 599
1552490 599
1552500 600
1552510 600
1552520 600
1552530 599
1552540 600
1552550 600
1552560 600
1552570 600
1552580 600
1552590 600
1552600 600
1552610 600
1552620 600
1552630 599
1552640 599
1552650 599
1552660 599
1552670 599
1552680 599
1552690 599
1552700 599
1552710 599
1552720 598
1552730 598
1552740 598
1552750 598
1552760 598
1552770 598
1552780 597
1552790 597
1552800 597
1552810 597
1552820 597
1552830 597
1552840 597
1552850 597
1552860 597
1552870 596
1552880 596
1552890 596
1552900 596
1552910 596
1552920 596
1552930 595
1552940 595
1552950 595
1552960 595
1552970 594
1552980 594
1552990 594
1553000 594
1553010 594
1553020 594
1553030 594
1553040 594
1553050 594
1553060 594
1553070 594
1553080 594
1553090 594
1553100 594
1553110 594
1553120 594
1553130 594
1553140 594
1553150 594
1553160 593
1553170 593
1553180 593
1553190 593
1553200 593
1553210 593
1553220 593
1553230 593
1553240 593
1553250 593
1553260 593
1553270 593
1553280 592
1553290 592
1553300 592
1553310 592
1553320 592
1553330 592
1553340 592
1553350 592
1553360 592
1553370 591
1553380 591
1553390 591
1553400 591
1553410 591
1553420 591
1553430 591
1553440 591
1553450 591
1553460 591
1553470 591
1553480 590
1553490 590
1553500 590
1553510 590
1553520 590
1553530 590
1553540 590
1553550 590
1553560 590
1553570 590
1553580 590
1553590 589
1553600 589
1553610 589
1553620 589
1553630 589
1553640 589
1553650 589
1553660 589
1553670 589
1553680 588
1553690 588
1553700 588
1553710 588
1553720 588
1553730 588
1553740 588
1553750 588
1553760 587
1553770 587
1553780 587
1553790 587
1553800 587
1553810 587
1553820 587
1553830 587
1553840 587
1553850 587
1553860 587
1553870 587
1553880 587
1553890 587
1553900 587
1553910 587
1553920 587
1553930 587
1553940 587
1553950 587
1553960 587
1553970 587
1553980 588
1553990 588
1554000 590
1554010 592
1554020 592
1554030 595
1554040 599
1554050 599
1554060 603
1554070 610
1554080 610
1554090 618
1554100 627
1554110 637
1554120 637
1554130 647
1554140 662
1554150 662
1554160 673
1554170 682
1554180 682
1554190 692
1554200 710
1554210 710
1554220 728
1554230 737
1554240 737
1554250 743
1554260 751
1554270 751
1554280 761
1554290 769
1554300 769
1554310 774
1554320 779
1554330 779
1554340 786
1554350 792
1554360 792
1554370 800
1554380 811
1554390 811
1554400 825
1554410 841
1554420 841
1554430 852
1554440 852
1554450 852
1554460 829
1554470 821
1554480 821
1554490 833
1554500 843
1554510 843
1554520 852
1554530 859
1554540 859
1554550 867
1554560 875
1554570 875
1554580 882
1554590 887
1554600 887
1554610 890
1554620 893
1554630 894
1554640 894
1554650 894
1554660 895
1554670 895
1554680 897
1554690 899
1554700 899
1554710 901
1554720 902
1554730 902
1554740 903
1554750 905
1554760 905
1554770 908
1554780 912
1554790 912
1554800 915
1554810 917
1554820 917
1554830 918
1554840 920
1554850 920
1554860 923
1554870 927
1554880 927
1554890 929
1554900 930
1554910 930
1554920 931
1554930 933
1554940 933
1554950 935
1554960 936
1554970 936
1554980 938
1554990 939
1555000 939
1555010 941
1555020 943
1555030 943
1555040 945
1555050 947
1555060 947
1555070 944
1555080 939
1555090 939
1555100 933
1555110 928
1555120 922
1555130 922
1555140 918
1555150 915
1555160 915
1555170 914
1555180 913
1555190 913
1555200 910
1555210 907
1555220 907
1555230 904
1555240 900
1555250 900
1555260 896
1555270 893
1555280 893
1555290 889
1555300 886
1555310 886
1555320 883
1555330 879
1555340 879
1555350 875
1555360 871
1555370 871
1555380 869
1555390 866
1555400 868
1555410 864
1555420 859
1555430 859
1555440 857
1555450 857
1555460 857
1555470 855
1555480 852
1555490 852
1555500 847
1555510 842
1555520 842
1555530 838
1555540 835
1555550 835
1555560 834
1555570 833
1555580 833
1555590 832
1555600 830
1555610 830
1555620 828
1555630 824
1555640 821
1555650 821
1555660 818
1555670 815
1555680 815
1555690 812
1555700 808
1555710 808
1555720 804
1555730 801
1555740 801
1555750 798
1555760 795
1555770 795
1555780 793
1555790 792
1555800 792
1555810 791
1555820 789
1555830 789
1555840 788
1555850 786
1555860 786
1555870 784
1555880 783
1555890 783
1555900 781
1555910 780
1555920 780
1555930 778
1555940 776
1555950 776
1555960 774
1555970 773
1555980 773
1555990 771
1556000 770
1556010 770
1556020 768
1556030 767
1556040 767
1556050 766
1556060 764
1556070 764
1556080 763
1556090 762
1556100 762
1556110 761
1556120 759
1556130 759
1556140 758
1556150 757
1556160 756
1556170 756
1556180 755
1556190 754
1556200 754
1556210 754
1556220 753
1556230 753
1556240 753
1556250 752
1556260 752
1556270 751
1556280 749
1556290 749
1556300 744
1556310 736
1556320 736
1556330 733
1556340 735
1556350 735
1556360 738
1556370 741
1556380 741
1556390 743
1556400 745
1556410 745
1556420 747
1556430 748
1556440 748
1556450 749
1556460 750
1556470 750
1556480 751
1556490 751
1556500 751
1556510 752
1556520 753
1556530 753
1556540 754
1556550 754
1556560 754
1556570 754
1556580 754
1556590 754
1556600 754
1556610 755
1556620 755
1556630 756
1556640 759
1556650 761
1556660 761
1556670 763
1556680 764
1556690 764
1556700 765
1556710 766
1556720 766
1556730 768
1556740 771
1556750 771
1556760 773
1556770 775
1556780 775
1556790 775
1556800 776
1556810 776
1556820 776
1556830 776
1556840 776
1556850 776
1556860 776
1556870 776
1556880 776
1556890 775
1556900 775
1556910 773
1556920 772
1556930 772
1556940 774
1556950 776
1556960 776
1556970 778
1556980 779
1556990 779
1557000 780
1557010 780
1557020 780
1557030 781
1557040 782
1557050 782
1557060 782
1557070 784
1557080 784
1557090 786
1557100 787
1557110 787
1557120 786
1557130 785
1557140 785
1557150 783
1557160 782
1557170 782
1557180 782
1557190 780
1557200 780
1557210 780
1557220 781
1557230 783
1557240 783
1557250 784
1557260 785
1557270 785
1557280 785
1557290 785
1557300 785
1557310 785
1557320 786
1557330 786
1557340 787
1557350 787
1557360 787
1557370 788
1557380 790
1557390 790
1557400 791
1557410 792
1557420 792
1557430 793
1557440 794
1557450 794
1557460 795
1557470 796
1557480 796
1557490 796
1557500 794
1557510 794
1557520 791
1557530 788
1557540 788
1557550 784
1557560 781
1557570 781
1557580 774
1557590 766
1557600 766
1557610 769
1557620 778
1557630 778
1557640 783
1557650 785
1557660 785
1557670 783
1557680 783
1557690 784
1557700 784
1557710 786
1557720 790
1557730 790
1557740 795
1557750 800
1557760 800
1557770 803
1557780 805
1557790 805
1557800 807
1557810 808
1557820 808
1557830 809
1557840 810
1557850 810
1557860 811
1557870 812
1557880 812
1557890 814
1557900 815
1557910 815
1557920 816
1557930 819
1557940 819
1557950 820
1557960 821
1557970 821
1557980 821
1557990 823
1558000 823
1558010 825
1558020 826
1558030 826
1558040 827
1558050 826
1558060 826
1558070 825
1558080 824
1558090 824
1558100 825
1558110 827
1558120 827
1558130 829
1558140 832
1558150 832
1558160 834
1558170 835
1558180 837
1558190 837
1558200 838
1558210 839
1558220 839
1558230 840
1558240 840
1558250 840
1558260 841
1558270 842
1558280 842
1558290 843
1558300 843
1558310 843
1558320 844
1558330 844
1558340 844
1558350 845
1558360 845
1558370 845
1558380 846
1558390 847
1558400 847
1558410 848
1558420 849
1558430 849
1558440 850
1558450 851
1558460 851
1558470 852
1558480 853
1558490 853
1558500 854
1558510 855
1558520 855
1558530 856
1558540 857
1558550 857
1558560 859
1558570 861
1558580 861
1558590 862
1558600 862
1558610 862
1558620 862
1558630 862
1558640 862
1558650 864
1558660 866
1558670 866
1558680 868
1558690 869
1558700 869
1558710 869
1558720 870
1558730 871
1558740 871
1558750 872
1558760 873
1558770 873
1558780 873
1558790 874
1558800 874
1558810 874
1558820 874
1558830 874
1558840 875
1558850 876
1558860 876
1558870 876
1558880 876
1558890 876
1558900 876
1558910 875
1558920 875
1558930 873
1558940 865
1558950 865
1558960 860
1558970 855
1558980 855
1558990 852
1559000 852
1559010 852
1559020 852
1559030 852
1559040 852
1559050 853
1559060 853
1559070 853
1559080 853
1559090 851
1559100 851
1559110 847
1559120 847
1559130 847
1559140 847
1559150 845
1559160 845
1559170 843
1559180 841
1559190 841
1559200 839
1559210 838
1559220 837
1559230 837
1559240 831
1559250 819
1559260 819
1559270 807
1559280 797
1559290 797
1559300 790
1559310 783
1559320 783
1559330 778
1559340 774
1559350 774
1559360 770
1559370 768
1559380 768
1559390 767
1559400 766
1559410 766
1559420 764
1559430 761
1559440 761
1559450 758
1559460 755
1559470 755
1559480 750
1559490 744
1559500 744
1559510 737
1559520 732
1559530 732
1559540 727
1559550 721
1559560 721
1559570 714
1559580 708
1559590 708
1559600 702
1559610 695
1559620 695
1559630 688
1559640 683
1559650 683
1559660 680
1559670 677
1559680 677
1559690 678
1559700 683
1559710 689
1559720 689
1559730 695
1559740 697
1559750 697
1559760 698
1559770 700
1559780 700
1559790 700
1559800 699
1559810 699
1559820 700
1559830 700
1559840 700
1559850 700
1559860 698
1559870 698
1559880 695
1559890 696
1559900 696
1559910 700
1559920 705
1559930 705
1559940 709
1559950 712
1559960 712
1559970 716
1559980 720
1559990 720
