1540000 982
1540010 976
1540020 972
1540030 972
1540040 969
1540050 965
1540060 965
1540070 960
1540080 955
1540090 955
1540100 948
1540110 942
1540120 942
1540130 936
1540140 929
1540150 929
1540160 922
1540170 915
1540180 915
1540190 912
1540200 917
1540210 917
1540220 922
1540230 926
1540240 926
1540250 930
1540260 936
1540270 936
1540280 939
1540290 942
1540300 946
1540310 946
1540320 949
1540330 953
1540340 953
1540350 956
1540360 958
1540370 958
1540380 962
1540390 965
1540400 965
1540410 969
1540420 973
1540430 973
1540440 976
1540450 980
1540460 980
1540470 983
1540480 986
1540490 986
1540500 989
1540510 993
1540520 993
1540530 996
1540540 999
1540550 999
1540560 1002
1540570 1005
1540580 1005
1540590 1007
1540600 1010
1540610 1010
1540620 1012
1540630 1013
1540640 1013
1540650 1014
1540660 1014
1540670 1014
1540680 1013
1540690 1011
1540700 1011
1540710 1002
1540720 993
1540730 993
1540740 984
1540750 975
1540760 975
1540770 966
1540780 957
1540790 957
1540800 950
1540810 942
1540820 942
1540830 934
1540840 926
1540850 926
1540860 918
1540870 910
1540880 902
1540890 902
1540900 895
1540910 881
1540920 881
1540930 870
1540940 860
1540950 860
1540960 850
1540970 841
1540980 841
1540990 835
1541000 829
1541010 829
1541020 823
1541030 815
1541040 815
1541050 807
1541060 800
1541070 800
1541080 795
1541090 792
1541100 792
1541110 794
1541120 801
1541130 801
1541140 810
1541150 817
1541160 817
1541170 823
1541180 830
1541190 830
1541200 836
1541210 843
1541220 843
1541230 850
1541240 857
1541250 857
1541260 863
1541270 869
1541280 869
1541290 874
1541300 881
1541310 881
1541320 887
1541330 891
1541340 891
1541350 895
1541360 900
1541370 900
1541380 906
1541390 912
1541400 912
1541410 918
1541420 926
1541430 935
1541440 935
1541450 945
1541460 954
1541470 954
1541480 964
1541490 970
1541500 970
1541510 969
1541520 966
1541530 966
1541540 969
1541550 978
1541560 978
1541570 987
1541580 995
1541590 995
1541600 1002
1541610 1008
1541620 1008
1541630 1017
1541640 1024
1541650 1024
1541660 1031
1541670 1039
1541680 1039
1541690 1046
1541700 1053
1541710 1053
1541720 1060
1541730 1066
1541740 1066
1541750 1071
1541760 1075
1541770 1075
1541780 1078
1541790 1081
1541800 1081
1541810 1083
1541820 1084
1541830 1084
1541840 1085
1541850 1084
1541860 1084
1541870 1082
1541880 1079
1541890 1079
1541900 1078
1541910 1078
1541920 1078
1541930 1078
1541940 1080
1541950 1080
1541960 1081
1541970 1083
1541980 1087
1541990 1087
1542000 1090
1542010 1093
1542020 1093
1542030 1096
1542040 1098
1542050 1098
1542060 1101
1542070 1104
1542080 1104
1542090 1106
1542100 1108
1542110 1108
1542120 1109
1542130 1109
1542140 1109
1542150 1109
1542160 1108
1542170 1108
1542180 1107
1542190 1106
1542200 1106
1542210 1104
1542220 1102
1542230 1102
1542240 1098
1542250 1094
1542260 1094
1542270 1089
1542280 1083
1542290 1083
1542300 1082
1542310 1077
1542320 1077
1542330 1072
1542340 1068
1542350 1068
1542360 1065
1542370 1061
1542380 1061
1542390 1059
1542400 1058
1542410 1058
1542420 1057
1542430 1057
1542440 1057
1542450 1056
1542460 1055
1542470 1055
1542480 1055
1542490 1055
1542500 1055
1542510 1054
1542520 1054
1542530 1054
1542540 1054
1542550 1054
1542560 1053
1542570 1053
1542580 1052
1542590 1051
1542600 1051
1542610 1050
1542620 1048
1542630 1048
1542640 1046
1542650 1043
1542660 1043
1542670 1041
1542680 1038
1542690 1038
1542700 1035
1542710 1032
1542720 1032
1542730 1030
1542740 1027
1542750 1027
1542760 1023
1542770 1018
1542780 1018
1542790 1013
1542800 1008
1542810 1008
1542820 1004
1542830 1001
1542840 1001
1542850 996
1542860 990
1542870 990
1542880 988
1542890 990
1542900 990
1542910 991
1542920 989
1542930 989
1542940 987
1542950 989
1542960 989
1542970 990
1542980 991
1542990 991
1543000 991
1543010 991
1543020 991
1543030 990
1543040 988
1543050 988
1543060 986
1543070 982
1543080 982
1543090 978
1543100 973
1543110 969
1543120 969
1543130 964
1543140 959
1543150 959
1543160 955
1543170 950
1543180 950
1543190 944
1543200 938
1543210 938
1543220 938
1543230 939
1543240 939
1543250 938
1543260 937
1543270 937
1543280 936
1543290 934
1543300 934
1543310 932
1543320 930
1543330 930
1543340 928
1543350 926
1543360 926
1543370 924
1543380 922
1543390 922
1543400 920
1543410 918
1543420 918
1543430 917
1543440 919
1543450 919
1543460 919
1543470 918
1543480 918
1543490 917
1543500 916
1543510 916
1543520 914
1543530 912
1543540 912
1543550 908
1543560 905
1543570 905
1543580 903
1543590 902
1543600 902
1543610 901
1543620 900
1543630 900
1543640 898
1543650 896
1543660 892
1543670 892
1543680 886
1543690 883
1543700 883
1543710 880
1543720 880
1543730 880
1543740 883
1543750 885
1543760 885
1543770 887
1543780 888
1543790 888
1543800 888
1543810 889
1543820 889
1543830 889
1543840 889
1543850 889
1543860 889
1543870 888
1543880 888
1543890 887
1543900 885
1543910 885
1543920 883
1543930 880
1543940 880
1543950 877
1543960 874
1543970 874
1543980 869
1543990 865
1544000 865
1544010 863
1544020 864
1544030 864
1544040 866
1544050 868
1544060 868
1544070 870
1544080 872
1544090 872
1544100 874
1544110 875
1544120 875
1544130 875
1544140 874
1544150 874
1544160 873
1544170 872
1544180 872
1544190 871
1544200 870
1544210 870
1544220 868
1544230 866
1544240 862
1544250 862
1544260 858
1544270 856
1544280 856
1544290 861
1544300 863
1544310 863
1544320 866
1544330 874
1544340 874
1544350 882
1544360 887
1544370 887
1544380 892
1544390 893
1544400 893
1544410 894
1544420 893
1544430 893
1544440 892
1544450 892
1544460 892
1544470 892
1544480 899
1544490 899
1544500 900
1544510 901
1544520 901
1544530 902
1544540 903
1544550 903
1544560 903
1544570 904
1544580 904
1544590 906
1544600 906
1544610 906
1544620 904
1544630 900
1544640 900
1544650 901
1544660 906
1544670 906
1544680 917
1544690 926
1544700 926
1544710 935
1544720 942
1544730 942
1544740 946
1544750 947
1544760 947
1544770 946
1544780 944
1544790 942
1544800 942
1544810 940
1544820 938
1544830 938
1544840 936
1544850 938
1544860 938
1544870 947
1544880 954
1544890 954
1544900 958
1544910 962
1544920 962
1544930 965
1544940 968
1544950 968
1544960 970
1544970 970
1544980 970
1544990 967
1545000 964
1545010 964
1545020 962
1545030 964
1545040 964
1545050 969
1545060 973
1545070 973
1545080 975
1545090 977
1545100 977
1545110 980
1545120 983
1545130 983
1545140 982
1545150 981
1545160 981
1545170 981
1545180 980
1545190 980
1545200 981
1545210 982
1545220 982
1545230 983
1545240 988
1545250 988
1545260 997
1545270 1006
1545280 1006
1545290 1014
1545300 1022
1545310 1022
1545320 1028
1545330 1032
1545340 1038
1545350 1038
1545360 1044
1545370 1048
1545380 1048
1545390 1048
1545400 1044
1545410 1044
1545420 1040
1545430 1037
1545440 1037
1545450 1033
1545460 1032
1545470 1032
1545480 1035
1545490 1039
1545500 1039
1545510 1042
1545520 1041
1545530 1041
1545540 1033
1545550 1027
1545560 1027
1545570 1026
1545580 1028
1545590 1028
1545600 1029
1545610 1031
1545620 1031
1545630 1031
1545640 1029
1545650 1029
1545660 1029
1545670 1032
1545680 1032
1545690 1035
1545700 1036
1545710 1036
1545720 1038
1545730 1040
1545740 1040
1545750 1043
1545760 1047
1545770 1047
1545780 1050
1545790 1053
1545800 1053
1545810 1054
1545820 1052
1545830 1052
1545840 1050
1545850 1047
1545860 1047
1545870 1046
1545880 1050
1545890 1050
1545900 1060
1545910 1069
1545920 1076
1545930 1076
1545940 1083
1545950 1090
1545960 1090
1545970 1097
1545980 1105
1545990 1105
1546000 1112
1546010 1121
1546020 1121
1546030 1128
1546040 1134
1546050 1134
1546060 1142
1546070 1147
1546080 1147
1546090 1145
1546100 1141
1546110 1141
1546120 1135
1546130 1129
1546140 1129
1546150 1123
1546160 1115
1546170 1115
1546180 1107
1546190 1100
1546200 1100
1546210 1095
1546220 1089
1546230 1089
1546240 1084
1546250 1079
1546260 1079
1546270 1074
1546280 1070
1546290 1070
1546300 1066
1546310 1060
1546320 1060
1546330 1055
1546340 1053
1546350 1053
1546360 1058
1546370 1058
1546380 1058
1546390 1055
1546400 1051
1546410 1051
1546420 1052
1546430 1057
1546440 1057
1546450 1060
1546460 1062
1546470 1062
1546480 1062
1546490 1062
1546500 1062
1546510 1062
1546520 1063
1546530 1063
1546540 1063
1546550 1063
1546560 1063
1546570 1063
1546580 1063
1546590 1068
1546600 1068
1546610 1066
1546620 1063
1546630 1063
1546640 1059
1546650 1055
1546660 1055
1546670 1049
1546680 1043
1546690 1043
1546700 1036
1546710 1030
1546720 1030
1546730 1024
1546740 1017
1546750 1017
1546760 1011
1546770 1006
1546780 1006
1546790 1001
1546800 995
1546810 995
1546820 989
1546830 983
1546840 983
1546850 976
1546860 969
1546870 969
1546880 962
1546890 955
1546900 955
1546910 950
1546920 943
1546930 943
1546940 937
1546950 931
1546960 931
1546970 926
1546980 922
1546990 922
1547000 917
1547010 912
1547020 912
1547030 907
1547040 904
1547050 903
1547060 903
1547070 902
1547080 901
1547090 901
1547100 897
1547110 897
1547120 897
1547130 899
1547140 898
1547150 898
1547160 897
1547170 898
1547180 898
1547190 901
1547200 903
1547210 903
1547220 902
1547230 902
1547240 902
1547250 907
1547260 914
1547270 914
1547280 921
1547290 926
1547300 926
1547310 929
1547320 931
1547330 931
1547340 932
1547350 931
1547360 931
1547370 930
1547380 931
1547390 931
1547400 932
1547410 933
1547420 933
1547430 935
1547440 938
1547450 938
1547460 941
1547470 943
1547480 943
1547490 948
1547500 951
1547510 951
1547520 954
1547530 956
1547540 956
1547550 958
1547560 961
1547570 961
1547580 962
1547590 961
1547600 959
1547610 959
1547620 957
1547630 955
1547640 955
1547650 952
1547660 949
1547670 949
1547680 948
1547690 947
1547700 947
1547710 946
1547720 942
1547730 942
1547740 936
1547750 930
1547760 930
1547770 923
1547780 916
1547790 916
1547800 908
1547810 900
1547820 900
1547830 894
1547840 895
1547850 895
1547860 893
1547870 890
1547880 890
1547890 892
1547900 898
1547910 898
1547920 904
1547930 912
1547940 912
1547950 920
1547960 927
1547970 927
1547980 934
1547990 940
1548000 940
1548010 946
1548020 951
1548030 951
1548040 957
1548050 962
1548060 962
1548070 968
1548080 973
1548090 973
1548100 979
1548110 984
1548120 984
1548130 989
1548140 995
1548150 1000
1548160 1000
1548170 1005
1548180 1009
1548190 1009
1548200 1012
1548210 1012
1548220 1012
1548230 1009
1548240 1004
1548250 1004
1548260 1001
1548270 998
1548280 998
1548290 995
1548300 991
1548310 991
1548320 988
1548330 984
1548340 984
1548350 980
1548360 975
1548370 975
1548380 970
1548390 965
1548400 965
1548410 959
1548420 954
1548430 954
1548440 949
1548450 944
1548460 944
1548470 939
1548480 934
1548490 934
1548500 930
1548510 927
1548520 927
1548530 927
1548540 925
1548550 925
1548560 924
1548570 930
1548580 930
1548590 937
1548600 944
1548610 944
1548620 950
1548630 958
1548640 958
1548650 965
1548660 971
1548670 971
1548680 978
1548690 984
1548700 984
1548710 991
1548720 998
1548730 1005
1548740 1005
1548750 1011
1548760 1018
1548770 1018
1548780 1024
1548790 1031
1548800 1031
1548810 1038
1548820 1044
1548830 1044
1548840 1051
1548850 1059
1548860 1059
1548870 1064
1548880 1069
1548890 1069
1548900 1074
1548910 1077
1548920 1077
1548930 1078
1548940 1076
1548950 1076
1548960 1072
1548970 1070
1548980 1070
1548990 1066
1549000 1062
1549010 1062
1549020 1056
1549030 1049
1549040 1049
1549050 1042
1549060 1034
1549070 1034
1549080 1025
1549090 1016
1549100 1016
1549110 1010
1549120 1005
1549130 1005
1549140 1001
1549150 996
1549160 996
1549170 991
1549180 986
1549190 986
1549200 982
1549210 978
1549220 978
1549230 974
1549240 970
1549250 970
1549260 966
1549270 962
1549280 959
1549290 959
1549300 955
1549310 952
1549320 952
1549330 949
1549340 945
1549350 945
1549360 941
1549370 937
1549380 937
1549390 933
1549400 929
1549410 929
1549420 926
1549430 922
1549440 922
1549450 917
1549460 913
1549470 913
1549480 908
1549490 904
1549500 904
1549510 901
1549520 898
1549530 898
1549540 894
1549550 890
1549560 890
1549570 887
1549580 884
1549590 884
1549600 881
1549610 877
1549620 877
1549630 873
1549640 869
1549650 869
1549660 864
1549670 861
1549680 861
1549690 858
1549700 856
1549710 856
1549720 854
1549730 851
1549740 851
1549750 848
1549760 846
1549770 846
1549780 843
1549790 839
1549800 839
1549810 834
1549820 830
1549830 830
1549840 828
1549850 826
1549860 825
1549870 825
1549880 824
1549890 822
1549900 822
1549910 820
1549920 817
1549930 817
1549940 815
1549950 813
1549960 813
1549970 812
1549980 810
1549990 810
1550000 806
1550010 802
1550020 802
1550030 799
1550040 798
1550050 798
1550060 797
1550070 794
1550080 794
1550090 790
1550100 785
1550110 785
1550120 781
1550130 778
1550140 778
1550150 775
1550160 773
1550170 773
1550180 770
1550190 766
1550200 766
1550210 764
1550220 760
1550230 760
1550240 756
1550250 753
1550260 753
1550270 751
1550280 751
1550290 751
1550300 750
1550310 746
1550320 746
1550330 742
1550340 741
1550350 741
1550360 745
1550370 749
1550380 749
1550390 749
1550400 748
1550410 745
1550420 745
1550430 743
1550440 740
1550450 740
1550460 737
1550470 734
1550480 734
1550490 732
1550500 730
1550510 730
1550520 729
1550530 727
1550540 727
1550550 725
1550560 724
1550570 724
1550580 724
1550590 724
1550600 721
1550610 721
1550620 721
1550630 721
1550640 721
1550650 721
1550660 721
1550670 721
1550680 722
1550690 722
1550700 721
1550710 721
1550720 721
1550730 722
1550740 722
1550750 722
1550760 722
1550770 722
1550780 722
1550790 721
1550800 721
1550810 721
1550820 722
1550830 723
1550840 723
1550850 723
1550860 724
1550870 724
1550880 725
1550890 726
1550900 726
1550910 726
1550920 726
1550930 726
1550940 728
1550950 727
1550960 729
1550970 729
1550980 731
1550990 734
1551000 734
1551010 735
1551020 735
1551030 735
1551040 736
1551050 736
1551060 736
1551070 736
1551080 736
1551090 736
1551100 736
1551110 737
1551120 737
1551130 738
1551140 739
1551150 739
1551160 739
1551170 740
1551180 740
1551190 741
1551200 742
1551210 742
1551220 743
1551230 742
1551240 742
1551250 743
1551260 745
1551270 745
1551280 747
1551290 750
1551300 750
1551310 751
1551320 752
1551330 752
1551340 755
1551350 758
1551360 758
1551370 761
1551380 764
1551390 764
1551400 767
1551410 771
1551420 771
1551430 774
1551440 776
1551450 776
1551460 778
1551470 781
1551480 781
1551490 782
1551500 783
1551510 783
1551520 785
1551530 789
1551540 792
1551550 792
1551560 794
1551570 797
1551580 797
1551590 800
1551600 804
1551610 804
1551620 805
1551630 805
1551640 805
1551650 806
1551660 808
1551670 808
1551680 809
1551690 808
1551700 808
1551710 807
1551720 806
1551730 806
1551740 806
1551750 807
1551760 807
1551770 806
1551780 803
1551790 803
1551800 800
1551810 796
1551820 796
1551830 792
1551840 788
1551850 788
1551860 785
1551870 784
1551880 784
1551890 783
1551900 783
1551910 783
1551920 782
1551930 780
1551940 780
1551950 780
1551960 780
1551970 780
1551980 780
1551990 777
1552000 777
1552010 773
1552020 769
1552030 769
1552040 764
1552050 759
1552060 759
1552070 753
1552080 747
1552090 745
1552100 745
1552110 745
1552120 743
1552130 743
1552140 737
1552150 727
1552160 727
1552170 714
1552180 704
1552190 704
1552200 696
1552210 688
1552220 688
1552230 680
1552240 673
1552250 673
1552260 665
1552270 659
1552280 659
1552290 652
1552300 644
1552310 644
1552320 635
1552330 628
1552340 628
1552350 621
1552360 614
1552370 614
1552380 606
1552390 596
1552400 596
1552410 586
1552420 578
1552430 578
1552440 571
1552450 565
1552460 565
1552470 558
1552480 551
1552490 551
1552500 548
1552510 548
1552520 548
1552530 548
1552540 548
1552550 548
1552560 548
1552570 548
1552580 548
1552590 548
1552600 548
1552610 548
1552620 548
1552630 548
1552640 548
1552650 548
1552660 548
1552670 548
1552680 548
1552690 548
1552700 551
1552710 551
1552720 555
1552730 558
1552740 558
1552750 557
1552760 557
1552770 557
1552780 557
1552790 557
1552800 557
1552810 557
1552820 557
1552830 557
1552840 557
1552850 557
1552860 557
1552870 558
1552880 558
1552890 558
1552900 558
1552910 558
1552920 558
1552930 559
1552940 559
1552950 559
1552960 559
1552970 559
1552980 559
1552990 560
1553000 560
1553010 560
1553020 560
1553030 561
1553040 561
1553050 561
1553060 562
1553070 562
1553080 562
1553090 562
1553100 562
1553110 562
1553120 563
1553130 563
1553140 563
1553150 563
1553160 563
1553170 564
1553180 565
1553190 565
1553200 566
1553210 566
1553220 567
1553230 567
1553240 569
1553250 570
1553260 570
1553270 571
1553280 572
1553290 572
1553300 574
1553310 576
1553320 576
1553330 580
1553340 586
1553350 586
1553360 594
1553370 600
1553380 600
1553390 605
1553400 611
1553410 611
1553420 620
1553430 629
1553440 629
1553450 637
1553460 643
1553470 643
1553480 648
1553490 653
1553500 653
1553510 655
1553520 655
1553530 655
1553540 656
1553550 658
1553560 658
1553570 661
1553580 664
1553590 664
1553600 664
1553610 663
1553620 663
1553630 663
1553640 665
1553650 665
1553660 670
1553670 677
1553680 677
1553690 687
1553700 696
1553710 696
1553720 701
1553730 706
1553740 706
1553750 710
1553760 713
1553770 715
1553780 715
1553790 717
1553800 720
1553810 720
1553820 724
1553830 727
1553840 727
1553850 731
1553860 734
1553870 734
1553880 739
1553890 744
1553900 744
1553910 749
1553920 753
1553930 753
1553940 757
1553950 763
1553960 763
1553970 768
1553980 773
1553990 773
1554000 779
1554010 786
1554020 786
1554030 793
1554040 800
1554050 800
1554060 805
1554070 811
1554080 811
1554090 818
1554100 824
1554110 824
1554120 830
1554130 838
1554140 838
1554150 845
1554160 851
1554170 851
1554180 857
1554190 864
1554200 864
1554210 870
1554220 876
1554230 876
1554240 880
1554250 884
1554260 884
1554270 889
1554280 893
1554290 893
1554300 898
1554310 902
1554320 902
1554330 906
1554340 910
1554350 913
1554360 913
1554370 917
1554380 920
1554390 913
1554400 917
1554410 923
1554420 923
1554430 929
1554440 936
1554450 936
1554460 942
1554470 947
1554480 947
1554490 953
1554500 958
1554510 958
1554520 962
1554530 965
1554540 965
1554550 968
1554560 970
1554570 970
1554580 972
1554590 974
1554600 974
1554610 976
1554620 978
1554630 978
1554640 982
1554650 989
1554660 989
1554670 998
1554680 1006
1554690 1006
1554700 1012
1554710 1020
1554720 1020
1554730 1028
1554740 1035
1554750 1035
1554760 1040
1554770 1042
1554780 1042
1554790 1046
1554800 1054
1554810 1054
1554820 1063
1554830 1070
1554840 1070
1554850 1079
1554860 1087
1554870 1087
1554880 1095
1554890 1102
1554900 1110
1554910 1110
1554920 1118
1554930 1125
1554940 1125
1554950 1133
1554960 1142
1554970 1142
1554980 1150
1554990 1156
1555000 1156
1555010 1163
1555020 1172
1555030 1172
1555040 1180
1555050 1187
1555060 1187
1555070 1194
1555080 1201
1555090 1201
1555100 1207
1555110 1214
1555120 1214
1555130 1221
1555140 1227
1555150 1227
1555160 1234
1555170 1241
1555180 1241
1555190 1250
1555200 1260
1555210 1260
1555220 1267
1555230 1274
1555240 1274
1555250 1277
1555260 1278
1555270 1278
1555280 1287
1555290 1297
1555300 1297
1555310 1303
1555320 1307
1555330 1307
1555340 1311
1555350 1316
1555360 1316
1555370 1321
1555380 1326
1555390 1326
1555400 1333
1555410 1340
1555420 1340
1555430 1347
1555440 1354
1555450 1362
1555460 1362
1555470 1368
1555480 1374
1555490 1374
1555500 1381
1555510 1392
1555520 1392
1555530 1400
1555540 1405
1555550 1405
1555560 1409
1555570 1417
1555580 1417
1555590 1431
1555600 1446
1555610 1446
1555620 1454
1555630 1458
1555640 1458
1555650 1462
1555660 1466
1555670 1466
1555680 1469
1555690 1472
1555700 1472
1555710 1473
1555720 1475
1555730 1475
1555740 1476
1555750 1478
1555760 1478
1555770 1484
1555780 1497
1555790 1497
1555800 1504
1555810 1504
1555820 1504
1555830 1504
1555840 1504
1555850 1504
1555860 1505
1555870 1507
1555880 1507
1555890 1506
1555900 1502
1555910 1502
1555920 1499
1555930 1499
1555940 1499
1555950 1501
1555960 1502
1555970 1502
1555980 1503
1555990 1506
1556000 1506
1556010 1509
1556020 1513
1556030 1516
1556040 1516
1556050 1518
1556060 1520
1556070 1520
1556080 1521
1556090 1523
1556100 1523
1556110 1525
1556120 1527
1556130 1527
1556140 1528
1556150 1529
1556160 1529
1556170 1530
1556180 1532
1556190 1532
1556200 1533
1556210 1534
1556220 1531
1556230 1532
1556240 1533
1556250 1533
1556260 1534
1556270 1535
1556280 1535
1556290 1536
1556300 1537
1556310 1537
1556320 1538
1556330 1538
1556340 1538
1556350 1538
1556360 1538
1556370 1538
1556380 1537
1556390 1535
1556400 1535
1556410 1532
1556420 1531
1556430 1531
1556440 1533
1556450 1536
1556460 1536
1556470 1537
1556480 1538
1556490 1538
1556500 1539
1556510 1539
1556520 1539
1556530 1540
1556540 1541
1556550 1541
1556560 1542
1556570 1543
1556580 1544
1556590 1544
1556600 1545
1556610 1546
1556620 1546
1556630 1547
1556640 1549
1556650 1549
1556660 1550
1556670 1551
1556680 1551
1556690 1551
1556700 1552
1556710 1552
1556720 1552
1556730 1552
1556740 1552
1556750 1551
1556760 1550
1556770 1550
1556780 1549
1556790 1549
1556800 1549
1556810 1546
1556820 1542
1556830 1542
1556840 1537
1556850 1532
1556860 1532
1556870 1526
1556880 1521
1556890 1521
1556900 1516
1556910 1510
1556920 1510
1556930 1503
1556940 1497
1556950 1497
1556960 1493
1556970 1491
1556980 1491
1556990 1487
1557000 1482
1557010 1482
1557020 1478
1557030 1471
1557040 1471
1557050 1458
1557060 1449
1557070 1449
1557080 1444
1557090 1439
1557100 1439
1557110 1435
1557120 1431
1557130 1428
1557140 1428
1557150 1428
1557160 1427
1557170 1427
1557180 1425
1557190 1423
1557200 1423
1557210 1422
1557220 1421
1557230 1421
1557240 1418
1557250 1413
1557260 1413
1557270 1409
1557280 1410
1557290 1410
1557300 1411
1557310 1411
1557320 1411
1557330 1411
1557340 1410
1557350 1410
1557360 1409
1557370 1405
1557380 1405
1557390 1400
1557400 1395
1557410 1395
1557420 1394
1557430 1396
1557440 1396
1557450 1397
1557460 1397
1557470 1397
1557480 1397
1557490 1397
1557500 1397
1557510 1399
1557520 1403
1557530 1403
1557540 1405
1557550 1405
1557560 1405
1557570 1401
1557580 1395
1557590 1395
1557600 1392
1557610 1392
1557620 1392
1557630 1393
1557640 1395
1557650 1395
1557660 1398
1557670 1402
1557680 1402
1557690 1405
1557700 1407
1557710 1410
1557720 1410
1557730 1414
1557740 1418
1557750 1418
1557760 1424
1557770 1432
1557780 1432
1557790 1447
1557800 1462
1557810 1462
1557820 1475
1557830 1485
1557840 1485
1557850 1492
1557860 1515
1557870 1515
1557880 1544
1557890 1561
1557900 1561
1557910 1568
1557920 1569
1557930 1569
1557940 1569
1557950 1569
1557960 1569
1557970 1570
1557980 1570
1557990 1570
1558000 1569
1558010 1568
1558020 1568
1558030 1569
1558040 1571
1558050 1571
1558060 1572
1558070 1554
1558080 1554
1558090 1522
1558100 1504
1558110 1504
1558120 1496
1558130 1488
1558140 1488
1558150 1481
1558160 1473
1558170 1473
1558180 1466
1558190 1460
1558200 1460
1558210 1454
1558220 1448
1558230 1448
1558240 1443
1558250 1438
1558260 1434
1558270 1434
1558280 1431
1558290 1428
1558300 1428
1558310 1426
1558320 1425
1558330 1425
1558340 1424
1558350 1423
1558360 1423
1558370 1424
1558380 1426
1558390 1426
1558400 1427
1558410 1433
1558420 1433
1558430 1438
1558440 1441
1558450 1441
1558460 1444
1558470 1447
1558480 1447
1558490 1449
1558500 1452
1558510 1452
1558520 1455
1558530 1457
1558540 1457
1558550 1458
1558560 1458
1558570 1458
1558580 1455
1558590 1456
1558600 1456
1558610 1458
1558620 1459
1558630 1459
1558640 1458
1558650 1459
1558660 1459
1558670 1461
1558680 1463
1558690 1463
1558700 1465
1558710 1470
1558720 1470
1558730 1475
1558740 1485
1558750 1485
1558760 1504
1558770 1513
1558780 1513
1558790 1515
1558800 1522
1558810 1522
1558820 1529
1558830 1536
1558840 1540
1558850 1540
1558860 1541
1558870 1544
1558880 1544
1558890 1550
1558900 1554
1558910 1554
1558920 1559
1558930 1563
1558940 1563
1558950 1568
1558960 1572
1558970 1572
1558980 1577
1558990 1584
1559000 1584
1559010 1591
1559020 1596
1559030 1596
1559040 1601
1559050 1606
1559060 1606
1559070 1610
1559080 1612
1559090 1612
1559100 1610
1559110 1604
1559120 1604
1559130 1595
1559140 1587
1559150 1587
1559160 1581
1559170 1575
1559180 1575
1559190 1570
1559200 1566
1559210 1566
1559220 1563
1559230 1560
1559240 1560
1559250 1557
1559260 1554
1559270 1554
1559280 1553
1559290 1555
1559300 1555
1559310 1556
1559320 1550
1559330 1550
1559340 1543
1559350 1541
1559360 1541
1559370 1542
1559380 1539
1559390 1526
1559400 1526
1559410 1522
1559420 1525
1559430 1525
1559440 1513
1559450 1488
1559460 1488
1559470 1472
1559480 1465
1559490 1465
1559500 1456
1559510 1448
1559520 1448
1559530 1439
1559540 1430
1559550 1430
1559560 1418
1559570 1405
1559580 1405
1559590 1398
1559600 1391
1559610 1391
1559620 1382
1559630 1375
1559640 1375
1559650 1368
1559660 1362
1559670 1362
1559680 1358
1559690 1354
1559700 1354
1559710 1350
1559720 1347
1559730 1347
1559740 1342
1559750 1336
1559760 1336
1559770 1330
1559780 1320
1559790 1320
1559800 1310
1559810 1299
1559820 1299
1559830 1288
1559840 1277
1559850 1277
1559860 1267
1559870 1253
1559880 1253
1559890 1240
1559900 1221
1559910 1221
1559920 1207
1559930 1196
1559940 1186
1559950 1186
1559960 1177
1559970 1169
1559980 1169
1559990 1161
