1540000 675
1540010 672
1540020 669
1540030 669
1540040 667
1540050 665
1540060 665
1540070 661
1540080 657
1540090 657
1540100 654
1540110 652
1540120 652
1540130 651
1540140 649
1540150 649
1540160 646
1540170 644
1540180 644
1540190 644
1540200 643
1540210 643
1540220 640
1540230 640
1540240 640
1540250 639
1540260 638
1540270 638
1540280 636
1540290 634
1540300 634
1540310 634
1540320 633
1540330 633
1540340 632
1540350 632
1540360 632
1540370 631
1540380 631
1540390 631
1540400 630
1540410 628
1540420 624
1540430 624
1540440 622
1540450 622
1540460 622
1540470 625
1540480 629
1540490 629
1540500 628
1540510 635
1540520 635
1540530 645
1540540 651
1540550 651
1540560 655
1540570 658
1540580 658
1540590 661
1540600 664
1540610 664
1540620 666
1540630 668
1540640 668
1540650 669
1540660 669
1540670 669
1540680 670
1540690 668
1540700 668
1540710 664
1540720 666
1540730 666
1540740 671
1540750 674
1540760 674
1540770 678
1540780 681
1540790 681
1540800 684
1540810 687
1540820 687
1540830 689
1540840 692
1540850 692
1540860 694
1540870 695
1540880 695
1540890 695
1540900 693
1540910 693
1540920 691
1540930 691
1540940 691
1540950 690
1540960 690
1540970 690
1540980 689
1540990 688
1541000 688
1541010 685
1541020 679
1541030 677
1541040 677
1541050 685
1541060 691
1541070 691
1541080 694
1541090 695
1541100 695
1541110 695
1541120 694
1541130 694
1541140 693
1541150 692
1541160 692
1541170 690
1541180 688
1541190 688
1541200 687
1541210 686
1541220 686
1541230 685
1541240 685
1541250 685
1541260 684
1541270 681
1541280 681
1541290 676
1541300 669
1541310 669
1541320 662
1541330 659
1541340 659
1541350 659
1541360 661
1541370 661
1541380 665
1541390 669
1541400 669
1541410 673
1541420 675
1541430 675
1541440 677
1541450 679
1541460 679
1541470 680
1541480 682
1541490 682
1541500 684
1541510 685
1541520 685
1541530 686
1541540 687
1541550 687
1541560 687
1541570 685
1541580 685
1541590 679
1541600 685
1541610 685
1541620 692
1541630 699
1541640 704
1541650 704
1541660 710
1541670 716
1541680 716
1541690 720
1541700 723
1541710 723
1541720 725
1541730 727
1541740 727
1541750 728
1541760 729
1541770 729
1541780 729
1541790 730
1541800 730
1541810 731
1541820 731
1541830 731
1541840 733
1541850 734
1541860 734
1541870 735
1541880 735
1541890 735
1541900 736
1541910 735
1541920 735
1541930 733
1541940 730
1541950 730
1541960 727
1541970 724
1541980 724
1541990 723
1542000 722
1542010 722
1542020 723
1542030 726
1542040 726
1542050 728
1542060 729
1542070 729
1542080 730
1542090 732
1542100 732
1542110 735
1542120 740
1542130 740
1542140 745
1542150 751
1542160 751
1542170 756
1542180 762
1542190 762
1542200 767
1542210 772
1542220 778
1542230 778
1542240 783
1542250 789
1542260 789
1542270 794
1542280 799
1542290 799
1542300 803
1542310 808
1542320 808
1542330 814
1542340 820
1542350 820
1542360 825
1542370 831
1542380 831
1542390 837
1542400 843
1542410 843
1542420 849
1542430 854
1542440 854
1542450 859
1542460 865
1542470 865
1542480 872
1542490 879
1542500 879
1542510 886
1542520 893
1542530 893
1542540 899
1542550 906
1542560 906
1542570 913
1542580 918
1542590 918
1542600 923
1542610 926
1542620 926
1542630 928
1542640 929
1542650 929
1542660 931
1542670 933
1542680 933
1542690 937
1542700 943
1542710 943
1542720 949
1542730 956
1542740 956
1542750 963
1542760 975
1542770 975
1542780 982
1542790 987
1542800 987
1542810 993
1542820 1002
1542830 1013
1542840 1013
1542850 1022
1542860 1031
1542870 1031
1542880 1041
1542890 1047
1542900 1047
1542910 1052
1542920 1057
1542930 1057
1542940 1061
1542950 1064
1542960 1064
1542970 1068
1542980 1070
1542990 1070
1543000 1072
1543010 1073
1543020 1073
1543030 1075
1543040 1076
1543050 1076
1543060 1078
1543070 1080
1543080 1080
1543090 1083
1543100 1085
1543110 1085
1543120 1086
1543130 1087
1543140 1087
1543150 1087
1543160 1087
1543170 1087
1543180 1086
1543190 1084
1543200 1084
1543210 1082
1543220 1079
1543230 1079
1543240 1076
1543250 1072
1543260 1072
1543270 1069
1543280 1068
1543290 1068
1543300 1067
1543310 1067
1543320 1067
1543330 1069
1543340 1074
1543350 1074
1543360 1079
1543370 1086
1543380 1086
1543390 1091
1543400 1093
1543410 1093
1543420 1091
1543430 1089
1543440 1088
1543450 1088
1543460 1088
1543470 1088
1543480 1088
1543490 1089
1543500 1090
1543510 1090
1543520 1087
1543530 1084
1543540 1084
1543550 1081
1543560 1079
1543570 1079
1543580 1077
1543590 1075
1543600 1075
1543610 1074
1543620 1073
1543630 1073
1543640 1071
1543650 1067
1543660 1067
1543670 1063
1543680 1060
1543690 1060
1543700 1055
1543710 1050
1543720 1050
1543730 1046
1543740 1041
1543750 1041
1543760 1036
1543770 1031
1543780 1031
1543790 1026
1543800 1023
1543810 1023
1543820 1019
1543830 1016
1543840 1016
1543850 1012
1543860 1010
1543870 1010
1543880 1010
1543890 1010
1543900 1010
1543910 1010
1543920 1010
1543930 1010
1543940 1011
1543950 1011
1543960 1011
1543970 1012
1543980 1013
1543990 1013
1544000 1014
1544010 1016
1544020 1018
1544030 1018
1544040 1020
1544050 1022
1544060 1022
1544070 1023
1544080 1024
1544090 1024
1544100 1024
1544110 1024
1544120 1024
1544130 1023
1544140 1022
1544150 1022
1544160 1022
1544170 1023
1544180 1023
1544190 1025
1544200 1028
1544210 1028
1544220 1031
1544230 1035
1544240 1035
1544250 1038
1544260 1042
1544270 1042
1544280 1046
1544290 1050
1544300 1050
1544310 1054
1544320 1058
1544330 1058
1544340 1062
1544350 1066
1544360 1066
1544370 1069
1544380 1073
1544390 1073
1544400 1074
1544410 1073
1544420 1073
1544430 1072
1544440 1071
1544450 1071
1544460 1070
1544470 1069
1544480 1069
1544490 1067
1544500 1064
1544510 1064
1544520 1061
1544530 1058
1544540 1058
1544550 1057
1544560 1057
1544570 1057
1544580 1056
1544590 1055
1544600 1055
1544610 1053
1544620 1051
1544630 1049
1544640 1049
1544650 1048
1544660 1044
1544670 1044
1544680 1039
1544690 1033
1544700 1033
1544710 1028
1544720 1023
1544730 1023
1544740 1017
1544750 1011
1544760 1011
1544770 1006
1544780 999
1544790 999
1544800 993
1544810 987
1544820 987
1544830 981
1544840 976
1544850 976
1544860 971
1544870 968
1544880 968
1544890 964
1544900 960
1544910 960
1544920 956
1544930 956
1544940 956
1544950 955
1544960 953
1544970 953
1544980 950
1544990 946
1545000 946
1545010 940
1545020 935
1545030 935
1545040 931
1545050 927
1545060 927
1545070 923
1545080 919
1545090 919
1545100 916
1545110 914
1545120 914
1545130 913
1545140 911
1545150 911
1545160 909
1545170 906
1545180 906
1545190 903
1545200 901
1545210 898
1545220 898
1545230 897
1545240 897
1545250 897
1545260 898
1545270 898
1545280 898
1545290 898
1545300 898
1545310 898
1545320 898
1545330 898
1545340 898
1545350 897
1545360 896
1545370 896
1545380 892
1545390 888
1545400 888
1545410 884
1545420 880
1545430 880
1545440 876
1545450 872
1545460 872
1545470 867
1545480 863
1545490 863
1545500 859
1545510 856
1545520 856
1545530 852
1545540 848
1545550 848
1545560 846
1545570 845
1545580 845
1545590 844
1545600 843
1545610 843
1545620 841
1545630 839
1545640 839
1545650 834
1545660 829
1545670 829
1545680 824
1545690 817
1545700 817
1545710 811
1545720 807
1545730 807
1545740 809
1545750 815
1545760 815
1545770 820
1545780 824
1545790 824
1545800 829
1545810 834
1545820 839
1545830 839
1545840 844
1545850 849
1545860 849
1545870 854
1545880 859
1545890 859
1545900 864
1545910 870
1545920 870
1545930 874
1545940 878
1545950 878
1545960 880
1545970 879
1545980 879
1545990 875
1546000 871
1546010 871
1546020 870
1546030 869
1546040 869
1546050 864
1546060 861
1546070 861
1546080 859
1546090 858
1546100 858
1546110 857
1546120 853
1546130 853
1546140 850
1546150 850
1546160 850
1546170 852
1546180 849
1546190 849
1546200 844
1546210 841
1546220 841
1546230 841
1546240 843
1546250 843
1546260 845
1546270 844
1546280 844
1546290 837
1546300 827
1546310 827
1546320 819
1546330 812
1546340 812
1546350 806
1546360 806
1546370 806
1546380 809
1546390 809
1546400 809
1546410 808
1546420 808
1546430 808
1546440 808
1546450 805
1546460 803
1546470 803
1546480 801
1546490 799
1546500 799
1546510 800
1546520 806
1546530 806
1546540 809
1546550 810
1546560 810
1546570 810
1546580 811
1546590 811
1546600 812
1546610 813
1546620 813
1546630 814
1546640 816
1546650 816
1546660 819
1546670 823
1546680 823
1546690 827
1546700 832
1546710 832
1546720 838
1546730 843
1546740 843
1546750 848
1546760 853
1546770 853
1546780 857
1546790 862
1546800 862
1546810 868
1546820 873
1546830 873
1546840 878
1546850 882
1546860 882
1546870 888
1546880 893
1546890 893
1546900 898
1546910 903
1546920 903
1546930 907
1546940 912
1546950 912
1546960 915
1546970 919
1546980 919
1546990 923
1547000 926
1547010 929
1547020 923
1547030 926
1547040 928
1547050 928
1547060 931
1547070 933
1547080 933
1547090 935
1547100 937
1547110 937
1547120 939
1547130 940
1547140 940
1547150 941
1547160 943
1547170 943
1547180 944
1547190 945
1547200 945
1547210 946
1547220 947
1547230 947
1547240 948
1547250 949
1547260 949
1547270 951
1547280 952
1547290 952
1547300 953
1547310 954
1547320 954
1547330 954
1547340 954
1547350 954
1547360 954
1547370 954
1547380 954
1547390 953
1547400 952
1547410 952
1547420 952
1547430 952
1547440 952
1547450 951
1547460 951
1547470 951
1547480 951
1547490 950
1547500 950
1547510 949
1547520 949
1547530 949
1547540 948
1547550 948
1547560 948
1547570 947
1547580 947
1547590 947
1547600 947
1547610 947
1547620 946
1547630 946
1547640 947
1547650 947
1547660 947
1547670 948
1547680 948
1547690 948
1547700 948
1547710 949
1547720 949
1547730 949
1547740 949
1547750 949
1547760 949
1547770 949
1547780 949
1547790 949
1547800 949
1547810 949
1547820 949
1547830 950
1547840 950
1547850 950
1547860 950
1547870 950
1547880 950
1547890 949
1547900 949
1547910 949
1547920 948
1547930 948
1547940 946
1547950 944
1547960 944
1547970 943
1547980 942
1547990 942
1548000 941
1548010 941
1548020 941
1548030 940
1548040 938
1548050 938
1548060 937
1548070 936
1548080 936
1548090 935
1548100 934
1548110 934
1548120 932
1548130 931
1548140 931
1548150 928
1548160 925
1548170 925
1548180 922
1548190 919
1548200 919
1548210 917
1548220 915
1548230 912
1548240 912
1548250 912
1548260 913
1548270 913
1548280 913
1548290 914
1548300 914
1548310 914
1548320 914
1548330 914
1548340 914
1548350 915
1548360 915
1548370 915
1548380 915
1548390 915
1548400 916
1548410 916
1548420 916
1548430 917
1548440 918
1548450 918
1548460 918
1548470 919
1548480 919
1548490 919
1548500 919
1548510 919
1548520 919
1548530 919
1548540 919
1548550 920
1548560 920
1548570 920
1548580 921
1548590 922
1548600 922
1548610 922
1548620 921
1548630 921
1548640 921
1548650 921
1548660 921
1548670 921
1548680 921
1548690 921
1548700 922
1548710 922
1548720 922
1548730 922
1548740 921
1548750 921
1548760 921
1548770 921
1548780 921
1548790 922
1548800 923
1548810 924
1548820 924
1548830 923
1548840 923
1548850 923
1548860 923
1548870 923
1548880 923
1548890 923
1548900 923
1548910 923
1548920 924
1548930 924
1548940 924
1548950 925
1548960 926
1548970 926
1548980 926
1548990 926
1549000 926
1549010 926
1549020 926
1549030 926
1549040 926
1549050 924
1549060 924
1549070 924
1549080 923
1549090 923
1549100 923
1549110 922
1549120 922
1549130 921
1549140 920
1549150 920
1549160 918
1549170 917
1549180 917
1549190 917
1549200 916
1549210 916
1549220 915
1549230 914
1549240 914
1549250 914
1549260 914
1549270 914
1549280 915
1549290 915
1549300 915
1549310 916
1549320 916
1549330 916
1549340 915
1549350 915
1549360 915
1549370 914
1549380 914
1549390 914
1549400 913
1549410 911
1549420 909
1549430 909
1549440 908
1549450 906
1549460 906
1549470 905
1549480 904
1549490 904
1549500 903
1549510 903
1549520 903
1549530 902
1549540 902
1549550 902
1549560 903
1549570 903
1549580 903
1549590 902
1549600 902
1549610 902
1549620 902
1549630 902
1549640 902
1549650 902
1549660 902
1549670 902
1549680 902
1549690 902
1549700 902
1549710 902
1549720 902
1549730 902
1549740 902
1549750 901
1549760 901
1549770 901
1549780 900
1549790 900
1549800 899
1549810 899
1549820 899
1549830 898
1549840 896
1549850 896
1549860 895
1549870 894
1549880 894
1549890 892
1549900 890
1549910 890
1549920 888
1549930 886
1549940 886
1549950 884
1549960 884
1549970 884
1549980 883
1549990 883
1550000 884
1550010 884
1550020 885
1550030 887
1550040 887
1550050 888
1550060 889
1550070 889
1550080 889
1550090 890
1550100 890
1550110 891
1550120 892
1550130 892
1550140 893
1550150 894
1550160 894
1550170 895
1550180 895
1550190 895
1550200 895
1550210 895
1550220 895
1550230 894
1550240 893
1550250 893
1550260 894
1550270 893
1550280 893
1550290 891
1550300 889
1550310 889
1550320 887
1550330 886
1550340 886
1550350 885
1550360 885
1550370 885
1550380 885
1550390 886
1550400 886
1550410 887
1550420 888
1550430 888
1550440 889
1550450 890
1550460 890
1550470 890
1550480 891
1550490 891
1550500 892
1550510 894
1550520 894
1550530 896
1550540 898
1550550 898
1550560 900
1550570 902
1550580 902
1550590 903
1550600 905
1550610 906
1550620 906
1550630 908
1550640 910
1550650 910
1550660 911
1550670 912
1550680 912
1550690 914
1550700 915
1550710 915
1550720 916
1550730 918
1550740 918
1550750 919
1550760 920
1550770 920
1550780 921
1550790 922
1550800 922
1550810 922
1550820 923
1550830 923
1550840 923
1550850 923
1550860 923
1550870 924
1550880 923
1550890 923
1550900 922
1550910 921
1550920 921
1550930 918
1550940 915
1550950 915
1550960 912
1550970 910
1550980 910
1550990 909
1551000 909
1551010 909
1551020 905
1551030 905
1551040 905
1551050 904
1551060 903
1551070 903
1551080 901
1551090 899
1551100 899
1551110 897
1551120 895
1551130 895
1551140 892
1551150 889
1551160 889
1551170 885
1551180 882
1551190 882
1551200 879
1551210 876
1551220 873
1551230 873
1551240 871
1551250 870
1551260 870
1551270 867
1551280 862
1551290 862
1551300 857
1551310 852
1551320 852
1551330 848
1551340 844
1551350 844
1551360 840
1551370 836
1551380 836
1551390 832
1551400 828
1551410 828
1551420 823
1551430 819
1551440 819
1551450 815
1551460 812
1551470 812
1551480 809
1551490 805
1551500 805
1551510 800
1551520 796
1551530 796
1551540 792
1551550 788
1551560 788
1551570 783
1551580 779
1551590 779
1551600 774
1551610 767
1551620 767
1551630 761
1551640 756
1551650 756
1551660 749
1551670 742
1551680 742
1551690 735
1551700 728
1551710 728
1551720 722
1551730 717
1551740 717
1551750 714
1551760 711
1551770 711
1551780 707
1551790 704
1551800 700
1551810 700
1551820 695
1551830 691
1551840 691
1551850 686
1551860 681
1551870 681
1551880 676
1551890 671
1551900 671
1551910 664
1551920 660
1551930 660
1551940 656
1551950 651
1551960 651
1551970 647
1551980 642
1551990 642
1552000 637
1552010 631
1552020 631
1552030 622
1552040 615
1552050 615
1552060 610
1552070 604
1552080 604
1552090 599
1552100 594
1552110 594
1552120 589
1552130 585
1552140 585
1552150 580
1552160 576
1552170 576
1552180 571
1552190 567
1552200 567
1552210 562
1552220 557
1552230 557
1552240 552
1552250 549
1552260 549
1552270 545
1552280 540
1552290 540
1552300 535
1552310 533
1552320 533
1552330 533
1552340 533
1552350 533
1552360 534
1552370 534
1552380 534
1552390 535
1552400 535
1552410 535
1552420 535
1552430 535
1552440 535
1552450 535
1552460 536
1552470 536
1552480 536
1552490 537
1552500 536
1552510 536
1552520 536
1552530 536
1552540 536
1552550 536
1552560 536
1552570 536
1552580 536
1552590 539
1552600 539
1552610 541
1552620 541
1552630 541
1552640 541
1552650 541
1552660 541
1552670 539
1552680 534
1552690 534
1552700 530
1552710 530
1552720 530
1552730 530
1552740 530
1552750 530
1552760 530
1552770 530
1552780 530
1552790 529
1552800 529
1552810 529
1552820 529
1552830 530
1552840 530
1552850 530
1552860 531
1552870 531
1552880 531
1552890 531
1552900 531
1552910 532
1552920 531
1552930 533
1552940 532
1552950 531
1552960 531
1552970 531
1552980 531
1552990 531
1553000 531
1553010 531
1553020 531
1553030 531
1553040 531
1553050 532
1553060 532
1553070 534
1553080 537
1553090 537
1553100 542
1553110 548
1553120 548
1553130 554
1553140 559
1553150 559
1553160 565
1553170 571
1553180 571
1553190 584
1553200 608
1553210 608
1553220 625
1553230 632
1553240 632
1553250 639
1553260 643
1553270 643
1553280 646
1553290 646
1553300 646
1553310 646
1553320 647
1553330 647
1553340 650
1553350 653
1553360 653
1553370 653
1553380 655
1553390 655
1553400 659
1553410 663
1553420 663
1553430 668
1553440 673
1553450 673
1553460 677
1553470 682
1553480 682
1553490 686
1553500 691
1553510 691
1553520 695
1553530 699
1553540 699
1553550 703
1553560 706
1553570 706
1553580 709
1553590 712
1553600 714
1553610 714
1553620 716
1553630 718
1553640 718
1553650 720
1553660 722
1553670 722
1553680 723
1553690 724
1553700 724
1553710 723
1553720 722
1553730 722
1553740 719
1553750 715
1553760 715
1553770 711
1553780 709
1553790 709
1553800 707
1553810 707
1553820 707
1553830 709
1553840 710
1553850 710
1553860 710
1553870 711
1553880 711
1553890 711
1553900 711
1553910 711
1553920 711
1553930 711
1553940 711
1553950 712
1553960 713
1553970 713
1553980 714
1553990 714
1554000 714
1554010 714
1554020 712
1554030 712
1554040 708
1554050 700
1554060 700
1554070 693
1554080 689
1554090 689
1554100 685
1554110 681
1554120 681
1554130 677
1554140 673
1554150 673
1554160 670
1554170 667
1554180 667
1554190 664
1554200 662
1554210 658
1554220 658
1554230 655
1554240 652
1554250 652
1554260 650
1554270 648
1554280 648
1554290 646
1554300 645
1554310 645
1554320 643
1554330 642
1554340 642
1554350 639
1554360 637
1554370 637
1554380 635
1554390 634
1554400 634
1554410 633
1554420 630
1554430 630
1554440 626
1554450 624
1554460 624
1554470 626
1554480 629
1554490 629
1554500 632
1554510 634
1554520 634
1554530 635
1554540 635
1554550 635
1554560 634
1554570 633
1554580 633
1554590 634
1554600 635
1554610 635
1554620 636
1554630 637
1554640 637
1554650 639
1554660 639
1554670 639
1554680 639
1554690 639
1554700 639
1554710 636
1554720 635
1554730 635
1554740 635
1554750 634
1554760 634
1554770 634
1554780 635
1554790 641
1554800 639
1554810 635
1554820 629
1554830 629
1554840 626
1554850 628
1554860 628
1554870 635
1554880 642
1554890 642
1554900 648
1554910 653
1554920 653
1554930 656
1554940 659
1554950 659
1554960 662
1554970 665
1554980 665
1554990 668
1555000 671
1555010 671
1555020 674
1555030 675
1555040 675
1555050 677
1555060 683
1555070 683
1555080 689
1555090 694
1555100 694
1555110 699
1555120 705
1555130 705
1555140 710
1555150 712
1555160 712
1555170 714
1555180 714
1555190 714
1555200 714
1555210 715
1555220 715
1555230 720
1555240 723
1555250 723
1555260 727
1555270 730
1555280 730
1555290 732
1555300 733
1555310 733
1555320 734
1555330 736
1555340 736
1555350 739
1555360 743
1555370 743
1555380 748
1555390 753
1555400 758
1555410 758
1555420 764
1555430 770
1555440 770
1555450 776
1555460 781
1555470 781
1555480 786
1555490 791
1555500 791
1555510 795
1555520 800
1555530 800
1555540 805
1555550 809
1555560 809
1555570 813
1555580 816
1555590 816
1555600 818
1555610 819
1555620 819
1555630 819
1555640 816
1555650 816
1555660 812
1555670 809
1555680 809
1555690 805
1555700 801
1555710 801
1555720 799
1555730 796
1555740 796
1555750 794
1555760 792
1555770 792
1555780 790
1555790 788
1555800 788
1555810 787
1555820 785
1555830 785
1555840 782
1555850 779
1555860 779
1555870 776
1555880 775
1555890 775
1555900 774
1555910 773
1555920 773
1555930 772
1555940 771
1555950 771
1555960 771
1555970 771
1555980 771
1555990 771
1556000 770
1556010 768
1556020 768
1556030 767
1556040 767
1556050 767
1556060 770
1556070 776
1556080 776
1556090 782
1556100 789
1556110 789
1556120 798
1556130 807
1556140 807
1556150 815
1556160 822
1556170 822
1556180 829
1556190 837
1556200 837
1556210 842
1556220 847
1556230 847
1556240 851
1556250 857
1556260 857
1556270 862
1556280 867
1556290 867
1556300 872
1556310 877
1556320 877
1556330 881
1556340 886
1556350 886
1556360 890
1556370 894
1556380 894
1556390 898
1556400 902
1556410 902
1556420 907
1556430 911
1556440 911
1556450 914
1556460 918
1556470 918
1556480 922
1556490 926
1556500 926
1556510 929
1556520 933
1556530 933
1556540 935
1556550 938
1556560 938
1556570 940
1556580 943
1556590 945
1556600 940
1556610 943
1556620 945
1556630 945
1556640 947
1556650 949
1556660 949
1556670 951
1556680 952
1556690 952
1556700 953
1556710 955
1556720 955
1556730 957
1556740 959
1556750 959
1556760 960
1556770 961
1556780 961
1556790 963
1556800 964
1556810 964
1556820 966
1556830 967
1556840 967
1556850 969
1556860 969
1556870 969
1556880 968
1556890 967
1556900 967
1556910 968
1556920 972
1556930 972
1556940 975
1556950 978
1556960 978
1556970 981
1556980 984
1556990 984
1557000 986
1557010 989
1557020 989
1557030 993
1557040 996
1557050 996
1557060 999
1557070 1002
1557080 1002
1557090 1005
1557100 1010
1557110 1010
1557120 1013
1557130 1016
1557140 1016
1557150 1019
1557160 1023
1557170 1023
1557180 1026
1557190 1030
1557200 1033
1557210 1033
1557220 1036
1557230 1041
1557240 1041
1557250 1046
1557260 1051
1557270 1051
1557280 1056
1557290 1062
1557300 1062
1557310 1067
1557320 1072
1557330 1072
1557340 1072
1557350 1072
1557360 1072
1557370 1073
1557380 1074
1557390 1074
1557400 1074
1557410 1074
1557420 1074
1557430 1074
1557440 1074
1557450 1074
1557460 1074
1557470 1074
1557480 1074
1557490 1074
1557500 1074
1557510 1074
1557520 1074
1557530 1074
1557540 1074
1557550 1075
1557560 1075
1557570 1075
1557580 1076
1557590 1076
1557600 1076
1557610 1076
1557620 1076
1557630 1076
1557640 1074
1557650 1071
1557660 1071
1557670 1067
1557680 1059
1557690 1059
1557700 1048
1557710 1039
1557720 1039
1557730 1030
1557740 1016
1557750 1016
1557760 1000
1557770 987
1557780 987
1557790 980
1557800 975
1557810 970
1557820 970
1557830 966
1557840 957
1557850 957
1557860 945
1557870 937
1557880 937
1557890 932
1557900 927
1557910 927
1557920 922
1557930 915
1557940 915
1557950 908
1557960 901
1557970 901
1557980 895
1557990 890
1558000 890
1558010 885
1558020 881
1558030 881
1558040 878
1558050 875
1558060 875
1558070 872
1558080 869
1558090 869
1558100 865
1558110 861
1558120 861
1558130 856
1558140 852
1558150 852
1558160 848
1558170 845
1558180 845
1558190 841
1558200 837
1558210 837
1558220 834
1558230 831
1558240 831
1558250 829
1558260 826
1558270 826
1558280 822
1558290 818
1558300 818
1558310 814
1558320 811
1558330 811
1558340 809
1558350 807
1558360 807
1558370 807
1558380 809
1558390 811
1558400 811
1558410 814
1558420 817
1558430 817
1558440 819
1558450 822
1558460 822
1558470 827
1558480 833
1558490 833
1558500 841
1558510 848
1558520 848
1558530 856
1558540 863
1558550 863
1558560 869
1558570 876
1558580 876
1558590 881
1558600 886
1558610 886
1558620 889
1558630 890
1558640 890
1558650 890
1558660 889
1558670 889
1558680 887
1558690 885
1558700 885
1558710 882
1558720 879
1558730 879
1558740 876
1558750 875
1558760 875
1558770 875
1558780 875
1558790 875
1558800 875
1558810 875
1558820 875
1558830 876
1558840 876
1558850 876
1558860 875
1558870 875
1558880 875
1558890 875
1558900 874
1558910 874
1558920 874
1558930 872
1558940 872
1558950 871
1558960 870
1558970 870
1558980 869
1558990 868
1559000 867
1559010 867
1559020 867
1559030 866
1559040 866
1559050 866
1559060 866
1559070 866
1559080 864
1559090 860
1559100 860
1559110 854
1559120 847
1559130 847
1559140 839
1559150 833
1559160 833
1559170 830
1559180 827
1559190 827
1559200 826
1559210 826
1559220 826
1559230 827
1559240 828
1559250 828
1559260 827
1559270 828
1559280 828
1559290 828
1559300 828
1559310 828
1559320 829
1559330 829
1559340 829
1559350 830
1559360 832
1559370 832
1559380 833
1559390 833
1559400 833
1559410 830
1559420 824
1559430 824
1559440 817
1559450 810
1559460 810
1559470 805
1559480 804
1559490 804
1559500 804
1559510 804
1559520 804
1559530 804
1559540 804
1559550 804
1559560 803
1559570 802
1559580 801
1559590 801
1559600 799
1559610 796
1559620 796
1559630 794
1559640 791
1559650 791
1559660 789
1559670 786
1559680 786
1559690 783
1559700 779
1559710 779
1559720 776
1559730 772
1559740 772
1559750 769
1559760 765
1559770 765
1559780 760
1559790 755
1559800 755
1559810 749
1559820 743
1559830 743
1559840 737
1559850 731
1559860 731
1559870 725
1559880 720
1559890 720
1559900 715
1559910 710
1559920 710
1559930 705
1559940 701
1559950 701
1559960 697
1559970 692
1559980 692
1559990 687
