1540000 835
1540010 838
1540020 838
1540030 841
1540040 844
1540050 844
1540060 847
1540070 851
1540080 851
1540090 855
1540100 860
1540110 860
1540120 865
1540130 871
1540140 871
1540150 880
1540160 895
1540170 895
1540180 903
1540190 899
1540200 899
1540210 897
1540220 890
1540230 890
1540240 883
1540250 879
1540260 879
1540270 877
1540280 875
1540290 872
1540300 872
1540310 869
1540320 866
1540330 866
1540340 864
1540350 861
1540360 861
1540370 859
1540380 858
1540390 858
1540400 856
1540410 855
1540420 855
1540430 853
1540440 851
1540450 851
1540460 850
1540470 849
1540480 849
1540490 848
1540500 847
1540510 847
1540520 847
1540530 846
1540540 846
1540550 845
1540560 843
1540570 843
1540580 842
1540590 839
1540600 839
1540610 837
1540620 835
1540630 835
1540640 832
1540650 829
1540660 829
1540670 826
1540680 823
1540690 823
1540700 821
1540710 818
1540720 818
1540730 816
1540740 813
1540750 813
1540760 809
1540770 805
1540780 805
1540790 803
1540800 810
1540810 810
1540820 812
1540830 814
1540840 814
1540850 815
1540860 815
1540870 815
1540880 814
1540890 812
1540900 809
1540910 809
1540920 806
1540930 802
1540940 802
1540950 792
1540960 781
1540970 781
1540980 777
1540990 785
1541000 785
1541010 784
1541020 781
1541030 781
1541040 782
1541050 785
1541060 785
1541070 789
1541080 790
1541090 790
1541100 791
1541110 799
1541120 799
1541130 810
1541140 817
1541150 817
1541160 823
1541170 829
1541180 829
1541190 833
1541200 835
1541210 835
1541220 834
1541230 835
1541240 835
1541250 834
1541260 833
1541270 833
1541280 834
1541290 835
1541300 835
1541310 836
1541320 835
1541330 835
1541340 833
1541350 829
1541360 829
1541370 825
1541380 819
1541390 819
1541400 814
1541410 812
1541420 812
1541430 817
1541440 817
1541450 817
1541460 817
1541470 816
1541480 815
1541490 815
1541500 816
1541510 813
1541520 813
1541530 807
1541540 803
1541550 803
1541560 808
1541570 815
1541580 815
1541590 820
1541600 826
1541610 826
1541620 833
1541630 841
1541640 841
1541650 849
1541660 849
1541670 849
1541680 842
1541690 832
1541700 832
1541710 822
1541720 814
1541730 814
1541740 809
1541750 803
1541760 803
1541770 797
1541780 791
1541790 791
1541800 785
1541810 778
1541820 778
1541830 772
1541840 765
1541850 765
1541860 759
1541870 751
1541880 751
1541890 745
1541900 741
1541910 741
1541920 739
1541930 738
1541940 738
1541950 737
1541960 736
1541970 736
1541980 738
1541990 741
1542000 741
1542010 748
1542020 754
1542030 754
1542040 760
1542050 764
1542060 764
1542070 767
1542080 771
1542090 775
1542100 775
1542110 779
1542120 783
1542130 783
1542140 786
1542150 790
1542160 790
1542170 794
1542180 799
1542190 799
1542200 803
1542210 808
1542220 808
1542230 812
1542240 816
1542250 816
1542260 821
1542270 825
1542280 825
1542290 830
1542300 835
1542310 835
1542320 839
1542330 843
1542340 843
1542350 846
1542360 846
1542370 846
1542380 847
1542390 848
1542400 848
1542410 849
1542420 851
1542430 851
1542440 854
1542450 856
1542460 856
1542470 858
1542480 860
1542490 860
1542500 861
1542510 864
1542520 864
1542530 867
1542540 870
1542550 870
1542560 873
1542570 874
1542580 874
1542590 875
1542600 880
1542610 880
1542620 890
1542630 896
1542640 896
1542650 901
1542660 906
1542670 906
1542680 910
1542690 914
1542700 918
1542710 918
1542720 922
1542730 928
1542740 928
1542750 936
1542760 942
1542770 942
1542780 950
1542790 959
1542800 959
1542810 969
1542820 978
1542830 978
1542840 987
1542850 994
1542860 994
1542870 1001
1542880 1008
1542890 1008
1542900 1012
1542910 1015
1542920 1015
1542930 1017
1542940 1021
1542950 1021
1542960 1030
1542970 1042
1542980 1042
1542990 1051
1543000 1059
1543010 1059
1543020 1066
1543030 1069
1543040 1069
1543050 1071
1543060 1078
1543070 1078
1543080 1087
1543090 1093
1543100 1093
1543110 1098
1543120 1104
1543130 1104
1543140 1109
1543150 1114
1543160 1114
1543170 1121
1543180 1127
1543190 1127
1543200 1127
1543210 1127
1543220 1127
1543230 1129
1543240 1132
1543250 1132
1543260 1136
1543270 1138
1543280 1138
1543290 1142
1543300 1146
1543310 1152
1543320 1152
1543330 1159
1543340 1165
1543350 1165
1543360 1170
1543370 1173
1543380 1173
1543390 1176
1543400 1178
1543410 1178
1543420 1180
1543430 1183
1543440 1183
1543450 1186
1543460 1187
1543470 1187
1543480 1187
1543490 1185
1543500 1185
1543510 1183
1543520 1181
1543530 1181
1543540 1179
1543550 1176
1543560 1176
1543570 1173
1543580 1171
1543590 1171
1543600 1168
1543610 1166
1543620 1166
1543630 1164
1543640 1163
1543650 1163
1543660 1161
1543670 1158
1543680 1158
1543690 1153
1543700 1146
1543710 1146
1543720 1139
1543730 1133
1543740 1133
1543750 1128
1543760 1123
1543770 1123
1543780 1118
1543790 1114
1543800 1114
1543810 1113
1543820 1113
1543830 1113
1543840 1112
1543850 1111
1543860 1111
1543870 1110
1543880 1112
1543890 1112
1543900 1113
1543910 1115
1543920 1118
1543930 1118
1543940 1120
1543950 1122
1543960 1122
1543970 1124
1543980 1127
1543990 1127
1544000 1130
1544010 1132
1544020 1132
1544030 1129
1544040 1119
1544050 1119
1544060 1106
1544070 1089
1544080 1089
1544090 1082
1544100 1074
1544110 1074
1544120 1066
1544130 1060
1544140 1060
1544150 1061
1544160 1057
1544170 1057
1544180 1050
1544190 1052
1544200 1052
1544210 1052
1544220 1045
1544230 1045
1544240 1037
1544250 1030
1544260 1030
1544270 1022
1544280 1014
1544290 1014
1544300 1004
1544310 995
1544320 995
1544330 987
1544340 981
1544350 981
1544360 978
1544370 976
1544380 976
1544390 973
1544400 971
1544410 971
1544420 969
1544430 968
1544440 968
1544450 965
1544460 962
1544470 962
1544480 959
1544490 955
1544500 952
1544510 952
1544520 950
1544530 948
1544540 948
1544550 946
1544560 944
1544570 944
1544580 943
1544590 942
1544600 942
1544610 941
1544620 941
1544630 941
1544640 942
1544650 942
1544660 942
1544670 943
1544680 943
1544690 943
1544700 944
1544710 945
1544720 945
1544730 946
1544740 947
1544750 947
1544760 949
1544770 950
1544780 950
1544790 952
1544800 953
1544810 953
1544820 953
1544830 953
1544840 953
1544850 954
1544860 954
1544870 954
1544880 955
1544890 955
1544900 955
1544910 954
1544920 953
1544930 953
1544940 951
1544950 949
1544960 949
1544970 945
1544980 941
1544990 941
1545000 936
1545010 931
1545020 931
1545030 925
1545040 918
1545050 918
1545060 913
1545070 907
1545080 907
1545090 900
1545100 894
1545110 888
1545120 888
1545130 881
1545140 875
1545150 875
1545160 869
1545170 863
1545180 863
1545190 857
1545200 851
1545210 851
1545220 845
1545230 839
1545240 839
1545250 833
1545260 827
1545270 827
1545280 822
1545290 816
1545300 816
1545310 812
1545320 807
1545330 807
1545340 802
1545350 797
1545360 797
1545370 792
1545380 788
1545390 788
1545400 783
1545410 778
1545420 778
1545430 773
1545440 769
1545450 769
1545460 765
1545470 760
1545480 760
1545490 756
1545500 752
1545510 752
1545520 748
1545530 744
1545540 744
1545550 740
1545560 735
1545570 735
1545580 732
1545590 733
1545600 733
1545610 735
1545620 738
1545630 738
1545640 739
1545650 740
1545660 740
1545670 739
1545680 738
1545690 738
1545700 736
1545710 733
1545720 730
1545730 730
1545740 725
1545750 720
1545760 720
1545770 715
1545780 710
1545790 710
1545800 706
1545810 706
1545820 706
1545830 707
1545840 710
1545850 710
1545860 714
1545870 719
1545880 719
1545890 724
1545900 730
1545910 730
1545920 737
1545930 743
1545940 743
1545950 751
1545960 757
1545970 757
1545980 764
1545990 769
1546000 769
1546010 776
1546020 784
1546030 784
1546040 793
1546050 802
1546060 802
1546070 811
1546080 817
1546090 817
1546100 816
1546110 810
1546120 810
1546130 802
1546140 794
1546150 794
1546160 787
1546170 782
1546180 782
1546190 779
1546200 775
1546210 775
1546220 771
1546230 768
1546240 768
1546250 765
1546260 762
1546270 762
1546280 760
1546290 757
1546300 757
1546310 752
1546320 745
1546330 738
1546340 738
1546350 731
1546360 725
1546370 725
1546380 720
1546390 713
1546400 713
1546410 708
1546420 703
1546430 703
1546440 698
1546450 694
1546460 694
1546470 689
1546480 684
1546490 684
1546500 683
1546510 683
1546520 683
1546530 683
1546540 682
1546550 682
1546560 682
1546570 682
1546580 682
1546590 682
1546600 683
1546610 683
1546620 684
1546630 686
1546640 686
1546650 686
1546660 688
1546670 688
1546680 691
1546690 695
1546700 695
1546710 699
1546720 704
1546730 704
1546740 708
1546750 710
1546760 710
1546770 710
1546780 706
1546790 706
1546800 703
1546810 703
1546820 703
1546830 705
1546840 707
1546850 707
1546860 708
1546870 710
1546880 710
1546890 711
1546900 712
1546910 715
1546920 715
1546930 717
1546940 721
1546950 721
1546960 724
1546970 728
1546980 728
1546990 730
1547000 731
1547010 731
1547020 732
1547030 733
1547040 733
1547050 733
1547060 732
1547070 732
1547080 731
1547090 730
1547100 730
1547110 730
1547120 732
1547130 732
1547140 736
1547150 738
1547160 738
1547170 740
1547180 742
1547190 742
1547200 744
1547210 744
1547220 744
1547230 743
1547240 742
1547250 742
1547260 744
1547270 746
1547280 746
1547290 742
1547300 746
1547310 746
1547320 749
1547330 751
1547340 751
1547350 754
1547360 758
1547370 758
1547380 761
1547390 764
1547400 764
1547410 768
1547420 771
1547430 771
1547440 774
1547450 777
1547460 777
1547470 780
1547480 783
1547490 783
1547500 786
1547510 788
1547520 791
1547530 791
1547540 793
1547550 796
1547560 796
1547570 798
1547580 800
1547590 800
1547600 803
1547610 805
1547620 805
1547630 807
1547640 809
1547650 809
1547660 811
1547670 813
1547680 813
1547690 814
1547700 817
1547710 817
1547720 819
1547730 821
1547740 821
1547750 824
1547760 826
1547770 826
1547780 828
1547790 831
1547800 831
1547810 833
1547820 836
1547830 836
1547840 838
1547850 840
1547860 840
1547870 843
1547880 846
1547890 846
1547900 848
1547910 850
1547920 850
1547930 853
1547940 855
1547950 855
1547960 858
1547970 860
1547980 860
1547990 862
1548000 865
1548010 865
1548020 867
1548030 869
1548040 869
1548050 871
1548060 874
1548070 874
1548080 877
1548090 878
1548100 878
1548110 879
1548120 880
1548130 880
1548140 880
1548150 879
1548160 879
1548170 879
1548180 878
1548190 877
1548200 877
1548210 875
1548220 874
1548230 874
1548240 872
1548250 869
1548260 869
1548270 867
1548280 865
1548290 865
1548300 863
1548310 860
1548320 860
1548330 857
1548340 854
1548350 854
1548360 851
1548370 848
1548380 848
1548390 845
1548400 842
1548410 842
1548420 839
1548430 837
1548440 837
1548450 834
1548460 831
1548470 831
1548480 828
1548490 824
1548500 824
1548510 821
1548520 817
1548530 817
1548540 813
1548550 807
1548560 807
1548570 802
1548580 797
1548590 797
1548600 792
1548610 787
1548620 787
1548630 781
1548640 776
1548650 776
1548660 772
1548670 769
1548680 769
1548690 767
1548700 767
1548710 767
1548720 766
1548730 767
1548740 767
1548750 767
1548760 766
1548770 765
1548780 765
1548790 764
1548800 763
1548810 763
1548820 763
1548830 762
1548840 762
1548850 761
1548860 760
1548870 760
1548880 762
1548890 763
1548900 763
1548910 763
1548920 764
1548930 764
1548940 764
1548950 764
1548960 764
1548970 765
1548980 764
1548990 764
1549000 763
1549010 764
1549020 764
1549030 765
1549040 766
1549050 766
1549060 767
1549070 768
1549080 768
1549090 768
1549100 769
1549110 769
1549120 772
1549130 775
1549140 775
1549150 777
1549160 779
1549170 779
1549180 781
1549190 783
1549200 783
1549210 784
1549220 785
1549230 785
1549240 785
1549250 787
1549260 787
1549270 789
1549280 790
1549290 790
1549300 792
1549310 787
1549320 787
1549330 787
1549340 787
1549350 787
1549360 787
1549370 786
1549380 786
1549390 786
1549400 785
1549410 785
1549420 785
1549430 784
1549440 783
1549450 783
1549460 782
1549470 782
1549480 782
1549490 781
1549500 779
1549510 779
1549520 779
1549530 778
1549540 778
1549550 776
1549560 775
1549570 775
1549580 774
1549590 773
1549600 773
1549610 773
1549620 773
1549630 773
1549640 773
1549650 773
1549660 773
1549670 773
1549680 773
1549690 773
1549700 773
1549710 773
1549720 773
1549730 773
1549740 773
1549750 773
1549760 774
1549770 775
1549780 775
1549790 775
1549800 776
1549810 776
1549820 776
1549830 777
1549840 777
1549850 778
1549860 780
1549870 780
1549880 781
1549890 783
1549900 783
1549910 784
1549920 785
1549930 785
1549940 785
1549950 785
1549960 785
1549970 785
1549980 786
1549990 786
1550000 786
1550010 785
1550020 783
1550030 783
1550040 780
1550050 775
1550060 775
1550070 771
1550080 766
1550090 766
1550100 762
1550110 757
1550120 757
1550130 753
1550140 748
1550150 748
1550160 744
1550170 740
1550180 740
1550190 735
1550200 730
1550210 730
1550220 726
1550230 723
1550240 723
1550250 719
1550260 716
1550270 716
1550280 714
1550290 713
1550300 713
1550310 712
1550320 710
1550330 710
1550340 710
1550350 710
1550360 710
1550370 709
1550380 709
1550390 709
1550400 709
1550410 709
1550420 709
1550430 709
1550440 710
1550450 710
1550460 710
1550470 710
1550480 710
1550490 711
1550500 713
1550510 713
1550520 714
1550530 716
1550540 717
1550550 717
1550560 719
1550570 720
1550580 720
1550590 722
1550600 723
1550610 723
1550620 723
1550630 725
1550640 725
1550650 726
1550660 728
1550670 728
1550680 728
1550690 729
1550700 729
1550710 729
1550720 730
1550730 730
1550740 731
1550750 732
1550760 732
1550770 733
1550780 733
1550790 733
1550800 733
1550810 734
1550820 734
1550830 734
1550840 734
1550850 734
1550860 734
1550870 733
1550880 733
1550890 731
1550900 730
1550910 730
1550920 729
1550930 729
1550940 729
1550950 728
1550960 728
1550970 728
1550980 728
1550990 728
1551000 728
1551010 729
1551020 729
1551030 729
1551040 730
1551050 730
1551060 730
1551070 730
1551080 730
1551090 730
1551100 730
1551110 729
1551120 729
1551130 728
1551140 728
1551150 727
1551160 727
1551170 725
1551180 724
1551190 724
1551200 723
1551210 722
1551220 722
1551230 721
1551240 720
1551250 720
1551260 718
1551270 715
1551280 715
1551290 714
1551300 713
1551310 713
1551320 712
1551330 711
1551340 711
1551350 710
1551360 710
1551370 710
1551380 710
1551390 709
1551400 709
1551410 706
1551420 703
1551430 703
1551440 702
1551450 701
1551460 701
1551470 701
1551480 701
1551490 701
1551500 701
1551510 701
1551520 701
1551530 700
1551540 700
1551550 700
1551560 699
1551570 697
1551580 697
1551590 697
1551600 696
1551610 696
1551620 697
1551630 697
1551640 697
1551650 697
1551660 697
1551670 697
1551680 696
1551690 696
1551700 696
1551710 697
1551720 697
1551730 697
1551740 697
1551750 697
1551760 697
1551770 697
1551780 698
1551790 698
1551800 698
1551810 700
1551820 702
1551830 702
1551840 702
1551850 702
1551860 702
1551870 702
1551880 701
1551890 701
1551900 701
1551910 701
1551920 701
1551930 701
1551940 700
1551950 700
1551960 700
1551970 699
1551980 699
1551990 698
1552000 696
1552010 696
1552020 695
1552030 694
1552040 694
1552050 693
1552060 692
1552070 692
1552080 691
1552090 689
1552100 689
1552110 685
1552120 681
1552130 681
1552140 675
1552150 671
1552160 671
1552170 667
1552180 663
1552190 663
1552200 658
1552210 652
1552220 652
1552230 648
1552240 643
1552250 643
1552260 637
1552270 631
1552280 631
1552290 624
1552300 618
1552310 618
1552320 609
1552330 600
1552340 600
1552350 593
1552360 587
1552370 582
1552380 582
1552390 577
1552400 573
1552410 573
1552420 570
1552430 568
1552440 568
1552450 567
1552460 567
1552470 567
1552480 567
1552490 565
1552500 565
1552510 562
1552520 558
1552530 558
1552540 552
1552550 542
1552560 542
1552570 533
1552580 529
1552590 529
1552600 528
1552610 528
1552620 528
1552630 528
1552640 527
1552650 527
1552660 528
1552670 528
1552680 528
1552690 527
1552700 526
1552710 526
1552720 526
1552730 526
1552740 526
1552750 527
1552760 529
1552770 529
1552780 530
1552790 533
1552800 533
1552810 537
1552820 539
1552830 539
1552840 539
1552850 539
1552860 539
1552870 539
1552880 539
1552890 539
1552900 539
1552910 542
1552920 542
1552930 547
1552940 554
1552950 560
1552960 560
1552970 565
1552980 569
1552990 569
1553000 574
1553010 580
1553020 580
1553030 586
1553040 593
1553050 593
1553060 600
1553070 607
1553080 607
1553090 614
1553100 618
1553110 618
1553120 622
1553130 627
1553140 627
1553150 632
1553160 637
1553170 633
1553180 638
1553190 643
1553200 643
1553210 648
1553220 653
1553230 653
1553240 656
1553250 659
1553260 659
1553270 662
1553280 666
1553290 666
1553300 670
1553310 672
1553320 672
1553330 676
1553340 682
1553350 682
1553360 688
1553370 691
1553380 691
1553390 693
1553400 696
1553410 696
1553420 700
1553430 704
1553440 704
1553450 707
1553460 711
1553470 711
1553480 716
1553490 722
1553500 722
1553510 726
1553520 730
1553530 730
1553540 734
1553550 739
1553560 743
1553570 743
1553580 747
1553590 752
1553600 752
1553610 758
1553620 764
1553630 764
1553640 768
1553650 770
1553660 770
1553670 772
1553680 775
1553690 775
1553700 779
1553710 785
1553720 785
1553730 791
1553740 797
1553750 797
1553760 804
1553770 810
1553780 810
1553790 815
1553800 819
1553810 819
1553820 821
1553830 824
1553840 824
1553850 827
1553860 831
1553870 831
1553880 835
1553890 840
1553900 840
1553910 844
1553920 848
1553930 848
1553940 851
1553950 854
1553960 854
1553970 856
1553980 859
1553990 859
1554000 861
1554010 862
1554020 862
1554030 861
1554040 861
1554050 861
1554060 861
1554070 862
1554080 862
1554090 863
1554100 863
1554110 863
1554120 864
1554130 866
1554140 866
1554150 867
1554160 868
1554170 869
1554180 869
1554190 871
1554200 873
1554210 873
1554220 874
1554230 875
1554240 875
1554250 875
1554260 875
1554270 875
1554280 876
1554290 876
1554300 876
1554310 876
1554320 876
1554330 876
1554340 877
1554350 878
1554360 878
1554370 879
1554380 880
1554390 880
1554400 880
1554410 880
1554420 880
1554430 881
1554440 883
1554450 883
1554460 884
1554470 885
1554480 885
1554490 885
1554500 883
1554510 883
1554520 879
1554530 876
1554540 876
1554550 872
1554560 870
1554570 870
1554580 868
1554590 863
1554600 863
1554610 859
1554620 857
1554630 857
1554640 858
1554650 859
1554660 859
1554670 861
1554680 863
1554690 863
1554700 864
1554710 867
1554720 867
1554730 869
1554740 870
1554750 870
1554760 872
1554770 873
1554780 875
1554790 875
1554800 877
1554810 879
1554820 879
1554830 881
1554840 883
1554850 883
1554860 884
1554870 886
1554880 886
1554890 887
1554900 888
1554910 888
1554920 888
1554930 888
1554940 888
1554950 888
1554960 886
1554970 886
1554980 883
1554990 879
1555000 879
1555010 877
1555020 876
1555030 883
1555040 882
1555050 883
1555060 883
1555070 884
1555080 887
1555090 887
1555100 889
1555110 892
1555120 892
1555130 894
1555140 897
1555150 897
1555160 901
1555170 904
1555180 904
1555190 908
1555200 912
1555210 912
1555220 915
1555230 919
1555240 919
1555250 923
1555260 928
1555270 928
1555280 931
1555290 935
1555300 935
1555310 940
1555320 945
1555330 945
1555340 951
1555350 956
1555360 956
1555370 960
1555380 963
1555390 965
1555400 965
1555410 966
1555420 967
1555430 967
1555440 967
1555450 967
1555460 967
1555470 966
1555480 965
1555490 965
1555500 964
1555510 963
1555520 963
1555530 960
1555540 958
1555550 958
1555560 956
1555570 955
1555580 955
1555590 955
1555600 954
1555610 954
1555620 952
1555630 949
1555640 949
1555650 946
1555660 943
1555670 943
1555680 940
1555690 936
1555700 936
1555710 932
1555720 928
1555730 928
1555740 923
1555750 918
1555760 918
1555770 917
1555780 917
1555790 917
1555800 919
1555810 921
1555820 921
1555830 922
1555840 924
1555850 924
1555860 926
1555870 928
1555880 928
1555890 933
1555900 938
1555910 938
1555920 944
1555930 949
1555940 949
1555950 954
1555960 958
1555970 962
1555980 962
1555990 965
1556000 968
1556010 968
1556020 969
1556030 970
1556040 970
1556050 969
1556060 969
1556070 969
1556080 968
1556090 968
1556100 968
1556110 968
1556120 967
1556130 967
1556140 967
1556150 969
1556160 969
1556170 970
1556180 970
1556190 970
1556200 970
1556210 970
1556220 970
1556230 969
1556240 968
1556250 968
1556260 967
1556270 964
1556280 964
1556290 962
1556300 960
1556310 960
1556320 958
1556330 956
1556340 956
1556350 954
1556360 953
1556370 953
1556380 952
1556390 950
1556400 950
1556410 948
1556420 944
1556430 944
1556440 940
1556450 932
1556460 932
1556470 922
1556480 914
1556490 914
1556500 908
1556510 903
1556520 903
1556530 898
1556540 894
1556550 894
1556560 889
1556570 886
1556580 883
1556590 883
1556600 879
1556610 877
1556620 877
1556630 876
1556640 874
1556650 874
1556660 872
1556670 870
1556680 870
1556690 867
1556700 865
1556710 865
1556720 864
1556730 863
1556740 863
1556750 864
1556760 864
1556770 864
1556780 863
1556790 862
1556800 862
1556810 863
1556820 867
1556830 861
1556840 865
1556850 868
1556860 868
1556870 871
1556880 874
1556890 874
1556900 875
1556910 877
1556920 877
1556930 879
1556940 879
1556950 879
1556960 878
1556970 878
1556980 878
1556990 878
1557000 878
1557010 878
1557020 880
1557030 882
1557040 882
1557050 885
1557060 888
1557070 888
1557080 889
1557090 890
1557100 890
1557110 889
1557120 888
1557130 888
1557140 887
1557150 886
1557160 886
1557170 886
1557180 885
1557190 883
1557200 883
1557210 883
1557220 882
1557230 882
1557240 882
1557250 882
1557260 882
1557270 882
1557280 881
1557290 881
1557300 880
1557310 879
1557320 879
1557330 878
1557340 877
1557350 877
1557360 875
1557370 873
1557380 873
1557390 872
1557400 871
1557410 871
1557420 870
1557430 868
1557440 868
1557450 864
1557460 860
1557470 860
1557480 860
1557490 860
1557500 860
1557510 859
1557520 857
1557530 857
1557540 856
1557550 854
1557560 854
1557570 853
1557580 852
1557590 852
1557600 850
1557610 850
1557620 850
1557630 849
1557640 847
1557650 847
1557660 846
1557670 844
1557680 844
1557690 843
1557700 841
1557710 841
1557720 839
1557730 838
1557740 838
1557750 838
1557760 837
1557770 837
1557780 836
1557790 835
1557800 835
1557810 835
1557820 834
1557830 832
1557840 832
1557850 830
1557860 829
1557870 829
1557880 827
1557890 826
1557900 826
1557910 825
1557920 824
1557930 824
1557940 822
1557950 821
1557960 821
1557970 820
1557980 819
1557990 819
1558000 818
1558010 817
1558020 817
1558030 816
1558040 815
1558050 815
1558060 813
1558070 812
1558080 812
1558090 810
1558100 809
1558110 809
1558120 809
1558130 809
1558140 809
1558150 809
1558160 809
1558170 809
1558180 808
1558190 806
1558200 806
1558210 805
1558220 804
1558230 804
1558240 802
1558250 801
1558260 801
1558270 799
1558280 797
1558290 797
1558300 795
1558310 794
1558320 794
1558330 793
1558340 792
1558350 792
1558360 791
1558370 791
1558380 790
1558390 790
1558400 789
1558410 787
1558420 787
1558430 785
1558440 782
1558450 782
1558460 779
1558470 776
1558480 776
1558490 773
1558500 770
1558510 770
1558520 767
1558530 765
1558540 765
1558550 763
1558560 762
1558570 762
1558580 760
1558590 759
1558600 759
1558610 756
1558620 754
1558630 754
1558640 752
1558650 751
1558660 751
1558670 748
1558680 745
1558690 745
1558700 739
1558710 733
1558720 733
1558730 728
1558740 726
1558750 726
1558760 727
1558770 731
1558780 731
1558790 734
1558800 738
1558810 738
1558820 741
1558830 743
1558840 743
1558850 744
1558860 745
1558870 745
1558880 746
1558890 747
1558900 747
1558910 748
1558920 749
1558930 749
1558940 751
1558950 751
1558960 751
1558970 747
1558980 741
1558990 735
1559000 735
1559010 730
1559020 725
1559030 725
1559040 721
1559050 717
1559060 717
1559070 713
1559080 711
1559090 711
1559100 709
1559110 708
1559120 708
1559130 707
1559140 707
1559150 707
1559160 706
1559170 705
1559180 705
1559190 704
1559200 702
1559210 702
1559220 700
1559230 699
1559240 699
1559250 699
1559260 698
1559270 698
1559280 696
1559290 694
1559300 694
1559310 692
1559320 690
1559330 690
1559340 689
1559350 687
1559360 687
1559370 686
1559380 684
1559390 684
1559400 682
1559410 680
1559420 680
1559430 678
1559440 677
1559450 677
1559460 676
1559470 675
1559480 675
1559490 674
1559500 674
1559510 674
1559520 673
1559530 672
1559540 672
1559550 671
1559560 669
1559570 669
1559580 666
1559590 663
1559600 661
1559610 661
1559620 659
1559630 658
1559640 658
1559650 657
1559660 655
1559670 655
1559680 654
1559690 653
1559700 653
1559710 651
1559720 649
1559730 649
1559740 646
1559750 643
1559760 643
1559770 641
1559780 640
1559790 640
1559800 638
1559810 636
1559820 636
1559830 635
1559840 634
1559850 634
1559860 632
1559870 627
1559880 627
1559890 619
1559900 611
1559910 611
1559920 604
1559930 598
1559940 598
1559950 595
1559960 594
1559970 594
1559980 595
1559990 595
