1540000 1247
1540010 1250
1540020 1250
1540030 1255
1540040 1257
1540050 1257
1540060 1259
1540070 1262
1540080 1262
1540090 1258
1540100 1254
1540110 1254
1540120 1256
1540130 1253
1540140 1253
1540150 1242
1540160 1236
1540170 1231
1540180 1231
1540190 1230
1540200 1227
1540210 1227
1540220 1222
1540230 1220
1540240 1220
1540250 1218
1540260 1219
1540270 1219
1540280 1219
1540290 1220
1540300 1220
1540310 1224
1540320 1229
1540330 1229
1540340 1221
1540350 1212
1540360 1212
1540370 1204
1540380 1195
1540390 1195
1540400 1189
1540410 1182
1540420 1182
1540430 1178
1540440 1176
1540450 1176
1540460 1176
1540470 1177
1540480 1177
1540490 1171
1540500 1162
1540510 1162
1540520 1153
1540530 1145
1540540 1145
1540550 1139
1540560 1133
1540570 1133
1540580 1126
1540590 1118
1540600 1118
1540610 1111
1540620 1105
1540630 1105
1540640 1099
1540650 1095
1540660 1095
1540670 1090
1540680 1086
1540690 1086
1540700 1081
1540710 1075
1540720 1075
1540730 1072
1540740 1072
1540750 1072
1540760 1070
1540770 1068
1540780 1068
1540790 1068
1540800 1069
1540810 1070
1540820 1070
1540830 1067
1540840 1068
1540850 1068
1540860 1072
1540870 1074
1540880 1074
1540890 1070
1540900 1059
1540910 1059
1540920 1050
1540930 1044
1540940 1044
1540950 1042
1540960 1041
1540970 1041
1540980 1043
1540990 1045
1541000 1045
1541010 1045
1541020 1046
1541030 1046
1541040 1044
1541050 1045
1541060 1045
1541070 1047
1541080 1041
1541090 1041
1541100 1035
1541110 1030
1541120 1030
1541130 1027
1541140 1025
1541150 1025
1541160 1024
1541170 1022
1541180 1022
1541190 1019
1541200 1016
1541210 1016
1541220 1012
1541230 1007
1541240 1007
1541250 1001
1541260 996
1541270 996
1541280 992
1541290 988
1541300 988
1541310 988
1541320 987
1541330 987
1541340 983
1541350 977
1541360 977
1541370 969
1541380 964
1541390 964
1541400 962
1541410 963
1541420 963
1541430 966
1541440 972
1541450 979
1541460 979
1541470 981
1541480 977
1541490 977
1541500 973
1541510 971
1541520 971
1541530 971
1541540 972
1541550 972
1541560 973
1541570 975
1541580 975
1541590 977
1541600 977
1541610 977
1541620 973
1541630 967
1541640 967
1541650 962
1541660 958
1541670 958
1541680 953
1541690 949
1541700 949
1541710 947
1541720 944
1541730 944
1541740 937
1541750 931
1541760 931
1541770 925
1541780 918
1541790 918
1541800 908
1541810 895
1541820 895
1541830 888
1541840 884
1541850 884
1541860 881
1541870 880
1541880 880
1541890 883
1541900 884
1541910 884
1541920 884
1541930 883
1541940 888
1541950 886
1541960 885
1541970 885
1541980 883
1541990 881
1542000 881
1542010 879
1542020 878
1542030 878
1542040 876
1542050 874
1542060 874
1542070 872
1542080 870
1542090 868
1542100 868
1542110 866
1542120 863
1542130 863
1542140 860
1542150 858
1542160 858
1542170 856
1542180 854
1542190 854
1542200 852
1542210 850
1542220 850
1542230 848
1542240 848
1542250 848
1542260 847
1542270 846
1542280 846
1542290 845
1542300 843
1542310 843
1542320 840
1542330 838
1542340 838
1542350 837
1542360 837
1542370 837
1542380 837
1542390 837
1542400 837
1542410 838
1542420 838
1542430 838
1542440 840
1542450 842
1542460 842
1542470 844
1542480 846
1542490 846
1542500 848
1542510 849
1542520 849
1542530 849
1542540 850
1542550 850
1542560 850
1542570 851
1542580 851
1542590 853
1542600 857
1542610 857
1542620 863
1542630 868
1542640 868
1542650 871
1542660 875
1542670 875
1542680 879
1542690 882
1542700 882
1542710 884
1542720 886
1542730 885
1542740 885
1542750 881
1542760 879
1542770 879
1542780 879
1542790 879
1542800 879
1542810 878
1542820 878
1542830 878
1542840 882
1542850 887
1542860 887
1542870 891
1542880 895
1542890 895
1542900 899
1542910 902
1542920 902
1542930 906
1542940 909
1542950 909
1542960 911
1542970 913
1542980 913
1542990 915
1543000 916
1543010 916
1543020 917
1543030 918
1543040 918
1543050 918
1543060 918
1543070 918
1543080 917
1543090 917
1543100 917
1543110 916
1543120 915
1543130 915
1543140 914
1543150 913
1543160 913
1543170 912
1543180 912
1543190 912
1543200 911
1543210 910
1543220 910
1543230 908
1543240 908
1543250 908
1543260 908
1543270 908
1543280 908
1543290 908
1543300 907
1543310 907
1543320 907
1543330 907
1543340 907
1543350 908
1543360 909
1543370 909
1543380 909
1543390 909
1543400 910
1543410 910
1543420 910
1543430 910
1543440 910
1543450 910
1543460 910
1543470 910
1543480 911
1543490 911
1543500 911
1543510 909
1543520 908
1543530 908
1543540 909
1543550 909
1543560 909
1543570 909
1543580 908
1543590 908
1543600 909
1543610 911
1543620 911
1543630 912
1543640 915
1543650 915
1543660 916
1543670 918
1543680 918
1543690 920
1543700 923
1543710 923
1543720 925
1543730 928
1543740 928
1543750 930
1543760 933
1543770 933
1543780 937
1543790 940
1543800 940
1543810 944
1543820 948
1543830 948
1543840 952
1543850 956
1543860 956
1543870 961
1543880 965
1543890 965
1543900 970
1543910 975
1543920 975
1543930 979
1543940 984
1543950 984
1543960 989
1543970 994
1543980 994
1543990 999
1544000 1003
1544010 1003
1544020 1008
1544030 1013
1544040 1017
1544050 1017
1544060 1022
1544070 1025
1544080 1025
1544090 1028
1544100 1029
1544110 1029
1544120 1027
1544130 1024
1544140 1026
1544150 1026
1544160 1026
1544170 1026
1544180 1028
1544190 1029
1544200 1029
1544210 1029
1544220 1029
1544230 1029
1544240 1029
1544250 1030
1544260 1030
1544270 1030
1544280 1033
1544290 1033
1544300 1036
1544310 1040
1544320 1040
1544330 1044
1544340 1047
1544350 1047
1544360 1049
1544370 1048
1544380 1048
1544390 1046
1544400 1044
1544410 1044
1544420 1043
1544430 1044
1544440 1044
1544450 1045
1544460 1046
1544470 1046
1544480 1046
1544490 1047
1544500 1047
1544510 1046
1544520 1044
1544530 1044
1544540 1040
1544550 1034
1544560 1034
1544570 1028
1544580 1023
1544590 1023
1544600 1017
1544610 1014
1544620 1014
1544630 1012
1544640 1010
1544650 1010
1544660 1008
1544670 1007
1544680 1009
1544690 1009
1544700 1013
1544710 1017
1544720 1017
1544730 1020
1544740 1024
1544750 1024
1544760 1027
1544770 1030
1544780 1030
1544790 1034
1544800 1038
1544810 1038
1544820 1040
1544830 1043
1544840 1043
1544850 1044
1544860 1043
1544870 1043
1544880 1042
1544890 1040
1544900 1040
1544910 1037
1544920 1034
1544930 1034
1544940 1030
1544950 1027
1544960 1027
1544970 1025
1544980 1022
1544990 1022
1545000 1019
1545010 1016
1545020 1016
1545030 1013
1545040 1009
1545050 1009
1545060 1004
1545070 999
1545080 999
1545090 996
1545100 995
1545110 995
1545120 995
1545130 995
1545140 995
1545150 997
1545160 1001
1545170 1001
1545180 1006
1545190 1011
1545200 1011
1545210 1016
1545220 1021
1545230 1021
1545240 1027
1545250 1032
1545260 1032
1545270 1036
1545280 1040
1545290 1040
1545300 1043
1545310 1044
1545320 1043
1545330 1043
1545340 1043
1545350 1042
1545360 1042
1545370 1041
1545380 1040
1545390 1040
1545400 1039
1545410 1038
1545420 1038
1545430 1037
1545440 1036
1545450 1036
1545460 1036
1545470 1035
1545480 1035
1545490 1035
1545500 1035
1545510 1035
1545520 1034
1545530 1033
1545540 1033
1545550 1029
1545560 1025
1545570 1025
1545580 1024
1545590 1024
1545600 1024
1545610 1025
1545620 1026
1545630 1026
1545640 1029
1545650 1034
1545660 1034
1545670 1040
1545680 1046
1545690 1046
1545700 1051
1545710 1057
1545720 1057
1545730 1062
1545740 1067
1545750 1067
1545760 1071
1545770 1073
1545780 1073
1545790 1075
1545800 1075
1545810 1075
1545820 1076
1545830 1078
1545840 1078
1545850 1081
1545860 1085
1545870 1085
1545880 1090
1545890 1095
1545900 1095
1545910 1101
1545920 1108
1545930 1108
1545940 1115
1545950 1127
1545960 1143
1545970 1143
1545980 1149
1545990 1153
1546000 1153
1546010 1157
1546020 1160
1546030 1160
1546040 1162
1546050 1164
1546060 1164
1546070 1165
1546080 1166
1546090 1166
1546100 1166
1546110 1166
1546120 1166
1546130 1166
1546140 1166
1546150 1166
1546160 1166
1546170 1167
1546180 1167
1546190 1167
1546200 1168
1546210 1168
1546220 1169
1546230 1170
1546240 1170
1546250 1172
1546260 1173
1546270 1179
1546280 1180
1546290 1179
1546300 1179
1546310 1177
1546320 1172
1546330 1172
1546340 1166
1546350 1157
1546360 1157
1546370 1147
1546380 1136
1546390 1136
1546400 1126
1546410 1117
1546420 1117
1546430 1109
1546440 1102
1546450 1102
1546460 1096
1546470 1090
1546480 1090
1546490 1083
1546500 1077
1546510 1077
1546520 1070
1546530 1064
1546540 1064
1546550 1058
1546560 1053
1546570 1053
1546580 1047
1546590 1042
1546600 1036
1546610 1036
1546620 1030
1546630 1025
1546640 1025
1546650 1019
1546660 1014
1546670 1014
1546680 1008
1546690 1003
1546700 1003
1546710 998
1546720 992
1546730 992
1546740 986
1546750 981
1546760 981
1546770 976
1546780 971
1546790 971
1546800 967
1546810 963
1546820 963
1546830 959
1546840 955
1546850 955
1546860 951
1546870 948
1546880 948
1546890 945
1546900 942
1546910 942
1546920 940
1546930 937
1546940 937
1546950 936
1546960 934
1546970 934
1546980 932
1546990 929
1547000 929
1547010 927
1547020 924
1547030 924
1547040 922
1547050 919
1547060 919
1547070 917
1547080 915
1547090 915
1547100 913
1547110 911
1547120 911
1547130 909
1547140 907
1547150 907
1547160 905
1547170 902
1547180 902
1547190 899
1547200 896
1547210 896
1547220 894
1547230 892
1547240 890
1547250 890
1547260 887
1547270 885
1547280 885
1547290 883
1547300 882
1547310 882
1547320 879
1547330 877
1547340 877
1547350 875
1547360 876
1547370 876
1547380 875
1547390 874
1547400 874
1547410 874
1547420 874
1547430 874
1547440 875
1547450 875
1547460 875
1547470 875
1547480 875
1547490 875
1547500 874
1547510 872
1547520 872
1547530 870
1547540 869
1547550 869
1547560 869
1547570 869
1547580 869
1547590 866
1547600 862
1547610 862
1547620 856
1547630 849
1547640 849
1547650 842
1547660 837
1547670 837
1547680 836
1547690 836
1547700 836
1547710 837
1547720 838
1547730 838
1547740 839
1547750 837
1547760 837
1547770 836
1547780 835
1547790 835
1547800 835
1547810 834
1547820 834
1547830 833
1547840 830
1547850 830
1547860 828
1547870 825
1547880 825
1547890 821
1547900 818
1547910 814
1547920 814
1547930 810
1547940 805
1547950 805
1547960 801
1547970 797
1547980 797
1547990 794
1548000 791
1548010 791
1548020 787
1548030 785
1548040 785
1548050 783
1548060 783
1548070 783
1548080 783
1548090 782
1548100 782
1548110 781
1548120 779
1548130 779
1548140 775
1548150 772
1548160 772
1548170 771
1548180 769
1548190 769
1548200 767
1548210 765
1548220 765
1548230 762
1548240 759
1548250 759
1548260 757
1548270 756
1548280 756
1548290 752
1548300 748
1548310 748
1548320 743
1548330 739
1548340 739
1548350 737
1548360 735
1548370 735
1548380 733
1548390 730
1548400 730
1548410 726
1548420 723
1548430 723
1548440 719
1548450 715
1548460 715
1548470 713
1548480 712
1548490 712
1548500 712
1548510 711
1548520 711
1548530 711
1548540 712
1548550 713
1548560 713
1548570 714
1548580 714
1548590 714
1548600 715
1548610 718
1548620 718
1548630 721
1548640 721
1548650 721
1548660 718
1548670 714
1548680 714
1548690 711
1548700 706
1548710 706
1548720 701
1548730 695
1548740 695
1548750 692
1548760 692
1548770 692
1548780 690
1548790 687
1548800 687
1548810 681
1548820 675
1548830 675
1548840 673
1548850 674
1548860 674
1548870 675
1548880 677
1548890 677
1548900 678
1548910 678
1548920 678
1548930 678
1548940 678
1548950 678
1548960 677
1548970 676
1548980 676
1548990 675
1549000 675
1549010 675
1549020 674
1549030 674
1549040 674
1549050 674
1549060 675
1549070 675
1549080 676
1549090 676
1549100 676
1549110 675
1549120 673
1549130 673
1549140 671
1549150 669
1549160 669
1549170 667
1549180 664
1549190 662
1549200 662
1549210 661
1549220 663
1549230 663
1549240 665
1549250 666
1549260 666
1549270 666
1549280 665
1549290 665
1549300 663
1549310 662
1549320 662
1549330 660
1549340 659
1549350 659
1549360 657
1549370 656
1549380 656
1549390 654
1549400 650
1549410 650
1549420 648
1549430 646
1549440 646
1549450 644
1549460 641
1549470 641
1549480 639
1549490 637
1549500 637
1549510 634
1549520 633
1549530 633
1549540 632
1549550 629
1549560 629
1549570 627
1549580 626
1549590 626
1549600 625
1549610 623
1549620 623
1549630 621
1549640 620
1549650 620
1549660 620
1549670 619
1549680 619
1549690 618
1549700 615
1549710 615
1549720 612
1549730 612
1549740 612
1549750 610
1549760 609
1549770 609
1549780 608
1549790 607
1549800 607
1549810 606
1549820 604
1549830 604
1549840 604
1549850 604
1549860 604
1549870 604
1549880 604
1549890 604
1549900 604
1549910 607
1549920 606
1549930 606
1549940 604
1549950 602
1549960 602
1549970 600
1549980 597
1549990 597
1550000 596
1550010 595
1550020 595
1550030 593
1550040 591
1550050 591
1550060 589
1550070 586
1550080 586
1550090 585
1550100 584
1550110 584
1550120 584
1550130 584
1550140 584
1550150 584
1550160 586
1550170 586
1550180 587
1550190 587
1550200 587
1550210 587
1550220 587
1550230 587
1550240 587
1550250 586
1550260 586
1550270 587
1550280 588
1550290 588
1550300 588
1550310 592
1550320 592
1550330 592
1550340 591
1550350 591
1550360 590
1550370 589
1550380 589
1550390 588
1550400 587
1550410 587
1550420 586
1550430 586
1550440 586
1550450 585
1550460 583
1550470 582
1550480 582
1550490 581
1550500 581
1550510 581
1550520 580
1550530 578
1550540 578
1550550 573
1550560 570
1550570 570
1550580 569
1550590 568
1550600 568
1550610 567
1550620 567
1550630 567
1550640 567
1550650 568
1550660 568
1550670 569
1550680 570
1550690 570
1550700 571
1550710 570
1550720 570
1550730 569
1550740 568
1550750 568
1550760 566
1550770 565
1550780 565
1550790 564
1550800 564
1550810 564
1550820 564
1550830 564
1550840 564
1550850 564
1550860 565
1550870 565
1550880 564
1550890 563
1550900 563
1550910 562
1550920 562
1550930 562
1550940 563
1550950 563
1550960 563
1550970 563
1550980 563
1550990 563
1551000 563
1551010 563
1551020 563
1551030 563
1551040 564
1551050 564
1551060 564
1551070 563
1551080 563
1551090 560
1551100 556
1551110 553
1551120 553
1551130 551
1551140 551
1551150 551
1551160 550
1551170 550
1551180 550
1551190 550
1551200 549
1551210 549
1551220 549
1551230 549
1551240 549
1551250 549
1551260 548
1551270 548
1551280 546
1551290 546
1551300 546
1551310 545
1551320 544
1551330 544
1551340 540
1551350 535
1551360 535
1551370 530
1551380 528
1551390 528
1551400 527
1551410 527
1551420 527
1551430 527
1551440 527
1551450 527
1551460 526
1551470 526
1551480 526
1551490 526
1551500 526
1551510 526
1551520 525
1551530 525
1551540 525
1551550 525
1551560 524
1551570 524
1551580 524
1551590 523
1551600 523
1551610 523
1551620 523
1551630 523
1551640 523
1551650 522
1551660 522
1551670 522
1551680 522
1551690 522
1551700 521
1551710 521
1551720 521
1551730 521
1551740 521
1551750 521
1551760 521
1551770 520
1551780 520
1551790 520
1551800 520
1551810 519
1551820 519
1551830 519
1551840 519
1551850 519
1551860 514
1551870 508
1551880 508
1551890 505
1551900 505
1551910 505
1551920 503
1551930 502
1551940 502
1551950 502
1551960 503
1551970 503
1551980 504
1551990 504
1552000 504
1552010 504
1552020 504
1552030 504
1552040 504
1552050 504
1552060 504
1552070 504
1552080 504
1552090 504
1552100 504
1552110 504
1552120 504
1552130 504
1552140 504
1552150 504
1552160 504
1552170 504
1552180 504
1552190 504
1552200 504
1552210 504
1552220 504
1552230 504
1552240 504
1552250 504
1552260 504
1552270 504
1552280 504
1552290 504
1552300 504
1552310 504
1552320 504
1552330 504
1552340 504
1552350 504
1552360 504
1552370 503
1552380 504
1552390 503
1552400 503
1552410 503
1552420 503
1552430 503
1552440 503
1552450 503
1552460 503
1552470 503
1552480 503
1552490 503
1552500 503
1552510 503
1552520 503
1552530 503
1552540 503
1552550 503
1552560 504
1552570 504
1552580 504
1552590 503
1552600 503
1552610 503
1552620 503
1552630 503
1552640 503
1552650 503
1552660 503
1552670 503
1552680 503
1552690 503
1552700 503
1552710 503
1552720 503
1552730 503
1552740 504
1552750 507
1552760 507
1552770 509
1552780 509
1552790 509
1552800 509
1552810 510
1552820 510
1552830 510
1552840 510
1552850 510
1552860 510
1552870 511
1552880 511
1552890 511
1552900 512
1552910 512
1552920 512
1552930 512
1552940 512
1552950 512
1552960 512
1552970 512
1552980 512
1552990 513
1553000 513
1553010 514
1553020 515
1553030 515
1553040 515
1553050 516
1553060 517
1553070 517
1553080 518
1553090 519
1553100 519
1553110 519
1553120 520
1553130 520
1553140 521
1553150 522
1553160 522
1553170 522
1553180 522
1553190 522
1553200 522
1553210 522
1553220 522
1553230 522
1553240 523
1553250 523
1553260 525
1553270 528
1553280 528
1553290 531
1553300 534
1553310 534
1553320 538
1553330 542
1553340 542
1553350 544
1553360 546
1553370 546
1553380 548
1553390 550
1553400 550
1553410 553
1553420 556
1553430 556
1553440 561
1553450 566
1553460 566
1553470 570
1553480 574
1553490 574
1553500 577
1553510 581
1553520 581
1553530 583
1553540 586
1553550 586
1553560 591
1553570 595
1553580 595
1553590 599
1553600 602
1553610 602
1553620 606
1553630 611
1553640 611
1553650 617
1553660 622
1553670 628
1553680 628
1553690 633
1553700 638
1553710 638
1553720 642
1553730 647
1553740 647
1553750 651
1553760 655
1553770 655
1553780 660
1553790 668
1553800 668
1553810 675
1553820 681
1553830 681
1553840 688
1553850 702
1553860 702
1553870 718
1553880 728
1553890 728
1553900 735
1553910 741
1553920 741
1553930 747
1553940 752
1553950 752
1553960 757
1553970 762
1553980 762
1553990 768
1554000 774
1554010 774
1554020 780
1554030 785
1554040 785
1554050 791
1554060 796
1554070 796
1554080 802
1554090 807
1554100 807
1554110 817
1554120 823
1554130 823
1554140 829
1554150 836
1554160 836
1554170 844
1554180 851
1554190 851
1554200 856
1554210 861
1554220 861
1554230 867
1554240 873
1554250 873
1554260 877
1554270 881
1554280 881
1554290 885
1554300 891
1554310 891
1554320 897
1554330 903
1554340 909
1554350 909
1554360 915
1554370 921
1554380 921
1554390 928
1554400 934
1554410 934
1554420 941
1554430 947
1554440 947
1554450 952
1554460 955
1554470 955
1554480 959
1554490 962
1554500 962
1554510 966
1554520 970
1554530 970
1554540 975
1554550 980
1554560 980
1554570 985
1554580 984
1554590 984
1554600 976
1554610 969
1554620 969
1554630 963
1554640 957
1554650 957
1554660 950
1554670 944
1554680 944
1554690 938
1554700 933
1554710 933
1554720 929
1554730 925
1554740 925
1554750 922
1554760 918
1554770 918
1554780 914
1554790 910
1554800 910
1554810 908
1554820 910
1554830 910
1554840 913
1554850 916
1554860 916
1554870 918
1554880 920
1554890 920
1554900 922
1554910 923
1554920 923
1554930 924
1554940 925
1554950 925
1554960 926
1554970 927
1554980 927
1554990 927
1555000 928
1555010 928
1555020 928
1555030 928
1555040 929
1555050 929
1555060 929
1555070 927
1555080 927
1555090 927
1555100 929
1555110 929
1555120 930
1555130 932
1555140 932
1555150 934
1555160 936
1555170 936
1555180 939
1555190 942
1555200 942
1555210 945
1555220 949
1555230 949
1555240 952
1555250 956
1555260 956
1555270 960
1555280 963
1555290 963
1555300 967
1555310 970
1555320 970
1555330 973
1555340 976
1555350 976
1555360 980
1555370 983
1555380 983
1555390 987
1555400 991
1555410 991
1555420 996
1555430 1000
1555440 1000
1555450 1005
1555460 1009
1555470 1009
1555480 1014
1555490 1019
1555500 1019
1555510 1024
1555520 1029
1555530 1029
1555540 1034
1555550 1039
1555560 1039
1555570 1044
1555580 1049
1555590 1049
1555600 1054
1555610 1058
1555620 1063
1555630 1063
1555640 1068
1555650 1072
1555660 1072
1555670 1076
1555680 1079
1555690 1079
1555700 1083
1555710 1083
1555720 1083
1555730 1079
1555740 1074
1555750 1074
1555760 1069
1555770 1066
1555780 1066
1555790 1063
1555800 1059
1555810 1059
1555820 1056
1555830 1053
1555840 1053
1555850 1051
1555860 1051
1555870 1051
1555880 1051
1555890 1052
1555900 1052
1555910 1051
1555920 1051
1555930 1051
1555940 1056
1555950 1056
1555960 1056
1555970 1057
1555980 1059
1555990 1059
1556000 1063
1556010 1069
1556020 1069
1556030 1074
1556040 1079
1556050 1079
1556060 1085
1556070 1090
1556080 1090
1556090 1095
1556100 1099
1556110 1099
1556120 1102
1556130 1103
1556140 1103
1556150 1104
1556160 1106
1556170 1106
1556180 1110
1556190 1112
1556200 1112
1556210 1112
1556220 1109
1556230 1109
1556240 1107
1556250 1106
1556260 1106
1556270 1106
1556280 1106
1556290 1106
1556300 1106
1556310 1105
1556320 1106
1556330 1106
1556340 1107
1556350 1106
1556360 1106
1556370 1105
1556380 1102
1556390 1102
1556400 1097
1556410 1090
1556420 1090
1556430 1082
1556440 1074
1556450 1074
1556460 1067
1556470 1059
1556480 1059
1556490 1053
1556500 1047
1556510 1047
1556520 1041
1556530 1035
1556540 1035
1556550 1029
1556560 1023
1556570 1023
1556580 1017
1556590 1011
1556600 1011
1556610 1006
1556620 1000
1556630 1000
1556640 994
1556650 988
1556660 988
1556670 982
1556680 976
1556690 976
1556700 971
1556710 966
1556720 966
1556730 961
1556740 956
1556750 956
1556760 949
1556770 943
1556780 943
1556790 937
1556800 929
1556810 929
1556820 920
1556830 910
1556840 910
1556850 902
1556860 893
1556870 893
1556880 885
1556890 880
1556900 878
1556910 878
1556920 874
1556930 867
1556940 867
1556950 862
1556960 859
1556970 859
1556980 855
1556990 852
1557000 852
1557010 848
1557020 844
1557030 844
1557040 843
1557050 841
1557060 841
1557070 834
1557080 834
1557090 834
1557100 837
1557110 838
1557120 838
1557130 836
1557140 828
1557150 828
1557160 818
1557170 808
1557180 808
1557190 799
1557200 792
1557210 792
1557220 784
1557230 775
1557240 775
1557250 766
1557260 757
1557270 757
1557280 749
1557290 743
1557300 743
1557310 737
1557320 731
1557330 731
1557340 725
1557350 716
1557360 716
1557370 711
1557380 714
1557390 714
1557400 721
1557410 727
1557420 727
1557430 734
1557440 739
1557450 739
1557460 741
1557470 739
1557480 739
1557490 735
1557500 729
1557510 729
1557520 723
1557530 719
1557540 719
1557550 718
1557560 717
1557570 717
1557580 717
1557590 717
1557600 718
1557610 718
1557620 720
1557630 721
1557640 721
1557650 724
1557660 726
1557670 726
1557680 727
1557690 725
1557700 725
1557710 719
1557720 711
1557730 717
1557740 711
1557750 706
1557760 706
1557770 703
1557780 701
1557790 701
1557800 702
1557810 706
1557820 706
1557830 713
1557840 721
1557850 721
1557860 729
1557870 736
1557880 736
1557890 741
1557900 747
1557910 747
1557920 753
1557930 762
1557940 762
1557950 770
1557960 777
1557970 777
1557980 783
1557990 789
1558000 789
1558010 796
1558020 801
1558030 801
1558040 807
1558050 813
1558060 813
1558070 818
1558080 824
1558090 824
1558100 828
1558110 832
1558120 832
1558130 834
1558140 836
1558150 836
1558160 837
1558170 835
1558180 835
1558190 833
1558200 836
1558210 841
1558220 841
1558230 845
1558240 848
1558250 848
1558260 851
1558270 854
1558280 854
1558290 859
1558300 863
1558310 863
1558320 867
1558330 872
1558340 872
1558350 877
1558360 882
1558370 882
1558380 888
1558390 891
1558400 891
1558410 894
1558420 899
1558430 899
1558440 905
1558450 911
1558460 911
1558470 918
1558480 923
1558490 923
1558500 927
1558510 931
1558520 931
1558530 935
1558540 939
1558550 939
1558560 941
1558570 942
1558580 942
1558590 944
1558600 948
1558610 948
1558620 953
1558630 956
1558640 956
1558650 959
1558660 961
1558670 961
1558680 961
1558690 962
1558700 962
1558710 966
1558720 971
1558730 971
1558740 975
1558750 978
1558760 978
1558770 982
1558780 986
1558790 986
1558800 990
1558810 992
1558820 992
1558830 988
1558840 983
1558850 977
1558860 977
1558870 970
1558880 964
1558890 964
1558900 958
1558910 950
1558920 950
1558930 937
1558940 927
1558950 927
1558960 921
1558970 910
1558980 910
1558990 895
1559000 884
1559010 884
1559020 875
1559030 865
1559040 865
1559050 860
1559060 859
1559070 859
1559080 858
1559090 855
1559100 855
1559110 850
1559120 845
1559130 845
1559140 844
1559150 844
1559160 844
1559170 847
1559180 855
1559190 855
1559200 861
1559210 867
1559220 867
1559230 870
1559240 869
1559250 869
1559260 867
1559270 865
1559280 865
1559290 863
1559300 861
1559310 861
1559320 859
1559330 857
1559340 857
1559350 855
1559360 857
1559370 857
1559380 863
1559390 872
1559400 872
1559410 882
1559420 891
1559430 891
1559440 897
1559450 902
1559460 902
1559470 913
1559480 919
1559490 926
1559500 926
1559510 933
1559520 939
1559530 939
1559540 944
1559550 950
1559560 950
1559570 956
1559580 962
1559590 962
1559600 968
1559610 974
1559620 974
1559630 980
1559640 984
1559650 984
1559660 988
1559670 990
1559680 990
1559690 993
1559700 997
1559710 997
1559720 1002
1559730 1007
1559740 1007
1559750 1014
1559760 1019
1559770 1019
1559780 1024
1559790 1030
1559800 1030
1559810 1036
1559820 1043
1559830 1043
1559840 1049
1559850 1055
1559860 1055
1559870 1061
1559880 1068
1559890 1068
1559900 1074
1559910 1081
1559920 1081
1559930 1089
1559940 1097
1559950 1097
1559960 1104
1559970 1111
1559980 1111
1559990 1118
