1540000 1649
1540010 1649
1540020 1644
1540030 1639
1540040 1639
1540050 1639
1540060 1641
1540070 1641
1540080 1638
1540090 1642
1540100 1642
1540110 1640
1540120 1640
1540130 1640
1540140 1646
1540150 1653
1540160 1653
1540170 1656
1540180 1655
1540190 1655
1540200 1653
1540210 1653
1540220 1652
1540230 1652
1540240 1651
1540250 1648
1540260 1648
1540270 1645
1540280 1641
1540290 1641
1540300 1638
1540310 1634
1540320 1634
1540330 1629
1540340 1623
1540350 1623
1540360 1619
1540370 1620
1540380 1620
1540390 1627
1540400 1636
1540410 1636
1540420 1642
1540430 1647
1540440 1647
1540450 1652
1540460 1657
1540470 1657
1540480 1661
1540490 1665
1540500 1665
1540510 1668
1540520 1671
1540530 1671
1540540 1674
1540550 1677
1540560 1677
1540570 1680
1540580 1682
1540590 1682
1540600 1685
1540610 1685
1540620 1685
1540630 1687
1540640 1688
1540650 1688
1540660 1687
1540670 1684
1540680 1684
1540690 1671
1540700 1649
1540710 1649
1540720 1615
1540730 1576
1540740 1576
1540750 1554
1540760 1547
1540770 1547
1540780 1538
1540790 1519
1540800 1519
1540810 1512
1540820 1506
1540830 1506
1540840 1504
1540850 1506
1540860 1506
1540870 1506
1540880 1502
1540890 1500
1540900 1500
1540910 1496
1540920 1486
1540930 1486
1540940 1476
1540950 1473
1540960 1473
1540970 1471
1540980 1467
1540990 1467
1541000 1462
1541010 1459
1541020 1459
1541030 1451
1541040 1441
1541050 1441
1541060 1433
1541070 1428
1541080 1428
1541090 1425
1541100 1423
1541110 1423
1541120 1422
1541130 1421
1541140 1421
1541150 1421
1541160 1423
1541170 1423
1541180 1421
1541190 1418
1541200 1418
1541210 1415
1541220 1417
1541230 1417
1541240 1425
1541250 1427
1541260 1427
1541270 1427
1541280 1414
1541290 1414
1541300 1390
1541310 1384
1541320 1384
1541330 1379
1541340 1372
1541350 1372
1541360 1367
1541370 1362
1541380 1362
1541390 1361
1541400 1359
1541410 1359
1541420 1352
1541430 1348
1541440 1348
1541450 1344
1541460 1342
1541470 1342
1541480 1339
1541490 1330
1541500 1330
1541510 1320
1541520 1312
1541530 1303
1541540 1303
1541550 1293
1541560 1280
1541570 1280
1541580 1266
1541590 1255
1541600 1255
1541610 1243
1541620 1234
1541630 1234
1541640 1229
1541650 1224
1541660 1224
1541670 1223
1541680 1220
1541690 1220
1541700 1213
1541710 1202
1541720 1202
1541730 1174
1541740 1151
1541750 1151
1541760 1139
1541770 1129
1541780 1129
1541790 1120
1541800 1104
1541810 1104
1541820 1089
1541830 1081
1541840 1081
1541850 1074
1541860 1066
1541870 1066
1541880 1055
1541890 1044
1541900 1044
1541910 1036
1541920 1029
1541930 1029
1541940 1019
1541950 1011
1541960 1011
1541970 1004
1541980 998
1541990 998
1542000 993
1542010 988
1542020 988
1542030 984
1542040 980
1542050 980
1542060 975
1542070 972
1542080 972
1542090 969
1542100 959
1542110 959
1542120 957
1542130 956
1542140 956
1542150 954
1542160 953
1542170 953
1542180 953
1542190 953
1542200 954
1542210 954
1542220 955
1542230 958
1542240 958
1542250 961
1542260 964
1542270 964
1542280 966
1542290 971
1542300 971
1542310 979
1542320 986
1542330 986
1542340 999
1542350 1010
1542360 1010
1542370 1019
1542380 1030
1542390 1030
1542400 1039
1542410 1054
1542420 1054
1542430 1071
1542440 1086
1542450 1086
1542460 1099
1542470 1117
1542480 1117
1542490 1139
1542500 1164
1542510 1164
1542520 1189
1542530 1211
1542540 1211
1542550 1214
1542560 1215
1542570 1215
1542580 1218
1542590 1219
1542600 1219
1542610 1211
1542620 1205
1542630 1205
1542640 1204
1542650 1206
1542660 1206
1542670 1206
1542680 1211
1542690 1211
1542700 1220
1542710 1221
1542720 1221
1542730 1214
1542740 1213
1542750 1213
1542760 1213
1542770 1210
1542780 1210
1542790 1209
1542800 1211
1542810 1211
1542820 1215
1542830 1221
1542840 1229
1542850 1229
1542860 1234
1542870 1236
1542880 1236
1542890 1234
1542900 1236
1542910 1236
1542920 1240
1542930 1240
1542940 1240
1542950 1240
1542960 1241
1542970 1241
1542980 1242
1542990 1244
1543000 1244
1543010 1245
1543020 1244
1543030 1244
1543040 1243
1543050 1240
1543060 1240
1543070 1236
1543080 1234
1543090 1234
1543100 1232
1543110 1230
1543120 1230
1543130 1228
1543140 1225
1543150 1225
1543160 1224
1543170 1223
1543180 1223
1543190 1223
1543200 1222
1543210 1222
1543220 1221
1543230 1219
1543240 1219
1543250 1217
1543260 1216
1543270 1216
1543280 1215
1543290 1214
1543300 1214
1543310 1214
1543320 1213
1543330 1213
1543340 1212
1543350 1212
1543360 1212
1543370 1212
1543380 1211
1543390 1211
1543400 1210
1543410 1208
1543420 1208
1543430 1208
1543440 1210
1543450 1210
1543460 1206
1543470 1195
1543480 1182
1543490 1182
1543500 1168
1543510 1156
1543520 1156
1543530 1145
1543540 1131
1543550 1131
1543560 1116
1543570 1107
1543580 1107
1543590 1100
1543600 1094
1543610 1094
1543620 1087
1543630 1081
1543640 1081
1543650 1077
1543660 1075
1543670 1075
1543680 1074
1543690 1072
1543700 1072
1543710 1071
1543720 1072
1543730 1072
1543740 1074
1543750 1076
1543760 1076
1543770 1078
1543780 1080
1543790 1080
1543800 1082
1543810 1084
1543820 1084
1543830 1087
1543840 1091
1543850 1091
1543860 1096
1543870 1100
1543880 1100
1543890 1103
1543900 1107
1543910 1107
1543920 1113
1543930 1118
1543940 1118
1543950 1124
1543960 1128
1543970 1128
1543980 1133
1543990 1139
1544000 1139
1544010 1146
1544020 1153
1544030 1153
1544040 1159
1544050 1166
1544060 1166
1544070 1173
1544080 1180
1544090 1180
1544100 1187
1544110 1193
1544120 1193
1544130 1198
1544140 1202
1544150 1204
1544160 1204
1544170 1205
1544180 1205
1544190 1205
1544200 1205
1544210 1204
1544220 1204
1544230 1199
1544240 1189
1544250 1189
1544260 1181
1544270 1176
1544280 1176
1544290 1179
1544300 1176
1544310 1176
1544320 1172
1544330 1169
1544340 1169
1544350 1167
1544360 1165
1544370 1165
1544380 1165
1544390 1164
1544400 1164
1544410 1164
1544420 1164
1544430 1164
1544440 1163
1544450 1163
1544460 1163
1544470 1163
1544480 1163
1544490 1163
1544500 1163
1544510 1164
1544520 1164
1544530 1165
1544540 1165
1544550 1165
1544560 1165
1544570 1166
1544580 1166
1544590 1168
1544600 1170
1544610 1170
1544620 1172
1544630 1173
1544640 1173
1544650 1173
1544660 1174
1544670 1174
1544680 1176
1544690 1178
1544700 1178
1544710 1181
1544720 1184
1544730 1184
1544740 1187
1544750 1190
1544760 1190
1544770 1192
1544780 1193
1544790 1194
1544800 1194
1544810 1195
1544820 1197
1544830 1197
1544840 1200
1544850 1203
1544860 1203
1544870 1207
1544880 1212
1544890 1212
1544900 1216
1544910 1221
1544920 1221
1544930 1225
1544940 1231
1544950 1231
1544960 1238
1544970 1244
1544980 1244
1544990 1251
1545000 1259
1545010 1259
1545020 1266
1545030 1274
1545040 1274
1545050 1282
1545060 1290
1545070 1290
1545080 1299
1545090 1307
1545100 1307
1545110 1315
1545120 1326
1545130 1326
1545140 1340
1545150 1343
1545160 1343
1545170 1343
1545180 1345
1545190 1345
1545200 1348
1545210 1351
1545220 1351
1545230 1354
1545240 1359
1545250 1359
1545260 1363
1545270 1368
1545280 1368
1545290 1372
1545300 1376
1545310 1376
1545320 1380
1545330 1382
1545340 1382
1545350 1379
1545360 1373
1545370 1373
1545380 1368
1545390 1363
1545400 1363
1545410 1358
1545420 1355
1545430 1355
1545440 1351
1545450 1347
1545460 1341
1545470 1341
1545480 1334
1545490 1328
1545500 1328
1545510 1323
1545520 1320
1545530 1320
1545540 1316
1545550 1313
1545560 1313
1545570 1312
1545580 1312
1545590 1312
1545600 1311
1545610 1315
1545620 1315
1545630 1322
1545640 1327
1545650 1327
1545660 1333
1545670 1336
1545680 1336
1545690 1339
1545700 1342
1545710 1342
1545720 1342
1545730 1339
1545740 1339
1545750 1329
1545760 1317
1545770 1317
1545780 1308
1545790 1303
1545800 1303
1545810 1298
1545820 1292
1545830 1292
1545840 1288
1545850 1287
1545860 1287
1545870 1284
1545880 1283
1545890 1283
1545900 1281
1545910 1279
1545920 1279
1545930 1277
1545940 1273
1545950 1273
1545960 1269
1545970 1265
1545980 1265
1545990 1255
1546000 1237
1546010 1237
1546020 1219
1546030 1209
1546040 1209
1546050 1197
1546060 1181
1546070 1181
1546080 1169
1546090 1159
1546100 1151
1546110 1151
1546120 1144
1546130 1137
1546140 1137
1546150 1130
1546160 1123
1546170 1123
1546180 1115
1546190 1108
1546200 1108
1546210 1101
1546220 1095
1546230 1095
1546240 1089
1546250 1084
1546260 1084
1546270 1079
1546280 1074
1546290 1074
1546300 1068
1546310 1063
1546320 1063
1546330 1058
1546340 1052
1546350 1052
1546360 1046
1546370 1040
1546380 1040
1546390 1036
1546400 1032
1546410 1032
1546420 1024
1546430 1021
1546440 1021
1546450 1018
1546460 1015
1546470 1015
1546480 1013
1546490 1010
1546500 1010
1546510 1006
1546520 1003
1546530 1003
1546540 1000
1546550 998
1546560 998
1546570 997
1546580 995
1546590 995
1546600 992
1546610 990
1546620 990
1546630 988
1546640 986
1546650 986
1546660 984
1546670 982
1546680 982
1546690 980
1546700 977
1546710 977
1546720 975
1546730 973
1546740 971
1546750 971
1546760 969
1546770 967
1546780 967
1546790 965
1546800 963
1546810 963
1546820 961
1546830 959
1546840 959
1546850 957
1546860 954
1546870 954
1546880 951
1546890 948
1546900 948
1546910 945
1546920 943
1546930 943
1546940 940
1546950 937
1546960 937
1546970 935
1546980 934
1546990 934
1547000 932
1547010 930
1547020 930
1547030 929
1547040 927
1547050 927
1547060 925
1547070 922
1547080 922
1547090 921
1547100 921
1547110 921
1547120 922
1547130 922
1547140 922
1547150 921
1547160 921
1547170 921
1547180 921
1547190 921
1547200 921
1547210 920
1547220 919
1547230 919
1547240 919
1547250 917
1547260 917
1547270 915
1547280 913
1547290 913
1547300 911
1547310 908
1547320 908
1547330 905
1547340 902
1547350 902
1547360 901
1547370 899
1547380 899
1547390 898
1547400 897
1547410 896
1547420 896
1547430 893
1547440 891
1547450 891
1547460 887
1547470 885
1547480 885
1547490 882
1547500 879
1547510 879
1547520 876
1547530 874
1547540 874
1547550 871
1547560 867
1547570 867
1547580 863
1547590 860
1547600 860
1547610 856
1547620 853
1547630 853
1547640 852
1547650 850
1547660 850
1547670 849
1547680 848
1547690 848
1547700 847
1547710 846
1547720 846
1547730 844
1547740 843
1547750 843
1547760 842
1547770 840
1547780 840
1547790 838
1547800 837
1547810 837
1547820 837
1547830 836
1547840 836
1547850 834
1547860 832
1547870 832
1547880 832
1547890 832
1547900 832
1547910 831
1547920 829
1547930 829
1547940 827
1547950 827
1547960 827
1547970 828
1547980 828
1547990 828
1548000 827
1548010 826
1548020 826
1548030 825
1548040 824
1548050 824
1548060 824
1548070 824
1548080 824
1548090 824
1548100 825
1548110 825
1548120 825
1548130 823
1548140 819
1548150 819
1548160 814
1548170 812
1548180 812
1548190 813
1548200 814
1548210 814
1548220 815
1548230 814
1548240 814
1548250 812
1548260 812
1548270 812
1548280 812
1548290 813
1548300 813
1548310 814
1548320 815
1548330 815
1548340 816
1548350 818
1548360 818
1548370 820
1548380 823
1548390 823
1548400 824
1548410 827
1548420 827
1548430 830
1548440 834
1548450 834
1548460 830
1548470 833
1548480 833
1548490 835
1548500 838
1548510 838
1548520 840
1548530 842
1548540 842
1548550 844
1548560 845
1548570 845
1548580 847
1548590 847
1548600 847
1548610 848
1548620 848
1548630 848
1548640 847
1548650 846
1548660 846
1548670 845
1548680 844
1548690 844
1548700 843
1548710 842
1548720 841
1548730 841
1548740 841
1548750 839
1548760 839
1548770 838
1548780 837
1548790 837
1548800 835
1548810 834
1548820 834
1548830 833
1548840 831
1548850 831
1548860 829
1548870 827
1548880 827
1548890 824
1548900 821
1548910 821
1548920 818
1548930 815
1548940 815
1548950 813
1548960 811
1548970 811
1548980 809
1548990 808
1549000 808
1549010 806
1549020 804
1549030 804
1549040 803
1549050 801
1549060 801
1549070 799
1549080 797
1549090 797
1549100 796
1549110 794
1549120 794
1549130 793
1549140 791
1549150 791
1549160 789
1549170 786
1549180 786
1549190 782
1549200 779
1549210 779
1549220 775
1549230 772
1549240 772
1549250 769
1549260 766
1549270 766
1549280 763
1549290 761
1549300 761
1549310 759
1549320 757
1549330 757
1549340 755
1549350 754
1549360 752
1549370 752
1549380 751
1549390 751
1549400 751
1549410 750
1549420 749
1549430 749
1549440 748
1549450 747
1549460 747
1549470 746
1549480 745
1549490 745
1549500 744
1549510 743
1549520 743
1549530 743
1549540 742
1549550 742
1549560 741
1549570 741
1549580 741
1549590 740
1549600 739
1549610 739
1549620 739
1549630 740
1549640 740
1549650 741
1549660 741
1549670 741
1549680 741
1549690 741
1549700 741
1549710 741
1549720 742
1549730 742
1549740 744
1549750 744
1549760 744
1549770 745
1549780 745
1549790 745
1549800 746
1549810 747
1549820 747
1549830 749
1549840 751
1549850 751
1549860 753
1549870 755
1549880 755
1549890 757
1549900 759
1549910 759
1549920 761
1549930 762
1549940 762
1549950 763
1549960 765
1549970 765
1549980 767
1549990 769
1550000 771
1550010 771
1550020 774
1550030 776
1550040 776
1550050 777
1550060 769
1550070 769
1550080 751
1550090 736
1550100 736
1550110 725
1550120 715
1550130 715
1550140 705
1550150 697
1550160 697
1550170 689
1550180 681
1550190 681
1550200 673
1550210 663
1550220 663
1550230 654
1550240 646
1550250 646
1550260 638
1550270 630
1550280 630
1550290 623
1550300 616
1550310 616
1550320 609
1550330 602
1550340 602
1550350 596
1550360 590
1550370 590
1550380 584
1550390 578
1550400 578
1550410 573
1550420 568
1550430 568
1550440 563
1550450 559
1550460 559
1550470 555
1550480 552
1550490 552
1550500 549
1550510 545
1550520 545
1550530 543
1550540 542
1550550 542
1550560 542
1550570 542
1550580 542
1550590 541
1550600 541
1550610 541
1550620 540
1550630 539
1550640 539
1550650 539
1550660 538
1550670 538
1550680 538
1550690 537
1550700 536
1550710 536
1550720 536
1550730 535
1550740 535
1550750 534
1550760 534
1550770 534
1550780 533
1550790 532
1550800 532
1550810 531
1550820 531
1550830 531
1550840 530
1550850 529
1550860 529
1550870 528
1550880 528
1550890 528
1550900 527
1550910 526
1550920 526
1550930 526
1550940 525
1550950 525
1550960 525
1550970 524
1550980 524
1550990 524
1551000 523
1551010 523
1551020 523
1551030 523
1551040 523
1551050 523
1551060 524
1551070 524
1551080 524
1551090 525
1551100 525
1551110 525
1551120 522
1551130 522
1551140 518
1551150 516
1551160 516
1551170 516
1551180 516
1551190 516
1551200 516
1551210 516
1551220 516
1551230 515
1551240 515
1551250 515
1551260 515
1551270 514
1551280 514
1551290 514
1551300 514
1551310 514
1551320 514
1551330 513
1551340 513
1551350 513
1551360 512
1551370 512
1551380 512
1551390 512
1551400 511
1551410 511
1551420 511
1551430 511
1551440 511
1551450 510
1551460 510
1551470 510
1551480 510
1551490 509
1551500 509
1551510 509
1551520 509
1551530 509
1551540 507
1551550 504
1551560 504
1551570 502
1551580 502
1551590 502
1551600 502
1551610 502
1551620 502
1551630 502
1551640 502
1551650 502
1551660 502
1551670 502
1551680 502
1551690 502
1551700 502
1551710 502
1551720 502
1551730 502
1551740 502
1551750 502
1551760 501
1551770 501
1551780 501
1551790 501
1551800 501
1551810 501
1551820 501
1551830 501
1551840 501
1551850 502
1551860 502
1551870 502
1551880 502
1551890 502
1551900 502
1551910 502
1551920 502
1551930 502
1551940 502
1551950 502
1551960 502
1551970 501
1551980 501
1551990 501
1552000 501
1552010 501
1552020 501
1552030 501
1552040 501
1552050 501
1552060 501
1552070 501
1552080 501
1552090 501
1552100 501
1552110 501
1552120 502
1552130 502
1552140 502
1552150 501
1552160 501
1552170 501
1552180 501
1552190 501
1552200 501
1552210 501
1552220 502
1552230 502
1552240 508
1552250 516
1552260 516
1552270 519
1552280 521
1552290 521
1552300 523
1552310 526
1552320 526
1552330 528
1552340 530
1552350 530
1552360 531
1552370 530
1552380 530
1552390 531
1552400 532
1552410 532
1552420 536
1552430 540
1552440 540
1552450 543
1552460 546
1552470 546
1552480 549
1552490 552
1552500 552
1552510 554
1552520 555
1552530 555
1552540 555
1552550 555
1552560 555
1552570 555
1552580 554
1552590 554
1552600 553
1552610 553
1552620 554
1552630 554
1552640 555
1552650 557
1552660 557
1552670 562
1552680 569
1552690 569
1552700 574
1552710 577
1552720 577
1552730 581
1552740 585
1552750 585
1552760 588
1552770 591
1552780 591
1552790 593
1552800 596
1552810 596
1552820 599
1552830 602
1552840 602
1552850 606
1552860 611
1552870 611
1552880 617
1552890 623
1552900 623
1552910 628
1552920 633
1552930 633
1552940 639
1552950 645
1552960 645
1552970 648
1552980 652
1552990 652
1553000 655
1553010 657
1553020 657
1553030 659
1553040 662
1553050 662
1553060 664
1553070 665
1553080 665
1553090 666
1553100 667
1553110 667
1553120 669
1553130 670
1553140 670
1553150 671
1553160 672
1553170 672
1553180 674
1553190 676
1553200 676
1553210 679
1553220 682
1553230 682
1553240 683
1553250 684
1553260 687
1553270 687
1553280 691
1553290 694
1553300 694
1553310 693
1553320 691
1553330 691
1553340 691
1553350 691
1553360 691
1553370 695
1553380 701
1553390 701
1553400 707
1553410 713
1553420 713
1553430 717
1553440 721
1553450 721
1553460 726
1553470 730
1553480 730
1553490 735
1553500 742
1553510 742
1553520 749
1553530 756
1553540 756
1553550 763
1553560 769
1553570 769
1553580 773
1553590 776
1553600 776
1553610 779
1553620 782
1553630 782
1553640 785
1553650 789
1553660 789
1553670 794
1553680 801
1553690 801
1553700 809
1553710 815
1553720 815
1553730 823
1553740 839
1553750 839
1553760 854
1553770 856
1553780 856
1553790 857
1553800 862
1553810 862
1553820 868
1553830 875
1553840 875
1553850 883
1553860 890
1553870 890
1553880 897
1553890 904
1553900 904
1553910 912
1553920 920
1553930 928
1553940 928
1553950 935
1553960 942
1553970 942
1553980 949
1553990 957
1554000 957
1554010 964
1554020 971
1554030 971
1554040 978
1554050 986
1554060 986
1554070 993
1554080 1000
1554090 1000
1554100 1008
1554110 1015
1554120 1015
1554130 1023
1554140 1030
1554150 1030
1554160 1037
1554170 1044
1554180 1044
1554190 1051
1554200 1058
1554210 1058
1554220 1064
1554230 1072
1554240 1067
1554250 1075
1554260 1081
1554270 1081
1554280 1088
1554290 1094
1554300 1094
1554310 1100
1554320 1106
1554330 1106
1554340 1112
1554350 1119
1554360 1119
1554370 1125
1554380 1132
1554390 1132
1554400 1139
1554410 1148
1554420 1148
1554430 1157
1554440 1169
1554450 1169
1554460 1180
1554470 1187
1554480 1187
1554490 1193
1554500 1198
1554510 1198
1554520 1200
1554530 1201
1554540 1201
1554550 1201
1554560 1199
1554570 1198
1554580 1198
1554590 1196
1554600 1194
1554610 1194
1554620 1193
1554630 1193
1554640 1193
1554650 1193
1554660 1193
1554670 1193
1554680 1194
1554690 1195
1554700 1195
1554710 1196
1554720 1196
1554730 1196
1554740 1195
1554750 1194
1554760 1194
1554770 1194
1554780 1193
1554790 1193
1554800 1191
1554810 1189
1554820 1189
1554830 1187
1554840 1186
1554850 1186
1554860 1185
1554870 1183
1554880 1183
1554890 1180
1554900 1178
1554910 1178
1554920 1177
1554930 1176
1554940 1176
1554950 1175
1554960 1174
1554970 1174
1554980 1173
1554990 1172
1555000 1172
1555010 1171
1555020 1171
1555030 1171
1555040 1172
1555050 1171
1555060 1171
1555070 1170
1555080 1170
1555090 1170
1555100 1170
1555110 1169
1555120 1169
1555130 1168
1555140 1167
1555150 1167
1555160 1166
1555170 1165
1555180 1165
1555190 1165
1555200 1167
1555210 1167
1555220 1170
1555230 1174
1555240 1179
1555250 1179
1555260 1189
1555270 1199
1555280 1199
1555290 1207
1555300 1214
1555310 1214
1555320 1221
1555330 1228
1555340 1228
1555350 1235
1555360 1242
1555370 1242
1555380 1249
1555390 1257
1555400 1257
1555410 1268
1555420 1279
1555430 1279
1555440 1287
1555450 1293
1555460 1293
1555470 1299
1555480 1304
1555490 1304
1555500 1309
1555510 1314
1555520 1314
1555530 1317
1555540 1322
1555550 1322
1555560 1327
1555570 1330
1555580 1330
1555590 1324
1555600 1313
1555610 1313
1555620 1306
1555630 1300
1555640 1300
1555650 1292
1555660 1281
1555670 1281
1555680 1265
1555690 1255
1555700 1255
1555710 1247
1555720 1225
1555730 1225
1555740 1201
1555750 1185
1555760 1185
1555770 1175
1555780 1171
1555790 1171
1555800 1168
1555810 1165
1555820 1165
1555830 1163
1555840 1162
1555850 1162
1555860 1162
1555870 1166
1555880 1172
1555890 1172
1555900 1174
1555910 1173
1555920 1173
1555930 1175
1555940 1178
1555950 1178
1555960 1181
1555970 1183
1555980 1183
1555990 1185
1556000 1187
1556010 1187
1556020 1190
1556030 1193
1556040 1193
1556050 1198
1556060 1203
1556070 1198
1556080 1203
1556090 1208
1556100 1208
1556110 1212
1556120 1216
1556130 1216
1556140 1221
1556150 1226
1556160 1226
1556170 1229
1556180 1233
1556190 1233
1556200 1239
1556210 1247
1556220 1247
1556230 1256
1556240 1261
1556250 1261
1556260 1256
1556270 1244
1556280 1244
1556290 1230
1556300 1219
1556310 1219
1556320 1211
1556330 1203
1556340 1203
1556350 1196
1556360 1187
1556370 1187
1556380 1177
1556390 1169
1556400 1169
1556410 1161
1556420 1153
1556430 1153
1556440 1145
1556450 1137
1556460 1137
1556470 1129
1556480 1124
1556490 1124
1556500 1120
1556510 1117
1556520 1117
1556530 1116
1556540 1116
1556550 1110
1556560 1110
1556570 1100
1556580 1084
1556590 1084
1556600 1063
1556610 1046
1556620 1046
1556630 1032
1556640 1027
1556650 1027
1556660 1021
1556670 1011
1556680 1011
1556690 1000
1556700 998
1556710 998
1556720 1008
1556730 1012
1556740 1012
1556750 1010
1556760 1014
1556770 1014
1556780 1013
1556790 1008
1556800 1008
1556810 1000
1556820 997
1556830 997
1556840 992
1556850 982
1556860 982
1556870 974
1556880 976
1556890 976
1556900 984
1556910 995
1556920 995
1556930 1000
1556940 998
1556950 998
1556960 991
1556970 983
1556980 983
1556990 980
1557000 984
1557010 984
1557020 986
1557030 981
1557040 981
1557050 974
1557060 969
1557070 969
1557080 964
1557090 960
1557100 960
1557110 955
1557120 950
1557130 950
1557140 946
1557150 944
1557160 944
1557170 945
1557180 945
1557190 941
1557200 941
1557210 938
1557220 939
1557230 939
1557240 941
1557250 944
1557260 944
1557270 945
1557280 945
1557290 945
1557300 944
1557310 945
1557320 945
1557330 948
1557340 950
1557350 950
1557360 952
1557370 955
1557380 955
1557390 957
1557400 959
1557410 959
1557420 960
1557430 960
1557440 960
1557450 960
1557460 959
1557470 959
1557480 959
1557490 955
1557500 955
1557510 954
1557520 955
1557530 955
1557540 953
1557550 956
1557560 956
1557570 963
1557580 967
1557590 967
1557600 970
1557610 973
1557620 973
1557630 975
1557640 977
1557650 977
1557660 978
1557670 980
1557680 980
1557690 981
1557700 978
1557710 978
1557720 974
1557730 972
1557740 972
1557750 974
1557760 978
1557770 978
1557780 982
1557790 986
1557800 986
1557810 989
1557820 993
1557830 993
1557840 997
1557850 1007
1557860 1012
1557870 1012
1557880 1018
1557890 1023
1557900 1023
1557910 1028
1557920 1033
1557930 1033
1557940 1038
1557950 1043
1557960 1043
1557970 1048
1557980 1052
1557990 1052
1558000 1054
1558010 1051
1558020 1051
1558030 1046
1558040 1041
1558050 1041
1558060 1037
1558070 1033
1558080 1033
1558090 1029
1558100 1026
1558110 1026
1558120 1023
1558130 1020
1558140 1020
1558150 1018
1558160 1018
1558170 1018
1558180 1022
1558190 1026
1558200 1026
1558210 1032
1558220 1037
1558230 1037
1558240 1042
1558250 1046
1558260 1046
1558270 1050
1558280 1053
1558290 1053
1558300 1057
1558310 1060
1558320 1060
1558330 1064
1558340 1067
1558350 1067
1558360 1071
1558370 1074
1558380 1074
1558390 1078
1558400 1081
1558410 1081
1558420 1083
1558430 1086
1558440 1086
1558450 1088
1558460 1089
1558470 1089
1558480 1091
1558490 1092
1558500 1093
1558510 1093
1558520 1093
1558530 1094
1558540 1094
1558550 1094
1558560 1094
1558570 1094
1558580 1093
1558590 1091
1558600 1091
1558610 1088
1558620 1083
1558630 1083
1558640 1078
1558650 1073
1558660 1073
1558670 1068
1558680 1064
1558690 1064
1558700 1062
1558710 1060
1558720 1060
1558730 1058
1558740 1055
1558750 1055
1558760 1051
1558770 1054
1558780 1054
1558790 1059
1558800 1064
1558810 1064
1558820 1069
1558830 1072
1558840 1072
1558850 1076
1558860 1079
1558870 1079
1558880 1081
1558890 1084
1558900 1084
1558910 1087
1558920 1089
1558930 1089
1558940 1091
1558950 1093
1558960 1093
1558970 1095
1558980 1098
1558990 1098
1559000 1098
1559010 1097
1559020 1097
1559030 1099
1559040 1100
1559050 1100
1559060 1103
1559070 1107
1559080 1107
1559090 1112
1559100 1117
1559110 1117
1559120 1121
1559130 1125
1559140 1130
1559150 1130
1559160 1135
1559170 1141
1559180 1141
1559190 1147
1559200 1152
1559210 1152
1559220 1158
1559230 1162
1559240 1162
1559250 1166
1559260 1167
1559270 1167
1559280 1166
1559290 1166
1559300 1166
1559310 1164
1559320 1163
1559330 1163
1559340 1161
1559350 1158
1559360 1158
1559370 1157
1559380 1157
1559390 1157
1559400 1160
1559410 1162
1559420 1162
1559430 1162
1559440 1163
1559450 1163
1559460 1165
1559470 1167
1559480 1167
1559490 1170
1559500 1172
1559510 1172
1559520 1175
1559530 1176
1559540 1176
1559550 1177
1559560 1177
1559570 1177
1559580 1177
1559590 1179
1559600 1179
1559610 1177
1559620 1175
1559630 1175
1559640 1174
1559650 1172
1559660 1172
1559670 1172
1559680 1174
1559690 1174
1559700 1179
1559710 1184
1559720 1184
1559730 1181
1559740 1170
1559750 1170
1559760 1155
1559770 1143
1559780 1143
1559790 1133
1559800 1124
1559810 1117
1559820 1117
1559830 1111
1559840 1105
1559850 1105
1559860 1099
1559870 1095
1559880 1095
1559890 1090
1559900 1088
1559910 1088
1559920 1085
1559930 1081
1559940 1081
1559950 1077
1559960 1073
1559970 1073
1559980 1069
1559990 1066
