1540000 766
1540010 769
1540020 769
1540030 772
1540040 776
1540050 776
1540060 780
1540070 783
1540080 783
1540090 789
1540100 793
1540110 793
1540120 797
1540130 798
1540140 798
1540150 801
1540160 804
1540170 804
1540180 808
1540190 811
1540200 811
1540210 814
1540220 819
1540230 819
1540240 822
1540250 826
1540260 826
1540270 827
1540280 828
1540290 828
1540300 830
1540310 833
1540320 833
1540330 835
1540340 837
1540350 837
1540360 838
1540370 839
1540380 839
1540390 836
1540400 834
1540410 834
1540420 833
1540430 833
1540440 833
1540450 833
1540460 834
1540470 834
1540480 837
1540490 842
1540500 842
1540510 845
1540520 848
1540530 848
1540540 851
1540550 855
1540560 859
1540570 859
1540580 861
1540590 863
1540600 863
1540610 866
1540620 868
1540630 868
1540640 870
1540650 872
1540660 872
1540670 874
1540680 877
1540690 877
1540700 880
1540710 882
1540720 882
1540730 884
1540740 885
1540750 885
1540760 886
1540770 888
1540780 888
1540790 890
1540800 892
1540810 892
1540820 894
1540830 894
1540840 894
1540850 895
1540860 896
1540870 896
1540880 896
1540890 897
1540900 897
1540910 898
1540920 899
1540930 899
1540940 901
1540950 903
1540960 903
1540970 905
1540980 906
1540990 906
1541000 910
1541010 913
1541020 913
1541030 916
1541040 918
1541050 918
1541060 920
1541070 922
1541080 922
1541090 924
1541100 926
1541110 926
1541120 926
1541130 928
1541140 928
1541150 932
1541160 935
1541170 935
1541180 937
1541190 941
1541200 941
1541210 946
1541220 954
1541230 966
1541240 966
1541250 976
1541260 977
1541270 977
1541280 977
1541290 976
1541300 976
1541310 976
1541320 975
1541330 975
1541340 974
1541350 973
1541360 973
1541370 972
1541380 972
1541390 972
1541400 971
1541410 970
1541420 970
1541430 970
1541440 970
1541450 970
1541460 969
1541470 968
1541480 968
1541490 966
1541500 965
1541510 965
1541520 964
1541530 963
1541540 961
1541550 961
1541560 960
1541570 960
1541580 960
1541590 960
1541600 960
1541610 959
1541620 956
1541630 956
1541640 953
1541650 948
1541660 948
1541670 943
1541680 940
1541690 940
1541700 937
1541710 935
1541720 935
1541730 933
1541740 931
1541750 931
1541760 928
1541770 925
1541780 925
1541790 924
1541800 923
1541810 923
1541820 923
1541830 924
1541840 924
1541850 923
1541860 922
1541870 922
1541880 919
1541890 916
1541900 915
1541910 915
1541920 916
1541930 916
1541940 916
1541950 914
1541960 913
1541970 913
1541980 910
1541990 907
1542000 907
1542010 907
1542020 907
1542030 907
1542040 906
1542050 905
1542060 905
1542070 904
1542080 905
1542090 905
1542100 907
1542110 909
1542120 909
1542130 909
1542140 909
1542150 909
1542160 909
1542170 907
1542180 907
1542190 906
1542200 905
1542210 905
1542220 904
1542230 902
1542240 902
1542250 901
1542260 899
1542270 899
1542280 897
1542290 896
1542300 896
1542310 895
1542320 892
1542330 892
1542340 890
1542350 889
1542360 889
1542370 887
1542380 886
1542390 886
1542400 885
1542410 884
1542420 884
1542430 884
1542440 882
1542450 882
1542460 882
1542470 883
1542480 883
1542490 882
1542500 882
1542510 882
1542520 883
1542530 883
1542540 883
1542550 882
1542560 881
1542570 881
1542580 881
1542590 881
1542600 882
1542610 882
1542620 883
1542630 884
1542640 884
1542650 884
1542660 883
1542670 883
1542680 880
1542690 877
1542700 877
1542710 873
1542720 870
1542730 870
1542740 869
1542750 872
1542760 872
1542770 876
1542780 879
1542790 879
1542800 880
1542810 881
1542820 881
1542830 883
1542840 884
1542850 884
1542860 884
1542870 885
1542880 885
1542890 887
1542900 890
1542910 890
1542920 891
1542930 890
1542940 890
1542950 890
1542960 889
1542970 889
1542980 890
1542990 891
1543000 891
1543010 893
1543020 895
1543030 895
1543040 897
1543050 900
1543060 900
1543070 901
1543080 901
1543090 901
1543100 901
1543110 901
1543120 901
1543130 902
1543140 904
1543150 904
1543160 905
1543170 907
1543180 907
1543190 909
1543200 910
1543210 910
1543220 913
1543230 915
1543240 917
1543250 917
1543260 919
1543270 921
1543280 921
1543290 924
1543300 928
1543310 928
1543320 932
1543330 935
1543340 935
1543350 938
1543360 939
1543370 939
1543380 940
1543390 940
1543400 940
1543410 941
1543420 945
1543430 945
1543440 948
1543450 952
1543460 952
1543470 953
1543480 956
1543490 956
1543500 960
1543510 966
1543520 966
1543530 973
1543540 977
1543550 977
1543560 979
1543570 982
1543580 982
1543590 985
1543600 987
1543610 987
1543620 988
1543630 989
1543640 989
1543650 990
1543660 990
1543670 990
1543680 989
1543690 988
1543700 988
1543710 987
1543720 987
1543730 987
1543740 989
1543750 990
1543760 988
1543770 990
1543780 991
1543790 991
1543800 991
1543810 990
1543820 990
1543830 989
1543840 987
1543850 987
1543860 983
1543870 977
1543880 977
1543890 974
1543900 972
1543910 971
1543920 971
1543930 970
1543940 968
1543950 968
1543960 968
1543970 969
1543980 969
1543990 969
1544000 969
1544010 969
1544020 971
1544030 975
1544040 975
1544050 977
1544060 977
1544070 977
1544080 976
1544090 975
1544100 975
1544110 975
1544120 974
1544130 974
1544140 974
1544150 975
1544160 975
1544170 975
1544180 976
1544190 976
1544200 977
1544210 978
1544220 978
1544230 979
1544240 979
1544250 979
1544260 979
1544270 980
1544280 980
1544290 979
1544300 979
1544310 979
1544320 980
1544330 982
1544340 982
1544350 984
1544360 984
1544370 984
1544380 983
1544390 982
1544400 982
1544410 981
1544420 977
1544430 977
1544440 972
1544450 966
1544460 966
1544470 960
1544480 954
1544490 954
1544500 948
1544510 943
1544520 943
1544530 938
1544540 934
1544550 934
1544560 931
1544570 928
1544580 928
1544590 928
1544600 930
1544610 930
1544620 930
1544630 930
1544640 929
1544650 929
1544660 928
1544670 928
1544680 928
1544690 929
1544700 929
1544710 929
1544720 930
1544730 930
1544740 930
1544750 931
1544760 931
1544770 931
1544780 932
1544790 931
1544800 931
1544810 931
1544820 931
1544830 931
1544840 931
1544850 931
1544860 931
1544870 931
1544880 931
1544890 931
1544900 931
1544910 932
1544920 932
1544930 934
1544940 936
1544950 936
1544960 937
1544970 937
1544980 937
1544990 938
1545000 938
1545010 938
1545020 939
1545030 942
1545040 942
1545050 945
1545060 949
1545070 949
1545080 954
1545090 956
1545100 956
1545110 954
1545120 951
1545130 951
1545140 950
1545150 950
1545160 950
1545170 952
1545180 955
1545190 955
1545200 957
1545210 959
1545220 959
1545230 961
1545240 963
1545250 963
1545260 964
1545270 964
1545280 964
1545290 964
1545300 964
1545310 964
1545320 964
1545330 964
1545340 963
1545350 963
1545360 963
1545370 963
1545380 963
1545390 965
1545400 967
1545410 967
1545420 969
1545430 971
1545440 971
1545450 972
1545460 974
1545470 974
1545480 977
1545490 980
1545500 980
1545510 983
1545520 984
1545530 984
1545540 984
1545550 982
1545560 982
1545570 980
1545580 979
1545590 979
1545600 982
1545610 987
1545620 987
1545630 990
1545640 991
1545650 991
1545660 993
1545670 997
1545680 997
1545690 999
1545700 1002
1545710 1002
1545720 1005
1545730 1007
1545740 1007
1545750 1009
1545760 1009
1545770 1009
1545780 1010
1545790 1012
1545800 1012
1545810 1013
1545820 1014
1545830 1014
1545840 1013
1545850 1012
1545860 1012
1545870 1011
1545880 1009
1545890 1009
1545900 1003
1545910 1001
1545920 1001
1545930 1000
1545940 997
1545950 996
1545960 996
1545970 995
1545980 996
1545990 996
1546000 997
1546010 999
1546020 999
1546030 999
1546040 999
1546050 999
1546060 999
1546070 1000
1546080 1000
1546090 1001
1546100 1001
1546110 1001
1546120 1000
1546130 999
1546140 999
1546150 1000
1546160 1001
1546170 1001
1546180 1003
1546190 1004
1546200 1004
1546210 1004
1546220 1003
1546230 1003
1546240 1002
1546250 1002
1546260 1002
1546270 1003
1546280 1003
1546290 1003
1546300 1003
1546310 1002
1546320 1002
1546330 1001
1546340 1000
1546350 1000
1546360 1000
1546370 1000
1546380 1000
1546390 1000
1546400 1000
1546410 1000
1546420 1003
1546430 1004
1546440 1004
1546450 1004
1546460 1005
1546470 1005
1546480 1006
1546490 1006
1546500 1006
1546510 1007
1546520 1007
1546530 1007
1546540 1005
1546550 1002
1546560 1002
1546570 1001
1546580 999
1546590 999
1546600 995
1546610 990
1546620 986
1546630 986
1546640 984
1546650 982
1546660 982
1546670 981
1546680 979
1546690 979
1546700 977
1546710 975
1546720 975
1546730 974
1546740 972
1546750 972
1546760 971
1546770 970
1546780 970
1546790 968
1546800 967
1546810 967
1546820 965
1546830 963
1546840 963
1546850 960
1546860 958
1546870 958
1546880 956
1546890 953
1546900 953
1546910 950
1546920 948
1546930 948
1546940 947
1546950 946
1546960 946
1546970 944
1546980 943
1546990 943
1547000 942
1547010 941
1547020 941
1547030 940
1547040 939
1547050 939
1547060 938
1547070 936
1547080 936
1547090 935
1547100 933
1547110 933
1547120 931
1547130 929
1547140 929
1547150 927
1547160 928
1547170 928
1547180 931
1547190 936
1547200 936
1547210 940
1547220 941
1547230 941
1547240 939
1547250 936
1547260 936
1547270 931
1547280 926
1547290 922
1547300 922
1547310 916
1547320 912
1547330 912
1547340 910
1547350 908
1547360 908
1547370 906
1547380 903
1547390 903
1547400 901
1547410 900
1547420 900
1547430 899
1547440 897
1547450 897
1547460 896
1547470 893
1547480 893
1547490 890
1547500 886
1547510 886
1547520 885
1547530 885
1547540 885
1547550 883
1547560 879
1547570 879
1547580 877
1547590 876
1547600 876
1547610 877
1547620 878
1547630 878
1547640 879
1547650 880
1547660 880
1547670 881
1547680 881
1547690 881
1547700 882
1547710 881
1547720 881
1547730 880
1547740 877
1547750 877
1547760 873
1547770 868
1547780 868
1547790 862
1547800 855
1547810 855
1547820 849
1547830 846
1547840 846
1547850 843
1547860 841
1547870 841
1547880 838
1547890 836
1547900 836
1547910 834
1547920 832
1547930 832
1547940 829
1547950 827
1547960 820
1547970 820
1547980 818
1547990 815
1548000 815
1548010 812
1548020 810
1548030 810
1548040 808
1548050 806
1548060 806
1548070 804
1548080 802
1548090 802
1548100 800
1548110 797
1548120 797
1548130 794
1548140 792
1548150 792
1548160 791
1548170 791
1548180 791
1548190 790
1548200 787
1548210 787
1548220 785
1548230 782
1548240 782
1548250 780
1548260 778
1548270 778
1548280 776
1548290 773
1548300 773
1548310 769
1548320 767
1548330 767
1548340 766
1548350 765
1548360 765
1548370 763
1548380 761
1548390 761
1548400 760
1548410 758
1548420 758
1548430 754
1548440 751
1548450 751
1548460 747
1548470 745
1548480 745
1548490 744
1548500 745
1548510 745
1548520 745
1548530 745
1548540 745
1548550 743
1548560 741
1548570 741
1548580 739
1548590 738
1548600 738
1548610 737
1548620 734
1548630 729
1548640 729
1548650 725
1548660 722
1548670 722
1548680 720
1548690 719
1548700 719
1548710 717
1548720 715
1548730 715
1548740 714
1548750 713
1548760 713
1548770 713
1548780 713
1548790 713
1548800 714
1548810 714
1548820 714
1548830 713
1548840 711
1548850 711
1548860 711
1548870 709
1548880 709
1548890 707
1548900 705
1548910 705
1548920 702
1548930 700
1548940 700
1548950 698
1548960 695
1548970 695
1548980 694
1548990 694
1549000 694
1549010 694
1549020 692
1549030 692
1549040 690
1549050 686
1549060 686
1549070 682
1549080 680
1549090 680
1549100 678
1549110 676
1549120 676
1549130 675
1549140 674
1549150 674
1549160 673
1549170 671
1549180 671
1549190 671
1549200 670
1549210 670
1549220 669
1549230 667
1549240 667
1549250 666
1549260 665
1549270 665
1549280 665
1549290 665
1549300 666
1549310 666
1549320 668
1549330 668
1549340 668
1549350 668
1549360 667
1549370 667
1549380 666
1549390 665
1549400 665
1549410 663
1549420 662
1549430 662
1549440 661
1549450 660
1549460 660
1549470 657
1549480 656
1549490 656
1549500 655
1549510 653
1549520 653
1549530 651
1549540 649
1549550 649
1549560 646
1549570 642
1549580 642
1549590 638
1549600 636
1549610 636
1549620 635
1549630 634
1549640 634
1549650 632
1549660 629
1549670 629
1549680 624
1549690 619
1549700 619
1549710 615
1549720 612
1549730 612
1549740 608
1549750 605
1549760 605
1549770 602
1549780 599
1549790 599
1549800 596
1549810 594
1549820 594
1549830 591
1549840 587
1549850 587
1549860 583
1549870 581
1549880 581
1549890 579
1549900 577
1549910 577
1549920 574
1549930 571
1549940 571
1549950 570
1549960 570
1549970 570
1549980 570
1549990 569
1550000 569
1550010 569
1550020 569
1550030 568
1550040 568
1550050 567
1550060 567
1550070 567
1550080 567
1550090 566
1550100 566
1550110 566
1550120 567
1550130 567
1550140 567
1550150 566
1550160 566
1550170 565
1550180 565
1550190 565
1550200 566
1550210 565
1550220 565
1550230 565
1550240 564
1550250 564
1550260 564
1550270 564
1550280 564
1550290 566
1550300 567
1550310 567
1550320 566
1550330 564
1550340 564
1550350 564
1550360 561
1550370 561
1550380 559
1550390 557
1550400 557
1550410 557
1550420 556
1550430 556
1550440 555
1550450 554
1550460 554
1550470 552
1550480 550
1550490 550
1550500 548
1550510 545
1550520 545
1550530 542
1550540 540
1550550 540
1550560 539
1550570 538
1550580 538
1550590 537
1550600 537
1550610 537
1550620 537
1550630 537
1550640 537
1550650 537
1550660 537
1550670 537
1550680 537
1550690 538
1550700 539
1550710 539
1550720 541
1550730 542
1550740 542
1550750 543
1550760 544
1550770 544
1550780 544
1550790 543
1550800 543
1550810 542
1550820 541
1550830 541
1550840 540
1550850 539
1550860 539
1550870 538
1550880 536
1550890 536
1550900 532
1550910 529
1550920 529
1550930 528
1550940 527
1550950 527
1550960 527
1550970 526
1550980 526
1550990 526
1551000 526
1551010 526
1551020 526
1551030 525
1551040 525
1551050 522
1551060 519
1551070 519
1551080 517
1551090 517
1551100 517
1551110 516
1551120 516
1551130 516
1551140 515
1551150 515
1551160 515
1551170 515
1551180 515
1551190 515
1551200 515
1551210 515
1551220 515
1551230 514
1551240 514
1551250 514
1551260 514
1551270 513
1551280 513
1551290 513
1551300 513
1551310 513
1551320 513
1551330 512
1551340 512
1551350 512
1551360 512
1551370 512
1551380 512
1551390 512
1551400 512
1551410 512
1551420 512
1551430 511
1551440 511
1551450 511
1551460 512
1551470 512
1551480 512
1551490 511
1551500 511
1551510 510
1551520 511
1551530 511
1551540 511
1551550 507
1551560 507
1551570 502
1551580 499
1551590 499
1551600 497
1551610 496
1551620 496
1551630 496
1551640 496
1551650 496
1551660 495
1551670 495
1551680 495
1551690 495
1551700 495
1551710 495
1551720 495
1551730 495
1551740 495
1551750 495
1551760 495
1551770 495
1551780 495
1551790 496
1551800 496
1551810 496
1551820 496
1551830 496
1551840 496
1551850 495
1551860 495
1551870 495
1551880 495
1551890 495
1551900 495
1551910 495
1551920 495
1551930 496
1551940 495
1551950 495
1551960 494
1551970 494
1551980 495
1551990 495
1552000 496
1552010 495
1552020 495
1552030 495
1552040 495
1552050 495
1552060 495
1552070 495
1552080 495
1552090 495
1552100 495
1552110 495
1552120 495
1552130 495
1552140 495
1552150 494
1552160 494
1552170 494
1552180 495
1552190 497
1552200 497
1552210 500
1552220 506
1552230 506
1552240 511
1552250 515
1552260 515
1552270 517
1552280 521
1552290 521
1552300 525
1552310 530
1552320 530
1552330 535
1552340 539
1552350 539
1552360 544
1552370 551
1552380 551
1552390 559
1552400 567
1552410 567
1552420 575
1552430 584
1552440 584
1552450 592
1552460 600
1552470 600
1552480 609
1552490 617
1552500 617
1552510 621
1552520 624
1552530 624
1552540 631
1552550 639
1552560 639
1552570 646
1552580 654
1552590 654
1552600 660
1552610 666
1552620 666
1552630 673
1552640 679
1552650 683
1552660 683
1552670 689
1552680 695
1552690 695
1552700 703
1552710 709
1552720 709
1552730 713
1552740 717
1552750 717
1552760 722
1552770 727
1552780 727
1552790 732
1552800 739
1552810 739
1552820 746
1552830 752
1552840 752
1552850 759
1552860 766
1552870 766
1552880 772
1552890 778
1552900 778
1552910 784
1552920 789
1552930 789
1552940 794
1552950 797
1552960 797
1552970 799
1552980 798
1552990 798
1553000 796
1553010 795
1553020 795
1553030 794
1553040 792
1553050 792
1553060 789
1553070 787
1553080 787
1553090 786
1553100 787
1553110 787
1553120 790
1553130 793
1553140 793
1553150 796
1553160 801
1553170 801
1553180 806
1553190 813
1553200 813
1553210 819
1553220 825
1553230 825
1553240 831
1553250 835
1553260 835
1553270 838
1553280 839
1553290 839
1553300 841
1553310 842
1553320 842
1553330 842
1553340 845
1553350 849
1553360 849
1553370 854
1553380 858
1553390 858
1553400 861
1553410 863
1553420 863
1553430 866
1553440 870
1553450 870
1553460 874
1553470 878
1553480 878
1553490 882
1553500 886
1553510 886
1553520 890
1553530 893
1553540 893
1553550 898
1553560 905
1553570 905
1553580 912
1553590 918
1553600 918
1553610 924
1553620 930
1553630 930
1553640 937
1553650 944
1553660 944
1553670 952
1553680 958
1553690 958
1553700 965
1553710 972
1553720 972
1553730 979
1553740 986
1553750 986
1553760 994
1553770 1001
1553780 1003
1553790 1010
1553800 1017
1553810 1017
1553820 1024
1553830 1031
1553840 1031
1553850 1037
1553860 1043
1553870 1043
1553880 1048
1553890 1053
1553900 1053
1553910 1057
1553920 1060
1553930 1060
1553940 1063
1553950 1066
1553960 1066
1553970 1068
1553980 1068
1553990 1067
1554000 1067
1554010 1065
1554020 1063
1554030 1063
1554040 1062
1554050 1061
1554060 1061
1554070 1058
1554080 1054
1554090 1054
1554100 1049
1554110 1044
1554120 1044
1554130 1040
1554140 1036
1554150 1036
1554160 1032
1554170 1028
1554180 1028
1554190 1025
1554200 1023
1554210 1023
1554220 1020
1554230 1017
1554240 1017
1554250 1011
1554260 1005
1554270 1005
1554280 998
1554290 991
1554300 991
1554310 984
1554320 979
1554330 979
1554340 974
1554350 967
1554360 967
1554370 959
1554380 952
1554390 952
1554400 943
1554410 934
1554420 934
1554430 925
1554440 916
1554450 916
1554460 906
1554470 896
1554480 896
1554490 886
1554500 877
1554510 877
1554520 869
1554530 862
1554540 862
1554550 854
1554560 846
1554570 846
1554580 838
1554590 830
1554600 830
1554610 823
1554620 816
1554630 816
1554640 809
1554650 802
1554660 797
1554670 797
1554680 793
1554690 789
1554700 789
1554710 786
1554720 783
1554730 783
1554740 780
1554750 776
1554760 776
1554770 773
1554780 771
1554790 771
1554800 770
1554810 770
1554820 770
1554830 768
1554840 767
1554850 767
1554860 761
1554870 752
1554880 752
1554890 743
1554900 737
1554910 737
1554920 731
1554930 723
1554940 723
1554950 716
1554960 709
1554970 709
1554980 702
1554990 696
1555000 696
1555010 691
1555020 685
1555030 685
1555040 678
1555050 671
1555060 671
1555070 664
1555080 657
1555090 657
1555100 650
1555110 642
1555120 642
1555130 632
1555140 628
1555150 628
1555160 631
1555170 634
1555180 634
1555190 636
1555200 641
1555210 641
1555220 647
1555230 654
1555240 654
1555250 661
1555260 668
1555270 668
1555280 675
1555290 682
1555300 682
1555310 688
1555320 695
1555330 695
1555340 703
1555350 710
1555360 717
1555370 717
1555380 725
1555390 731
1555400 731
1555410 738
1555420 745
1555430 745
1555440 752
1555450 759
1555460 759
1555470 766
1555480 773
1555490 773
1555500 779
1555510 785
1555520 785
1555530 791
1555540 797
1555550 797
1555560 804
1555570 810
1555580 810
1555590 817
1555600 823
1555610 823
1555620 825
1555630 831
1555640 831
1555650 836
1555660 841
1555670 841
1555680 846
1555690 851
1555700 851
1555710 855
1555720 859
1555730 859
1555740 863
1555750 866
1555760 866
1555770 870
1555780 873
1555790 873
1555800 876
1555810 878
1555820 878
1555830 880
1555840 881
1555850 881
1555860 882
1555870 884
1555880 884
1555890 884
1555900 885
1555910 885
1555920 886
1555930 888
1555940 888
1555950 890
1555960 892
1555970 892
1555980 895
1555990 898
1556000 898
1556010 902
1556020 905
1556030 910
1556040 910
1556050 914
1556060 917
1556070 917
1556080 921
1556090 924
1556100 924
1556110 927
1556120 930
1556130 930
1556140 934
1556150 938
1556160 938
1556170 943
1556180 947
1556190 947
1556200 949
1556210 952
1556220 952
1556230 956
1556240 963
1556250 963
1556260 970
1556270 977
1556280 977
1556290 985
1556300 991
1556310 991
1556320 994
1556330 998
1556340 998
1556350 1002
1556360 1008
1556370 1008
1556380 1013
1556390 1017
1556400 1017
1556410 1021
1556420 1025
1556430 1025
1556440 1029
1556450 1033
1556460 1033
1556470 1035
1556480 1039
1556490 1039
1556500 1043
1556510 1047
1556520 1047
1556530 1051
1556540 1054
1556550 1054
1556560 1058
1556570 1062
1556580 1062
1556590 1066
1556600 1070
1556610 1070
1556620 1075
1556630 1080
1556640 1080
1556650 1086
1556660 1090
1556670 1090
1556680 1093
1556690 1096
1556700 1099
1556710 1099
1556720 1102
1556730 1105
1556740 1105
1556750 1109
1556760 1114
1556770 1114
1556780 1119
1556790 1123
1556800 1123
1556810 1126
1556820 1130
1556830 1130
1556840 1136
1556850 1141
1556860 1141
1556870 1146
1556880 1151
1556890 1151
1556900 1155
1556910 1160
1556920 1160
1556930 1164
1556940 1169
1556950 1169
1556960 1173
1556970 1178
1556980 1178
1556990 1183
1557000 1189
1557010 1189
1557020 1194
1557030 1199
1557040 1199
1557050 1204
1557060 1210
1557070 1210
1557080 1215
1557090 1220
1557100 1220
1557110 1226
1557120 1231
1557130 1231
1557140 1236
1557150 1240
1557160 1240
1557170 1244
1557180 1247
1557190 1247
1557200 1245
1557210 1241
1557220 1241
1557230 1238
1557240 1234
1557250 1234
1557260 1230
1557270 1227
1557280 1227
1557290 1223
1557300 1220
1557310 1220
1557320 1217
1557330 1215
1557340 1215
1557350 1214
1557360 1213
1557370 1211
1557380 1211
1557390 1210
1557400 1208
1557410 1208
1557420 1203
1557430 1203
1557440 1203
1557450 1203
1557460 1204
1557470 1204
1557480 1205
1557490 1207
1557500 1207
1557510 1208
1557520 1210
1557530 1210
1557540 1211
1557550 1213
1557560 1213
1557570 1214
1557580 1216
1557590 1216
1557600 1218
1557610 1220
1557620 1220
1557630 1221
1557640 1223
1557650 1223
1557660 1222
1557670 1219
1557680 1219
1557690 1215
1557700 1211
1557710 1211
1557720 1207
1557730 1204
1557740 1204
1557750 1200
1557760 1195
1557770 1195
1557780 1190
1557790 1185
1557800 1185
1557810 1180
1557820 1174
1557830 1174
1557840 1168
1557850 1162
1557860 1162
1557870 1156
1557880 1151
1557890 1151
1557900 1145
1557910 1139
1557920 1139
1557930 1133
1557940 1128
1557950 1128
1557960 1122
1557970 1116
1557980 1116
1557990 1110
1558000 1104
1558010 1104
1558020 1098
1558030 1092
1558040 1086
1558050 1086
1558060 1081
1558070 1075
1558080 1075
1558090 1070
1558100 1064
1558110 1064
1558120 1059
1558130 1053
1558140 1053
1558150 1047
1558160 1040
1558170 1040
1558180 1034
1558190 1029
1558200 1029
1558210 1025
1558220 1020
1558230 1020
1558240 1015
1558250 1010
1558260 1010
1558270 1005
1558280 1002
1558290 1002
1558300 999
1558310 995
1558320 995
1558330 991
1558340 986
1558350 986
1558360 981
1558370 976
1558380 976
1558390 971
1558400 965
1558410 965
1558420 959
1558430 953
1558440 953
1558450 945
1558460 937
1558470 937
1558480 926
1558490 912
1558500 912
1558510 899
1558520 893
1558530 893
1558540 899
1558550 906
1558560 906
1558570 908
1558580 908
1558590 908
1558600 909
1558610 909
1558620 909
1558630 911
1558640 912
1558650 912
1558660 914
1558670 914
1558680 914
1558690 915
1558700 915
1558710 915
1558720 915
1558730 913
1558740 911
1558750 911
1558760 908
1558770 905
1558780 905
1558790 902
1558800 896
1558810 896
1558820 889
1558830 881
1558840 881
1558850 872
1558860 862
1558870 862
1558880 855
1558890 853
1558900 853
1558910 851
1558920 848
1558930 848
1558940 846
1558950 844
1558960 844
1558970 841
1558980 838
1558990 838
1559000 833
1559010 828
1559020 828
1559030 823
1559040 818
1559050 818
1559060 812
1559070 807
1559080 807
1559090 805
1559100 805
1559110 805
1559120 807
1559130 809
1559140 809
1559150 812
1559160 813
1559170 808
1559180 808
1559190 807
1559200 807
1559210 804
1559220 797
1559230 797
1559240 794
1559250 799
1559260 799
1559270 807
1559280 814
1559290 814
1559300 820
1559310 826
1559320 826
1559330 832
1559340 837
1559350 837
1559360 842
1559370 847
1559380 853
1559390 853
1559400 858
1559410 862
1559420 862
1559430 864
1559440 865
1559450 865
1559460 864
1559470 859
1559480 859
1559490 853
1559500 850
1559510 850
1559520 848
1559530 847
1559540 847
1559550 845
1559560 842
1559570 842
1559580 840
1559590 840
1559600 840
1559610 841
1559620 840
1559630 840
1559640 838
1559650 838
1559660 838
1559670 836
1559680 835
1559690 835
1559700 836
1559710 834
1559720 834
1559730 830
1559740 827
1559750 827
1559760 825
1559770 822
1559780 822
1559790 818
1559800 816
1559810 816
1559820 815
1559830 813
1559840 813
1559850 812
1559860 809
1559870 809
1559880 808
1559890 808
1559900 808
1559910 806
1559920 803
1559930 803
1559940 801
1559950 795
1559960 795
1559970 790
1559980 786
1559990 786
