1540000 823
1540010 828
1540020 828
1540030 832
1540040 832
1540050 832
1540060 829
1540070 826
1540080 826
1540090 824
1540100 822
1540110 822
1540120 820
1540130 819
1540140 819
1540150 818
1540160 817
1540170 817
1540180 817
1540190 817
1540200 817
1540210 817
1540220 818
1540230 818
1540240 819
1540250 820
1540260 820
1540270 822
1540280 824
1540290 824
1540300 827
1540310 832
1540320 832
1540330 836
1540340 839
1540350 839
1540360 842
1540370 845
1540380 845
1540390 848
1540400 851
1540410 851
1540420 854
1540430 856
1540440 859
1540450 859
1540460 861
1540470 865
1540480 865
1540490 868
1540500 871
1540510 871
1540520 875
1540530 879
1540540 879
1540550 882
1540560 885
1540570 885
1540580 889
1540590 891
1540600 891
1540610 893
1540620 895
1540630 895
1540640 896
1540650 898
1540660 898
1540670 899
1540680 900
1540690 900
1540700 903
1540710 904
1540720 904
1540730 906
1540740 909
1540750 909
1540760 913
1540770 917
1540780 917
1540790 918
1540800 918
1540810 918
1540820 919
1540830 919
1540840 919
1540850 921
1540860 923
1540870 920
1540880 923
1540890 926
1540900 926
1540910 928
1540920 928
1540930 928
1540940 930
1540950 933
1540960 933
1540970 937
1540980 941
1540990 941
1541000 944
1541010 946
1541020 946
1541030 947
1541040 949
1541050 949
1541060 951
1541070 953
1541080 953
1541090 954
1541100 955
1541110 957
1541120 957
1541130 959
1541140 960
1541150 960
1541160 964
1541170 979
1541180 979
1541190 979
1541200 984
1541210 984
1541220 994
1541230 999
1541240 999
1541250 998
1541260 997
1541270 997
1541280 996
1541290 995
1541300 995
1541310 994
1541320 993
1541330 993
1541340 991
1541350 991
1541360 991
1541370 990
1541380 989
1541390 989
1541400 989
1541410 988
1541420 988
1541430 988
1541440 986
1541450 986
1541460 983
1541470 977
1541480 977
1541490 969
1541500 963
1541510 963
1541520 957
1541530 952
1541540 952
1541550 948
1541560 946
1541570 946
1541580 943
1541590 939
1541600 939
1541610 936
1541620 934
1541630 934
1541640 932
1541650 930
1541660 930
1541670 928
1541680 927
1541690 927
1541700 927
1541710 927
1541720 927
1541730 926
1541740 925
1541750 925
1541760 924
1541770 923
1541780 924
1541790 924
1541800 923
1541810 921
1541820 921
1541830 918
1541840 915
1541850 915
1541860 911
1541870 908
1541880 908
1541890 907
1541900 905
1541910 905
1541920 905
1541930 904
1541940 904
1541950 904
1541960 904
1541970 904
1541980 903
1541990 903
1542000 903
1542010 902
1542020 902
1542030 902
1542040 901
1542050 900
1542060 900
1542070 900
1542080 900
1542090 900
1542100 900
1542110 900
1542120 900
1542130 901
1542140 902
1542150 902
1542160 901
1542170 900
1542180 900
1542190 898
1542200 897
1542210 897
1542220 897
1542230 897
1542240 897
1542250 897
1542260 897
1542270 897
1542280 897
1542290 898
1542300 898
1542310 897
1542320 897
1542330 897
1542340 896
1542350 896
1542360 896
1542370 894
1542380 893
1542390 893
1542400 892
1542410 891
1542420 891
1542430 891
1542440 892
1542450 894
1542460 894
1542470 895
1542480 895
1542490 895
1542500 895
1542510 893
1542520 893
1542530 892
1542540 891
1542550 891
1542560 889
1542570 886
1542580 886
1542590 884
1542600 883
1542610 883
1542620 880
1542630 876
1542640 876
1542650 878
1542660 881
1542670 881
1542680 883
1542690 886
1542700 886
1542710 891
1542720 894
1542730 894
1542740 898
1542750 902
1542760 902
1542770 906
1542780 907
1542790 907
1542800 908
1542810 911
1542820 911
1542830 913
1542840 915
1542850 915
1542860 916
1542870 917
1542880 917
1542890 918
1542900 918
1542910 918
1542920 919
1542930 920
1542940 920
1542950 920
1542960 921
1542970 921
1542980 921
1542990 918
1543000 918
1543010 913
1543020 910
1543030 910
1543040 910
1543050 912
1543060 912
1543070 913
1543080 914
1543090 914
1543100 915
1543110 916
1543120 918
1543130 918
1543140 919
1543150 920
1543160 920
1543170 921
1543180 920
1543190 920
1543200 920
1543210 921
1543220 921
1543230 925
1543240 928
1543250 928
1543260 930
1543270 932
1543280 932
1543290 934
1543300 935
1543310 935
1543320 937
1543330 939
1543340 939
1543350 940
1543360 940
1543370 940
1543380 939
1543390 939
1543400 939
1543410 939
1543420 941
1543430 941
1543440 943
1543450 947
1543460 947
1543470 950
1543480 954
1543490 954
1543500 956
1543510 959
1543520 959
1543530 963
1543540 967
1543550 967
1543560 970
1543570 975
1543580 975
1543590 980
1543600 986
1543610 986
1543620 991
1543630 994
1543640 994
1543650 996
1543660 999
1543670 999
1543680 1001
1543690 1004
1543700 1004
1543710 1007
1543720 1010
1543730 1010
1543740 1013
1543750 1016
1543760 1016
1543770 1018
1543780 1021
1543790 1023
1543800 1023
1543810 1024
1543820 1024
1543830 1024
1543840 1024
1543850 1023
1543860 1023
1543870 1022
1543880 1021
1543890 1021
1543900 1019
1543910 1016
1543920 1016
1543930 1013
1543940 1011
1543950 1011
1543960 1011
1543970 1010
1543980 1010
1543990 1010
1544000 1008
1544010 1008
1544020 1006
1544030 1004
1544040 1004
1544050 1001
1544060 1000
1544070 1000
1544080 999
1544090 998
1544100 998
1544110 997
1544120 997
1544130 997
1544140 996
1544150 996
1544160 996
1544170 996
1544180 998
1544190 998
1544200 998
1544210 999
1544220 999
1544230 999
1544240 999
1544250 999
1544260 999
1544270 1001
1544280 1001
1544290 1003
1544300 1004
1544310 1004
1544320 1004
1544330 1003
1544340 1003
1544350 1001
1544360 996
1544370 996
1544380 989
1544390 982
1544400 982
1544410 976
1544420 971
1544430 971
1544440 966
1544450 962
1544460 958
1544470 958
1544480 955
1544490 951
1544500 951
1544510 948
1544520 945
1544530 945
1544540 942
1544550 942
1544560 942
1544570 941
1544580 941
1544590 941
1544600 942
1544610 941
1544620 941
1544630 941
1544640 940
1544650 940
1544660 941
1544670 941
1544680 941
1544690 941
1544700 941
1544710 941
1544720 942
1544730 942
1544740 942
1544750 943
1544760 944
1544770 944
1544780 945
1544790 943
1544800 943
1544810 942
1544820 943
1544830 943
1544840 945
1544850 947
1544860 947
1544870 948
1544880 950
1544890 950
1544900 951
1544910 953
1544920 953
1544930 954
1544940 954
1544950 954
1544960 954
1544970 955
1544980 955
1544990 956
1545000 955
1545010 955
1545020 955
1545030 957
1545040 957
1545050 958
1545060 960
1545070 960
1545080 963
1545090 969
1545100 969
1545110 973
1545120 973
1545130 973
1545140 973
1545150 974
1545160 975
1545170 975
1545180 976
1545190 977
1545200 977
1545210 977
1545220 977
1545230 977
1545240 977
1545250 976
1545260 976
1545270 976
1545280 975
1545290 975
1545300 976
1545310 975
1545320 975
1545330 974
1545340 973
1545350 973
1545360 973
1545370 974
1545380 974
1545390 973
1545400 974
1545410 974
1545420 975
1545430 976
1545440 976
1545450 978
1545460 980
1545470 980
1545480 982
1545490 984
1545500 984
1545510 987
1545520 990
1545530 990
1545540 992
1545550 994
1545560 994
1545570 995
1545580 995
1545590 995
1545600 996
1545610 997
1545620 997
1545630 998
1545640 1001
1545650 1001
1545660 1007
1545670 1014
1545680 1014
1545690 1022
1545700 1030
1545710 1030
1545720 1037
1545730 1043
1545740 1043
1545750 1046
1545760 1045
1545770 1045
1545780 1043
1545790 1041
1545800 1039
1545810 1039
1545820 1038
1545830 1036
1545840 1036
1545850 1035
1545860 1034
1545870 1034
1545880 1034
1545890 1033
1545900 1033
1545910 1030
1545920 1026
1545930 1026
1545940 1024
1545950 1024
1545960 1024
1545970 1024
1545980 1024
1545990 1024
1546000 1025
1546010 1025
1546020 1025
1546030 1025
1546040 1024
1546050 1024
1546060 1024
1546070 1023
1546080 1023
1546090 1022
1546100 1022
1546110 1022
1546120 1023
1546130 1023
1546140 1023
1546150 1023
1546160 1023
1546170 1023
1546180 1022
1546190 1021
1546200 1021
1546210 1021
1546220 1021
1546230 1021
1546240 1022
1546250 1022
1546260 1022
1546270 1022
1546280 1021
1546290 1021
1546300 1019
1546310 1019
1546320 1019
1546330 1020
1546340 1022
1546350 1022
1546360 1023
1546370 1022
1546380 1022
1546390 1021
1546400 1020
1546410 1020
1546420 1018
1546430 1015
1546440 1015
1546450 1013
1546460 1012
1546470 1010
1546480 1010
1546490 1008
1546500 1006
1546510 1006
1546520 1004
1546530 1003
1546540 1003
1546550 1002
1546560 1001
1546570 1001
1546580 999
1546590 998
1546600 998
1546610 997
1546620 994
1546630 994
1546640 992
1546650 990
1546660 990
1546670 987
1546680 985
1546690 985
1546700 982
1546710 981
1546720 981
1546730 980
1546740 979
1546750 979
1546760 978
1546770 976
1546780 976
1546790 973
1546800 969
1546810 969
1546820 966
1546830 965
1546840 965
1546850 965
1546860 964
1546870 964
1546880 962
1546890 959
1546900 959
1546910 956
1546920 955
1546930 955
1546940 954
1546950 952
1546960 952
1546970 950
1546980 950
1546990 950
1547000 950
1547010 950
1547020 950
1547030 948
1547040 945
1547050 945
1547060 943
1547070 942
1547080 942
1547090 941
1547100 939
1547110 939
1547120 936
1547130 932
1547140 929
1547150 929
1547160 929
1547170 930
1547180 930
1547190 930
1547200 928
1547210 928
1547220 927
1547230 924
1547240 924
1547250 921
1547260 918
1547270 918
1547280 915
1547290 912
1547300 912
1547310 908
1547320 905
1547330 905
1547340 901
1547350 898
1547360 897
1547370 895
1547380 893
1547390 893
1547400 891
1547410 888
1547420 888
1547430 887
1547440 886
1547450 886
1547460 883
1547470 881
1547480 881
1547490 879
1547500 877
1547510 877
1547520 875
1547530 873
1547540 873
1547550 871
1547560 868
1547570 868
1547580 865
1547590 863
1547600 863
1547610 862
1547620 861
1547630 861
1547640 858
1547650 856
1547660 856
1547670 855
1547680 854
1547690 854
1547700 852
1547710 851
1547720 851
1547730 849
1547740 846
1547750 846
1547760 843
1547770 841
1547780 841
1547790 838
1547800 835
1547810 832
1547820 832
1547830 830
1547840 828
1547850 828
1547860 825
1547870 822
1547880 822
1547890 820
1547900 818
1547910 818
1547920 817
1547930 814
1547940 814
1547950 812
1547960 809
1547970 809
1547980 808
1547990 806
1548000 806
1548010 803
1548020 801
1548030 801
1548040 800
1548050 799
1548060 799
1548070 798
1548080 795
1548090 795
1548100 793
1548110 792
1548120 792
1548130 790
1548140 788
1548150 788
1548160 786
1548170 783
1548180 783
1548190 781
1548200 779
1548210 779
1548220 778
1548230 776
1548240 776
1548250 774
1548260 773
1548270 773
1548280 771
1548290 769
1548300 769
1548310 768
1548320 766
1548330 766
1548340 764
1548350 762
1548360 762
1548370 761
1548380 759
1548390 759
1548400 757
1548410 756
1548420 756
1548430 754
1548440 752
1548450 752
1548460 751
1548470 749
1548480 747
1548490 747
1548500 745
1548510 743
1548520 743
1548530 742
1548540 741
1548550 741
1548560 739
1548570 738
1548580 738
1548590 736
1548600 733
1548610 733
1548620 732
1548630 731
1548640 731
1548650 729
1548660 727
1548670 727
1548680 727
1548690 726
1548700 726
1548710 723
1548720 721
1548730 721
1548740 721
1548750 722
1548760 722
1548770 722
1548780 722
1548790 722
1548800 721
1548810 720
1548820 720
1548830 718
1548840 716
1548850 716
1548860 712
1548870 710
1548880 710
1548890 710
1548900 710
1548910 710
1548920 708
1548930 706
1548940 706
1548950 704
1548960 703
1548970 703
1548980 702
1548990 700
1549000 700
1549010 697
1549020 695
1549030 695
1549040 693
1549050 691
1549060 691
1549070 689
1549080 688
1549090 688
1549100 686
1549110 685
1549120 685
1549130 685
1549140 685
1549150 686
1549160 686
1549170 687
1549180 688
1549190 688
1549200 687
1549210 683
1549220 683
1549230 678
1549240 672
1549250 672
1549260 668
1549270 665
1549280 665
1549290 661
1549300 660
1549310 660
1549320 660
1549330 659
1549340 659
1549350 658
1549360 657
1549370 657
1549380 659
1549390 659
1549400 659
1549410 660
1549420 660
1549430 660
1549440 659
1549450 659
1549460 659
1549470 657
1549480 655
1549490 655
1549500 653
1549510 652
1549520 652
1549530 651
1549540 649
1549550 649
1549560 648
1549570 645
1549580 645
1549590 640
1549600 635
1549610 635
1549620 630
1549630 627
1549640 627
1549650 624
1549660 622
1549670 622
1549680 619
1549690 616
1549700 616
1549710 614
1549720 612
1549730 612
1549740 610
1549750 608
1549760 608
1549770 605
1549780 601
1549790 601
1549800 597
1549810 594
1549820 594
1549830 591
1549840 588
1549850 585
1549860 585
1549870 583
1549880 581
1549890 581
1549900 580
1549910 579
1549920 579
1549930 579
1549940 579
1549950 579
1549960 578
1549970 577
1549980 577
1549990 576
1550000 575
1550010 575
1550020 574
1550030 572
1550040 572
1550050 569
1550060 565
1550070 565
1550080 563
1550090 563
1550100 563
1550110 562
1550120 562
1550130 562
1550140 561
1550150 560
1550160 560
1550170 559
1550180 559
1550190 559
1550200 560
1550210 559
1550220 559
1550230 559
1550240 560
1550250 560
1550260 560
1550270 560
1550280 560
1550290 560
1550300 558
1550310 558
1550320 557
1550330 556
1550340 556
1550350 557
1550360 556
1550370 556
1550380 556
1550390 555
1550400 555
1550410 553
1550420 552
1550430 552
1550440 551
1550450 550
1550460 550
1550470 549
1550480 549
1550490 549
1550500 548
1550510 546
1550520 545
1550530 545
1550540 544
1550550 543
1550560 543
1550570 543
1550580 542
1550590 542
1550600 541
1550610 542
1550620 542
1550630 544
1550640 545
1550650 545
1550660 545
1550670 544
1550680 544
1550690 543
1550700 543
1550710 543
1550720 543
1550730 542
1550740 542
1550750 542
1550760 541
1550770 541
1550780 540
1550790 540
1550800 540
1550810 539
1550820 537
1550830 537
1550840 534
1550850 532
1550860 532
1550870 530
1550880 528
1550890 528
1550900 527
1550910 526
1550920 526
1550930 525
1550940 524
1550950 524
1550960 521
1550970 519
1550980 519
1550990 518
1551000 517
1551010 517
1551020 517
1551030 516
1551040 516
1551050 515
1551060 515
1551070 515
1551080 515
1551090 515
1551100 515
1551110 515
1551120 515
1551130 515
1551140 515
1551150 515
1551160 515
1551170 515
1551180 515
1551190 515
1551200 515
1551210 515
1551220 515
1551230 515
1551240 515
1551250 515
1551260 515
1551270 515
1551280 515
1551290 515
1551300 515
1551310 515
1551320 515
1551330 514
1551340 514
1551350 514
1551360 514
1551370 514
1551380 514
1551390 515
1551400 514
1551410 514
1551420 514
1551430 514
1551440 514
1551450 514
1551460 511
1551470 511
1551480 506
1551490 501
1551500 501
1551510 497
1551520 495
1551530 495
1551540 495
1551550 495
1551560 495
1551570 495
1551580 495
1551590 495
1551600 495
1551610 495
1551620 495
1551630 495
1551640 495
1551650 495
1551660 495
1551670 495
1551680 495
1551690 495
1551700 495
1551710 495
1551720 495
1551730 495
1551740 495
1551750 495
1551760 495
1551770 495
1551780 495
1551790 496
1551800 496
1551810 496
1551820 496
1551830 496
1551840 496
1551850 496
1551860 496
1551870 496
1551880 496
1551890 496
1551900 496
1551910 496
1551920 496
1551930 496
1551940 496
1551950 496
1551960 496
1551970 495
1551980 494
1551990 494
1552000 494
1552010 495
1552020 495
1552030 496
1552040 495
1552050 495
1552060 495
1552070 495
1552080 495
1552090 495
1552100 495
1552110 495
1552120 495
1552130 496
1552140 496
1552150 496
1552160 496
1552170 496
1552180 496
1552190 496
1552200 496
1552210 497
1552220 498
1552230 498
1552240 502
1552250 509
1552260 509
1552270 517
1552280 524
1552290 524
1552300 530
1552310 536
1552320 536
1552330 543
1552340 551
1552350 551
1552360 558
1552370 565
1552380 565
1552390 573
1552400 581
1552410 581
1552420 590
1552430 599
1552440 599
1552450 610
1552460 623
1552470 623
1552480 634
1552490 640
1552500 640
1552510 644
1552520 648
1552530 653
1552540 653
1552550 658
1552560 663
1552570 663
1552580 669
1552590 674
1552600 674
1552610 678
1552620 682
1552630 682
1552640 686
1552650 691
1552660 691
1552670 697
1552680 703
1552690 703
1552700 709
1552710 715
1552720 715
1552730 721
1552740 728
1552750 728
1552760 735
1552770 741
1552780 741
1552790 748
1552800 755
1552810 755
1552820 762
1552830 769
1552840 769
1552850 776
1552860 782
1552870 782
1552880 789
1552890 796
1552900 796
1552910 802
1552920 809
1552930 809
1552940 814
1552950 820
1552960 820
1552970 826
1552980 832
1552990 832
1553000 837
1553010 844
1553020 844
1553030 851
1553040 860
1553050 860
1553060 868
1553070 875
1553080 875
1553090 877
1553100 871
1553110 871
1553120 863
1553130 862
1553140 862
1553150 866
1553160 875
1553170 875
1553180 885
1553190 892
1553200 896
1553210 896
1553220 899
1553230 892
1553240 892
1553250 894
1553260 893
1553270 893
1553280 895
1553290 900
1553300 900
1553310 905
1553320 905
1553330 905
1553340 905
1553350 908
1553360 908
1553370 911
1553380 913
1553390 913
1553400 916
1553410 920
1553420 920
1553430 924
1553440 927
1553450 927
1553460 930
1553470 932
1553480 932
1553490 935
1553500 938
1553510 938
1553520 941
1553530 944
1553540 944
1553550 948
1553560 953
1553570 953
1553580 958
1553590 963
1553600 963
1553610 967
1553620 971
1553630 971
1553640 975
1553650 979
1553660 979
1553670 985
1553680 990
1553690 990
1553700 995
1553710 1000
1553720 1000
1553730 1006
1553740 1012
1553750 1012
1553760 1018
1553770 1023
1553780 1023
1553790 1029
1553800 1035
1553810 1035
1553820 1041
1553830 1047
1553840 1047
1553850 1054
1553860 1060
1553870 1066
1553880 1066
1553890 1073
1553900 1079
1553910 1079
1553920 1086
1553930 1092
1553940 1092
1553950 1097
1553960 1102
1553970 1102
1553980 1105
1553990 1108
1554000 1108
1554010 1112
1554020 1114
1554030 1114
1554040 1116
1554050 1117
1554060 1117
1554070 1117
1554080 1115
1554090 1115
1554100 1112
1554110 1108
1554120 1108
1554130 1103
1554140 1094
1554150 1094
1554160 1085
1554170 1076
1554180 1076
1554190 1068
1554200 1060
1554210 1060
1554220 1052
1554230 1044
1554240 1044
1554250 1035
1554260 1027
1554270 1027
1554280 1020
1554290 1012
1554300 1012
1554310 1003
1554320 991
1554330 991
1554340 981
1554350 973
1554360 973
1554370 967
1554380 960
1554390 960
1554400 952
1554410 944
1554420 944
1554430 937
1554440 931
1554450 931
1554460 925
1554470 919
1554480 919
1554490 912
1554500 906
1554510 906
1554520 901
1554530 898
1554540 896
1554550 896
1554560 891
1554570 884
1554580 884
1554590 877
1554600 872
1554610 872
1554620 869
1554630 868
1554640 868
1554650 865
1554660 860
1554670 860
1554680 856
1554690 853
1554700 853
1554710 851
1554720 850
1554730 850
1554740 851
1554750 849
1554760 849
1554770 841
1554780 832
1554790 832
1554800 823
1554810 813
1554820 813
1554830 804
1554840 795
1554850 795
1554860 786
1554870 778
1554880 778
1554890 770
1554900 762
1554910 762
1554920 754
1554930 747
1554940 747
1554950 740
1554960 735
1554970 735
1554980 730
1554990 721
1555000 721
1555010 710
1555020 702
1555030 702
1555040 694
1555050 687
1555060 687
1555070 680
1555080 671
1555090 671
1555100 664
1555110 656
1555120 656
1555130 649
1555140 642
1555150 642
1555160 642
1555170 649
1555180 649
1555190 653
1555200 658
1555210 663
1555220 663
1555230 668
1555240 674
1555250 674
1555260 679
1555270 685
1555280 685
1555290 691
1555300 697
1555310 697
1555320 704
1555330 711
1555340 711
1555350 717
1555360 724
1555370 724
1555380 731
1555390 738
1555400 738
1555410 745
1555420 752
1555430 752
1555440 759
1555450 765
1555460 765
1555470 773
1555480 780
1555490 780
1555500 787
1555510 794
1555520 794
1555530 801
1555540 807
1555550 807
1555560 814
1555570 822
1555580 822
1555590 829
1555600 836
1555610 836
1555620 842
1555630 849
1555640 849
1555650 855
1555660 862
1555670 862
1555680 869
1555690 875
1555700 875
1555710 882
1555720 888
1555730 888
1555740 894
1555750 901
1555760 901
1555770 907
1555780 913
1555790 913
1555800 919
1555810 924
1555820 924
1555830 929
1555840 931
1555850 931
1555860 933
1555870 934
1555880 935
1555890 935
1555900 935
1555910 935
1555920 935
1555930 935
1555940 935
1555950 935
1555960 935
1555970 936
1555980 936
1555990 937
1556000 939
1556010 939
1556020 940
1556030 941
1556040 941
1556050 943
1556060 944
1556070 944
1556080 945
1556090 946
1556100 946
1556110 948
1556120 951
1556130 951
1556140 954
1556150 956
1556160 956
1556170 958
1556180 960
1556190 960
1556200 962
1556210 965
1556220 965
1556230 967
1556240 969
1556250 969
1556260 971
1556270 972
1556280 972
1556290 974
1556300 976
1556310 976
1556320 978
1556330 981
1556340 981
1556350 983
1556360 986
1556370 986
1556380 988
1556390 991
1556400 991
1556410 994
1556420 998
1556430 998
1556440 1001
1556450 1005
1556460 1005
1556470 1008
1556480 1011
1556490 1011
1556500 1014
1556510 1017
1556520 1017
1556530 1021
1556540 1024
1556550 1028
1556560 1028
1556570 1032
1556580 1035
1556590 1035
1556600 1039
1556610 1042
1556620 1042
1556630 1046
1556640 1050
1556650 1050
1556660 1053
1556670 1057
1556680 1057
1556690 1060
1556700 1064
1556710 1064
1556720 1069
1556730 1074
1556740 1074
1556750 1079
1556760 1084
1556770 1084
1556780 1088
1556790 1094
1556800 1094
1556810 1099
1556820 1105
1556830 1105
1556840 1111
1556850 1118
1556860 1118
1556870 1122
1556880 1128
1556890 1129
1556900 1136
1556910 1142
1556920 1142
1556930 1147
1556940 1153
1556950 1153
1556960 1159
1556970 1166
1556980 1166
1556990 1172
1557000 1178
1557010 1178
1557020 1185
1557030 1191
1557040 1191
1557050 1197
1557060 1203
1557070 1203
1557080 1209
1557090 1215
1557100 1215
1557110 1219
1557120 1224
1557130 1224
1557140 1230
1557150 1237
1557160 1237
1557170 1242
1557180 1246
1557190 1246
1557200 1251
1557210 1255
1557220 1259
1557230 1259
1557240 1262
1557250 1263
1557260 1263
1557270 1261
1557280 1257
1557290 1257
1557300 1254
1557310 1251
1557320 1251
1557330 1248
1557340 1246
1557350 1246
1557360 1244
1557370 1244
1557380 1244
1557390 1244
1557400 1244
1557410 1244
1557420 1244
1557430 1245
1557440 1245
1557450 1246
1557460 1247
1557470 1247
1557480 1247
1557490 1248
1557500 1248
1557510 1249
1557520 1250
1557530 1250
1557540 1250
1557550 1251
1557560 1251
1557570 1250
1557580 1249
1557590 1249
1557600 1247
1557610 1244
1557620 1244
1557630 1240
1557640 1237
1557650 1237
1557660 1232
1557670 1227
1557680 1227
1557690 1222
1557700 1217
1557710 1217
1557720 1212
1557730 1208
1557740 1208
1557750 1202
1557760 1196
1557770 1196
1557780 1191
1557790 1189
1557800 1189
1557810 1185
1557820 1180
1557830 1180
1557840 1176
1557850 1172
1557860 1172
1557870 1168
1557880 1164
1557890 1159
1557900 1159
1557910 1155
1557920 1151
1557930 1151
1557940 1147
1557950 1142
1557960 1142
1557970 1137
1557980 1132
1557990 1132
1558000 1127
1558010 1122
1558020 1122
1558030 1117
1558040 1111
1558050 1111
1558060 1106
1558070 1101
1558080 1101
1558090 1096
1558100 1091
1558110 1091
1558120 1086
1558130 1081
1558140 1081
1558150 1076
1558160 1072
1558170 1072
1558180 1066
1558190 1060
1558200 1060
1558210 1054
1558220 1048
1558230 1048
1558240 1042
1558250 1035
1558260 1035
1558270 1028
1558280 1021
1558290 1021
1558300 1014
1558310 1007
1558320 1007
1558330 998
1558340 989
1558350 989
1558360 982
1558370 976
1558380 976
1558390 971
1558400 966
1558410 966
1558420 963
1558430 962
1558440 962
1558450 962
1558460 960
1558470 960
1558480 960
1558490 960
1558500 960
1558510 961
1558520 964
1558530 964
1558540 965
1558550 967
1558560 967
1558570 967
1558580 967
1558590 967
1558600 967
1558610 967
1558620 966
1558630 966
1558640 965
1558650 959
1558660 959
1558670 958
1558680 957
1558690 957
1558700 955
1558710 952
1558720 952
1558730 948
1558740 943
1558750 943
1558760 938
1558770 929
1558780 929
1558790 921
1558800 912
1558810 912
1558820 904
1558830 904
1558840 904
1558850 907
1558860 909
1558870 909
1558880 909
1558890 906
1558900 906
1558910 902
1558920 895
1558930 895
1558940 888
1558950 881
1558960 881
1558970 875
1558980 869
1558990 869
1559000 864
1559010 861
1559020 861
1559030 858
1559040 857
1559050 857
1559060 855
1559070 852
1559080 852
1559090 851
1559100 852
1559110 852
1559120 852
1559130 852
1559140 852
1559150 853
1559160 855
1559170 855
1559180 856
1559190 855
1559200 855
1559210 852
1559220 846
1559230 847
1559240 847
1559250 851
1559260 855
1559270 855
1559280 858
1559290 860
1559300 860
1559310 861
1559320 860
1559330 860
1559340 858
1559350 855
1559360 855
1559370 853
1559380 853
1559390 853
1559400 858
1559410 866
1559420 866
1559430 872
1559440 878
1559450 878
1559460 883
1559470 889
1559480 889
1559490 895
1559500 901
1559510 901
1559520 906
1559530 911
1559540 911
1559550 911
1559560 910
1559570 910
1559580 909
1559590 910
1559600 910
1559610 912
1559620 913
1559630 913
1559640 912
1559650 910
1559660 910
1559670 907
1559680 904
1559690 904
1559700 900
1559710 897
1559720 897
1559730 893
1559740 891
1559750 891
1559760 889
1559770 886
1559780 886
1559790 885
1559800 886
1559810 886
1559820 886
1559830 884
1559840 884
1559850 882
1559860 879
1559870 879
1559880 875
1559890 871
1559900 866
1559910 866
1559920 861
1559930 856
1559940 856
1559950 851
1559960 846
1559970 846
1559980 841
1559990 836
