1540000 518
1540010 519
1540020 520
1540030 520
1540040 522
1540050 523
1540060 523
1540070 524
1540080 526
1540090 526
1540100 527
1540110 529
1540120 529
1540130 530
1540140 531
1540150 531
1540160 533
1540170 535
1540180 535
1540190 536
1540200 537
1540210 537
1540220 538
1540230 539
1540240 539
1540250 541
1540260 543
1540270 543
1540280 545
1540290 547
1540300 547
1540310 548
1540320 550
1540330 550
1540340 551
1540350 553
1540360 553
1540370 554
1540380 556
1540390 556
1540400 557
1540410 559
1540420 559
1540430 560
1540440 562
1540450 562
1540460 563
1540470 565
1540480 565
1540490 567
1540500 568
1540510 568
1540520 570
1540530 571
1540540 571
1540550 572
1540560 574
1540570 574
1540580 575
1540590 577
1540600 578
1540610 578
1540620 579
1540630 581
1540640 581
1540650 582
1540660 583
1540670 583
1540680 585
1540690 587
1540700 587
1540710 588
1540720 590
1540730 590
1540740 591
1540750 592
1540760 592
1540770 593
1540780 594
1540790 594
1540800 595
1540810 595
1540820 595
1540830 595
1540840 594
1540850 594
1540860 593
1540870 594
1540880 594
1540890 596
1540900 599
1540910 599
1540920 601
1540930 602
1540940 602
1540950 604
1540960 605
1540970 605
1540980 604
1540990 603
1541000 603
1541010 604
1541020 605
1541030 605
1541040 608
1541050 610
1541060 610
1541070 613
1541080 615
1541090 615
1541100 618
1541110 621
1541120 621
1541130 623
1541140 625
1541150 625
1541160 627
1541170 630
1541180 630
1541190 632
1541200 634
1541210 634
1541220 635
1541230 637
1541240 637
1541250 638
1541260 640
1541270 640
1541280 642
1541290 644
1541300 644
1541310 645
1541320 647
1541330 647
1541340 648
1541350 649
1541360 649
1541370 649
1541380 650
1541390 651
1541400 651
1541410 651
1541420 651
1541430 651
1541440 651
1541450 651
1541460 651
1541470 650
1541480 650
1541490 650
1541500 649
1541510 648
1541520 648
1541530 647
1541540 645
1541550 645
1541560 645
1541570 643
1541580 643
1541590 642
1541600 641
1541610 641
1541620 642
1541630 642
1541640 642
1541650 641
1541660 640
1541670 640
1541680 640
1541690 639
1541700 639
1541710 639
1541720 638
1541730 638
1541740 637
1541750 636
1541760 636
1541770 634
1541780 631
1541790 631
1541800 627
1541810 625
1541820 625
1541830 623
1541840 622
1541850 622
1541860 622
1541870 621
1541880 621
1541890 621
1541900 622
1541910 622
1541920 622
1541930 623
1541940 623
1541950 623
1541960 622
1541970 622
1541980 621
1541990 620
1542000 620
1542010 618
1542020 618
1542030 618
1542040 622
1542050 625
1542060 625
1542070 627
1542080 629
1542090 632
1542100 632
1542110 633
1542120 635
1542130 635
1542140 637
1542150 639
1542160 639
1542170 641
1542180 643
1542190 643
1542200 645
1542210 646
1542220 646
1542230 647
1542240 648
1542250 648
1542260 649
1542270 650
1542280 650
1542290 650
1542300 651
1542310 651
1542320 651
1542330 651
1542340 651
1542350 651
1542360 650
1542370 650
1542380 650
1542390 649
1542400 649
1542410 648
1542420 646
1542430 646
1542440 645
1542450 644
1542460 644
1542470 642
1542480 641
1542490 641
1542500 639
1542510 637
1542520 637
1542530 635
1542540 633
1542550 633
1542560 631
1542570 629
1542580 629
1542590 627
1542600 625
1542610 625
1542620 622
1542630 618
1542640 618
1542650 614
1542660 611
1542670 611
1542680 611
1542690 612
1542700 612
1542710 611
1542720 610
1542730 610
1542740 609
1542750 608
1542760 608
1542770 606
1542780 605
1542790 605
1542800 604
1542810 603
1542820 602
1542830 602
1542840 601
1542850 599
1542860 599
1542870 598
1542880 596
1542890 596
1542900 595
1542910 593
1542920 593
1542930 591
1542940 590
1542950 590
1542960 588
1542970 586
1542980 586
1542990 584
1543000 581
1543010 581
1543020 578
1543030 578
1543040 578
1543050 578
1543060 579
1543070 579
1543080 579
1543090 579
1543100 579
1543110 580
1543120 580
1543130 580
1543140 580
1543150 579
1543160 579
1543170 579
1543180 578
1543190 578
1543200 578
1543210 577
1543220 577
1543230 576
1543240 575
1543250 575
1543260 574
1543270 573
1543280 573
1543290 572
1543300 571
1543310 571
1543320 570
1543330 568
1543340 568
1543350 567
1543360 565
1543370 565
1543380 563
1543390 561
1543400 561
1543410 559
1543420 556
1543430 556
1543440 553
1543450 550
1543460 550
1543470 548
1543480 547
1543490 547
1543500 546
1543510 545
1543520 545
1543530 544
1543540 544
1543550 544
1543560 543
1543570 543
1543580 542
1543590 542
1543600 541
1543610 541
1543620 541
1543630 540
1543640 540
1543650 540
1543660 540
1543670 539
1543680 539
1543690 539
1543700 538
1543710 538
1543720 538
1543730 538
1543740 538
1543750 538
1543760 537
1543770 537
1543780 537
1543790 538
1543800 538
1543810 539
1543820 541
1543830 541
1543840 543
1543850 545
1543860 545
1543870 546
1543880 546
1543890 546
1543900 546
1543910 545
1543920 545
1543930 545
1543940 544
1543950 544
1543960 543
1543970 540
1543980 540
1543990 535
1544000 533
1544010 533
1544020 533
1544030 533
1544040 533
1544050 532
1544060 531
1544070 531
1544080 532
1544090 532
1544100 532
1544110 533
1544120 536
1544130 536
1544140 541
1544150 547
1544160 547
1544170 551
1544180 553
1544190 553
1544200 554
1544210 555
1544220 555
1544230 556
1544240 557
1544250 557
1544260 558
1544270 560
1544280 560
1544290 561
1544300 563
1544310 565
1544320 565
1544330 567
1544340 569
1544350 569
1544360 571
1544370 573
1544380 573
1544390 575
1544400 577
1544410 577
1544420 579
1544430 581
1544440 581
1544450 583
1544460 585
1544470 585
1544480 587
1544490 589
1544500 589
1544510 591
1544520 593
1544530 593
1544540 595
1544550 597
1544560 597
1544570 598
1544580 600
1544590 600
1544600 602
1544610 604
1544620 604
1544630 606
1544640 608
1544650 608
1544660 610
1544670 612
1544680 612
1544690 615
1544700 617
1544710 617
1544720 619
1544730 621
1544740 621
1544750 623
1544760 625
1544770 625
1544780 627
1544790 629
1544800 629
1544810 631
1544820 633
1544830 633
1544840 634
1544850 636
1544860 636
1544870 638
1544880 640
1544890 640
1544900 642
1544910 643
1544920 643
1544930 645
1544940 647
1544950 647
1544960 648
1544970 650
1544980 650
1544990 651
1545000 652
1545010 652
1545020 653
1545030 655
1545040 655
1545050 656
1545060 656
1545070 657
1545080 657
1545090 658
1545100 659
1545110 659
1545120 659
1545130 659
1545140 659
1545150 660
1545160 660
1545170 660
1545180 660
1545190 660
1545200 660
1545210 660
1545220 660
1545230 660
1545240 660
1545250 660
1545260 660
1545270 660
1545280 660
1545290 660
1545300 659
1545310 659
1545320 659
1545330 659
1545340 658
1545350 658
1545360 657
1545370 657
1545380 657
1545390 656
1545400 655
1545410 655
1545420 654
1545430 652
1545440 652
1545450 649
1545460 647
1545470 647
1545480 647
1545490 647
1545500 647
1545510 647
1545520 647
1545530 647
1545540 647
1545550 647
1545560 647
1545570 647
1545580 648
1545590 648
1545600 648
1545610 649
1545620 649
1545630 649
1545640 649
1545650 649
1545660 650
1545670 650
1545680 650
1545690 651
1545700 651
1545710 651
1545720 652
1545730 652
1545740 652
1545750 653
1545760 654
1545770 654
1545780 654
1545790 655
1545800 656
1545810 656
1545820 658
1545830 659
1545840 659
1545850 659
1545860 661
1545870 661
1545880 662
1545890 664
1545900 664
1545910 665
1545920 665
1545930 665
1545940 666
1545950 666
1545960 666
1545970 667
1545980 667
1545990 667
1546000 667
1546010 667
1546020 667
1546030 667
1546040 666
1546050 666
1546060 666
1546070 665
1546080 665
1546090 664
1546100 663
1546110 663
1546120 661
1546130 658
1546140 658
1546150 653
1546160 650
1546170 650
1546180 648
1546190 646
1546200 646
1546210 644
1546220 643
1546230 643
1546240 643
1546250 642
1546260 642
1546270 641
1546280 641
1546290 641
1546300 641
1546310 641
1546320 641
1546330 640
1546340 640
1546350 640
1546360 639
1546370 638
1546380 638
1546390 637
1546400 638
1546410 638
1546420 639
1546430 638
1546440 638
1546450 639
1546460 639
1546470 639
1546480 639
1546490 639
1546500 639
1546510 639
1546520 639
1546530 639
1546540 640
1546550 640
1546560 640
1546570 640
1546580 640
1546590 639
1546600 639
1546610 639
1546620 639
1546630 639
1546640 638
1546650 637
1546660 637
1546670 635
1546680 634
1546690 634
1546700 633
1546710 632
1546720 632
1546730 631
1546740 630
1546750 630
1546760 630
1546770 630
1546780 630
1546790 630
1546800 630
1546810 630
1546820 630
1546830 630
1546840 630
1546850 630
1546860 629
1546870 629
1546880 629
1546890 628
1546900 628
1546910 627
1546920 627
1546930 627
1546940 627
1546950 627
1546960 627
1546970 627
1546980 627
1546990 627
1547000 627
1547010 626
1547020 626
1547030 626
1547040 625
1547050 625
1547060 621
1547070 618
1547080 618
1547090 621
1547100 622
1547110 622
1547120 621
1547130 620
1547140 620
1547150 623
1547160 624
1547170 624
1547180 624
1547190 624
1547200 624
1547210 625
1547220 626
1547230 626
1547240 627
1547250 627
1547260 627
1547270 627
1547280 628
1547290 628
1547300 628
1547310 628
1547320 629
1547330 629
1547340 630
1547350 630
1547360 630
1547370 631
1547380 631
1547390 631
1547400 632
1547410 632
1547420 632
1547430 633
1547440 634
1547450 634
1547460 634
1547470 635
1547480 635
1547490 635
1547500 635
1547510 635
1547520 636
1547530 636
1547540 636
1547550 637
1547560 637
1547570 637
1547580 638
1547590 639
1547600 639
1547610 639
1547620 640
1547630 640
1547640 640
1547650 640
1547660 640
1547670 640
1547680 640
1547690 640
1547700 640
1547710 641
1547720 641
1547730 642
1547740 643
1547750 643
1547760 642
1547770 642
1547780 642
1547790 643
1547800 644
1547810 644
1547820 645
1547830 645
1547840 645
1547850 646
1547860 646
1547870 646
1547880 646
1547890 643
1547900 643
1547910 642
1547920 643
1547930 643
1547940 641
1547950 640
1547960 646
1547970 646
1547980 645
1547990 645
1548000 643
1548010 641
1548020 641
1548030 642
1548040 643
1548050 645
1548060 645
1548070 648
1548080 649
1548090 649
1548100 651
1548110 653
1548120 653
1548130 654
1548140 654
1548150 654
1548160 654
1548170 658
1548180 658
1548190 660
1548200 660
1548210 660
1548220 662
1548230 663
1548240 663
1548250 664
1548260 666
1548270 666
1548280 667
1548290 669
1548300 669
1548310 669
1548320 670
1548330 670
1548340 672
1548350 674
1548360 674
1548370 675
1548380 676
1548390 676
1548400 677
1548410 678
1548420 678
1548430 679
1548440 680
1548450 680
1548460 681
1548470 682
1548480 682
1548490 683
1548500 684
1548510 684
1548520 685
1548530 686
1548540 686
1548550 686
1548560 687
1548570 687
1548580 687
1548590 688
1548600 688
1548610 688
1548620 688
1548630 688
1548640 687
1548650 687
1548660 687
1548670 687
1548680 686
1548690 686
1548700 685
1548710 684
1548720 684
1548730 682
1548740 679
1548750 679
1548760 677
1548770 675
1548780 673
1548790 673
1548800 672
1548810 672
1548820 672
1548830 671
1548840 670
1548850 670
1548860 669
1548870 667
1548880 667
1548890 664
1548900 664
1548910 664
1548920 666
1548930 667
1548940 667
1548950 667
1548960 666
1548970 666
1548980 664
1548990 661
1549000 661
1549010 659
1549020 660
1549030 660
1549040 661
1549050 660
1549060 660
1549070 660
1549080 658
1549090 658
1549100 660
1549110 660
1549120 660
1549130 660
1549140 662
1549150 662
1549160 662
1549170 662
1549180 662
1549190 661
1549200 660
1549210 660
1549220 661
1549230 662
1549240 662
1549250 661
1549260 660
1549270 660
1549280 661
1549290 663
1549300 663
1549310 666
1549320 666
1549330 666
1549340 667
1549350 667
1549360 667
1549370 667
1549380 669
1549390 669
1549400 670
1549410 671
1549420 671
1549430 671
1549440 671
1549450 671
1549460 671
1549470 671
1549480 671
1549490 673
1549500 673
1549510 673
1549520 673
1549530 674
1549540 674
1549550 674
1549560 674
1549570 674
1549580 674
1549590 674
1549600 674
1549610 674
1549620 674
1549630 674
1549640 674
1549650 674
1549660 674
1549670 674
1549680 673
1549690 673
1549700 673
1549710 672
1549720 672
1549730 672
1549740 672
1549750 671
1549760 671
1549770 670
1549780 669
1549790 669
1549800 669
1549810 667
1549820 667
1549830 665
1549840 664
1549850 664
1549860 663
1549870 661
1549880 661
1549890 660
1549900 659
1549910 659
1549920 658
1549930 656
1549940 656
1549950 655
1549960 650
1549970 650
1549980 649
1549990 649
1550000 649
1550010 648
1550020 647
1550030 647
1550040 646
1550050 645
1550060 645
1550070 645
1550080 645
1550090 645
1550100 643
1550110 642
1550120 642
1550130 642
1550140 641
1550150 641
1550160 640
1550170 639
1550180 639
1550190 638
1550200 637
1550210 637
1550220 635
1550230 632
1550240 632
1550250 630
1550260 626
1550270 622
1550280 622
1550290 618
1550300 613
1550310 613
1550320 608
1550330 608
1550340 608
1550350 611
1550360 612
1550370 612
1550380 615
1550390 618
1550400 618
1550410 621
1550420 623
1550430 623
1550440 625
1550450 627
1550460 627
1550470 628
1550480 630
1550490 630
1550500 632
1550510 634
1550520 634
1550530 635
1550540 637
1550550 637
1550560 638
1550570 640
1550580 640
1550590 642
1550600 643
1550610 643
1550620 643
1550630 646
1550640 646
1550650 650
1550660 653
1550670 653
1550680 655
1550690 657
1550700 657
1550710 659
1550720 659
1550730 659
1550740 660
1550750 663
1550760 663
1550770 665
1550780 667
1550790 667
1550800 670
1550810 672
1550820 672
1550830 676
1550840 679
1550850 679
1550860 682
1550870 683
1550880 683
1550890 685
1550900 688
1550910 688
1550920 689
1550930 691
1550940 691
1550950 694
1550960 696
1550970 696
1550980 697
1550990 699
1551000 700
1551010 700
1551020 701
1551030 703
1551040 703
1551050 704
1551060 705
1551070 705
1551080 707
1551090 708
1551100 708
1551110 709
1551120 709
1551130 709
1551140 710
1551150 711
1551160 711
1551170 712
1551180 712
1551190 712
1551200 713
1551210 714
1551220 714
1551230 714
1551240 715
1551250 715
1551260 715
1551270 715
1551280 715
1551290 716
1551300 716
1551310 716
1551320 717
1551330 718
1551340 718
1551350 719
1551360 720
1551370 720
1551380 720
1551390 720
1551400 720
1551410 721
1551420 721
1551430 721
1551440 721
1551450 722
1551460 722
1551470 723
1551480 723
1551490 723
1551500 724
1551510 725
1551520 725
1551530 726
1551540 727
1551550 727
1551560 727
1551570 727
1551580 727
1551590 728
1551600 728
1551610 728
1551620 729
1551630 729
1551640 729
1551650 730
1551660 731
1551670 731
1551680 732
1551690 733
1551700 733
1551710 734
1551720 735
1551730 735
1551740 735
1551750 737
1551760 737
1551770 737
1551780 738
1551790 739
1551800 739
1551810 740
1551820 741
1551830 741
1551840 742
1551850 743
1551860 743
1551870 744
1551880 745
1551890 745
1551900 744
1551910 745
1551920 745
1551930 747
1551940 748
1551950 748
1551960 749
1551970 750
1551980 750
1551990 752
1552000 753
1552010 753
1552020 754
1552030 755
1552040 755
1552050 757
1552060 758
1552070 758
1552080 759
1552090 760
1552100 760
1552110 761
1552120 762
1552130 762
1552140 764
1552150 764
1552160 764
1552170 765
1552180 766
1552190 766
1552200 767
1552210 768
1552220 768
1552230 769
1552240 770
1552250 770
1552260 771
1552270 772
1552280 772
1552290 773
1552300 774
1552310 774
1552320 775
1552330 777
1552340 777
1552350 778
1552360 779
1552370 779
1552380 779
1552390 780
1552400 780
1552410 781
1552420 782
1552430 782
1552440 783
1552450 783
1552460 783
1552470 783
1552480 784
1552490 785
1552500 785
1552510 785
1552520 786
1552530 786
1552540 786
1552550 787
1552560 787
1552570 787
1552580 787
1552590 787
1552600 786
1552610 786
1552620 786
1552630 786
1552640 785
1552650 785
1552660 785
1552670 784
1552680 784
1552690 784
1552700 783
1552710 783
1552720 783
1552730 782
1552740 782
1552750 781
1552760 780
1552770 780
1552780 780
1552790 779
1552800 779
1552810 779
1552820 779
1552830 779
1552840 778
1552850 778
1552860 778
1552870 778
1552880 778
1552890 778
1552900 778
1552910 778
1552920 778
1552930 778
1552940 778
1552950 778
1552960 777
1552970 777
1552980 777
1552990 777
1553000 777
1553010 777
1553020 777
1553030 777
1553040 777
1553050 777
1553060 777
1553070 777
1553080 777
1553090 777
1553100 777
1553110 777
1553120 777
1553130 777
1553140 777
1553150 777
1553160 777
1553170 777
1553180 776
1553190 776
1553200 776
1553210 776
1553220 776
1553230 776
1553240 776
1553250 776
1553260 776
1553270 776
1553280 776
1553290 776
1553300 776
1553310 775
1553320 775
1553330 775
1553340 774
1553350 774
1553360 773
1553370 773
1553380 773
1553390 773
1553400 774
1553410 774
1553420 774
1553430 774
1553440 774
1553450 774
1553460 773
1553470 773
1553480 773
1553490 773
1553500 773
1553510 772
1553520 772
1553530 772
1553540 771
1553550 770
1553560 770
1553570 769
1553580 768
1553590 768
1553600 766
1553610 765
1553620 765
1553630 764
1553640 763
1553650 763
1553660 762
1553670 761
1553680 761
1553690 760
1553700 759
1553710 759
1553720 758
1553730 757
1553740 757
1553750 755
1553760 754
1553770 754
1553780 753
1553790 751
1553800 751
1553810 750
1553820 749
1553830 749
1553840 748
1553850 746
1553860 746
1553870 745
1553880 744
1553890 744
1553900 743
1553910 741
1553920 741
1553930 739
1553940 738
1553950 738
1553960 736
1553970 734
1553980 732
1553990 732
1554000 730
1554010 728
1554020 728
1554030 726
1554040 724
1554050 724
1554060 722
1554070 720
1554080 720
1554090 719
1554100 717
1554110 717
1554120 716
1554130 714
1554140 714
1554150 713
1554160 711
1554170 711
1554180 710
1554190 709
1554200 709
1554210 707
1554220 706
1554230 706
1554240 704
1554250 703
1554260 703
1554270 701
1554280 700
1554290 700
1554300 698
1554310 696
1554320 696
1554330 695
1554340 693
1554350 693
1554360 691
1554370 689
1554380 689
1554390 687
1554400 686
1554410 686
1554420 684
1554430 681
1554440 681
1554450 680
1554460 678
1554470 678
1554480 676
1554490 673
1554500 673
1554510 671
1554520 668
1554530 668
1554540 664
1554550 660
1554560 660
1554570 656
1554580 652
1554590 652
1554600 648
1554610 643
1554620 643
1554630 639
1554640 636
1554650 636
1554660 632
1554670 629
1554680 629
1554690 625
1554700 622
1554710 622
1554720 618
1554730 615
1554740 612
1554750 612
1554760 609
1554770 605
1554780 605
1554790 602
1554800 598
1554810 598
1554820 595
1554830 591
1554840 591
1554850 586
1554860 581
1554870 581
1554880 576
1554890 572
1554900 572
1554910 569
1554920 567
1554930 567
1554940 564
1554950 562
1554960 562
1554970 559
1554980 557
1554990 557
1555000 555
1555010 553
1555020 553
1555030 552
1555040 551
1555050 551
1555060 549
1555070 548
1555080 548
1555090 546
1555100 544
1555110 544
1555120 543
1555130 541
1555140 541
1555150 540
1555160 539
1555170 539
1555180 538
1555190 537
1555200 537
1555210 535
1555220 534
1555230 534
1555240 533
1555250 532
1555260 532
1555270 532
1555280 531
1555290 531
1555300 530
1555310 529
1555320 529
1555330 528
1555340 527
1555350 527
1555360 526
1555370 525
1555380 525
1555390 525
1555400 524
1555410 524
1555420 523
1555430 523
1555440 523
1555450 523
1555460 523
1555470 523
1555480 523
1555490 523
1555500 523
1555510 523
1555520 523
1555530 523
1555540 523
1555550 523
1555560 523
1555570 523
1555580 523
1555590 523
1555600 523
1555610 522
1555620 519
1555630 519
1555640 518
1555650 517
1555660 517
1555670 516
1555680 515
1555690 515
1555700 514
1555710 513
1555720 513
1555730 512
1555740 511
1555750 511
1555760 509
1555770 505
1555780 505
1555790 500
1555800 495
1555810 495
1555820 492
1555830 489
1555840 489
1555850 487
1555860 485
1555870 485
1555880 483
1555890 482
1555900 482
1555910 481
1555920 480
1555930 480
1555940 478
1555950 476
1555960 476
1555970 474
1555980 472
1555990 472
1556000 471
1556010 469
1556020 469
1556030 467
1556040 467
1556050 467
1556060 467
1556070 467
1556080 467
1556090 466
1556100 466
1556110 466
1556120 467
1556130 467
1556140 467
1556150 467
1556160 467
1556170 467
1556180 467
1556190 467
1556200 467
1556210 467
1556220 468
1556230 468
1556240 468
1556250 468
1556260 468
1556270 468
1556280 468
1556290 468
1556300 468
1556310 468
1556320 468
1556330 468
1556340 468
1556350 468
1556360 468
1556370 468
1556380 467
1556390 467
1556400 468
1556410 472
1556420 472
1556430 477
1556440 480
1556450 480
1556460 482
1556470 485
1556480 485
1556490 487
1556500 489
1556510 489
1556520 491
1556530 494
1556540 494
1556550 495
1556560 496
1556570 496
1556580 496
1556590 496
1556600 496
1556610 495
1556620 495
1556630 495
1556640 495
1556650 495
1556660 495
1556670 494
1556680 492
1556690 492
1556700 490
1556710 490
1556720 490
1556730 493
1556740 495
1556750 495
1556760 496
1556770 496
1556780 496
1556790 496
1556800 496
1556810 496
1556820 496
1556830 496
1556840 496
1556850 496
1556860 495
1556870 495
1556880 495
1556890 495
1556900 495
1556910 495
1556920 495
1556930 495
1556940 496
1556950 496
1556960 496
1556970 496
1556980 496
1556990 496
1557000 496
1557010 496
1557020 496
1557030 496
1557040 495
1557050 494
1557060 494
1557070 492
1557080 490
1557090 490
1557100 487
1557110 486
1557120 486
1557130 485
1557140 485
1557150 485
1557160 485
1557170 485
1557180 485
1557190 486
1557200 486
1557210 486
1557220 486
1557230 485
1557240 485
1557250 484
1557260 484
1557270 484
1557280 484
1557290 484
1557300 484
1557310 484
1557320 483
1557330 483
1557340 478
1557350 473
1557360 473
1557370 475
1557380 480
1557390 480
1557400 486
1557410 491
1557420 491
1557430 495
1557440 495
1557450 495
1557460 495
1557470 495
1557480 495
1557490 495
1557500 495
1557510 495
1557520 495
1557530 495
1557540 495
1557550 495
1557560 495
1557570 495
1557580 495
1557590 495
1557600 495
1557610 495
1557620 495
1557630 495
1557640 495
1557650 495
1557660 495
1557670 494
1557680 488
1557690 488
1557700 482
1557710 480
1557720 479
1557730 479
1557740 479
1557750 477
1557760 477
1557770 477
1557780 475
1557790 475
1557800 474
1557810 476
1557820 476
1557830 478
1557840 479
1557850 479
1557860 484
1557870 492
1557880 492
1557890 500
1557900 505
1557910 505
1557920 507
1557930 509
1557940 509
1557950 511
1557960 512
1557970 512
1557980 514
1557990 515
1558000 515
1558010 517
1558020 518
1558030 518
1558040 519
1558050 520
1558060 520
1558070 521
1558080 522
1558090 522
1558100 523
1558110 524
1558120 524
1558130 524
1558140 523
1558150 523
1558160 523
1558170 522
1558180 522
1558190 520
1558200 518
1558210 518
1558220 517
1558230 520
1558240 520
1558250 523
1558260 525
1558270 525
1558280 525
1558290 526
1558300 526
1558310 527
1558320 528
1558330 528
1558340 528
1558350 529
1558360 529
1558370 530
1558380 531
1558390 531
1558400 532
1558410 533
1558420 533
1558430 535
1558440 536
1558450 537
1558460 537
1558470 538
1558480 539
1558490 539
1558500 541
1558510 543
1558520 543
1558530 546
1558540 549
1558550 549
1558560 552
1558570 555
1558580 555
1558590 557
1558600 559
1558610 559
1558620 560
1558630 563
1558640 563
1558650 564
1558660 565
1558670 565
1558680 567
1558690 569
1558700 569
1558710 570
1558720 570
1558730 570
1558740 570
1558750 573
1558760 573
1558770 578
1558780 582
1558790 582
1558800 587
1558810 592
1558820 592
1558830 596
1558840 600
1558850 600
1558860 603
1558870 606
1558880 606
1558890 609
1558900 613
1558910 613
1558920 616
1558930 621
1558940 621
1558950 625
1558960 629
1558970 629
1558980 632
1558990 638
1559000 638
1559010 643
1559020 648
1559030 648
1559040 654
1559050 661
1559060 661
1559070 667
1559080 673
1559090 673
1559100 678
1559110 684
1559120 684
1559130 689
1559140 694
1559150 694
1559160 697
1559170 701
1559180 701
1559190 705
1559200 709
1559210 712
1559220 712
1559230 715
1559240 717
1559250 717
1559260 719
1559270 720
1559280 720
1559290 721
1559300 723
1559310 723
1559320 725
1559330 727
1559340 727
1559350 729
1559360 731
1559370 731
1559380 734
1559390 736
1559400 736
1559410 738
1559420 741
1559430 741
1559440 745
1559450 748
1559460 748
1559470 752
1559480 755
1559490 755
1559500 758
1559510 762
1559520 762
1559530 766
1559540 769
1559550 769
1559560 771
1559570 774
1559580 774
1559590 777
1559600 779
1559610 779
1559620 782
1559630 784
1559640 784
1559650 787
1559660 790
1559670 790
1559680 793
1559690 796
1559700 796
1559710 799
1559720 802
1559730 802
1559740 807
1559750 810
1559760 810
1559770 814
1559780 817
1559790 817
1559800 820
1559810 822
1559820 822
1559830 824
1559840 826
1559850 826
1559860 827
1559870 828
1559880 828
1559890 828
1559900 829
1559910 829
1559920 829
1559930 828
1559940 828
1559950 828
1559960 827
1559970 825
1559980 825
1559990 824
