1540000 543
1540010 545
1540020 548
1540030 548
1540040 551
1540050 554
1540060 554
1540070 556
1540080 559
1540090 559
1540100 561
1540110 563
1540120 563
1540130 564
1540140 566
1540150 566
1540160 570
1540170 572
1540180 572
1540190 575
1540200 577
1540210 577
1540220 578
1540230 580
1540240 580
1540250 581
1540260 583
1540270 583
1540280 584
1540290 585
1540300 585
1540310 587
1540320 588
1540330 588
1540340 589
1540350 590
1540360 590
1540370 591
1540380 592
1540390 594
1540400 594
1540410 595
1540420 596
1540430 596
1540440 597
1540450 599
1540460 599
1540470 600
1540480 602
1540490 602
1540500 603
1540510 604
1540520 604
1540530 605
1540540 607
1540550 607
1540560 608
1540570 609
1540580 609
1540590 611
1540600 612
1540610 612
1540620 613
1540630 614
1540640 614
1540650 616
1540660 617
1540670 617
1540680 619
1540690 620
1540700 620
1540710 621
1540720 622
1540730 622
1540740 624
1540750 625
1540760 625
1540770 627
1540780 628
1540790 628
1540800 630
1540810 631
1540820 631
1540830 632
1540840 634
1540850 634
1540860 635
1540870 636
1540880 636
1540890 638
1540900 636
1540910 636
1540920 637
1540930 639
1540940 639
1540950 639
1540960 640
1540970 640
1540980 642
1540990 643
1541000 643
1541010 644
1541020 643
1541030 643
1541040 646
1541050 648
1541060 648
1541070 649
1541080 650
1541090 650
1541100 650
1541110 652
1541120 653
1541130 653
1541140 654
1541150 656
1541160 656
1541170 657
1541180 658
1541190 658
1541200 659
1541210 661
1541220 661
1541230 662
1541240 664
1541250 664
1541260 665
1541270 666
1541280 666
1541290 666
1541300 667
1541310 667
1541320 667
1541330 668
1541340 668
1541350 669
1541360 670
1541370 670
1541380 670
1541390 670
1541400 670
1541410 671
1541420 670
1541430 670
1541440 669
1541450 669
1541460 669
1541470 669
1541480 669
1541490 669
1541500 668
1541510 667
1541520 667
1541530 666
1541540 666
1541550 666
1541560 665
1541570 665
1541580 665
1541590 664
1541600 662
1541610 662
1541620 662
1541630 662
1541640 662
1541650 661
1541660 661
1541670 661
1541680 660
1541690 658
1541700 658
1541710 657
1541720 657
1541730 657
1541740 656
1541750 653
1541760 653
1541770 651
1541780 648
1541790 648
1541800 647
1541810 648
1541820 648
1541830 646
1541840 645
1541850 645
1541860 647
1541870 647
1541880 647
1541890 647
1541900 647
1541910 648
1541920 648
1541930 648
1541940 648
1541950 648
1541960 648
1541970 648
1541980 648
1541990 647
1542000 647
1542010 647
1542020 646
1542030 644
1542040 644
1542050 641
1542060 639
1542070 639
1542080 640
1542090 642
1542100 642
1542110 641
1542120 643
1542130 643
1542140 647
1542150 649
1542160 649
1542170 651
1542180 652
1542190 652
1542200 654
1542210 655
1542220 655
1542230 656
1542240 657
1542250 657
1542260 659
1542270 659
1542280 659
1542290 660
1542300 661
1542310 661
1542320 661
1542330 662
1542340 662
1542350 662
1542360 662
1542370 662
1542380 662
1542390 661
1542400 661
1542410 660
1542420 660
1542430 660
1542440 659
1542450 658
1542460 658
1542470 657
1542480 655
1542490 655
1542500 655
1542510 654
1542520 654
1542530 653
1542540 651
1542550 651
1542560 650
1542570 649
1542580 649
1542590 646
1542600 645
1542610 644
1542620 644
1542630 642
1542640 641
1542650 641
1542660 639
1542670 638
1542680 638
1542690 636
1542700 634
1542710 634
1542720 633
1542730 631
1542740 631
1542750 629
1542760 627
1542770 627
1542780 625
1542790 623
1542800 623
1542810 621
1542820 619
1542830 619
1542840 617
1542850 615
1542860 615
1542870 613
1542880 611
1542890 611
1542900 609
1542910 606
1542920 606
1542930 603
1542940 601
1542950 601
1542960 600
1542970 598
1542980 598
1542990 597
1543000 595
1543010 595
1543020 594
1543030 592
1543040 592
1543050 591
1543060 590
1543070 590
1543080 589
1543090 587
1543100 587
1543110 584
1543120 581
1543130 581
1543140 579
1543150 576
1543160 576
1543170 575
1543180 575
1543190 575
1543200 576
1543210 575
1543220 575
1543230 574
1543240 573
1543250 573
1543260 572
1543270 572
1543280 572
1543290 571
1543300 570
1543310 570
1543320 569
1543330 567
1543340 564
1543350 564
1543360 562
1543370 561
1543380 561
1543390 559
1543400 557
1543410 557
1543420 555
1543430 554
1543440 554
1543450 554
1543460 553
1543470 553
1543480 552
1543490 551
1543500 551
1543510 549
1543520 548
1543530 548
1543540 547
1543550 546
1543560 546
1543570 545
1543580 545
1543590 545
1543600 544
1543610 544
1543620 544
1543630 543
1543640 543
1543650 543
1543660 542
1543670 542
1543680 542
1543690 542
1543700 541
1543710 541
1543720 541
1543730 541
1543740 541
1543750 540
1543760 540
1543770 540
1543780 540
1543790 540
1543800 540
1543810 540
1543820 539
1543830 539
1543840 539
1543850 539
1543860 539
1543870 539
1543880 539
1543890 539
1543900 539
1543910 539
1543920 539
1543930 538
1543940 538
1543950 538
1543960 537
1543970 537
1543980 537
1543990 537
1544000 537
1544010 537
1544020 536
1544030 536
1544040 536
1544050 537
1544060 536
1544070 536
1544080 536
1544090 536
1544100 535
1544110 535
1544120 534
1544130 536
1544140 536
1544150 536
1544160 536
1544170 536
1544180 535
1544190 536
1544200 536
1544210 536
1544220 537
1544230 537
1544240 540
1544250 543
1544260 543
1544270 543
1544280 544
1544290 544
1544300 547
1544310 550
1544320 550
1544330 551
1544340 553
1544350 553
1544360 555
1544370 556
1544380 556
1544390 557
1544400 560
1544410 560
1544420 562
1544430 563
1544440 563
1544450 565
1544460 568
1544470 568
1544480 570
1544490 572
1544500 572
1544510 574
1544520 576
1544530 576
1544540 578
1544550 580
1544560 580
1544570 583
1544580 585
1544590 585
1544600 587
1544610 589
1544620 589
1544630 592
1544640 594
1544650 594
1544660 596
1544670 598
1544680 598
1544690 600
1544700 602
1544710 602
1544720 603
1544730 604
1544740 604
1544750 606
1544760 607
1544770 607
1544780 608
1544790 609
1544800 609
1544810 610
1544820 612
1544830 613
1544840 613
1544850 614
1544860 615
1544870 615
1544880 616
1544890 617
1544900 617
1544910 618
1544920 619
1544930 619
1544940 619
1544950 619
1544960 619
1544970 619
1544980 620
1544990 620
1545000 620
1545010 621
1545020 621
1545030 622
1545040 622
1545050 622
1545060 623
1545070 624
1545080 624
1545090 624
1545100 625
1545110 625
1545120 625
1545130 625
1545140 625
1545150 625
1545160 625
1545170 625
1545180 625
1545190 626
1545200 626
1545210 625
1545220 624
1545230 624
1545240 622
1545250 620
1545260 620
1545270 618
1545280 616
1545290 616
1545300 619
1545310 617
1545320 617
1545330 615
1545340 614
1545350 614
1545360 612
1545370 612
1545380 612
1545390 611
1545400 610
1545410 610
1545420 608
1545430 607
1545440 607
1545450 606
1545460 603
1545470 603
1545480 600
1545490 602
1545500 602
1545510 605
1545520 609
1545530 609
1545540 612
1545550 615
1545560 617
1545570 617
1545580 619
1545590 621
1545600 621
1545610 622
1545620 624
1545630 624
1545640 625
1545650 627
1545660 627
1545670 628
1545680 630
1545690 630
1545700 632
1545710 634
1545720 634
1545730 636
1545740 638
1545750 638
1545760 639
1545770 640
1545780 640
1545790 641
1545800 642
1545810 642
1545820 643
1545830 645
1545840 645
1545850 647
1545860 649
1545870 649
1545880 650
1545890 652
1545900 652
1545910 653
1545920 654
1545930 654
1545940 655
1545950 656
1545960 656
1545970 657
1545980 657
1545990 657
1546000 657
1546010 657
1546020 657
1546030 657
1546040 656
1546050 656
1546060 654
1546070 653
1546080 653
1546090 652
1546100 650
1546110 650
1546120 647
1546130 645
1546140 645
1546150 643
1546160 641
1546170 641
1546180 640
1546190 638
1546200 638
1546210 634
1546220 632
1546230 632
1546240 630
1546250 629
1546260 629
1546270 628
1546280 627
1546290 627
1546300 625
1546310 623
1546320 622
1546330 622
1546340 620
1546350 617
1546360 617
1546370 612
1546380 611
1546390 611
1546400 613
1546410 616
1546420 616
1546430 618
1546440 619
1546450 619
1546460 621
1546470 622
1546480 622
1546490 622
1546500 623
1546510 623
1546520 623
1546530 623
1546540 623
1546550 623
1546560 623
1546570 623
1546580 622
1546590 622
1546600 622
1546610 621
1546620 621
1546630 621
1546640 619
1546650 617
1546660 617
1546670 613
1546680 611
1546690 611
1546700 609
1546710 606
1546720 606
1546730 606
1546740 609
1546750 609
1546760 607
1546770 604
1546780 604
1546790 607
1546800 608
1546810 608
1546820 607
1546830 607
1546840 607
1546850 606
1546860 605
1546870 605
1546880 604
1546890 605
1546900 605
1546910 603
1546920 601
1546930 601
1546940 600
1546950 598
1546960 598
1546970 598
1546980 597
1546990 597
1547000 596
1547010 596
1547020 596
1547030 596
1547040 597
1547050 598
1547060 598
1547070 598
1547080 600
1547090 600
1547100 601
1547110 602
1547120 602
1547130 602
1547140 604
1547150 604
1547160 609
1547170 612
1547180 612
1547190 614
1547200 615
1547210 615
1547220 616
1547230 617
1547240 617
1547250 618
1547260 619
1547270 619
1547280 620
1547290 622
1547300 622
1547310 623
1547320 624
1547330 624
1547340 625
1547350 626
1547360 626
1547370 627
1547380 628
1547390 626
1547400 627
1547410 628
1547420 628
1547430 629
1547440 630
1547450 630
1547460 630
1547470 631
1547480 631
1547490 633
1547500 634
1547510 634
1547520 634
1547530 635
1547540 635
1547550 636
1547560 637
1547570 637
1547580 637
1547590 640
1547600 640
1547610 641
1547620 642
1547630 642
1547640 643
1547650 644
1547660 644
1547670 644
1547680 644
1547690 644
1547700 646
1547710 647
1547720 647
1547730 648
1547740 649
1547750 649
1547760 650
1547770 651
1547780 651
1547790 652
1547800 653
1547810 654
1547820 654
1547830 655
1547840 655
1547850 655
1547860 656
1547870 658
1547880 658
1547890 659
1547900 660
1547910 660
1547920 661
1547930 662
1547940 662
1547950 663
1547960 664
1547970 664
1547980 665
1547990 666
1548000 666
1548010 667
1548020 668
1548030 668
1548040 669
1548050 671
1548060 671
1548070 673
1548080 674
1548090 674
1548100 675
1548110 677
1548120 677
1548130 678
1548140 679
1548150 679
1548160 680
1548170 682
1548180 682
1548190 683
1548200 685
1548210 685
1548220 686
1548230 687
1548240 687
1548250 688
1548260 689
1548270 689
1548280 690
1548290 691
1548300 691
1548310 692
1548320 693
1548330 693
1548340 694
1548350 695
1548360 695
1548370 695
1548380 696
1548390 696
1548400 698
1548410 700
1548420 700
1548430 701
1548440 702
1548450 702
1548460 703
1548470 704
1548480 704
1548490 705
1548500 706
1548510 706
1548520 707
1548530 708
1548540 709
1548550 709
1548560 710
1548570 710
1548580 710
1548590 711
1548600 712
1548610 712
1548620 712
1548630 713
1548640 713
1548650 713
1548660 714
1548670 714
1548680 714
1548690 715
1548700 715
1548710 715
1548720 715
1548730 715
1548740 715
1548750 715
1548760 715
1548770 715
1548780 714
1548790 714
1548800 714
1548810 714
1548820 714
1548830 714
1548840 713
1548850 713
1548860 711
1548870 710
1548880 710
1548890 709
1548900 708
1548910 708
1548920 708
1548930 708
1548940 708
1548950 708
1548960 709
1548970 709
1548980 708
1548990 707
1549000 707
1549010 706
1549020 707
1549030 707
1549040 707
1549050 707
1549060 707
1549070 706
1549080 706
1549090 706
1549100 706
1549110 706
1549120 706
1549130 705
1549140 705
1549150 705
1549160 705
1549170 706
1549180 706
1549190 705
1549200 704
1549210 704
1549220 705
1549230 706
1549240 706
1549250 705
1549260 705
1549270 706
1549280 706
1549290 707
1549300 707
1549310 707
1549320 707
1549330 708
1549340 708
1549350 708
1549360 708
1549370 708
1549380 708
1549390 709
1549400 709
1549410 706
1549420 708
1549430 708
1549440 709
1549450 709
1549460 709
1549470 710
1549480 711
1549490 711
1549500 711
1549510 712
1549520 712
1549530 713
1549540 713
1549550 713
1549560 713
1549570 713
1549580 713
1549590 713
1549600 715
1549610 715
1549620 714
1549630 714
1549640 714
1549650 714
1549660 714
1549670 714
1549680 714
1549690 714
1549700 714
1549710 714
1549720 714
1549730 714
1549740 714
1549750 714
1549760 714
1549770 714
1549780 713
1549790 713
1549800 713
1549810 713
1549820 713
1549830 713
1549840 712
1549850 712
1549860 712
1549870 713
1549880 713
1549890 712
1549900 712
1549910 712
1549920 712
1549930 711
1549940 711
1549950 710
1549960 709
1549970 709
1549980 708
1549990 708
1550000 708
1550010 708
1550020 707
1550030 705
1550040 705
1550050 701
1550060 699
1550070 699
1550080 696
1550090 691
1550100 691
1550110 688
1550120 685
1550130 685
1550140 684
1550150 683
1550160 683
1550170 680
1550180 676
1550190 676
1550200 673
1550210 669
1550220 669
1550230 665
1550240 662
1550250 662
1550260 658
1550270 655
1550280 655
1550290 651
1550300 648
1550310 648
1550320 645
1550330 642
1550340 642
1550350 644
1550360 649
1550370 649
1550380 652
1550390 655
1550400 655
1550410 658
1550420 661
1550430 661
1550440 663
1550450 666
1550460 666
1550470 668
1550480 669
1550490 669
1550500 672
1550510 675
1550520 675
1550530 678
1550540 681
1550550 681
1550560 684
1550570 687
1550580 687
1550590 688
1550600 690
1550610 690
1550620 692
1550630 694
1550640 694
1550650 696
1550660 697
1550670 697
1550680 699
1550690 700
1550700 700
1550710 702
1550720 703
1550730 703
1550740 704
1550750 705
1550760 706
1550770 706
1550780 706
1550790 707
1550800 707
1550810 709
1550820 711
1550830 711
1550840 713
1550850 714
1550860 714
1550870 716
1550880 718
1550890 718
1550900 719
1550910 721
1550920 721
1550930 722
1550940 724
1550950 724
1550960 725
1550970 727
1550980 727
1550990 728
1551000 730
1551010 730
1551020 732
1551030 733
1551040 733
1551050 735
1551060 736
1551070 736
1551080 738
1551090 739
1551100 739
1551110 740
1551120 742
1551130 742
1551140 743
1551150 745
1551160 745
1551170 746
1551180 747
1551190 747
1551200 748
1551210 749
1551220 749
1551230 751
1551240 752
1551250 752
1551260 753
1551270 754
1551280 754
1551290 756
1551300 757
1551310 757
1551320 757
1551330 758
1551340 758
1551350 759
1551360 759
1551370 759
1551380 760
1551390 760
1551400 760
1551410 761
1551420 762
1551430 762
1551440 763
1551450 764
1551460 764
1551470 765
1551480 766
1551490 766
1551500 766
1551510 767
1551520 768
1551530 768
1551540 769
1551550 770
1551560 770
1551570 771
1551580 771
1551590 771
1551600 772
1551610 773
1551620 773
1551630 773
1551640 774
1551650 774
1551660 774
1551670 774
1551680 774
1551690 775
1551700 775
1551710 775
1551720 775
1551730 775
1551740 775
1551750 775
1551760 776
1551770 776
1551780 776
1551790 776
1551800 776
1551810 777
1551820 777
1551830 777
1551840 777
1551850 777
1551860 777
1551870 778
1551880 778
1551890 778
1551900 778
1551910 778
1551920 778
1551930 778
1551940 778
1551950 778
1551960 778
1551970 778
1551980 778
1551990 777
1552000 777
1552010 777
1552020 776
1552030 775
1552040 775
1552050 775
1552060 774
1552070 774
1552080 773
1552090 772
1552100 772
1552110 771
1552120 770
1552130 770
1552140 769
1552150 768
1552160 768
1552170 767
1552180 765
1552190 765
1552200 763
1552210 762
1552220 762
1552230 760
1552240 758
1552250 757
1552260 757
1552270 755
1552280 754
1552290 754
1552300 753
1552310 751
1552320 751
1552330 750
1552340 748
1552350 748
1552360 746
1552370 745
1552380 745
1552390 744
1552400 743
1552410 743
1552420 743
1552430 743
1552440 743
1552450 742
1552460 742
1552470 742
1552480 741
1552490 740
1552500 740
1552510 739
1552520 738
1552530 738
1552540 737
1552550 735
1552560 735
1552570 733
1552580 732
1552590 732
1552600 730
1552610 729
1552620 729
1552630 729
1552640 729
1552650 729
1552660 729
1552670 729
1552680 729
1552690 728
1552700 728
1552710 728
1552720 727
1552730 727
1552740 727
1552750 726
1552760 726
1552770 726
1552780 726
1552790 727
1552800 727
1552810 727
1552820 726
1552830 726
1552840 727
1552850 727
1552860 727
1552870 727
1552880 727
1552890 727
1552900 727
1552910 727
1552920 727
1552930 727
1552940 728
1552950 728
1552960 729
1552970 729
1552980 730
1552990 730
1553000 730
1553010 731
1553020 731
1553030 732
1553040 734
1553050 734
1553060 735
1553070 735
1553080 735
1553090 736
1553100 737
1553110 737
1553120 737
1553130 738
1553140 738
1553150 738
1553160 738
1553170 738
1553180 738
1553190 738
1553200 738
1553210 737
1553220 737
1553230 737
1553240 737
1553250 736
1553260 740
1553270 740
1553280 739
1553290 739
1553300 739
1553310 738
1553320 738
1553330 738
1553340 738
1553350 738
1553360 738
1553370 738
1553380 738
1553390 737
1553400 737
1553410 737
1553420 736
1553430 735
1553440 735
1553450 734
1553460 732
1553470 732
1553480 731
1553490 730
1553500 730
1553510 728
1553520 726
1553530 726
1553540 723
1553550 721
1553560 721
1553570 720
1553580 718
1553590 718
1553600 716
1553610 715
1553620 715
1553630 714
1553640 714
1553650 714
1553660 713
1553670 713
1553680 713
1553690 712
1553700 712
1553710 712
1553720 711
1553730 711
1553740 711
1553750 711
1553760 710
1553770 710
1553780 710
1553790 710
1553800 710
1553810 710
1553820 709
1553830 708
1553840 708
1553850 707
1553860 706
1553870 706
1553880 705
1553890 704
1553900 704
1553910 703
1553920 702
1553930 702
1553940 701
1553950 699
1553960 699
1553970 698
1553980 697
1553990 697
1554000 695
1554010 694
1554020 694
1554030 693
1554040 692
1554050 692
1554060 691
1554070 690
1554080 690
1554090 689
1554100 688
1554110 688
1554120 687
1554130 686
1554140 686
1554150 685
1554160 685
1554170 685
1554180 684
1554190 683
1554200 683
1554210 682
1554220 681
1554230 681
1554240 680
1554250 678
1554260 678
1554270 677
1554280 676
1554290 676
1554300 675
1554310 673
1554320 673
1554330 672
1554340 671
1554350 671
1554360 670
1554370 668
1554380 668
1554390 667
1554400 666
1554410 666
1554420 664
1554430 663
1554440 663
1554450 662
1554460 661
1554470 660
1554480 660
1554490 659
1554500 657
1554510 657
1554520 656
1554530 655
1554540 655
1554550 654
1554560 652
1554570 652
1554580 650
1554590 648
1554600 648
1554610 646
1554620 644
1554630 644
1554640 641
1554650 639
1554660 639
1554670 636
1554680 633
1554690 633
1554700 630
1554710 627
1554720 627
1554730 623
1554740 619
1554750 619
1554760 616
1554770 611
1554780 611
1554790 607
1554800 603
1554810 603
1554820 599
1554830 595
1554840 595
1554850 590
1554860 585
1554870 585
1554880 580
1554890 574
1554900 574
1554910 569
1554920 564
1554930 564
1554940 559
1554950 554
1554960 554
1554970 550
1554980 545
1554990 545
1555000 540
1555010 536
1555020 536
1555030 532
1555040 530
1555050 530
1555060 527
1555070 524
1555080 524
1555090 521
1555100 519
1555110 519
1555120 518
1555130 516
1555140 516
1555150 516
1555160 516
1555170 516
1555180 515
1555190 515
1555200 514
1555210 514
1555220 514
1555230 513
1555240 513
1555250 513
1555260 512
1555270 512
1555280 511
1555290 510
1555300 510
1555310 508
1555320 507
1555330 507
1555340 507
1555350 505
1555360 505
1555370 504
1555380 503
1555390 503
1555400 503
1555410 503
1555420 503
1555430 502
1555440 502
1555450 502
1555460 501
1555470 500
1555480 500
1555490 499
1555500 498
1555510 498
1555520 497
1555530 497
1555540 497
1555550 496
1555560 494
1555570 494
1555580 493
1555590 491
1555600 491
1555610 489
1555620 486
1555630 486
1555640 484
1555650 482
1555660 482
1555670 480
1555680 479
1555690 479
1555700 478
1555710 477
1555720 477
1555730 477
1555740 477
1555750 477
1555760 477
1555770 476
1555780 476
1555790 474
1555800 471
1555810 471
1555820 469
1555830 468
1555840 468
1555850 468
1555860 468
1555870 468
1555880 468
1555890 468
1555900 468
1555910 468
1555920 469
1555930 469
1555940 469
1555950 468
1555960 467
1555970 467
1555980 467
1555990 468
1556000 468
1556010 468
1556020 468
1556030 468
1556040 468
1556050 468
1556060 468
1556070 468
1556080 468
1556090 468
1556100 468
1556110 468
1556120 468
1556130 468
1556140 469
1556150 469
1556160 471
1556170 476
1556180 476
1556190 481
1556200 486
1556210 486
1556220 491
1556230 494
1556240 494
1556250 496
1556260 496
1556270 496
1556280 496
1556290 496
1556300 496
1556310 496
1556320 496
1556330 496
1556340 497
1556350 497
1556360 497
1556370 497
1556380 497
1556390 497
1556400 497
1556410 497
1556420 497
1556430 497
1556440 497
1556450 497
1556460 497
1556470 497
1556480 497
1556490 497
1556500 497
1556510 497
1556520 497
1556530 497
1556540 497
1556550 497
1556560 496
1556570 496
1556580 496
1556590 496
1556600 496
1556610 496
1556620 497
1556630 497
1556640 497
1556650 497
1556660 497
1556670 496
1556680 497
1556690 497
1556700 497
1556710 497
1556720 497
1556730 497
1556740 497
1556750 497
1556760 497
1556770 497
1556780 497
1556790 497
1556800 497
1556810 497
1556820 497
1556830 497
1556840 497
1556850 497
1556860 497
1556870 497
1556880 497
1556890 497
1556900 497
1556910 497
1556920 497
1556930 497
1556940 497
1556950 497
1556960 497
1556970 497
1556980 497
1556990 496
1557000 496
1557010 492
1557020 485
1557030 485
1557040 478
1557050 473
1557060 473
1557070 470
1557080 469
1557090 469
1557100 468
1557110 467
1557120 467
1557130 467
1557140 467
1557150 467
1557160 467
1557170 467
1557180 467
1557190 467
1557200 467
1557210 467
1557220 467
1557230 467
1557240 467
1557250 467
1557260 467
1557270 467
1557280 467
1557290 468
1557300 468
1557310 469
1557320 470
1557330 470
1557340 471
1557350 475
1557360 475
1557370 480
1557380 484
1557390 484
1557400 487
1557410 490
1557420 490
1557430 490
1557440 487
1557450 484
1557460 484
1557470 482
1557480 482
1557490 482
1557500 483
1557510 488
1557520 488
1557530 492
1557540 496
1557550 496
1557560 498
1557570 497
1557580 497
1557590 497
1557600 495
1557610 495
1557620 492
1557630 489
1557640 489
1557650 483
1557660 479
1557670 479
1557680 477
1557690 477
1557700 477
1557710 479
1557720 480
1557730 480
1557740 480
1557750 480
1557760 480
1557770 480
1557780 481
1557790 481
1557800 481
1557810 482
1557820 482
1557830 486
1557840 491
1557850 491
1557860 498
1557870 503
1557880 503
1557890 507
1557900 511
1557910 511
1557920 514
1557930 517
1557940 517
1557950 519
1557960 522
1557970 522
1557980 525
1557990 527
1558000 527
1558010 530
1558020 532
1558030 532
1558040 535
1558050 537
1558060 537
1558070 540
1558080 542
1558090 542
1558100 544
1558110 546
1558120 546
1558130 549
1558140 551
1558150 551
1558160 553
1558170 555
1558180 558
1558190 558
1558200 560
1558210 562
1558220 562
1558230 565
1558240 567
1558250 567
1558260 569
1558270 571
1558280 571
1558290 574
1558300 576
1558310 576
1558320 577
1558330 579
1558340 579
1558350 580
1558360 581
1558370 581
1558380 582
1558390 584
1558400 584
1558410 586
1558420 587
1558430 587
1558440 588
1558450 589
1558460 589
1558470 591
1558480 592
1558490 592
1558500 594
1558510 596
1558520 596
1558530 598
1558540 599
1558550 599
1558560 600
1558570 601
1558580 601
1558590 602
1558600 602
1558610 602
1558620 603
1558630 604
1558640 604
1558650 602
1558660 598
1558670 598
1558680 588
1558690 585
1558700 585
1558710 587
1558720 589
1558730 589
1558740 593
1558750 597
1558760 597
1558770 600
1558780 602
1558790 602
1558800 603
1558810 604
1558820 604
1558830 605
1558840 606
1558850 606
1558860 607
1558870 609
1558880 609
1558890 610
1558900 612
1558910 615
1558920 615
1558930 618
1558940 622
1558950 622
1558960 627
1558970 633
1558980 633
1558990 637
1559000 640
1559010 640
1559020 644
1559030 648
1559040 648
1559050 651
1559060 653
1559070 653
1559080 655
1559090 658
1559100 658
1559110 660
1559120 663
1559130 663
1559140 665
1559150 668
1559160 668
1559170 670
1559180 672
1559190 672
1559200 674
1559210 676
1559220 676
1559230 677
1559240 679
1559250 679
1559260 680
1559270 681
1559280 681
1559290 684
1559300 687
1559310 687
1559320 691
1559330 695
1559340 695
1559350 699
1559360 702
1559370 702
1559380 705
1559390 708
1559400 708
1559410 712
1559420 714
1559430 714
1559440 717
1559450 719
1559460 719
1559470 721
1559480 723
1559490 723
1559500 725
1559510 726
1559520 726
1559530 728
1559540 730
1559550 730
1559560 734
1559570 738
1559580 738
1559590 742
1559600 747
1559610 747
1559620 752
1559630 757
1559640 757
1559650 761
1559660 765
1559670 769
1559680 769
1559690 773
1559700 776
1559710 776
1559720 778
1559730 779
1559740 779
1559750 781
1559760 783
1559770 783
1559780 785
1559790 786
1559800 786
1559810 788
1559820 790
1559830 790
1559840 792
1559850 795
1559860 795
1559870 797
1559880 798
1559890 798
1559900 800
1559910 802
1559920 802
1559930 804
1559940 806
1559950 806
1559960 808
1559970 810
1559980 810
1559990 811
