1540000 481
1540010 481
1540020 482
1540030 483
1540040 483
1540050 483
1540060 484
1540070 485
1540080 485
1540090 486
1540100 488
1540110 488
1540120 489
1540130 491
1540140 491
1540150 492
1540160 494
1540170 494
1540180 495
1540190 495
1540200 495
1540210 496
1540220 496
1540230 496
1540240 496
1540250 497
1540260 497
1540270 497
1540280 497
1540290 497
1540300 497
1540310 497
1540320 497
1540330 497
1540340 497
1540350 497
1540360 497
1540370 498
1540380 498
1540390 499
1540400 500
1540410 500
1540420 501
1540430 502
1540440 502
1540450 503
1540460 503
1540470 503
1540480 504
1540490 504
1540500 504
1540510 504
1540520 505
1540530 505
1540540 505
1540550 506
1540560 506
1540570 506
1540580 507
1540590 507
1540600 508
1540610 509
1540620 509
1540630 510
1540640 510
1540650 510
1540660 511
1540670 512
1540680 512
1540690 513
1540700 513
1540710 513
1540720 513
1540730 514
1540740 514
1540750 514
1540760 515
1540770 515
1540780 515
1540790 516
1540800 516
1540810 516
1540820 516
1540830 516
1540840 516
1540850 516
1540860 517
1540870 517
1540880 517
1540890 517
1540900 517
1540910 517
1540920 517
1540930 517
1540940 517
1540950 517
1540960 517
1540970 517
1540980 517
1540990 517
1541000 517
1541010 517
1541020 517
1541030 516
1541040 516
1541050 516
1541060 516
1541070 515
1541080 515
1541090 514
1541100 514
1541110 514
1541120 513
1541130 512
1541140 512
1541150 512
1541160 511
1541170 511
1541180 510
1541190 510
1541200 510
1541210 509
1541220 509
1541230 509
1541240 508
1541250 508
1541260 508
1541270 507
1541280 507
1541290 507
1541300 507
1541310 508
1541320 508
1541330 508
1541340 509
1541350 509
1541360 509
1541370 509
1541380 509
1541390 509
1541400 509
1541410 509
1541420 508
1541430 508
1541440 508
1541450 508
1541460 507
1541470 507
1541480 507
1541490 506
1541500 506
1541510 506
1541520 505
1541530 505
1541540 505
1541550 504
1541560 504
1541570 504
1541580 503
1541590 503
1541600 503
1541610 503
1541620 503
1541630 503
1541640 503
1541650 503
1541660 503
1541670 503
1541680 503
1541690 503
1541700 503
1541710 503
1541720 503
1541730 503
1541740 503
1541750 503
1541760 502
1541770 502
1541780 502
1541790 501
1541800 501
1541810 501
1541820 500
1541830 499
1541840 499
1541850 499
1541860 498
1541870 498
1541880 497
1541890 496
1541900 496
1541910 496
1541920 496
1541930 496
1541940 495
1541950 495
1541960 495
1541970 495
1541980 495
1541990 495
1542000 494
1542010 494
1542020 494
1542030 493
1542040 493
1542050 493
1542060 492
1542070 491
1542080 491
1542090 491
1542100 490
1542110 490
1542120 491
1542130 492
1542140 492
1542150 493
1542160 493
1542170 493
1542180 494
1542190 494
1542200 494
1542210 494
1542220 495
1542230 495
1542240 495
1542250 495
1542260 495
1542270 496
1542280 496
1542290 496
1542300 497
1542310 498
1542320 498
1542330 499
1542340 500
1542350 500
1542360 501
1542370 501
1542380 501
1542390 502
1542400 503
1542410 503
1542420 503
1542430 503
1542440 503
1542450 503
1542460 504
1542470 504
1542480 504
1542490 504
1542500 504
1542510 504
1542520 504
1542530 504
1542540 504
1542550 504
1542560 504
1542570 504
1542580 504
1542590 503
1542600 503
1542610 503
1542620 503
1542630 503
1542640 503
1542650 503
1542660 503
1542670 502
1542680 501
1542690 501
1542700 500
1542710 499
1542720 499
1542730 499
1542740 498
1542750 498
1542760 498
1542770 498
1542780 498
1542790 497
1542800 497
1542810 497
1542820 496
1542830 495
1542840 495
1542850 495
1542860 495
1542870 495
1542880 496
1542890 498
1542900 498
1542910 499
1542920 499
1542930 499
1542940 500
1542950 500
1542960 500
1542970 501
1542980 501
1542990 501
1543000 501
1543010 500
1543020 500
1543030 500
1543040 500
1543050 500
1543060 500
1543070 499
1543080 499
1543090 499
1543100 499
1543110 499
1543120 498
1543130 498
1543140 498
1543150 498
1543160 498
1543170 498
1543180 498
1543190 499
1543200 500
1543210 500
1543220 501
1543230 502
1543240 502
1543250 503
1543260 503
1543270 503
1543280 504
1543290 504
1543300 504
1543310 505
1543320 505
1543330 505
1543340 506
1543350 506
1543360 506
1543370 506
1543380 507
1543390 507
1543400 507
1543410 508
1543420 508
1543430 508
1543440 508
1543450 508
1543460 509
1543470 509
1543480 509
1543490 509
1543500 509
1543510 509
1543520 508
1543530 507
1543540 507
1543550 507
1543560 506
1543570 506
1543580 506
1543590 507
1543600 507
1543610 507
1543620 507
1543630 507
1543640 508
1543650 508
1543660 508
1543670 509
1543680 510
1543690 510
1543700 510
1543710 511
1543720 511
1543730 512
1543740 512
1543750 512
1543760 513
1543770 514
1543780 514
1543790 514
1543800 515
1543810 515
1543820 516
1543830 517
1543840 517
1543850 517
1543860 518
1543870 518
1543880 519
1543890 520
1543900 520
1543910 521
1543920 521
1543930 521
1543940 522
1543950 523
1543960 523
1543970 523
1543980 524
1543990 525
1544000 525
1544010 525
1544020 526
1544030 526
1544040 527
1544050 527
1544060 527
1544070 528
1544080 528
1544090 528
1544100 529
1544110 529
1544120 529
1544130 530
1544140 531
1544150 531
1544160 531
1544170 532
1544180 532
1544190 533
1544200 534
1544210 534
1544220 534
1544230 535
1544240 535
1544250 536
1544260 537
1544270 537
1544280 538
1544290 538
1544300 538
1544310 539
1544320 540
1544330 540
1544340 541
1544350 541
1544360 541
1544370 542
1544380 543
1544390 543
1544400 543
1544410 544
1544420 544
1544430 545
1544440 545
1544450 545
1544460 546
1544470 546
1544480 546
1544490 547
1544500 547
1544510 547
1544520 547
1544530 548
1544540 548
1544550 548
1544560 548
1544570 548
1544580 548
1544590 548
1544600 548
1544610 548
1544620 548
1544630 548
1544640 547
1544650 547
1544660 547
1544670 546
1544680 546
1544690 546
1544700 545
1544710 545
1544720 545
1544730 543
1544740 542
1544750 539
1544760 539
1544770 536
1544780 532
1544790 532
1544800 530
1544810 528
1544820 528
1544830 527
1544840 526
1544850 526
1544860 525
1544870 524
1544880 524
1544890 523
1544900 522
1544910 522
1544920 521
1544930 520
1544940 520
1544950 519
1544960 518
1544970 518
1544980 518
1544990 517
1545000 517
1545010 514
1545020 508
1545030 508
1545040 501
1545050 497
1545060 497
1545070 496
1545080 497
1545090 497
1545100 497
1545110 497
1545120 497
1545130 497
1545140 497
1545150 497
1545160 497
1545170 498
1545180 498
1545190 498
1545200 498
1545210 498
1545220 498
1545230 500
1545240 500
1545250 501
1545260 504
1545270 504
1545280 508
1545290 512
1545300 512
1545310 515
1545320 518
1545330 518
1545340 522
1545350 525
1545360 525
1545370 528
1545380 532
1545390 532
1545400 535
1545410 539
1545420 539
1545430 543
1545440 546
1545450 546
1545460 549
1545470 552
1545480 552
1545490 555
1545500 557
1545510 557
1545520 559
1545530 561
1545540 562
1545550 562
1545560 563
1545570 564
1545580 564
1545590 565
1545600 567
1545610 567
1545620 568
1545630 570
1545640 570
1545650 571
1545660 573
1545670 573
1545680 574
1545690 578
1545700 578
1545710 580
1545720 581
1545730 581
1545740 582
1545750 583
1545760 583
1545770 585
1545780 585
1545790 585
1545800 586
1545810 587
1545820 587
1545830 589
1545840 590
1545850 590
1545860 590
1545870 591
1545880 591
1545890 591
1545900 592
1545910 592
1545920 592
1545930 593
1545940 593
1545950 595
1545960 596
1545970 596
1545980 598
1545990 599
1546000 599
1546010 600
1546020 602
1546030 602
1546040 604
1546050 605
1546060 605
1546070 605
1546080 605
1546090 605
1546100 604
1546110 604
1546120 604
1546130 604
1546140 604
1546150 604
1546160 605
1546170 606
1546180 606
1546190 608
1546200 609
1546210 609
1546220 610
1546230 611
1546240 611
1546250 612
1546260 613
1546270 613
1546280 613
1546290 613
1546300 613
1546310 613
1546320 615
1546330 616
1546340 616
1546350 617
1546360 618
1546370 618
1546380 617
1546390 617
1546400 617
1546410 619
1546420 620
1546430 620
1546440 621
1546450 622
1546460 622
1546470 622
1546480 623
1546490 623
1546500 625
1546510 626
1546520 626
1546530 627
1546540 628
1546550 628
1546560 628
1546570 629
1546580 629
1546590 630
1546600 631
1546610 631
1546620 632
1546630 633
1546640 633
1546650 635
1546660 636
1546670 636
1546680 637
1546690 638
1546700 638
1546710 639
1546720 640
1546730 640
1546740 642
1546750 644
1546760 644
1546770 644
1546780 645
1546790 645
1546800 647
1546810 648
1546820 648
1546830 649
1546840 651
1546850 651
1546860 653
1546870 655
1546880 655
1546890 657
1546900 659
1546910 659
1546920 661
1546930 663
1546940 663
1546950 665
1546960 667
1546970 667
1546980 668
1546990 670
1547000 670
1547010 672
1547020 674
1547030 674
1547040 675
1547050 677
1547060 677
1547070 679
1547080 681
1547090 681
1547100 682
1547110 684
1547120 685
1547130 685
1547140 686
1547150 687
1547160 687
1547170 688
1547180 689
1547190 689
1547200 689
1547210 688
1547220 688
1547230 688
1547240 687
1547250 687
1547260 687
1547270 686
1547280 686
1547290 685
1547300 684
1547310 684
1547320 682
1547330 681
1547340 681
1547350 679
1547360 677
1547370 677
1547380 675
1547390 672
1547400 672
1547410 667
1547420 662
1547430 662
1547440 657
1547450 651
1547460 651
1547470 646
1547480 641
1547490 641
1547500 636
1547510 632
1547520 632
1547530 629
1547540 627
1547550 627
1547560 624
1547570 622
1547580 622
1547590 620
1547600 618
1547610 618
1547620 615
1547630 616
1547640 616
1547650 616
1547660 615
1547670 615
1547680 614
1547690 615
1547700 615
1547710 613
1547720 611
1547730 611
1547740 615
1547750 615
1547760 612
1547770 613
1547780 613
1547790 613
1547800 612
1547810 612
1547820 612
1547830 612
1547840 610
1547850 610
1547860 608
1547870 607
1547880 607
1547890 609
1547900 609
1547910 608
1547920 608
1547930 607
1547940 606
1547950 606
1547960 604
1547970 604
1547980 604
1547990 603
1548000 602
1548010 602
1548020 600
1548030 598
1548040 598
1548050 596
1548060 595
1548070 595
1548080 594
1548090 592
1548100 592
1548110 590
1548120 588
1548130 588
1548140 587
1548150 586
1548160 586
1548170 585
1548180 584
1548190 584
1548200 583
1548210 583
1548220 583
1548230 584
1548240 584
1548250 584
1548260 584
1548270 584
1548280 584
1548290 584
1548300 584
1548310 584
1548320 583
1548330 582
1548340 582
1548350 582
1548360 581
1548370 581
1548380 581
1548390 580
1548400 580
1548410 580
1548420 580
1548430 580
1548440 580
1548450 579
1548460 579
1548470 578
1548480 578
1548490 578
1548500 578
1548510 577
1548520 577
1548530 577
1548540 576
1548550 576
1548560 575
1548570 574
1548580 574
1548590 573
1548600 572
1548610 572
1548620 572
1548630 572
1548640 572
1548650 571
1548660 570
1548670 570
1548680 570
1548690 570
1548700 569
1548710 569
1548720 569
1548730 569
1548740 569
1548750 569
1548760 568
1548770 568
1548780 568
1548790 567
1548800 567
1548810 567
1548820 566
1548830 566
1548840 565
1548850 564
1548860 564
1548870 564
1548880 563
1548890 563
1548900 562
1548910 562
1548920 562
1548930 562
1548940 561
1548950 561
1548960 560
1548970 559
1548980 559
1548990 558
1549000 558
1549010 558
1549020 558
1549030 558
1549040 558
1549050 557
1549060 557
1549070 557
1549080 556
1549090 556
1549100 556
1549110 555
1549120 554
1549130 554
1549140 553
1549150 552
1549160 552
1549170 552
1549180 551
1549190 551
1549200 550
1549210 549
1549220 549
1549230 548
1549240 546
1549250 546
1549260 544
1549270 542
1549280 542
1549290 540
1549300 538
1549310 538
1549320 536
1549330 535
1549340 535
1549350 533
1549360 532
1549370 532
1549380 531
1549390 529
1549400 529
1549410 528
1549420 527
1549430 527
1549440 527
1549450 526
1549460 526
1549470 524
1549480 523
1549490 520
1549500 520
1549510 518
1549520 518
1549530 518
1549540 518
1549550 517
1549560 517
1549570 515
1549580 514
1549590 514
1549600 512
1549610 510
1549620 510
1549630 510
1549640 508
1549650 508
1549660 506
1549670 504
1549680 504
1549690 502
1549700 501
1549710 501
1549720 499
1549730 498
1549740 498
1549750 499
1549760 498
1549770 501
1549780 500
1549790 500
1549800 500
1549810 499
1549820 495
1549830 495
1549840 490
1549850 488
1549860 488
1549870 487
1549880 488
1549890 488
1549900 488
1549910 488
1549920 488
1549930 487
1549940 487
1549950 487
1549960 487
1549970 487
1549980 487
1549990 488
1550000 489
1550010 489
1550020 490
1550030 491
1550040 491
1550050 493
1550060 495
1550070 495
1550080 497
1550090 500
1550100 500
1550110 502
1550120 504
1550130 504
1550140 506
1550150 509
1550160 509
1550170 511
1550180 513
1550190 513
1550200 514
1550210 515
1550220 515
1550230 516
1550240 516
1550250 516
1550260 518
1550270 519
1550280 519
1550290 519
1550300 521
1550310 521
1550320 521
1550330 522
1550340 521
1550350 521
1550360 522
1550370 523
1550380 523
1550390 524
1550400 524
1550410 524
1550420 525
1550430 525
1550440 525
1550450 525
1550460 525
1550470 525
1550480 525
1550490 525
1550500 525
1550510 525
1550520 526
1550530 526
1550540 526
1550550 526
1550560 526
1550570 524
1550580 523
1550590 523
1550600 524
1550610 525
1550620 525
1550630 525
1550640 525
1550650 525
1550660 525
1550670 524
1550680 524
1550690 523
1550700 524
1550710 524
1550720 524
1550730 524
1550740 524
1550750 523
1550760 523
1550770 523
1550780 522
1550790 521
1550800 521
1550810 519
1550820 516
1550830 516
1550840 513
1550850 511
1550860 511
1550870 509
1550880 511
1550890 511
1550900 514
1550910 516
1550920 516
1550930 518
1550940 519
1550950 519
1550960 520
1550970 522
1550980 522
1550990 524
1551000 526
1551010 526
1551020 527
1551030 528
1551040 528
1551050 529
1551060 530
1551070 531
1551080 531
1551090 532
1551100 533
1551110 533
1551120 534
1551130 534
1551140 534
1551150 535
1551160 536
1551170 536
1551180 537
1551190 538
1551200 538
1551210 538
1551220 539
1551230 539
1551240 539
1551250 540
1551260 540
1551270 540
1551280 541
1551290 541
1551300 542
1551310 542
1551320 542
1551330 542
1551340 542
1551350 542
1551360 543
1551370 544
1551380 544
1551390 544
1551400 544
1551410 544
1551420 544
1551430 545
1551440 545
1551450 544
1551460 544
1551470 544
1551480 545
1551490 545
1551500 545
1551510 544
1551520 544
1551530 544
1551540 546
1551550 545
1551560 545
1551570 543
1551580 542
1551590 542
1551600 544
1551610 544
1551620 544
1551630 544
1551640 544
1551650 544
1551660 543
1551670 543
1551680 543
1551690 542
1551700 542
1551710 540
1551720 540
1551730 540
1551740 540
1551750 540
1551760 539
1551770 539
1551780 539
1551790 538
1551800 538
1551810 537
1551820 536
1551830 535
1551840 535
1551850 532
1551860 530
1551870 530
1551880 529
1551890 528
1551900 528
1551910 525
1551920 525
1551930 525
1551940 526
1551950 527
1551960 527
1551970 528
1551980 528
1551990 528
1552000 529
1552010 529
1552020 529
1552030 529
1552040 530
1552050 530
1552060 530
1552070 530
1552080 530
1552090 530
1552100 530
1552110 530
1552120 529
1552130 527
1552140 527
1552150 524
1552160 523
1552170 523
1552180 524
1552190 525
1552200 525
1552210 527
1552220 527
1552230 527
1552240 526
1552250 526
1552260 526
1552270 526
1552280 526
1552290 526
1552300 526
1552310 526
1552320 526
1552330 526
1552340 526
1552350 526
1552360 526
1552370 527
1552380 527
1552390 527
1552400 528
1552410 528
1552420 528
1552430 530
1552440 530
1552450 530
1552460 530
1552470 530
1552480 530
1552490 531
1552500 531
1552510 532
1552520 532
1552530 532
1552540 533
1552550 533
1552560 533
1552570 533
1552580 532
1552590 532
1552600 533
1552610 535
1552620 536
1552630 536
1552640 538
1552650 540
1552660 540
1552670 543
1552680 544
1552690 544
1552700 544
1552710 546
1552720 546
1552730 547
1552740 547
1552750 547
1552760 547
1552770 548
1552780 548
1552790 549
1552800 551
1552810 551
1552820 553
1552830 555
1552840 555
1552850 556
1552860 556
1552870 556
1552880 556
1552890 557
1552900 557
1552910 558
1552920 560
1552930 560
1552940 563
1552950 565
1552960 565
1552970 566
1552980 566
1552990 566
1553000 568
1553010 571
1553020 571
1553030 573
1553040 575
1553050 575
1553060 577
1553070 579
1553080 579
1553090 581
1553100 583
1553110 583
1553120 585
1553130 587
1553140 587
1553150 588
1553160 590
1553170 590
1553180 592
1553190 593
1553200 593
1553210 595
1553220 596
1553230 596
1553240 597
1553250 598
1553260 598
1553270 599
1553280 601
1553290 601
1553300 602
1553310 604
1553320 604
1553330 605
1553340 607
1553350 607
1553360 608
1553370 608
1553380 608
1553390 609
1553400 609
1553410 609
1553420 609
1553430 611
1553440 613
1553450 613
1553460 614
1553470 615
1553480 615
1553490 616
1553500 616
1553510 616
1553520 617
1553530 618
1553540 618
1553550 619
1553560 618
1553570 618
1553580 616
1553590 615
1553600 611
1553610 613
1553620 615
1553630 615
1553640 615
1553650 613
1553660 613
1553670 614
1553680 617
1553690 617
1553700 618
1553710 618
1553720 618
1553730 619
1553740 620
1553750 620
1553760 620
1553770 621
1553780 621
1553790 622
1553800 623
1553810 623
1553820 624
1553830 625
1553840 625
1553850 626
1553860 626
1553870 626
1553880 625
1553890 626
1553900 626
1553910 627
1553920 628
1553930 628
1553940 629
1553950 630
1553960 630
1553970 631
1553980 630
1553990 630
1554000 630
1554010 632
1554020 632
1554030 633
1554040 633
1554050 633
1554060 633
1554070 634
1554080 634
1554090 634
1554100 636
1554110 636
1554120 637
1554130 637
1554140 637
1554150 638
1554160 638
1554170 638
1554180 639
1554190 640
1554200 640
1554210 640
1554220 641
1554230 641
1554240 641
1554250 642
1554260 642
1554270 642
1554280 644
1554290 645
1554300 645
1554310 646
1554320 646
1554330 646
1554340 647
1554350 648
1554360 648
1554370 649
1554380 650
1554390 650
1554400 650
1554410 651
1554420 651
1554430 652
1554440 652
1554450 652
1554460 653
1554470 654
1554480 654
1554490 654
1554500 655
1554510 655
1554520 656
1554530 657
1554540 657
1554550 658
1554560 658
1554570 658
1554580 659
1554590 660
1554600 660
1554610 661
1554620 662
1554630 662
1554640 662
1554650 663
1554660 663
1554670 663
1554680 663
1554690 663
1554700 663
1554710 663
1554720 663
1554730 663
1554740 662
1554750 662
1554760 661
1554770 661
1554780 661
1554790 660
1554800 659
1554810 659
1554820 658
1554830 657
1554840 657
1554850 656
1554860 655
1554870 655
1554880 654
1554890 652
1554900 652
1554910 651
1554920 649
1554930 649
1554940 647
1554950 643
1554960 643
1554970 640
1554980 636
1554990 633
1555000 633
1555010 630
1555020 627
1555030 627
1555040 624
1555050 621
1555060 621
1555070 619
1555080 616
1555090 616
1555100 613
1555110 610
1555120 610
1555130 606
1555140 603
1555150 603
1555160 600
1555170 598
1555180 598
1555190 596
1555200 594
1555210 594
1555220 592
1555230 591
1555240 591
1555250 590
1555260 588
1555270 588
1555280 588
1555290 588
1555300 588
1555310 586
1555320 583
1555330 583
1555340 582
1555350 582
1555360 582
1555370 582
1555380 581
1555390 581
1555400 581
1555410 580
1555420 580
1555430 580
1555440 577
1555450 577
1555460 576
1555470 576
1555480 576
1555490 575
1555500 574
1555510 574
1555520 573
1555530 572
1555540 572
1555550 572
1555560 570
1555570 570
1555580 569
1555590 568
1555600 568
1555610 566
1555620 564
1555630 564
1555640 561
1555650 556
1555660 556
1555670 550
1555680 544
1555690 544
1555700 539
1555710 532
1555720 532
1555730 527
1555740 527
1555750 527
1555760 531
1555770 534
1555780 535
1555790 535
1555800 536
1555810 537
1555820 537
1555830 538
1555840 538
1555850 538
1555860 539
1555870 540
1555880 540
1555890 540
1555900 541
1555910 541
1555920 542
1555930 543
1555940 543
1555950 543
1555960 544
1555970 544
1555980 544
1555990 543
1556000 543
1556010 542
1556020 542
1556030 542
1556040 542
1556050 542
1556060 542
1556070 542
1556080 542
1556090 542
1556100 541
1556110 540
1556120 540
1556130 539
1556140 538
1556150 538
1556160 537
1556170 536
1556180 536
1556190 535
1556200 533
1556210 533
1556220 530
1556230 527
1556240 527
1556250 524
1556260 521
1556270 521
1556280 518
1556290 515
1556300 515
1556310 512
1556320 510
1556330 510
1556340 507
1556350 504
1556360 504
1556370 499
1556380 494
1556390 494
1556400 492
1556410 490
1556420 490
1556430 488
1556440 486
1556450 486
1556460 485
1556470 483
1556480 483
1556490 481
1556500 480
1556510 480
1556520 479
1556530 478
1556540 478
1556550 477
1556560 477
1556570 477
1556580 477
1556590 476
1556600 476
1556610 476
1556620 476
1556630 476
1556640 476
1556650 476
1556660 476
1556670 476
1556680 474
1556690 472
1556700 472
1556710 470
1556720 468
1556730 468
1556740 468
1556750 468
1556760 468
1556770 468
1556780 468
1556790 468
1556800 467
1556810 467
1556820 467
1556830 467
1556840 466
1556850 466
1556860 466
1556870 466
1556880 466
1556890 465
1556900 465
1556910 465
1556920 465
1556930 464
1556940 464
1556950 464
1556960 460
1556970 460
1556980 455
1556990 452
1557000 452
1557010 452
1557020 451
1557030 451
1557040 451
1557050 451
1557060 451
1557070 451
1557080 451
1557090 451
1557100 451
1557110 450
1557120 450
1557130 450
1557140 450
1557150 450
1557160 450
1557170 450
1557180 450
1557190 450
1557200 450
1557210 450
1557220 450
1557230 451
1557240 450
1557250 450
1557260 450
1557270 450
1557280 450
1557290 450
1557300 450
1557310 450
1557320 450
1557330 450
1557340 450
1557350 450
1557360 450
1557370 450
1557380 450
1557390 450
1557400 450
1557410 451
1557420 451
1557430 451
1557440 451
1557450 451
1557460 451
1557470 450
1557480 450
1557490 450
1557500 450
1557510 450
1557520 450
1557530 451
1557540 451
1557550 451
1557560 451
1557570 451
1557580 451
1557590 451
1557600 451
1557610 451
1557620 451
1557630 452
1557640 452
1557650 451
1557660 451
1557670 451
1557680 451
1557690 451
1557700 451
1557710 450
1557720 450
1557730 450
1557740 451
1557750 451
1557760 451
1557770 450
1557780 450
1557790 450
1557800 450
1557810 450
1557820 450
1557830 450
1557840 450
1557850 450
1557860 450
1557870 450
1557880 450
1557890 450
1557900 450
1557910 450
1557920 450
1557930 453
1557940 453
1557950 459
1557960 465
1557970 465
1557980 466
1557990 466
1558000 466
1558010 466
1558020 466
1558030 466
1558040 466
1558050 466
1558060 466
1558070 466
1558080 466
1558090 466
1558100 466
1558110 466
1558120 466
1558130 466
1558140 466
1558150 466
1558160 466
1558170 466
1558180 466
1558190 466
1558200 466
1558210 466
1558220 466
1558230 467
1558240 468
1558250 468
1558260 471
1558270 475
1558280 475
1558290 477
1558300 477
1558310 477
1558320 478
1558330 478
1558340 478
1558350 478
1558360 478
1558370 478
1558380 478
1558390 477
1558400 477
1558410 477
1558420 477
1558430 477
1558440 477
1558450 477
1558460 477
1558470 477
1558480 477
1558490 477
1558500 477
1558510 477
1558520 477
1558530 477
1558540 477
1558550 477
1558560 478
1558570 478
1558580 478
1558590 478
1558600 479
1558610 479
1558620 480
1558630 481
1558640 481
1558650 482
1558660 485
1558670 485
1558680 487
1558690 489
1558700 489
1558710 491
1558720 493
1558730 493
1558740 493
1558750 494
1558760 494
1558770 494
1558780 493
1558790 493
1558800 492
1558810 494
1558820 494
1558830 495
1558840 495
1558850 495
1558860 495
1558870 495
1558880 495
1558890 495
1558900 495
1558910 495
1558920 494
1558930 494
1558940 493
1558950 493
1558960 493
1558970 493
1558980 493
1558990 492
1559000 492
1559010 492
1559020 492
1559030 492
1559040 492
1559050 492
1559060 493
1559070 493
1559080 493
1559090 494
1559100 494
1559110 494
1559120 495
1559130 495
1559140 496
1559150 497
1559160 497
1559170 498
1559180 499
1559190 499
1559200 500
1559210 501
1559220 501
1559230 502
1559240 502
1559250 502
1559260 503
1559270 503
1559280 503
1559290 503
1559300 504
1559310 504
1559320 504
1559330 504
1559340 504
1559350 504
1559360 504
1559370 504
1559380 503
1559390 503
1559400 503
1559410 503
1559420 502
1559430 502
1559440 501
1559450 499
1559460 499
1559470 497
1559480 494
1559490 494
1559500 492
1559510 490
1559520 490
1559530 489
1559540 488
1559550 488
1559560 488
1559570 488
1559580 488
1559590 487
1559600 486
1559610 486
1559620 487
1559630 487
1559640 487
1559650 488
1559660 489
1559670 489
1559680 490
1559690 490
1559700 490
1559710 491
1559720 491
1559730 491
1559740 491
1559750 492
1559760 492
1559770 492
1559780 492
1559790 492
1559800 492
1559810 492
1559820 492
1559830 492
1559840 492
1559850 492
1559860 492
1559870 492
1559880 492
1559890 492
1559900 492
1559910 492
1559920 492
1559930 492
1559940 492
1559950 492
1559960 492
1559970 492
1559980 492
1559990 492
