1540000 481
1540010 481
1540020 481
1540030 481
1540040 481
1540050 481
1540060 480
1540070 480
1540080 480
1540090 480
1540100 480
1540110 480
1540120 480
1540130 480
1540140 480
1540150 480
1540160 480
1540170 480
1540180 480
1540190 480
1540200 480
1540210 480
1540220 480
1540230 480
1540240 480
1540250 480
1540260 479
1540270 479
1540280 479
1540290 479
1540300 479
1540310 479
1540320 479
1540330 479
1540340 479
1540350 479
1540360 479
1540370 479
1540380 479
1540390 479
1540400 479
1540410 479
1540420 479
1540430 479
1540440 480
1540450 480
1540460 480
1540470 480
1540480 481
1540490 481
1540500 481
1540510 482
1540520 482
1540530 483
1540540 484
1540550 484
1540560 485
1540570 485
1540580 485
1540590 486
1540600 487
1540610 487
1540620 487
1540630 488
1540640 488
1540650 488
1540660 488
1540670 488
1540680 487
1540690 487
1540700 487
1540710 487
1540720 486
1540730 486
1540740 486
1540750 486
1540760 486
1540770 486
1540780 486
1540790 486
1540800 486
1540810 486
1540820 486
1540830 486
1540840 487
1540850 487
1540860 487
1540870 487
1540880 488
1540890 488
1540900 488
1540910 488
1540920 488
1540930 489
1540940 489
1540950 489
1540960 489
1540970 490
1540980 490
1540990 490
1541000 490
1541010 490
1541020 491
1541030 491
1541040 491
1541050 491
1541060 492
1541070 492
1541080 492
1541090 492
1541100 492
1541110 492
1541120 492
1541130 492
1541140 492
1541150 493
1541160 493
1541170 493
1541180 493
1541190 493
1541200 493
1541210 493
1541220 493
1541230 493
1541240 493
1541250 493
1541260 493
1541270 494
1541280 494
1541290 494
1541300 494
1541310 494
1541320 494
1541330 494
1541340 494
1541350 494
1541360 494
1541370 494
1541380 494
1541390 493
1541400 493
1541410 493
1541420 493
1541430 493
1541440 492
1541450 492
1541460 492
1541470 492
1541480 492
1541490 492
1541500 492
1541510 492
1541520 492
1541530 492
1541540 492
1541550 492
1541560 492
1541570 492
1541580 492
1541590 492
1541600 492
1541610 492
1541620 492
1541630 492
1541640 493
1541650 493
1541660 493
1541670 493
1541680 493
1541690 493
1541700 493
1541710 493
1541720 493
1541730 494
1541740 494
1541750 494
1541760 494
1541770 494
1541780 494
1541790 493
1541800 493
1541810 493
1541820 493
1541830 493
1541840 492
1541850 491
1541860 491
1541870 491
1541880 490
1541890 490
1541900 489
1541910 489
1541920 489
1541930 488
1541940 487
1541950 487
1541960 487
1541970 487
1541980 487
1541990 486
1542000 486
1542010 486
1542020 486
1542030 486
1542040 486
1542050 486
1542060 486
1542070 486
1542080 486
1542090 486
1542100 486
1542110 486
1542120 486
1542130 486
1542140 487
1542150 487
1542160 487
1542170 488
1542180 489
1542190 489
1542200 489
1542210 490
1542220 490
1542230 490
1542240 490
1542250 490
1542260 491
1542270 491
1542280 491
1542290 491
1542300 492
1542310 492
1542320 492
1542330 492
1542340 492
1542350 493
1542360 494
1542370 494
1542380 495
1542390 496
1542400 496
1542410 496
1542420 497
1542430 496
1542440 496
1542450 497
1542460 497
1542470 497
1542480 497
1542490 498
1542500 498
1542510 498
1542520 498
1542530 498
1542540 498
1542550 498
1542560 498
1542570 497
1542580 497
1542590 497
1542600 497
1542610 496
1542620 496
1542630 496
1542640 495
1542650 495
1542660 494
1542670 493
1542680 493
1542690 492
1542700 491
1542710 491
1542720 491
1542730 490
1542740 490
1542750 490
1542760 489
1542770 489
1542780 489
1542790 488
1542800 488
1542810 488
1542820 487
1542830 487
1542840 487
1542850 487
1542860 487
1542870 488
1542880 489
1542890 489
1542900 490
1542910 491
1542920 491
1542930 491
1542940 492
1542950 492
1542960 493
1542970 493
1542980 493
1542990 494
1543000 494
1543010 494
1543020 494
1543030 494
1543040 494
1543050 494
1543060 495
1543070 495
1543080 495
1543090 495
1543100 495
1543110 495
1543120 495
1543130 495
1543140 495
1543150 494
1543160 494
1543170 494
1543180 494
1543190 494
1543200 493
1543210 493
1543220 493
1543230 493
1543240 493
1543250 492
1543260 492
1543270 492
1543280 492
1543290 492
1543300 492
1543310 492
1543320 492
1543330 492
1543340 492
1543350 492
1543360 492
1543370 492
1543380 492
1543390 492
1543400 493
1543410 493
1543420 493
1543430 493
1543440 493
1543450 493
1543460 493
1543470 493
1543480 493
1543490 493
1543500 493
1543510 493
1543520 493
1543530 493
1543540 493
1543550 493
1543560 493
1543570 494
1543580 494
1543590 494
1543600 494
1543610 494
1543620 494
1543630 494
1543640 495
1543650 495
1543660 495
1543670 495
1543680 495
1543690 495
1543700 496
1543710 496
1543720 496
1543730 496
1543740 496
1543750 497
1543760 497
1543770 497
1543780 497
1543790 497
1543800 497
1543810 497
1543820 498
1543830 498
1543840 498
1543850 498
1543860 498
1543870 499
1543880 499
1543890 499
1543900 500
1543910 500
1543920 500
1543930 501
1543940 501
1543950 501
1543960 502
1543970 502
1543980 502
1543990 503
1544000 504
1544010 504
1544020 504
1544030 505
1544040 506
1544050 506
1544060 508
1544070 509
1544080 509
1544090 510
1544100 511
1544110 511
1544120 511
1544130 512
1544140 512
1544150 513
1544160 514
1544170 514
1544180 515
1544190 516
1544200 516
1544210 517
1544220 517
1544230 517
1544240 518
1544250 518
1544260 518
1544270 519
1544280 520
1544290 520
1544300 520
1544310 521
1544320 521
1544330 521
1544340 522
1544350 522
1544360 522
1544370 522
1544380 522
1544390 523
1544400 523
1544410 523
1544420 524
1544430 524
1544440 524
1544450 525
1544460 525
1544470 525
1544480 526
1544490 526
1544500 526
1544510 527
1544520 528
1544530 528
1544540 528
1544550 529
1544560 529
1544570 530
1544580 530
1544590 530
1544600 531
1544610 532
1544620 532
1544630 532
1544640 532
1544650 532
1544660 533
1544670 534
1544680 534
1544690 535
1544700 535
1544710 535
1544720 536
1544730 537
1544740 537
1544750 537
1544760 538
1544770 538
1544780 538
1544790 539
1544800 539
1544810 539
1544820 539
1544830 539
1544840 539
1544850 539
1544860 539
1544870 539
1544880 538
1544890 538
1544900 538
1544910 537
1544920 536
1544930 536
1544940 533
1544950 530
1544960 530
1544970 527
1544980 524
1544990 524
1545000 522
1545010 521
1545020 521
1545030 519
1545040 518
1545050 518
1545060 516
1545070 514
1545080 514
1545090 512
1545100 509
1545110 509
1545120 506
1545130 502
1545140 502
1545150 497
1545160 493
1545170 493
1545180 491
1545190 490
1545200 490
1545210 490
1545220 490
1545230 490
1545240 490
1545250 489
1545260 489
1545270 488
1545280 487
1545290 487
1545300 488
1545310 490
1545320 490
1545330 490
1545340 490
1545350 490
1545360 490
1545370 490
1545380 490
1545390 490
1545400 491
1545410 491
1545420 492
1545430 493
1545440 493
1545450 493
1545460 494
1545470 494
1545480 494
1545490 495
1545500 495
1545510 496
1545520 496
1545530 496
1545540 498
1545550 499
1545560 499
1545570 501
1545580 504
1545590 504
1545600 506
1545610 508
1545620 510
1545630 510
1545640 511
1545650 512
1545660 512
1545670 513
1545680 516
1545690 516
1545700 518
1545710 520
1545720 520
1545730 521
1545740 524
1545750 524
1545760 526
1545770 528
1545780 528
1545790 530
1545800 532
1545810 532
1545820 534
1545830 536
1545840 536
1545850 537
1545860 539
1545870 539
1545880 540
1545890 541
1545900 541
1545910 543
1545920 544
1545930 544
1545940 545
1545950 546
1545960 546
1545970 546
1545980 547
1545990 547
1546000 548
1546010 548
1546020 548
1546030 547
1546040 547
1546050 547
1546060 549
1546070 551
1546080 551
1546090 551
1546100 552
1546110 552
1546120 552
1546130 552
1546140 552
1546150 551
1546160 551
1546170 551
1546180 553
1546190 553
1546200 553
1546210 553
1546220 552
1546230 552
1546240 550
1546250 551
1546260 551
1546270 552
1546280 552
1546290 552
1546300 551
1546310 551
1546320 551
1546330 552
1546340 554
1546350 554
1546360 554
1546370 555
1546380 555
1546390 558
1546400 560
1546410 561
1546420 561
1546430 562
1546440 564
1546450 564
1546460 567
1546470 568
1546480 568
1546490 569
1546500 571
1546510 571
1546520 574
1546530 577
1546540 577
1546550 579
1546560 582
1546570 582
1546580 584
1546590 587
1546600 587
1546610 589
1546620 591
1546630 591
1546640 593
1546650 595
1546660 595
1546670 597
1546680 599
1546690 599
1546700 601
1546710 603
1546720 603
1546730 606
1546740 607
1546750 607
1546760 609
1546770 610
1546780 610
1546790 611
1546800 613
1546810 613
1546820 614
1546830 616
1546840 616
1546850 617
1546860 618
1546870 618
1546880 619
1546890 621
1546900 621
1546910 623
1546920 625
1546930 625
1546940 627
1546950 630
1546960 630
1546970 632
1546980 634
1546990 634
1547000 635
1547010 637
1547020 637
1547030 639
1547040 640
1547050 640
1547060 642
1547070 645
1547080 645
1547090 647
1547100 649
1547110 649
1547120 651
1547130 653
1547140 653
1547150 654
1547160 655
1547170 655
1547180 656
1547190 656
1547200 657
1547210 657
1547220 657
1547230 657
1547240 657
1547250 657
1547260 657
1547270 657
1547280 656
1547290 656
1547300 656
1547310 655
1547320 655
1547330 655
1547340 654
1547350 653
1547360 653
1547370 652
1547380 651
1547390 651
1547400 650
1547410 649
1547420 649
1547430 648
1547440 646
1547450 646
1547460 645
1547470 644
1547480 644
1547490 643
1547500 642
1547510 642
1547520 641
1547530 640
1547540 640
1547550 639
1547560 637
1547570 637
1547580 636
1547590 635
1547600 635
1547610 633
1547620 632
1547630 632
1547640 631
1547650 630
1547660 630
1547670 628
1547680 626
1547690 626
1547700 624
1547710 622
1547720 622
1547730 621
1547740 620
1547750 620
1547760 621
1547770 620
1547780 620
1547790 619
1547800 618
1547810 618
1547820 616
1547830 615
1547840 615
1547850 614
1547860 614
1547870 614
1547880 613
1547890 612
1547900 612
1547910 611
1547920 610
1547930 610
1547940 610
1547950 609
1547960 609
1547970 608
1547980 607
1547990 607
1548000 607
1548010 606
1548020 606
1548030 606
1548040 606
1548050 606
1548060 606
1548070 606
1548080 605
1548090 605
1548100 604
1548110 604
1548120 604
1548130 603
1548140 602
1548150 602
1548160 601
1548170 600
1548180 600
1548190 599
1548200 598
1548210 598
1548220 597
1548230 595
1548240 595
1548250 594
1548260 592
1548270 592
1548280 590
1548290 589
1548300 589
1548310 588
1548320 587
1548330 587
1548340 585
1548350 584
1548360 584
1548370 583
1548380 582
1548390 582
1548400 580
1548410 579
1548420 579
1548430 578
1548440 577
1548450 577
1548460 577
1548470 576
1548480 576
1548490 575
1548500 573
1548510 573
1548520 571
1548530 569
1548540 569
1548550 568
1548560 566
1548570 566
1548580 565
1548590 563
1548600 563
1548610 561
1548620 559
1548630 559
1548640 558
1548650 556
1548660 556
1548670 554
1548680 553
1548690 553
1548700 550
1548710 548
1548720 548
1548730 545
1548740 542
1548750 542
1548760 538
1548770 535
1548780 535
1548790 533
1548800 532
1548810 531
1548820 531
1548830 530
1548840 529
1548850 529
1548860 528
1548870 527
1548880 527
1548890 525
1548900 523
1548910 523
1548920 522
1548930 520
1548940 520
1548950 517
1548960 513
1548970 513
1548980 508
1548990 505
1549000 505
1549010 505
1549020 504
1549030 504
1549040 502
1549050 502
1549060 502
1549070 502
1549080 501
1549090 501
1549100 500
1549110 499
1549120 499
1549130 499
1549140 499
1549150 499
1549160 498
1549170 498
1549180 498
1549190 498
1549200 497
1549210 497
1549220 496
1549230 495
1549240 495
1549250 494
1549260 493
1549270 493
1549280 492
1549290 491
1549300 491
1549310 491
1549320 490
1549330 490
1549340 489
1549350 488
1549360 488
1549370 487
1549380 484
1549390 484
1549400 481
1549410 479
1549420 479
1549430 478
1549440 477
1549450 477
1549460 476
1549470 476
1549480 476
1549490 475
1549500 475
1549510 475
1549520 474
1549530 474
1549540 474
1549550 474
1549560 474
1549570 474
1549580 475
1549590 475
1549600 475
1549610 475
1549620 475
1549630 474
1549640 474
1549650 474
1549660 473
1549670 473
1549680 475
1549690 481
1549700 481
1549710 485
1549720 487
1549730 487
1549740 489
1549750 490
1549760 490
1549770 492
1549780 492
1549790 492
1549800 493
1549810 494
1549820 494
1549830 494
1549840 495
1549850 495
1549860 497
1549870 498
1549880 498
1549890 499
1549900 500
1549910 500
1549920 501
1549930 501
1549940 501
1549950 502
1549960 503
1549970 503
1549980 504
1549990 506
1550000 506
1550010 508
1550020 509
1550030 509
1550040 509
1550050 510
1550060 510
1550070 511
1550080 513
1550090 513
1550100 514
1550110 515
1550120 515
1550130 516
1550140 518
1550150 518
1550160 519
1550170 520
1550180 520
1550190 521
1550200 522
1550210 522
1550220 523
1550230 523
1550240 523
1550250 525
1550260 525
1550270 525
1550280 526
1550290 527
1550300 527
1550310 528
1550320 528
1550330 528
1550340 529
1550350 530
1550360 530
1550370 531
1550380 531
1550390 531
1550400 532
1550410 532
1550420 533
1550430 533
1550440 534
1550450 534
1550460 534
1550470 535
1550480 536
1550490 536
1550500 537
1550510 538
1550520 538
1550530 538
1550540 538
1550550 538
1550560 539
1550570 539
1550580 539
1550590 539
1550600 540
1550610 540
1550620 540
1550630 541
1550640 541
1550650 541
1550660 541
1550670 541
1550680 542
1550690 542
1550700 542
1550710 542
1550720 543
1550730 543
1550740 544
1550750 544
1550760 544
1550770 544
1550780 544
1550790 544
1550800 543
1550810 542
1550820 542
1550830 540
1550840 538
1550850 538
1550860 536
1550870 535
1550880 535
1550890 533
1550900 530
1550910 530
1550920 530
1550930 533
1550940 533
1550950 535
1550960 537
1550970 537
1550980 538
1550990 540
1551000 540
1551010 541
1551020 542
1551030 542
1551040 543
1551050 544
1551060 544
1551070 545
1551080 546
1551090 546
1551100 547
1551110 547
1551120 547
1551130 548
1551140 548
1551150 548
1551160 549
1551170 550
1551180 550
1551190 550
1551200 550
1551210 550
1551220 550
1551230 549
1551240 549
1551250 549
1551260 549
1551270 548
1551280 548
1551290 548
1551300 547
1551310 547
1551320 546
1551330 545
1551340 545
1551350 543
1551360 542
1551370 542
1551380 541
1551390 539
1551400 539
1551410 537
1551420 536
1551430 536
1551440 534
1551450 532
1551460 532
1551470 532
1551480 537
1551490 537
1551500 539
1551510 541
1551520 541
1551530 543
1551540 545
1551550 545
1551560 547
1551570 549
1551580 549
1551590 550
1551600 552
1551610 552
1551620 554
1551630 555
1551640 555
1551650 556
1551660 557
1551670 557
1551680 558
1551690 558
1551700 558
1551710 559
1551720 560
1551730 560
1551740 561
1551750 562
1551760 562
1551770 563
1551780 564
1551790 564
1551800 565
1551810 565
1551820 565
1551830 565
1551840 565
1551850 565
1551860 566
1551870 566
1551880 566
1551890 566
1551900 566
1551910 566
1551920 566
1551930 565
1551940 565
1551950 565
1551960 564
1551970 564
1551980 562
1551990 561
1552000 560
1552010 560
1552020 559
1552030 557
1552040 557
1552050 555
1552060 552
1552070 552
1552080 550
1552090 547
1552100 547
1552110 544
1552120 542
1552130 542
1552140 539
1552150 538
1552160 538
1552170 540
1552180 543
1552190 543
1552200 547
1552210 549
1552220 549
1552230 552
1552240 554
1552250 554
1552260 556
1552270 558
1552280 558
1552290 560
1552300 562
1552310 562
1552320 564
1552330 566
1552340 566
1552350 568
1552360 570
1552370 570
1552380 571
1552390 572
1552400 572
1552410 573
1552420 574
1552430 574
1552440 576
1552450 577
1552460 577
1552470 578
1552480 579
1552490 579
1552500 580
1552510 581
1552520 581
1552530 582
1552540 583
1552550 583
1552560 585
1552570 586
1552580 586
1552590 586
1552600 587
1552610 587
1552620 588
1552630 589
1552640 589
1552650 590
1552660 590
1552670 590
1552680 591
1552690 592
1552700 592
1552710 593
1552720 594
1552730 594
1552740 596
1552750 597
1552760 597
1552770 599
1552780 601
1552790 602
1552800 602
1552810 602
1552820 604
1552830 604
1552840 605
1552850 606
1552860 606
1552870 607
1552880 608
1552890 608
1552900 609
1552910 610
1552920 610
1552930 610
1552940 611
1552950 611
1552960 611
1552970 612
1552980 612
1552990 612
1553000 613
1553010 613
1553020 613
1553030 612
1553040 612
1553050 612
1553060 611
1553070 611
1553080 611
1553090 610
1553100 610
1553110 609
1553120 608
1553130 608
1553140 607
1553150 606
1553160 606
1553170 605
1553180 605
1553190 605
1553200 606
1553210 606
1553220 606
1553230 607
1553240 607
1553250 607
1553260 607
1553270 607
1553280 607
1553290 607
1553300 606
1553310 606
1553320 605
1553330 604
1553340 604
1553350 606
1553360 609
1553370 609
1553380 611
1553390 612
1553400 612
1553410 612
1553420 612
1553430 612
1553440 612
1553450 611
1553460 611
1553470 611
1553480 612
1553490 612
1553500 613
1553510 613
1553520 613
1553530 613
1553540 613
1553550 613
1553560 613
1553570 614
1553580 614
1553590 613
1553600 613
1553610 615
1553620 615
1553630 616
1553640 616
1553650 616
1553660 616
1553670 617
1553680 617
1553690 618
1553700 618
1553710 618
1553720 618
1553730 619
1553740 619
1553750 621
1553760 623
1553770 623
1553780 624
1553790 624
1553800 624
1553810 625
1553820 626
1553830 626
1553840 626
1553850 627
1553860 627
1553870 628
1553880 629
1553890 629
1553900 630
1553910 631
1553920 631
1553930 633
1553940 634
1553950 634
1553960 636
1553970 636
1553980 636
1553990 637
1554000 637
1554010 637
1554020 638
1554030 638
1554040 638
1554050 638
1554060 638
1554070 638
1554080 638
1554090 639
1554100 639
1554110 640
1554120 640
1554130 640
1554140 640
1554150 639
1554160 639
1554170 638
1554180 638
1554190 638
1554200 637
1554210 635
1554220 635
1554230 634
1554240 633
1554250 633
1554260 632
1554270 631
1554280 631
1554290 630
1554300 628
1554310 628
1554320 626
1554330 623
1554340 623
1554350 620
1554360 618
1554370 618
1554380 616
1554390 615
1554400 614
1554410 614
1554420 613
1554430 613
1554440 613
1554450 611
1554460 610
1554470 610
1554480 610
1554490 609
1554500 609
1554510 609
1554520 609
1554530 608
1554540 607
1554550 607
1554560 607
1554570 607
1554580 607
1554590 607
1554600 607
1554610 607
1554620 607
1554630 607
1554640 607
1554650 607
1554660 607
1554670 607
1554680 607
1554690 607
1554700 607
1554710 607
1554720 608
1554730 608
1554740 608
1554750 608
1554760 608
1554770 608
1554780 608
1554790 608
1554800 608
1554810 608
1554820 608
1554830 608
1554840 607
1554850 607
1554860 607
1554870 607
1554880 606
1554890 606
1554900 606
1554910 605
1554920 605
1554930 605
1554940 604
1554950 604
1554960 602
1554970 601
1554980 601
1554990 600
1555000 599
1555010 599
1555020 597
1555030 596
1555040 596
1555050 594
1555060 593
1555070 593
1555080 591
1555090 589
1555100 589
1555110 588
1555120 586
1555130 586
1555140 584
1555150 581
1555160 581
1555170 578
1555180 573
1555190 570
1555200 570
1555210 567
1555220 565
1555230 565
1555240 565
1555250 564
1555260 564
1555270 563
1555280 561
1555290 561
1555300 559
1555310 557
1555320 557
1555330 555
1555340 552
1555350 552
1555360 550
1555370 548
1555380 548
1555390 546
1555400 543
1555410 543
1555420 540
1555430 538
1555440 538
1555450 537
1555460 535
1555470 535
1555480 532
1555490 529
1555500 529
1555510 526
1555520 524
1555530 524
1555540 521
1555550 519
1555560 519
1555570 517
1555580 516
1555590 516
1555600 515
1555610 513
1555620 513
1555630 511
1555640 509
1555650 509
1555660 505
1555670 503
1555680 503
1555690 502
1555700 501
1555710 501
1555720 500
1555730 499
1555740 499
1555750 498
1555760 497
1555770 497
1555780 495
1555790 494
1555800 494
1555810 492
1555820 491
1555830 491
1555840 491
1555850 491
1555860 491
1555870 489
1555880 488
1555890 488
1555900 485
1555910 485
1555920 485
1555930 487
1555940 488
1555950 488
1555960 488
1555970 486
1555980 486
1555990 485
1556000 485
1556010 483
1556020 483
1556030 483
1556040 484
1556050 484
1556060 482
1556070 481
1556080 481
1556090 480
1556100 478
1556110 478
1556120 476
1556130 476
1556140 476
1556150 475
1556160 474
1556170 474
1556180 474
1556190 473
1556200 473
1556210 472
1556220 472
1556230 472
1556240 471
1556250 471
1556260 471
1556270 471
1556280 471
1556290 471
1556300 471
1556310 471
1556320 471
1556330 471
1556340 471
1556350 471
1556360 471
1556370 470
1556380 470
1556390 469
1556400 468
1556410 468
1556420 466
1556430 465
1556440 465
1556450 465
1556460 465
1556470 465
1556480 464
1556490 464
1556500 464
1556510 463
1556520 461
1556530 461
1556540 461
1556550 462
1556560 462
1556570 462
1556580 460
1556590 460
1556600 456
1556610 452
1556620 452
1556630 449
1556640 449
1556650 449
1556660 449
1556670 449
1556680 449
1556690 448
1556700 447
1556710 447
1556720 447
1556730 446
1556740 446
1556750 446
1556760 446
1556770 446
1556780 446
1556790 446
1556800 446
1556810 446
1556820 446
1556830 446
1556840 446
1556850 446
1556860 446
1556870 446
1556880 446
1556890 446
1556900 446
1556910 445
1556920 445
1556930 445
1556940 445
1556950 444
1556960 444
1556970 443
1556980 443
1556990 443
1557000 444
1557010 445
1557020 445
1557030 446
1557040 446
1557050 446
1557060 446
1557070 445
1557080 445
1557090 445
1557100 446
1557110 446
1557120 446
1557130 446
1557140 446
1557150 446
1557160 446
1557170 446
1557180 446
1557190 446
1557200 446
1557210 446
1557220 446
1557230 446
1557240 446
1557250 447
1557260 447
1557270 447
1557280 447
1557290 447
1557300 447
1557310 447
1557320 447
1557330 447
1557340 447
1557350 447
1557360 447
1557370 447
1557380 447
1557390 447
1557400 448
1557410 448
1557420 448
1557430 448
1557440 448
1557450 448
1557460 447
1557470 447
1557480 447
1557490 447
1557500 447
1557510 447
1557520 447
1557530 447
1557540 447
1557550 447
1557560 447
1557570 447
1557580 447
1557590 447
1557600 447
1557610 448
1557620 448
1557630 448
1557640 448
1557650 448
1557660 448
1557670 450
1557680 452
1557690 452
1557700 453
1557710 455
1557720 455
1557730 456
1557740 457
1557750 457
1557760 458
1557770 461
1557780 461
1557790 463
1557800 464
1557810 464
1557820 462
1557830 461
1557840 461
1557850 460
1557860 461
1557870 461
1557880 460
1557890 460
1557900 460
1557910 460
1557920 460
1557930 460
1557940 462
1557950 466
1557960 466
1557970 471
1557980 473
1557990 473
1558000 473
1558010 473
1558020 473
1558030 473
1558040 473
1558050 473
1558060 473
1558070 472
1558080 472
1558090 472
1558100 472
1558110 472
1558120 473
1558130 472
1558140 472
1558150 473
1558160 477
1558170 477
1558180 480
1558190 483
1558200 483
1558210 486
1558220 488
1558230 488
1558240 488
1558250 489
1558260 489
1558270 489
1558280 489
1558290 489
1558300 489
1558310 489
1558320 489
1558330 489
1558340 489
1558350 489
1558360 489
1558370 490
1558380 490
1558390 490
1558400 490
1558410 490
1558420 490
1558430 489
1558440 489
1558450 489
1558460 489
1558470 489
1558480 489
1558490 488
1558500 488
1558510 488
1558520 488
1558530 487
1558540 487
1558550 486
1558560 484
1558570 484
1558580 482
1558590 479
1558600 479
1558610 477
1558620 475
1558630 475
1558640 475
1558650 474
1558660 474
1558670 475
1558680 475
1558690 475
1558700 475
1558710 475
1558720 475
1558730 475
1558740 475
1558750 475
1558760 475
1558770 475
1558780 475
1558790 475
1558800 475
1558810 475
1558820 475
1558830 475
1558840 475
1558850 476
1558860 476
1558870 476
1558880 476
1558890 476
1558900 476
1558910 476
1558920 476
1558930 476
1558940 477
1558950 477
1558960 477
1558970 476
1558980 475
1558990 475
1559000 474
1559010 473
1559020 473
1559030 474
1559040 474
1559050 474
1559060 474
1559070 475
1559080 475
1559090 475
1559100 475
1559110 475
1559120 475
1559130 475
1559140 475
1559150 475
1559160 475
1559170 475
1559180 475
1559190 475
1559200 476
1559210 476
1559220 476
1559230 476
1559240 476
1559250 477
1559260 479
1559270 479
1559280 482
1559290 484
1559300 484
1559310 485
1559320 483
1559330 483
1559340 480
1559350 480
1559360 480
1559370 480
1559380 481
1559390 481
1559400 482
1559410 484
1559420 484
1559430 486
1559440 487
1559450 487
1559460 487
1559470 488
1559480 488
1559490 489
1559500 490
1559510 490
1559520 491
1559530 492
1559540 492
1559550 493
1559560 495
1559570 495
1559580 496
1559590 496
1559600 496
1559610 497
1559620 497
1559630 497
1559640 498
1559650 498
1559660 498
1559670 499
1559680 499
1559690 499
1559700 499
1559710 499
1559720 499
1559730 500
1559740 501
1559750 501
1559760 501
1559770 501
1559780 501
1559790 502
1559800 502
1559810 502
1559820 502
1559830 502
1559840 502
1559850 503
1559860 503
1559870 503
1559880 504
1559890 504
1559900 504
1559910 504
1559920 505
1559930 505
1559940 505
1559950 505
1559960 505
1559970 506
1559980 506
1559990 506
