1540000 478
1540010 479
1540020 479
1540030 480
1540040 481
1540050 481
1540060 481
1540070 482
1540080 482
1540090 484
1540100 487
1540110 487
1540120 490
1540130 491
1540140 491
1540150 493
1540160 494
1540170 494
1540180 495
1540190 496
1540200 496
1540210 497
1540220 497
1540230 497
1540240 498
1540250 499
1540260 499
1540270 499
1540280 500
1540290 500
1540300 501
1540310 501
1540320 501
1540330 502
1540340 502
1540350 502
1540360 503
1540370 503
1540380 503
1540390 503
1540400 503
1540410 503
1540420 504
1540430 504
1540440 504
1540450 504
1540460 505
1540470 505
1540480 505
1540490 505
1540500 505
1540510 506
1540520 506
1540530 506
1540540 506
1540550 507
1540560 507
1540570 507
1540580 508
1540590 508
1540600 508
1540610 509
1540620 509
1540630 509
1540640 510
1540650 510
1540660 510
1540670 511
1540680 511
1540690 511
1540700 512
1540710 512
1540720 512
1540730 513
1540740 513
1540750 513
1540760 514
1540770 514
1540780 514
1540790 514
1540800 515
1540810 515
1540820 515
1540830 516
1540840 516
1540850 516
1540860 517
1540870 517
1540880 517
1540890 517
1540900 517
1540910 517
1540920 518
1540930 518
1540940 518
1540950 518
1540960 518
1540970 518
1540980 518
1540990 518
1541000 518
1541010 518
1541020 518
1541030 518
1541040 518
1541050 518
1541060 518
1541070 517
1541080 517
1541090 517
1541100 516
1541110 516
1541120 516
1541130 516
1541140 516
1541150 515
1541160 514
1541170 514
1541180 513
1541190 512
1541200 512
1541210 511
1541220 510
1541230 510
1541240 509
1541250 509
1541260 509
1541270 509
1541280 508
1541290 508
1541300 508
1541310 508
1541320 508
1541330 508
1541340 508
1541350 508
1541360 508
1541370 508
1541380 508
1541390 508
1541400 508
1541410 508
1541420 508
1541430 508
1541440 508
1541450 507
1541460 507
1541470 506
1541480 506
1541490 506
1541500 505
1541510 505
1541520 505
1541530 505
1541540 505
1541550 505
1541560 505
1541570 505
1541580 505
1541590 505
1541600 505
1541610 506
1541620 506
1541630 506
1541640 506
1541650 506
1541660 506
1541670 506
1541680 506
1541690 506
1541700 506
1541710 507
1541720 507
1541730 507
1541740 506
1541750 506
1541760 506
1541770 506
1541780 506
1541790 505
1541800 504
1541810 504
1541820 504
1541830 503
1541840 503
1541850 503
1541860 502
1541870 502
1541880 501
1541890 499
1541900 499
1541910 498
1541920 496
1541930 496
1541940 495
1541950 494
1541960 494
1541970 494
1541980 493
1541990 493
1542000 493
1542010 492
1542020 492
1542030 492
1542040 492
1542050 492
1542060 492
1542070 493
1542080 493
1542090 494
1542100 495
1542110 495
1542120 495
1542130 495
1542140 495
1542150 495
1542160 496
1542170 496
1542180 496
1542190 496
1542200 496
1542210 497
1542220 497
1542230 497
1542240 497
1542250 497
1542260 497
1542270 497
1542280 498
1542290 498
1542300 498
1542310 499
1542320 499
1542330 499
1542340 500
1542350 500
1542360 500
1542370 501
1542380 502
1542390 502
1542400 502
1542410 503
1542420 503
1542430 504
1542440 504
1542450 504
1542460 503
1542470 504
1542480 504
1542490 504
1542500 504
1542510 504
1542520 504
1542530 504
1542540 504
1542550 505
1542560 505
1542570 505
1542580 505
1542590 505
1542600 505
1542610 505
1542620 504
1542630 504
1542640 504
1542650 504
1542660 504
1542670 503
1542680 503
1542690 503
1542700 503
1542710 502
1542720 502
1542730 501
1542740 500
1542750 500
1542760 499
1542770 498
1542780 498
1542790 498
1542800 497
1542810 497
1542820 496
1542830 496
1542840 496
1542850 496
1542860 496
1542870 496
1542880 496
1542890 498
1542900 498
1542910 499
1542920 501
1542930 501
1542940 502
1542950 503
1542960 503
1542970 504
1542980 504
1542990 504
1543000 504
1543010 504
1543020 504
1543030 504
1543040 504
1543050 503
1543060 503
1543070 503
1543080 503
1543090 503
1543100 503
1543110 504
1543120 504
1543130 505
1543140 505
1543150 505
1543160 505
1543170 505
1543180 505
1543190 505
1543200 505
1543210 505
1543220 504
1543230 504
1543240 504
1543250 504
1543260 504
1543270 504
1543280 503
1543290 503
1543300 503
1543310 503
1543320 503
1543330 503
1543340 503
1543350 504
1543360 504
1543370 505
1543380 507
1543390 507
1543400 507
1543410 508
1543420 508
1543430 509
1543440 510
1543450 510
1543460 510
1543470 511
1543480 511
1543490 512
1543500 512
1543510 512
1543520 513
1543530 513
1543540 513
1543550 514
1543560 514
1543570 514
1543580 514
1543590 514
1543600 514
1543610 515
1543620 516
1543630 516
1543640 516
1543650 516
1543660 516
1543670 516
1543680 516
1543690 516
1543700 516
1543710 516
1543720 516
1543730 515
1543740 515
1543750 515
1543760 516
1543770 516
1543780 516
1543790 517
1543800 517
1543810 518
1543820 518
1543830 519
1543840 519
1543850 519
1543860 520
1543870 521
1543880 521
1543890 522
1543900 523
1543910 523
1543920 524
1543930 525
1543940 525
1543950 526
1543960 527
1543970 527
1543980 528
1543990 528
1544000 528
1544010 529
1544020 530
1544030 530
1544040 531
1544050 532
1544060 532
1544070 532
1544080 533
1544090 533
1544100 534
1544110 534
1544120 534
1544130 535
1544140 536
1544150 536
1544160 536
1544170 537
1544180 537
1544190 538
1544200 538
1544210 538
1544220 539
1544230 539
1544240 539
1544250 540
1544260 541
1544270 541
1544280 541
1544290 542
1544300 542
1544310 542
1544320 543
1544330 542
1544340 543
1544350 543
1544360 543
1544370 544
1544380 544
1544390 544
1544400 545
1544410 546
1544420 546
1544430 546
1544440 547
1544450 547
1544460 547
1544470 547
1544480 547
1544490 548
1544500 548
1544510 548
1544520 548
1544530 549
1544540 549
1544550 548
1544560 548
1544570 548
1544580 548
1544590 548
1544600 547
1544610 547
1544620 545
1544630 544
1544640 544
1544650 544
1544660 543
1544670 543
1544680 541
1544690 539
1544700 539
1544710 536
1544720 535
1544730 535
1544740 533
1544750 532
1544760 532
1544770 531
1544780 530
1544790 530
1544800 529
1544810 528
1544820 528
1544830 527
1544840 526
1544850 526
1544860 525
1544870 523
1544880 523
1544890 522
1544900 520
1544910 520
1544920 519
1544930 518
1544940 518
1544950 516
1544960 513
1544970 513
1544980 507
1544990 501
1545000 501
1545010 499
1545020 498
1545030 498
1545040 498
1545050 497
1545060 497
1545070 498
1545080 498
1545090 498
1545100 498
1545110 498
1545120 498
1545130 499
1545140 499
1545150 499
1545160 499
1545170 500
1545180 500
1545190 500
1545200 500
1545210 500
1545220 500
1545230 502
1545240 502
1545250 507
1545260 510
1545270 510
1545280 512
1545290 513
1545300 513
1545310 515
1545320 517
1545330 517
1545340 518
1545350 520
1545360 520
1545370 521
1545380 522
1545390 523
1545400 523
1545410 525
1545420 526
1545430 526
1545440 527
1545450 528
1545460 528
1545470 530
1545480 531
1545490 531
1545500 532
1545510 533
1545520 533
1545530 534
1545540 536
1545550 536
1545560 537
1545570 538
1545580 538
1545590 540
1545600 541
1545610 541
1545620 543
1545630 546
1545640 546
1545650 548
1545660 550
1545670 550
1545680 551
1545690 553
1545700 553
1545710 556
1545720 558
1545730 558
1545740 559
1545750 561
1545760 561
1545770 563
1545780 565
1545790 565
1545800 566
1545810 567
1545820 567
1545830 568
1545840 570
1545850 570
1545860 570
1545870 570
1545880 570
1545890 570
1545900 570
1545910 570
1545920 570
1545930 572
1545940 572
1545950 573
1545960 574
1545970 574
1545980 576
1545990 577
1546000 577
1546010 579
1546020 580
1546030 580
1546040 581
1546050 582
1546060 582
1546070 583
1546080 583
1546090 583
1546100 583
1546110 584
1546120 584
1546130 585
1546140 586
1546150 586
1546160 587
1546170 588
1546180 588
1546190 588
1546200 588
1546210 589
1546220 589
1546230 588
1546240 587
1546250 587
1546260 586
1546270 587
1546280 587
1546290 586
1546300 585
1546310 585
1546320 588
1546330 589
1546340 589
1546350 589
1546360 590
1546370 590
1546380 588
1546390 588
1546400 588
1546410 591
1546420 592
1546430 592
1546440 593
1546450 596
1546460 596
1546470 597
1546480 601
1546490 601
1546500 608
1546510 611
1546520 611
1546530 614
1546540 617
1546550 617
1546560 619
1546570 622
1546580 622
1546590 624
1546600 625
1546610 625
1546620 627
1546630 629
1546640 629
1546650 630
1546660 632
1546670 632
1546680 633
1546690 635
1546700 635
1546710 637
1546720 639
1546730 639
1546740 642
1546750 643
1546760 643
1546770 645
1546780 646
1546790 646
1546800 648
1546810 650
1546820 650
1546830 652
1546840 654
1546850 654
1546860 656
1546870 658
1546880 658
1546890 659
1546900 659
1546910 659
1546920 662
1546930 665
1546940 665
1546950 666
1546960 667
1546970 667
1546980 667
1546990 669
1547000 671
1547010 671
1547020 673
1547030 676
1547040 676
1547050 677
1547060 679
1547070 679
1547080 681
1547090 682
1547100 682
1547110 683
1547120 684
1547130 684
1547140 686
1547150 688
1547160 688
1547170 690
1547180 692
1547190 692
1547200 693
1547210 694
1547220 694
1547230 695
1547240 695
1547250 695
1547260 696
1547270 696
1547280 696
1547290 695
1547300 695
1547310 695
1547320 695
1547330 694
1547340 694
1547350 693
1547360 691
1547370 691
1547380 690
1547390 688
1547400 688
1547410 685
1547420 679
1547430 679
1547440 674
1547450 671
1547460 671
1547470 667
1547480 664
1547490 664
1547500 660
1547510 655
1547520 655
1547530 651
1547540 649
1547550 649
1547560 647
1547570 645
1547580 645
1547590 643
1547600 642
1547610 642
1547620 640
1547630 640
1547640 640
1547650 637
1547660 637
1547670 637
1547680 637
1547690 635
1547700 635
1547710 635
1547720 634
1547730 634
1547740 633
1547750 634
1547760 634
1547770 634
1547780 634
1547790 634
1547800 634
1547810 633
1547820 631
1547830 631
1547840 630
1547850 631
1547860 631
1547870 631
1547880 629
1547890 629
1547900 628
1547910 628
1547920 628
1547930 628
1547940 627
1547950 627
1547960 626
1547970 625
1547980 625
1547990 623
1548000 622
1548010 622
1548020 622
1548030 622
1548040 622
1548050 621
1548060 619
1548070 619
1548080 618
1548090 618
1548100 618
1548110 617
1548120 616
1548130 616
1548140 615
1548150 614
1548160 614
1548170 613
1548180 612
1548190 612
1548200 612
1548210 613
1548220 613
1548230 613
1548240 613
1548250 613
1548260 613
1548270 613
1548280 613
1548290 613
1548300 613
1548310 613
1548320 614
1548330 614
1548340 614
1548350 614
1548360 615
1548370 615
1548380 615
1548390 615
1548400 615
1548410 615
1548420 615
1548430 615
1548440 615
1548450 615
1548460 615
1548470 615
1548480 615
1548490 615
1548500 611
1548510 611
1548520 609
1548530 609
1548540 608
1548550 607
1548560 607
1548570 606
1548580 605
1548590 605
1548600 604
1548610 602
1548620 602
1548630 601
1548640 600
1548650 600
1548660 599
1548670 598
1548680 598
1548690 597
1548700 596
1548710 596
1548720 595
1548730 595
1548740 595
1548750 594
1548760 593
1548770 593
1548780 592
1548790 591
1548800 591
1548810 590
1548820 589
1548830 589
1548840 588
1548850 588
1548860 588
1548870 587
1548880 587
1548890 587
1548900 586
1548910 585
1548920 585
1548930 585
1548940 584
1548950 584
1548960 583
1548970 582
1548980 582
1548990 581
1549000 581
1549010 581
1549020 580
1549030 579
1549040 579
1549050 578
1549060 577
1549070 577
1549080 576
1549090 575
1549100 575
1549110 573
1549120 572
1549130 572
1549140 571
1549150 570
1549160 570
1549170 569
1549180 566
1549190 566
1549200 563
1549210 560
1549220 560
1549230 558
1549240 556
1549250 556
1549260 553
1549270 551
1549280 551
1549290 549
1549300 547
1549310 545
1549320 545
1549330 543
1549340 542
1549350 542
1549360 540
1549370 539
1549380 539
1549390 538
1549400 536
1549410 536
1549420 535
1549430 534
1549440 534
1549450 533
1549460 532
1549470 532
1549480 532
1549490 531
1549500 531
1549510 529
1549520 528
1549530 528
1549540 526
1549550 525
1549560 525
1549570 524
1549580 522
1549590 522
1549600 521
1549610 520
1549620 520
1549630 519
1549640 517
1549650 517
1549660 516
1549670 514
1549680 514
1549690 512
1549700 508
1549710 508
1549720 506
1549730 503
1549740 503
1549750 501
1549760 499
1549770 499
1549780 495
1549790 490
1549800 490
1549810 489
1549820 490
1549830 490
1549840 490
1549850 490
1549860 490
1549870 491
1549880 491
1549890 491
1549900 491
1549910 492
1549920 492
1549930 494
1549940 495
1549950 495
1549960 496
1549970 498
1549980 498
1549990 500
1550000 503
1550010 503
1550020 505
1550030 507
1550040 507
1550050 509
1550060 510
1550070 510
1550080 512
1550090 514
1550100 515
1550110 515
1550120 517
1550130 518
1550140 518
1550150 520
1550160 522
1550170 522
1550180 524
1550190 525
1550200 525
1550210 527
1550220 529
1550230 529
1550240 530
1550250 532
1550260 532
1550270 533
1550280 535
1550290 535
1550300 536
1550310 537
1550320 537
1550330 538
1550340 539
1550350 539
1550360 540
1550370 541
1550380 541
1550390 542
1550400 542
1550410 542
1550420 543
1550430 543
1550440 543
1550450 543
1550460 544
1550470 544
1550480 542
1550490 542
1550500 542
1550510 543
1550520 543
1550530 543
1550540 543
1550550 543
1550560 543
1550570 543
1550580 543
1550590 543
1550600 543
1550610 543
1550620 543
1550630 543
1550640 543
1550650 543
1550660 543
1550670 542
1550680 542
1550690 540
1550700 541
1550710 541
1550720 542
1550730 542
1550740 542
1550750 542
1550760 542
1550770 542
1550780 541
1550790 541
1550800 541
1550810 540
1550820 538
1550830 538
1550840 535
1550850 530
1550860 530
1550870 526
1550880 523
1550890 523
1550900 523
1550910 522
1550920 521
1550930 521
1550940 525
1550950 529
1550960 529
1550970 532
1550980 535
1550990 535
1551000 537
1551010 539
1551020 539
1551030 541
1551040 543
1551050 543
1551060 545
1551070 546
1551080 546
1551090 548
1551100 549
1551110 549
1551120 551
1551130 552
1551140 552
1551150 554
1551160 555
1551170 555
1551180 556
1551190 557
1551200 557
1551210 558
1551220 559
1551230 559
1551240 559
1551250 560
1551260 560
1551270 561
1551280 562
1551290 562
1551300 562
1551310 563
1551320 563
1551330 563
1551340 563
1551350 563
1551360 563
1551370 564
1551380 564
1551390 564
1551400 564
1551410 564
1551420 564
1551430 564
1551440 564
1551450 564
1551460 564
1551470 564
1551480 564
1551490 564
1551500 564
1551510 564
1551520 564
1551530 564
1551540 564
1551550 563
1551560 563
1551570 563
1551580 563
1551590 563
1551600 563
1551610 563
1551620 563
1551630 562
1551640 562
1551650 562
1551660 561
1551670 561
1551680 560
1551690 560
1551700 559
1551710 558
1551720 558
1551730 556
1551740 555
1551750 555
1551760 553
1551770 551
1551780 551
1551790 547
1551800 544
1551810 544
1551820 540
1551830 538
1551840 538
1551850 540
1551860 541
1551870 541
1551880 540
1551890 540
1551900 540
1551910 542
1551920 542
1551930 542
1551940 542
1551950 542
1551960 542
1551970 542
1551980 542
1551990 542
1552000 542
1552010 542
1552020 542
1552030 542
1552040 542
1552050 542
1552060 541
1552070 540
1552080 540
1552090 538
1552100 534
1552110 534
1552120 532
1552130 531
1552140 531
1552150 531
1552160 531
1552170 531
1552180 533
1552190 537
1552200 537
1552210 539
1552220 541
1552230 541
1552240 542
1552250 544
1552260 544
1552270 545
1552280 546
1552290 546
1552300 547
1552310 548
1552320 548
1552330 549
1552340 550
1552350 550
1552360 551
1552370 551
1552380 551
1552390 551
1552400 552
1552410 550
1552420 552
1552430 552
1552440 552
1552450 553
1552460 554
1552470 555
1552480 555
1552490 555
1552500 556
1552510 556
1552520 557
1552530 557
1552540 557
1552550 557
1552560 557
1552570 557
1552580 558
1552590 560
1552600 560
1552610 562
1552620 563
1552630 563
1552640 563
1552650 564
1552660 564
1552670 564
1552680 565
1552690 565
1552700 565
1552710 566
1552720 566
1552730 569
1552740 569
1552750 569
1552760 569
1552770 571
1552780 571
1552790 571
1552800 572
1552810 572
1552820 575
1552830 575
1552840 575
1552850 576
1552860 577
1552870 577
1552880 580
1552890 581
1552900 581
1552910 583
1552920 584
1552930 584
1552940 585
1552950 586
1552960 586
1552970 586
1552980 589
1552990 589
1553000 589
1553010 589
1553020 589
1553030 591
1553040 594
1553050 594
1553060 595
1553070 597
1553080 597
1553090 598
1553100 599
1553110 599
1553120 601
1553130 604
1553140 604
1553150 605
1553160 605
1553170 605
1553180 606
1553190 609
1553200 609
1553210 610
1553220 612
1553230 612
1553240 614
1553250 616
1553260 617
1553270 617
1553280 618
1553290 620
1553300 620
1553310 621
1553320 621
1553330 621
1553340 622
1553350 625
1553360 625
1553370 627
1553380 628
1553390 628
1553400 629
1553410 630
1553420 630
1553430 631
1553440 632
1553450 632
1553460 633
1553470 634
1553480 634
1553490 635
1553500 636
1553510 636
1553520 636
1553530 638
1553540 638
1553550 639
1553560 640
1553570 640
1553580 641
1553590 640
1553600 640
1553610 641
1553620 642
1553630 642
1553640 643
1553650 643
1553660 643
1553670 644
1553680 644
1553690 644
1553700 644
1553710 645
1553720 645
1553730 645
1553740 644
1553750 644
1553760 643
1553770 644
1553780 644
1553790 646
1553800 648
1553810 648
1553820 650
1553830 652
1553840 652
1553850 652
1553860 653
1553870 653
1553880 653
1553890 654
1553900 654
1553910 654
1553920 655
1553930 655
1553940 656
1553950 656
1553960 656
1553970 657
1553980 659
1553990 659
1554000 660
1554010 660
1554020 660
1554030 660
1554040 660
1554050 660
1554060 660
1554070 660
1554080 662
1554090 662
1554100 663
1554110 664
1554120 664
1554130 664
1554140 665
1554150 665
1554160 665
1554170 666
1554180 666
1554190 667
1554200 667
1554210 667
1554220 668
1554230 668
1554240 668
1554250 669
1554260 670
1554270 666
1554280 666
1554290 667
1554300 667
1554310 668
1554320 668
1554330 668
1554340 669
1554350 670
1554360 670
1554370 671
1554380 672
1554390 672
1554400 672
1554410 673
1554420 673
1554430 674
1554440 675
1554450 675
1554460 676
1554470 676
1554480 676
1554490 677
1554500 677
1554510 677
1554520 678
1554530 678
1554540 678
1554550 679
1554560 679
1554570 679
1554580 680
1554590 680
1554600 680
1554610 680
1554620 681
1554630 681
1554640 681
1554650 681
1554660 681
1554670 681
1554680 681
1554690 681
1554700 681
1554710 681
1554720 681
1554730 681
1554740 681
1554750 681
1554760 680
1554770 680
1554780 680
1554790 679
1554800 679
1554810 678
1554820 678
1554830 677
1554840 676
1554850 676
1554860 675
1554870 674
1554880 674
1554890 672
1554900 671
1554910 671
1554920 670
1554930 668
1554940 668
1554950 666
1554960 664
1554970 664
1554980 662
1554990 659
1555000 659
1555010 655
1555020 652
1555030 652
1555040 648
1555050 645
1555060 645
1555070 642
1555080 639
1555090 639
1555100 637
1555110 634
1555120 634
1555130 632
1555140 630
1555150 630
1555160 627
1555170 625
1555180 625
1555190 623
1555200 621
1555210 621
1555220 619
1555230 618
1555240 618
1555250 616
1555260 614
1555270 614
1555280 613
1555290 611
1555300 611
1555310 610
1555320 608
1555330 608
1555340 607
1555350 605
1555360 605
1555370 604
1555380 603
1555390 603
1555400 602
1555410 601
1555420 601
1555430 600
1555440 598
1555450 598
1555460 596
1555470 593
1555480 593
1555490 588
1555500 583
1555510 583
1555520 578
1555530 572
1555540 572
1555550 567
1555560 563
1555570 563
1555580 557
1555590 552
1555600 548
1555610 548
1555620 547
1555630 546
1555640 546
1555650 547
1555660 549
1555670 549
1555680 550
1555690 553
1555700 553
1555710 555
1555720 556
1555730 556
1555740 557
1555750 558
1555760 558
1555770 559
1555780 560
1555790 560
1555800 561
1555810 561
1555820 561
1555830 562
1555840 563
1555850 563
1555860 564
1555870 565
1555880 565
1555890 565
1555900 566
1555910 566
1555920 566
1555930 566
1555940 566
1555950 567
1555960 568
1555970 568
1555980 568
1555990 569
1556000 569
1556010 569
1556020 568
1556030 568
1556040 568
1556050 567
1556060 567
1556070 567
1556080 566
1556090 566
1556100 563
1556110 563
1556120 563
1556130 562
1556140 561
1556150 561
1556160 559
1556170 557
1556180 557
1556190 554
1556200 551
1556210 551
1556220 547
1556230 542
1556240 542
1556250 536
1556260 531
1556270 531
1556280 527
1556290 523
1556300 523
1556310 519
1556320 515
1556330 515
1556340 510
1556350 505
1556360 505
1556370 501
1556380 499
1556390 498
1556400 498
1556410 495
1556420 493
1556430 493
1556440 490
1556450 488
1556460 488
1556470 487
1556480 485
1556490 485
1556500 483
1556510 482
1556520 482
1556530 481
1556540 480
1556550 480
1556560 480
1556570 479
1556580 479
1556590 479
1556600 478
1556610 478
1556620 478
1556630 477
1556640 477
1556650 476
1556660 476
1556670 476
1556680 476
1556690 476
1556700 476
1556710 476
1556720 476
1556730 476
1556740 477
1556750 477
1556760 477
1556770 477
1556780 476
1556790 476
1556800 474
1556810 470
1556820 470
1556830 467
1556840 466
1556850 466
1556860 465
1556870 465
1556880 465
1556890 465
1556900 465
1556910 465
1556920 465
1556930 464
1556940 464
1556950 464
1556960 464
1556970 464
1556980 464
1556990 464
1557000 464
1557010 464
1557020 464
1557030 464
1557040 464
1557050 462
1557060 462
1557070 459
1557080 455
1557090 455
1557100 453
1557110 451
1557120 451
1557130 450
1557140 450
1557150 450
1557160 450
1557170 450
1557180 450
1557190 450
1557200 450
1557210 450
1557220 450
1557230 450
1557240 450
1557250 450
1557260 450
1557270 450
1557280 450
1557290 451
1557300 451
1557310 451
1557320 451
1557330 451
1557340 451
1557350 451
1557360 452
1557370 452
1557380 452
1557390 452
1557400 452
1557410 453
1557420 454
1557430 454
1557440 455
1557450 454
1557460 454
1557470 454
1557480 453
1557490 453
1557500 453
1557510 452
1557520 452
1557530 452
1557540 451
1557550 451
1557560 451
1557570 451
1557580 451
1557590 451
1557600 451
1557610 451
1557620 451
1557630 451
1557640 451
1557650 451
1557660 451
1557670 451
1557680 452
1557690 451
1557700 451
1557710 451
1557720 451
1557730 451
1557740 451
1557750 450
1557760 450
1557770 450
1557780 450
1557790 450
1557800 450
1557810 451
1557820 451
1557830 451
1557840 451
1557850 451
1557860 451
1557870 451
1557880 451
1557890 451
1557900 451
1557910 451
1557920 451
1557930 451
1557940 451
1557950 450
1557960 452
1557970 456
1557980 456
1557990 462
1558000 466
1558010 466
1558020 466
1558030 466
1558040 466
1558050 466
1558060 466
1558070 466
1558080 466
1558090 466
1558100 466
1558110 466
1558120 467
1558130 467
1558140 466
1558150 466
1558160 466
1558170 466
1558180 466
1558190 466
1558200 466
1558210 468
1558220 468
1558230 471
1558240 474
1558250 474
1558260 477
1558270 478
1558280 478
1558290 478
1558300 478
1558310 478
1558320 478
1558330 478
1558340 478
1558350 478
1558360 478
1558370 478
1558380 478
1558390 478
1558400 478
1558410 478
1558420 478
1558430 478
1558440 478
1558450 478
1558460 478
1558470 477
1558480 477
1558490 477
1558500 478
1558510 478
1558520 478
1558530 478
1558540 478
1558550 478
1558560 478
1558570 479
1558580 479
1558590 479
1558600 480
1558610 480
1558620 480
1558630 481
1558640 481
1558650 482
1558660 483
1558670 483
1558680 485
1558690 487
1558700 487
1558710 489
1558720 490
1558730 490
1558740 490
1558750 492
1558760 493
1558770 493
1558780 494
1558790 495
1558800 495
1558810 495
1558820 495
1558830 495
1558840 495
1558850 495
1558860 495
1558870 495
1558880 495
1558890 495
1558900 495
1558910 494
1558920 494
1558930 494
1558940 494
1558950 494
1558960 494
1558970 495
1558980 495
1558990 495
1559000 496
1559010 496
1559020 496
1559030 496
1559040 496
1559050 496
1559060 497
1559070 497
1559080 497
1559090 498
1559100 498
1559110 499
1559120 499
1559130 499
1559140 500
1559150 501
1559160 501
1559170 501
1559180 502
1559190 502
1559200 503
1559210 503
1559220 503
1559230 503
1559240 504
1559250 504
1559260 504
1559270 504
1559280 504
1559290 504
1559300 504
1559310 504
1559320 504
1559330 504
1559340 504
1559350 504
1559360 504
1559370 504
1559380 504
1559390 504
1559400 504
1559410 503
1559420 502
1559430 502
1559440 501
1559450 500
1559460 500
1559470 498
1559480 497
1559490 497
1559500 495
1559510 494
1559520 494
1559530 493
1559540 491
1559550 490
1559560 490
1559570 490
1559580 490
1559590 490
1559600 490
1559610 491
1559620 491
1559630 490
1559640 491
1559650 491
1559660 491
1559670 492
1559680 492
1559690 492
1559700 493
1559710 493
1559720 494
1559730 495
1559740 495
1559750 498
1559760 501
1559770 501
1559780 504
1559790 506
1559800 506
1559810 508
1559820 509
1559830 509
1559840 507
1559850 505
1559860 505
1559870 503
1559880 502
1559890 502
1559900 500
1559910 500
1559920 500
1559930 499
1559940 499
1559950 499
1559960 498
1559970 497
1559980 497
1559990 496
