1540000 478
1540010 478
1540020 478
1540030 478
1540040 478
1540050 478
1540060 478
1540070 478
1540080 478
1540090 478
1540100 478
1540110 478
1540120 478
1540130 478
1540140 478
1540150 478
1540160 478
1540170 477
1540180 477
1540190 477
1540200 477
1540210 477
1540220 477
1540230 477
1540240 477
1540250 476
1540260 476
1540270 476
1540280 476
1540290 476
1540300 476
1540310 476
1540320 476
1540330 476
1540340 476
1540350 477
1540360 477
1540370 477
1540380 477
1540390 477
1540400 477
1540410 477
1540420 477
1540430 477
1540440 477
1540450 477
1540460 477
1540470 477
1540480 477
1540490 477
1540500 477
1540510 477
1540520 477
1540530 477
1540540 477
1540550 477
1540560 477
1540570 477
1540580 477
1540590 477
1540600 478
1540610 478
1540620 478
1540630 478
1540640 478
1540650 479
1540660 479
1540670 479
1540680 479
1540690 480
1540700 480
1540710 480
1540720 480
1540730 480
1540740 481
1540750 481
1540760 481
1540770 482
1540780 482
1540790 482
1540800 483
1540810 483
1540820 483
1540830 484
1540840 484
1540850 484
1540860 484
1540870 484
1540880 484
1540890 484
1540900 484
1540910 484
1540920 484
1540930 484
1540940 484
1540950 485
1540960 484
1540970 484
1540980 484
1540990 484
1541000 484
1541010 484
1541020 484
1541030 484
1541040 485
1541050 485
1541060 485
1541070 485
1541080 486
1541090 486
1541100 486
1541110 487
1541120 487
1541130 487
1541140 487
1541150 487
1541160 487
1541170 488
1541180 488
1541190 488
1541200 488
1541210 488
1541220 489
1541230 489
1541240 489
1541250 489
1541260 490
1541270 490
1541280 490
1541290 490
1541300 490
1541310 490
1541320 490
1541330 491
1541340 491
1541350 491
1541360 491
1541370 491
1541380 491
1541390 491
1541400 491
1541410 492
1541420 492
1541430 492
1541440 492
1541450 492
1541460 492
1541470 493
1541480 493
1541490 493
1541500 493
1541510 493
1541520 493
1541530 493
1541540 494
1541550 494
1541560 494
1541570 495
1541580 495
1541590 495
1541600 495
1541610 495
1541620 495
1541630 495
1541640 495
1541650 495
1541660 495
1541670 495
1541680 494
1541690 494
1541700 494
1541710 494
1541720 494
1541730 494
1541740 493
1541750 492
1541760 492
1541770 490
1541780 488
1541790 488
1541800 487
1541810 486
1541820 486
1541830 485
1541840 484
1541850 484
1541860 484
1541870 484
1541880 484
1541890 483
1541900 483
1541910 483
1541920 483
1541930 482
1541940 482
1541950 482
1541960 482
1541970 482
1541980 482
1541990 482
1542000 482
1542010 482
1542020 483
1542030 483
1542040 483
1542050 484
1542060 484
1542070 484
1542080 485
1542090 485
1542100 485
1542110 486
1542120 486
1542130 486
1542140 486
1542150 486
1542160 486
1542170 486
1542180 486
1542190 486
1542200 486
1542210 486
1542220 486
1542230 487
1542240 487
1542250 487
1542260 486
1542270 486
1542280 486
1542290 486
1542300 487
1542310 487
1542320 487
1542330 487
1542340 487
1542350 487
1542360 487
1542370 487
1542380 487
1542390 487
1542400 487
1542410 487
1542420 487
1542430 487
1542440 488
1542450 487
1542460 487
1542470 487
1542480 487
1542490 487
1542500 487
1542510 486
1542520 486
1542530 486
1542540 486
1542550 486
1542560 485
1542570 485
1542580 485
1542590 484
1542600 483
1542610 483
1542620 483
1542630 483
1542640 483
1542650 483
1542660 483
1542670 483
1542680 484
1542690 485
1542700 485
1542710 485
1542720 486
1542730 486
1542740 486
1542750 487
1542760 487
1542770 487
1542780 487
1542790 487
1542800 487
1542810 487
1542820 487
1542830 488
1542840 488
1542850 488
1542860 488
1542870 488
1542880 488
1542890 488
1542900 488
1542910 488
1542920 488
1542930 488
1542940 488
1542950 488
1542960 488
1542970 488
1542980 487
1542990 487
1543000 487
1543010 487
1543020 488
1543030 488
1543040 488
1543050 488
1543060 488
1543070 488
1543080 488
1543090 488
1543100 488
1543110 488
1543120 489
1543130 489
1543140 490
1543150 490
1543160 490
1543170 492
1543180 493
1543190 493
1543200 493
1543210 494
1543220 494
1543230 494
1543240 496
1543250 496
1543260 498
1543270 499
1543280 499
1543290 500
1543300 501
1543310 501
1543320 502
1543330 503
1543340 503
1543350 504
1543360 505
1543370 505
1543380 506
1543390 507
1543400 507
1543410 507
1543420 508
1543430 508
1543440 509
1543450 509
1543460 509
1543470 510
1543480 511
1543490 511
1543500 511
1543510 512
1543520 512
1543530 512
1543540 513
1543550 513
1543560 513
1543570 514
1543580 514
1543590 514
1543600 514
1543610 514
1543620 514
1543630 514
1543640 514
1543650 515
1543660 515
1543670 515
1543680 515
1543690 515
1543700 516
1543710 516
1543720 516
1543730 516
1543740 516
1543750 516
1543760 516
1543770 516
1543780 516
1543790 516
1543800 516
1543810 516
1543820 516
1543830 516
1543840 516
1543850 516
1543860 516
1543870 516
1543880 516
1543890 516
1543900 516
1543910 516
1543920 516
1543930 516
1543940 516
1543950 516
1543960 517
1543970 517
1543980 517
1543990 517
1544000 518
1544010 518
1544020 518
1544030 518
1544040 518
1544050 519
1544060 519
1544070 519
1544080 520
1544090 520
1544100 520
1544110 521
1544120 521
1544130 521
1544140 521
1544150 522
1544160 522
1544170 523
1544180 523
1544190 523
1544200 524
1544210 524
1544220 524
1544230 525
1544240 525
1544250 525
1544260 526
1544270 526
1544280 526
1544290 527
1544300 528
1544310 528
1544320 528
1544330 529
1544340 529
1544350 529
1544360 530
1544370 530
1544380 530
1544390 531
1544400 531
1544410 531
1544420 532
1544430 532
1544440 533
1544450 533
1544460 534
1544470 534
1544480 534
1544490 535
1544500 535
1544510 535
1544520 536
1544530 536
1544540 536
1544550 537
1544560 537
1544570 537
1544580 538
1544590 538
1544600 538
1544610 539
1544620 539
1544630 539
1544640 539
1544650 539
1544660 540
1544670 540
1544680 540
1544690 540
1544700 541
1544710 541
1544720 541
1544730 541
1544740 541
1544750 541
1544760 541
1544770 541
1544780 542
1544790 542
1544800 542
1544810 542
1544820 542
1544830 542
1544840 542
1544850 541
1544860 541
1544870 541
1544880 541
1544890 541
1544900 540
1544910 540
1544920 540
1544930 539
1544940 537
1544950 537
1544960 536
1544970 533
1544980 533
1544990 531
1545000 529
1545010 529
1545020 529
1545030 528
1545040 528
1545050 528
1545060 528
1545070 528
1545080 528
1545090 528
1545100 528
1545110 528
1545120 528
1545130 528
1545140 528
1545150 527
1545160 527
1545170 526
1545180 525
1545190 525
1545200 524
1545210 522
1545220 522
1545230 519
1545240 515
1545250 515
1545260 512
1545270 511
1545280 509
1545290 509
1545300 508
1545310 507
1545320 507
1545330 506
1545340 501
1545350 501
1545360 494
1545370 491
1545380 491
1545390 488
1545400 488
1545410 488
1545420 487
1545430 487
1545440 487
1545450 487
1545460 487
1545470 487
1545480 486
1545490 486
1545500 486
1545510 486
1545520 486
1545530 486
1545540 486
1545550 486
1545560 486
1545570 486
1545580 485
1545590 485
1545600 484
1545610 482
1545620 482
1545630 484
1545640 490
1545650 490
1545660 494
1545670 498
1545680 498
1545690 502
1545700 506
1545710 506
1545720 510
1545730 513
1545740 513
1545750 516
1545760 519
1545770 519
1545780 521
1545790 524
1545800 524
1545810 526
1545820 527
1545830 527
1545840 530
1545850 534
1545860 534
1545870 537
1545880 539
1545890 539
1545900 542
1545910 544
1545920 544
1545930 547
1545940 549
1545950 549
1545960 551
1545970 553
1545980 553
1545990 556
1546000 558
1546010 558
1546020 560
1546030 562
1546040 562
1546050 563
1546060 565
1546070 566
1546080 566
1546090 568
1546100 570
1546110 570
1546120 572
1546130 574
1546140 574
1546150 577
1546160 579
1546170 579
1546180 581
1546190 583
1546200 583
1546210 585
1546220 587
1546230 587
1546240 589
1546250 590
1546260 590
1546270 591
1546280 591
1546290 591
1546300 591
1546310 591
1546320 591
1546330 592
1546340 592
1546350 592
1546360 593
1546370 594
1546380 594
1546390 595
1546400 596
1546410 596
1546420 597
1546430 598
1546440 598
1546450 599
1546460 600
1546470 600
1546480 602
1546490 603
1546500 603
1546510 604
1546520 605
1546530 605
1546540 606
1546550 607
1546560 607
1546570 608
1546580 608
1546590 608
1546600 609
1546610 609
1546620 609
1546630 610
1546640 610
1546650 610
1546660 610
1546670 610
1546680 610
1546690 610
1546700 611
1546710 611
1546720 611
1546730 611
1546740 611
1546750 612
1546760 612
1546770 612
1546780 612
1546790 613
1546800 613
1546810 613
1546820 613
1546830 613
1546840 614
1546850 614
1546860 614
1546870 615
1546880 615
1546890 616
1546900 616
1546910 617
1546920 618
1546930 618
1546940 618
1546950 619
1546960 619
1546970 620
1546980 621
1546990 621
1547000 622
1547010 623
1547020 623
1547030 625
1547040 625
1547050 625
1547060 625
1547070 625
1547080 625
1547090 627
1547100 629
1547110 629
1547120 630
1547130 632
1547140 632
1547150 632
1547160 633
1547170 633
1547180 634
1547190 636
1547200 636
1547210 639
1547220 640
1547230 640
1547240 643
1547250 645
1547260 645
1547270 646
1547280 648
1547290 648
1547300 650
1547310 652
1547320 652
1547330 653
1547340 654
1547350 654
1547360 656
1547370 657
1547380 657
1547390 657
1547400 658
1547410 658
1547420 659
1547430 659
1547440 659
1547450 659
1547460 659
1547470 659
1547480 658
1547490 658
1547500 658
1547510 657
1547520 656
1547530 656
1547540 655
1547550 654
1547560 654
1547570 652
1547580 651
1547590 651
1547600 650
1547610 648
1547620 648
1547630 646
1547640 644
1547650 644
1547660 642
1547670 640
1547680 639
1547690 639
1547700 637
1547710 635
1547720 635
1547730 633
1547740 632
1547750 632
1547760 630
1547770 629
1547780 629
1547790 627
1547800 625
1547810 625
1547820 624
1547830 622
1547840 622
1547850 621
1547860 619
1547870 619
1547880 618
1547890 616
1547900 616
1547910 615
1547920 614
1547930 614
1547940 613
1547950 612
1547960 612
1547970 611
1547980 610
1547990 610
1548000 609
1548010 607
1548020 607
1548030 605
1548040 603
1548050 603
1548060 602
1548070 600
1548080 600
1548090 598
1548100 596
1548110 596
1548120 595
1548130 593
1548140 593
1548150 591
1548160 589
1548170 589
1548180 588
1548190 587
1548200 587
1548210 585
1548220 583
1548230 583
1548240 582
1548250 580
1548260 580
1548270 578
1548280 576
1548290 576
1548300 574
1548310 572
1548320 572
1548330 570
1548340 568
1548350 568
1548360 565
1548370 562
1548380 562
1548390 559
1548400 557
1548410 557
1548420 554
1548430 552
1548440 552
1548450 550
1548460 548
1548470 545
1548480 545
1548490 542
1548500 538
1548510 538
1548520 534
1548530 532
1548540 532
1548550 528
1548560 525
1548570 525
1548580 525
1548590 528
1548600 528
1548610 530
1548620 530
1548630 530
1548640 529
1548650 528
1548660 528
1548670 526
1548680 525
1548690 525
1548700 523
1548710 521
1548720 521
1548730 519
1548740 517
1548750 517
1548760 515
1548770 513
1548780 513
1548790 511
1548800 509
1548810 509
1548820 507
1548830 505
1548840 505
1548850 502
1548860 499
1548870 499
1548880 497
1548890 496
1548900 496
1548910 494
1548920 494
1548930 494
1548940 493
1548950 490
1548960 490
1548970 489
1548980 486
1548990 486
1549000 483
1549010 482
1549020 482
1549030 482
1549040 481
1549050 481
1549060 478
1549070 474
1549080 474
1549090 474
1549100 475
1549110 475
1549120 473
1549130 470
1549140 470
1549150 468
1549160 468
1549170 468
1549180 469
1549190 469
1549200 469
1549210 470
1549220 470
1549230 470
1549240 470
1549250 470
1549260 470
1549270 470
1549280 472
1549290 477
1549300 477
1549310 481
1549320 483
1549330 483
1549340 485
1549350 488
1549360 488
1549370 490
1549380 492
1549390 492
1549400 494
1549410 496
1549420 496
1549430 498
1549440 500
1549450 500
1549460 501
1549470 503
1549480 503
1549490 504
1549500 505
1549510 505
1549520 507
1549530 510
1549540 510
1549550 513
1549560 516
1549570 516
1549580 518
1549590 520
1549600 520
1549610 522
1549620 524
1549630 524
1549640 526
1549650 528
1549660 528
1549670 530
1549680 531
1549690 531
1549700 532
1549710 534
1549720 534
1549730 536
1549740 538
1549750 538
1549760 540
1549770 541
1549780 541
1549790 543
1549800 545
1549810 545
1549820 547
1549830 549
1549840 549
1549850 550
1549860 552
1549870 552
1549880 553
1549890 554
1549900 554
1549910 555
1549920 556
1549930 556
1549940 557
1549950 557
1549960 557
1549970 558
1549980 558
1549990 558
1550000 559
1550010 559
1550020 559
1550030 560
1550040 561
1550050 561
1550060 562
1550070 563
1550080 564
1550090 564
1550100 565
1550110 566
1550120 566
1550130 568
1550140 569
1550150 569
1550160 570
1550170 571
1550180 571
1550190 572
1550200 572
1550210 572
1550220 573
1550230 574
1550240 574
1550250 576
1550260 577
1550270 577
1550280 578
1550290 579
1550300 579
1550310 580
1550320 580
1550330 580
1550340 581
1550350 582
1550360 582
1550370 583
1550380 584
1550390 584
1550400 584
1550410 585
1550420 585
1550430 586
1550440 587
1550450 587
1550460 589
1550470 589
1550480 589
1550490 590
1550500 591
1550510 591
1550520 591
1550530 591
1550540 591
1550550 591
1550560 592
1550570 592
1550580 593
1550590 594
1550600 594
1550610 595
1550620 596
1550630 596
1550640 596
1550650 597
1550660 597
1550670 598
1550680 598
1550690 598
1550700 598
1550710 599
1550720 599
1550730 599
1550740 599
1550750 599
1550760 599
1550770 599
1550780 599
1550790 599
1550800 599
1550810 599
1550820 598
1550830 597
1550840 597
1550850 594
1550860 592
1550870 592
1550880 590
1550890 588
1550900 586
1550910 586
1550920 585
1550930 585
1550940 585
1550950 584
1550960 585
1550970 585
1550980 586
1550990 586
1551000 586
1551010 587
1551020 589
1551030 589
1551040 589
1551050 590
1551060 590
1551070 591
1551080 592
1551090 592
1551100 593
1551110 594
1551120 594
1551130 594
1551140 593
1551150 593
1551160 593
1551170 593
1551180 593
1551190 593
1551200 593
1551210 593
1551220 594
1551230 593
1551240 593
1551250 593
1551260 592
1551270 592
1551280 591
1551290 590
1551300 590
1551310 589
1551320 589
1551330 589
1551340 589
1551350 589
1551360 589
1551370 588
1551380 589
1551390 589
1551400 589
1551410 588
1551420 588
1551430 589
1551440 588
1551450 588
1551460 588
1551470 588
1551480 588
1551490 586
1551500 585
1551510 585
1551520 585
1551530 585
1551540 585
1551550 584
1551560 584
1551570 584
1551580 583
1551590 581
1551600 581
1551610 579
1551620 579
1551630 579
1551640 579
1551650 579
1551660 579
1551670 579
1551680 579
1551690 580
1551700 580
1551710 581
1551720 583
1551730 583
1551740 585
1551750 586
1551760 586
1551770 587
1551780 588
1551790 588
1551800 589
1551810 591
1551820 591
1551830 592
1551840 593
1551850 593
1551860 594
1551870 596
1551880 596
1551890 597
1551900 598
1551910 598
1551920 599
1551930 600
1551940 600
1551950 601
1551960 602
1551970 602
1551980 602
1551990 602
1552000 602
1552010 601
1552020 599
1552030 599
1552040 598
1552050 596
1552060 596
1552070 594
1552080 592
1552090 592
1552100 590
1552110 587
1552120 587
1552130 585
1552140 582
1552150 582
1552160 581
1552170 581
1552180 581
1552190 584
1552200 585
1552210 585
1552220 585
1552230 585
1552240 585
1552250 585
1552260 585
1552270 585
1552280 584
1552290 584
1552300 584
1552310 583
1552320 581
1552330 581
1552340 580
1552350 577
1552360 577
1552370 575
1552380 573
1552390 573
1552400 571
1552410 569
1552420 569
1552430 568
1552440 567
1552450 567
1552460 566
1552470 565
1552480 565
1552490 566
1552500 568
1552510 570
1552520 570
1552530 571
1552540 572
1552550 572
1552560 575
1552570 577
1552580 577
1552590 579
1552600 581
1552610 581
1552620 582
1552630 584
1552640 584
1552650 585
1552660 586
1552670 586
1552680 588
1552690 589
1552700 589
1552710 591
1552720 592
1552730 592
1552740 594
1552750 595
1552760 595
1552770 597
1552780 598
1552790 598
1552800 600
1552810 601
1552820 601
1552830 603
1552840 605
1552850 605
1552860 607
1552870 608
1552880 608
1552890 610
1552900 612
1552910 612
1552920 613
1552930 614
1552940 614
1552950 615
1552960 616
1552970 616
1552980 616
1552990 617
1553000 617
1553010 617
1553020 618
1553030 618
1553040 619
1553050 620
1553060 620
1553070 620
1553080 621
1553090 621
1553100 622
1553110 623
1553120 623
1553130 623
1553140 624
1553150 624
1553160 625
1553170 625
1553180 625
1553190 626
1553200 627
1553210 627
1553220 629
1553230 631
1553240 631
1553250 632
1553260 633
1553270 633
1553280 634
1553290 635
1553300 636
1553310 636
1553320 637
1553330 638
1553340 638
1553350 639
1553360 640
1553370 640
1553380 641
1553390 641
1553400 641
1553410 642
1553420 642
1553430 642
1553440 643
1553450 643
1553460 643
1553470 644
1553480 644
1553490 644
1553500 644
1553510 645
1553520 645
1553530 645
1553540 645
1553550 645
1553560 645
1553570 646
1553580 646
1553590 646
1553600 646
1553610 646
1553620 646
1553630 646
1553640 646
1553650 646
1553660 646
1553670 646
1553680 646
1553690 645
1553700 645
1553710 645
1553720 645
1553730 645
1553740 645
1553750 645
1553760 645
1553770 644
1553780 644
1553790 644
1553800 644
1553810 644
1553820 644
1553830 644
1553840 643
1553850 643
1553860 643
1553870 643
1553880 643
1553890 643
1553900 643
1553910 643
1553920 643
1553930 642
1553940 642
1553950 642
1553960 642
1553970 642
1553980 642
1553990 642
1554000 642
1554010 641
1554020 641
1554030 641
1554040 641
1554050 640
1554060 640
1554070 640
1554080 639
1554090 639
1554100 638
1554110 637
1554120 637
1554130 637
1554140 636
1554150 636
1554160 636
1554170 635
1554180 634
1554190 634
1554200 633
1554210 632
1554220 632
1554230 631
1554240 630
1554250 630
1554260 629
1554270 628
1554280 628
1554290 627
1554300 625
1554310 625
1554320 624
1554330 623
1554340 623
1554350 621
1554360 620
1554370 620
1554380 618
1554390 617
1554400 617
1554410 615
1554420 612
1554430 612
1554440 607
1554450 602
1554460 602
1554470 597
1554480 592
1554490 592
1554500 588
1554510 586
1554520 586
1554530 585
1554540 586
1554550 586
1554560 584
1554570 583
1554580 583
1554590 581
1554600 578
1554610 578
1554620 576
1554630 573
1554640 573
1554650 571
1554660 568
1554670 568
1554680 564
1554690 560
1554700 560
1554710 556
1554720 553
1554730 553
1554740 551
1554750 549
1554760 549
1554770 548
1554780 547
1554790 547
1554800 547
1554810 546
1554820 546
1554830 546
1554840 547
1554850 547
1554860 546
1554870 544
1554880 544
1554890 543
1554900 543
1554910 543
1554920 543
1554930 544
1554940 545
1554950 545
1554960 545
1554970 545
1554980 544
1554990 545
1555000 544
1555010 544
1555020 543
1555030 543
1555040 543
1555050 543
1555060 542
1555070 542
1555080 541
1555090 540
1555100 540
1555110 540
1555120 539
1555130 539
1555140 540
1555150 539
1555160 539
1555170 538
1555180 536
1555190 536
1555200 535
1555210 536
1555220 536
1555230 538
1555240 539
1555250 539
1555260 541
1555270 541
1555280 541
1555290 542
1555300 542
1555310 542
1555320 541
1555330 541
1555340 541
1555350 541
1555360 541
1555370 541
1555380 541
1555390 540
1555400 540
1555410 538
1555420 537
1555430 537
1555440 536
1555450 535
1555460 535
1555470 534
1555480 533
1555490 533
1555500 531
1555510 529
1555520 529
1555530 527
1555540 526
1555550 526
1555560 524
1555570 523
1555580 523
1555590 521
1555600 520
1555610 520
1555620 518
1555630 516
1555640 516
1555650 515
1555660 513
1555670 513
1555680 512
1555690 510
1555700 510
1555710 509
1555720 507
1555730 504
1555740 504
1555750 502
1555760 501
1555770 501
1555780 499
1555790 498
1555800 498
1555810 497
1555820 495
1555830 495
1555840 494
1555850 493
1555860 493
1555870 492
1555880 492
1555890 492
1555900 491
1555910 491
1555920 491
1555930 491
1555940 490
1555950 490
1555960 490
1555970 489
1555980 489
1555990 488
1556000 487
1556010 487
1556020 486
1556030 486
1556040 486
1556050 485
1556060 485
1556070 485
1556080 485
1556090 486
1556100 486
1556110 486
1556120 486
1556130 486
1556140 485
1556150 485
1556160 485
1556170 484
1556180 482
1556190 482
1556200 480
1556210 478
1556220 478
1556230 475
1556240 471
1556250 471
1556260 467
1556270 465
1556280 465
1556290 464
1556300 463
1556310 463
1556320 463
1556330 463
1556340 463
1556350 460
1556360 457
1556370 457
1556380 455
1556390 453
1556400 453
1556410 450
1556420 449
1556430 449
1556440 447
1556450 446
1556460 446
1556470 445
1556480 444
1556490 444
1556500 444
1556510 444
1556520 444
1556530 444
1556540 444
1556550 444
1556560 444
1556570 445
1556580 444
1556590 444
1556600 444
1556610 444
1556620 444
1556630 444
1556640 444
1556650 444
1556660 444
1556670 444
1556680 444
1556690 444
1556700 444
1556710 444
1556720 444
1556730 444
1556740 444
1556750 444
1556760 444
1556770 444
1556780 444
1556790 444
1556800 444
1556810 445
1556820 445
1556830 445
1556840 444
1556850 443
1556860 443
1556870 443
1556880 444
1556890 444
1556900 444
1556910 445
1556920 445
1556930 444
1556940 444
1556950 444
1556960 444
1556970 445
1556980 445
1556990 445
1557000 445
1557010 445
1557020 445
1557030 445
1557040 445
1557050 445
1557060 445
1557070 445
1557080 445
1557090 445
1557100 445
1557110 445
1557120 445
1557130 445
1557140 445
1557150 445
1557160 445
1557170 445
1557180 445
1557190 445
1557200 445
1557210 446
1557220 446
1557230 446
1557240 446
1557250 446
1557260 445
1557270 446
1557280 446
1557290 446
1557300 446
1557310 446
1557320 446
1557330 446
1557340 446
1557350 446
1557360 446
1557370 445
1557380 445
1557390 445
1557400 445
1557410 445
1557420 445
1557430 445
1557440 445
1557450 445
1557460 445
1557470 445
1557480 446
1557490 447
1557500 447
1557510 448
1557520 448
1557530 448
1557540 449
1557550 451
1557560 451
1557570 456
1557580 458
1557590 458
1557600 458
1557610 459
1557620 459
1557630 462
1557640 466
1557650 466
1557660 469
1557670 471
1557680 471
1557690 473
1557700 476
1557710 476
1557720 478
1557730 479
1557740 479
1557750 480
1557760 481
1557770 481
1557780 481
1557790 482
1557800 482
1557810 482
1557820 483
1557830 483
1557840 483
1557850 482
1557860 482
1557870 482
1557880 482
1557890 482
1557900 482
1557910 482
1557920 482
1557930 482
1557940 481
1557950 481
1557960 478
1557970 474
1557980 474
1557990 472
1558000 472
1558010 472
1558020 471
1558030 471
1558040 471
1558050 471
1558060 471
1558070 471
1558080 471
1558090 471
1558100 471
1558110 471
1558120 472
1558130 472
1558140 472
1558150 474
1558160 478
1558170 478
1558180 480
1558190 477
1558200 477
1558210 473
1558220 470
1558230 470
1558240 468
1558250 468
1558260 468
1558270 468
1558280 468
1558290 468
1558300 468
1558310 468
1558320 468
1558330 468
1558340 469
1558350 469
1558360 469
1558370 469
1558380 469
1558390 469
1558400 469
1558410 469
1558420 469
1558430 470
1558440 470
1558450 470
1558460 470
1558470 470
1558480 470
1558490 470
1558500 470
1558510 470
1558520 470
1558530 470
1558540 470
1558550 470
1558560 469
1558570 470
1558580 470
1558590 470
1558600 469
1558610 469
1558620 469
1558630 468
1558640 468
1558650 468
1558660 468
1558670 468
1558680 468
1558690 468
1558700 468
1558710 468
1558720 468
1558730 469
1558740 469
1558750 469
1558760 469
1558770 469
1558780 468
1558790 469
1558800 469
1558810 470
1558820 470
1558830 470
1558840 471
1558850 472
1558860 472
1558870 475
1558880 479
1558890 479
1558900 484
1558910 486
1558920 486
1558930 486
1558940 488
1558950 491
1558960 491
1558970 494
1558980 495
1558990 495
1559000 495
1559010 496
1559020 496
1559030 496
1559040 496
1559050 496
1559060 496
1559070 497
1559080 497
1559090 497
1559100 497
1559110 497
1559120 497
1559130 497
1559140 497
1559150 497
1559160 497
1559170 497
1559180 497
1559190 497
1559200 497
1559210 498
1559220 498
1559230 498
1559240 497
1559250 497
1559260 497
1559270 497
1559280 497
1559290 497
1559300 497
1559310 497
1559320 497
1559330 497
1559340 497
1559350 497
1559360 497
1559370 497
1559380 497
1559390 497
1559400 497
1559410 497
1559420 497
1559430 497
1559440 497
1559450 497
1559460 496
1559470 496
1559480 496
1559490 496
1559500 496
1559510 496
1559520 496
1559530 496
1559540 496
1559550 496
1559560 496
1559570 496
1559580 496
1559590 496
1559600 496
1559610 496
1559620 496
1559630 496
1559640 496
1559650 496
1559660 497
1559670 497
1559680 497
1559690 497
1559700 497
1559710 497
1559720 498
1559730 498
1559740 498
1559750 498
1559760 498
1559770 498
1559780 498
1559790 499
1559800 499
1559810 499
1559820 499
1559830 500
1559840 500
1559850 500
1559860 500
1559870 500
1559880 500
1559890 500
1559900 500
1559910 501
1559920 502
1559930 502
1559940 502
1559950 502
1559960 502
1559970 503
1559980 503
1559990 503
