1540000 455
1540010 456
1540020 456
1540030 457
1540040 458
1540050 458
1540060 458
1540070 459
1540080 459
1540090 459
1540100 459
1540110 459
1540120 460
1540130 460
1540140 460
1540150 460
1540160 460
1540170 460
1540180 460
1540190 461
1540200 461
1540210 460
1540220 460
1540230 460
1540240 460
1540250 459
1540260 459
1540270 458
1540280 457
1540290 457
1540300 457
1540310 456
1540320 455
1540330 455
1540340 455
1540350 454
1540360 454
1540370 454
1540380 453
1540390 453
1540400 452
1540410 452
1540420 452
1540430 451
1540440 451
1540450 451
1540460 450
1540470 450
1540480 450
1540490 450
1540500 450
1540510 450
1540520 449
1540530 450
1540540 450
1540550 451
1540560 453
1540570 453
1540580 454
1540590 455
1540600 455
1540610 456
1540620 456
1540630 456
1540640 457
1540650 458
1540660 458
1540670 458
1540680 459
1540690 459
1540700 460
1540710 460
1540720 460
1540730 461
1540740 462
1540750 462
1540760 462
1540770 463
1540780 463
1540790 463
1540800 464
1540810 464
1540820 464
1540830 465
1540840 465
1540850 465
1540860 466
1540870 466
1540880 466
1540890 466
1540900 466
1540910 467
1540920 467
1540930 467
1540940 467
1540950 467
1540960 467
1540970 467
1540980 467
1540990 467
1541000 467
1541010 467
1541020 467
1541030 467
1541040 467
1541050 467
1541060 467
1541070 466
1541080 466
1541090 466
1541100 465
1541110 465
1541120 465
1541130 464
1541140 464
1541150 464
1541160 463
1541170 463
1541180 462
1541190 461
1541200 461
1541210 460
1541220 459
1541230 459
1541240 458
1541250 457
1541260 456
1541270 456
1541280 455
1541290 454
1541300 454
1541310 454
1541320 453
1541330 453
1541340 452
1541350 451
1541360 451
1541370 450
1541380 449
1541390 449
1541400 448
1541410 448
1541420 448
1541430 448
1541440 449
1541450 449
1541460 450
1541470 451
1541480 451
1541490 452
1541500 452
1541510 452
1541520 452
1541530 452
1541540 452
1541550 452
1541560 452
1541570 452
1541580 452
1541590 452
1541600 452
1541610 452
1541620 452
1541630 452
1541640 452
1541650 451
1541660 451
1541670 451
1541680 450
1541690 450
1541700 449
1541710 447
1541720 447
1541730 445
1541740 445
1541750 445
1541760 446
1541770 449
1541780 449
1541790 451
1541800 453
1541810 453
1541820 454
1541830 455
1541840 455
1541850 455
1541860 456
1541870 456
1541880 457
1541890 458
1541900 458
1541910 459
1541920 460
1541930 460
1541940 461
1541950 461
1541960 461
1541970 462
1541980 462
1541990 462
1542000 463
1542010 463
1542020 463
1542030 464
1542040 464
1542050 464
1542060 465
1542070 465
1542080 465
1542090 465
1542100 466
1542110 465
1542120 465
1542130 466
1542140 466
1542150 466
1542160 466
1542170 466
1542180 466
1542190 467
1542200 467
1542210 467
1542220 467
1542230 467
1542240 467
1542250 467
1542260 467
1542270 467
1542280 467
1542290 467
1542300 467
1542310 467
1542320 466
1542330 466
1542340 466
1542350 466
1542360 466
1542370 465
1542380 465
1542390 465
1542400 464
1542410 464
1542420 464
1542430 461
1542440 456
1542450 456
1542460 452
1542470 450
1542480 450
1542490 448
1542500 448
1542510 448
1542520 447
1542530 446
1542540 446
1542550 446
1542560 445
1542570 445
1542580 445
1542590 444
1542600 444
1542610 443
1542620 441
1542630 441
1542640 440
1542650 439
1542660 439
1542670 438
1542680 438
1542690 438
1542700 437
1542710 437
1542720 437
1542730 437
1542740 437
1542750 437
1542760 438
1542770 438
1542780 438
1542790 439
1542800 442
1542810 442
1542820 445
1542830 449
1542840 449
1542850 452
1542860 455
1542870 455
1542880 457
1542890 459
1542900 459
1542910 460
1542920 461
1542930 461
1542940 462
1542950 463
1542960 463
1542970 463
1542980 464
1542990 464
1543000 464
1543010 465
1543020 465
1543030 466
1543040 466
1543050 466
1543060 467
1543070 467
1543080 467
1543090 468
1543100 468
1543110 468
1543120 468
1543130 469
1543140 469
1543150 469
1543160 470
1543170 470
1543180 470
1543190 471
1543200 471
1543210 471
1543220 472
1543230 472
1543240 472
1543250 473
1543260 474
1543270 474
1543280 474
1543290 475
1543300 475
1543310 475
1543320 476
1543330 476
1543340 476
1543350 476
1543360 476
1543370 477
1543380 477
1543390 477
1543400 477
1543410 477
1543420 477
1543430 477
1543440 477
1543450 477
1543460 477
1543470 477
1543480 477
1543490 477
1543500 477
1543510 477
1543520 476
1543530 476
1543540 476
1543550 476
1543560 475
1543570 475
1543580 474
1543590 473
1543600 473
1543610 472
1543620 471
1543630 471
1543640 470
1543650 469
1543660 469
1543670 468
1543680 468
1543690 468
1543700 467
1543710 467
1543720 467
1543730 467
1543740 466
1543750 466
1543760 466
1543770 466
1543780 466
1543790 466
1543800 466
1543810 466
1543820 466
1543830 466
1543840 466
1543850 466
1543860 466
1543870 466
1543880 466
1543890 466
1543900 466
1543910 466
1543920 466
1543930 466
1543940 467
1543950 467
1543960 467
1543970 468
1543980 468
1543990 468
1544000 469
1544010 469
1544020 469
1544030 469
1544040 469
1544050 470
1544060 470
1544070 470
1544080 471
1544090 471
1544100 471
1544110 472
1544120 472
1544130 473
1544140 473
1544150 473
1544160 476
1544170 477
1544180 477
1544190 478
1544200 478
1544210 478
1544220 478
1544230 478
1544240 478
1544250 478
1544260 477
1544270 477
1544280 477
1544290 477
1544300 477
1544310 476
1544320 476
1544330 476
1544340 476
1544350 475
1544360 475
1544370 473
1544380 472
1544390 472
1544400 471
1544410 471
1544420 471
1544430 470
1544440 469
1544450 469
1544460 469
1544470 468
1544480 468
1544490 468
1544500 468
1544510 468
1544520 468
1544530 467
1544540 467
1544550 467
1544560 467
1544570 467
1544580 467
1544590 467
1544600 467
1544610 468
1544620 468
1544630 468
1544640 468
1544650 469
1544660 469
1544670 469
1544680 469
1544690 469
1544700 469
1544710 469
1544720 469
1544730 468
1544740 468
1544750 468
1544760 468
1544770 468
1544780 468
1544790 467
1544800 467
1544810 467
1544820 467
1544830 466
1544840 466
1544850 465
1544860 465
1544870 465
1544880 464
1544890 464
1544900 464
1544910 463
1544920 463
1544930 463
1544940 462
1544950 462
1544960 462
1544970 462
1544980 461
1544990 461
1545000 461
1545010 461
1545020 461
1545030 461
1545040 462
1545050 462
1545060 462
1545070 463
1545080 463
1545090 463
1545100 464
1545110 464
1545120 464
1545130 464
1545140 465
1545150 465
1545160 465
1545170 465
1545180 465
1545190 465
1545200 465
1545210 465
1545220 465
1545230 466
1545240 466
1545250 466
1545260 466
1545270 466
1545280 466
1545290 467
1545300 467
1545310 467
1545320 467
1545330 467
1545340 467
1545350 467
1545360 467
1545370 468
1545380 468
1545390 468
1545400 468
1545410 469
1545420 469
1545430 469
1545440 469
1545450 469
1545460 469
1545470 470
1545480 470
1545490 470
1545500 470
1545510 470
1545520 470
1545530 470
1545540 470
1545550 470
1545560 470
1545570 470
1545580 470
1545590 470
1545600 470
1545610 469
1545620 469
1545630 469
1545640 469
1545650 469
1545660 469
1545670 469
1545680 469
1545690 469
1545700 469
1545710 469
1545720 469
1545730 469
1545740 469
1545750 469
1545760 469
1545770 469
1545780 469
1545790 469
1545800 469
1545810 469
1545820 469
1545830 469
1545840 469
1545850 468
1545860 468
1545870 468
1545880 467
1545890 467
1545900 467
1545910 466
1545920 465
1545930 463
1545940 463
1545950 462
1545960 460
1545970 460
1545980 459
1545990 459
1546000 459
1546010 458
1546020 458
1546030 458
1546040 457
1546050 457
1546060 457
1546070 457
1546080 456
1546090 456
1546100 456
1546110 456
1546120 456
1546130 456
1546140 456
1546150 456
1546160 455
1546170 455
1546180 455
1546190 455
1546200 455
1546210 455
1546220 455
1546230 454
1546240 454
1546250 454
1546260 454
1546270 454
1546280 454
1546290 453
1546300 453
1546310 453
1546320 453
1546330 453
1546340 452
1546350 452
1546360 452
1546370 451
1546380 450
1546390 450
1546400 450
1546410 449
1546420 450
1546430 449
1546440 449
1546450 449
1546460 448
1546470 448
1546480 448
1546490 447
1546500 446
1546510 446
1546520 444
1546530 444
1546540 444
1546550 443
1546560 443
1546570 443
1546580 443
1546590 443
1546600 443
1546610 446
1546620 451
1546630 451
1546640 452
1546650 453
1546660 453
1546670 453
1546680 453
1546690 453
1546700 454
1546710 454
1546720 454
1546730 454
1546740 455
1546750 455
1546760 455
1546770 455
1546780 455
1546790 455
1546800 455
1546810 455
1546820 455
1546830 455
1546840 455
1546850 455
1546860 455
1546870 454
1546880 454
1546890 454
1546900 454
1546910 454
1546920 454
1546930 454
1546940 454
1546950 454
1546960 454
1546970 454
1546980 455
1546990 455
1547000 455
1547010 455
1547020 456
1547030 456
1547040 456
1547050 456
1547060 456
1547070 456
1547080 456
1547090 456
1547100 456
1547110 456
1547120 456
1547130 455
1547140 455
1547150 455
1547160 455
1547170 455
1547180 455
1547190 454
1547200 454
1547210 454
1547220 453
1547230 453
1547240 453
1547250 453
1547260 452
1547270 452
1547280 452
1547290 452
1547300 452
1547310 452
1547320 452
1547330 452
1547340 452
1547350 452
1547360 452
1547370 452
1547380 452
1547390 452
1547400 452
1547410 452
1547420 452
1547430 452
1547440 452
1547450 452
1547460 452
1547470 452
1547480 452
1547490 452
1547500 452
1547510 452
1547520 452
1547530 452
1547540 452
1547550 452
1547560 452
1547570 452
1547580 451
1547590 450
1547600 450
1547610 450
1547620 449
1547630 449
1547640 449
1547650 448
1547660 448
1547670 448
1547680 447
1547690 447
1547700 446
1547710 445
1547720 445
1547730 444
1547740 443
1547750 443
1547760 442
1547770 440
1547780 440
1547790 439
1547800 436
1547810 434
1547820 434
1547830 432
1547840 432
1547850 432
1547860 431
1547870 431
1547880 431
1547890 430
1547900 430
1547910 430
1547920 430
1547930 430
1547940 430
1547950 432
1547960 435
1547970 435
1547980 438
1547990 440
1548000 440
1548010 442
1548020 443
1548030 443
1548040 444
1548050 445
1548060 445
1548070 446
1548080 446
1548090 446
1548100 447
1548110 447
1548120 447
1548130 448
1548140 448
1548150 448
1548160 448
1548170 448
1548180 448
1548190 449
1548200 449
1548210 449
1548220 449
1548230 448
1548240 448
1548250 448
1548260 448
1548270 448
1548280 448
1548290 445
1548300 445
1548310 441
1548320 435
1548330 435
1548340 429
1548350 425
1548360 425
1548370 423
1548380 422
1548390 422
1548400 421
1548410 420
1548420 420
1548430 421
1548440 421
1548450 421
1548460 421
1548470 421
1548480 421
1548490 421
1548500 421
1548510 421
1548520 421
1548530 421
1548540 421
1548550 421
1548560 421
1548570 421
1548580 420
1548590 420
1548600 420
1548610 420
1548620 420
1548630 420
1548640 420
1548650 420
1548660 420
1548670 420
1548680 419
1548690 419
1548700 419
1548710 419
1548720 419
1548730 419
1548740 419
1548750 419
1548760 419
1548770 419
1548780 419
1548790 419
1548800 419
1548810 419
1548820 419
1548830 419
1548840 419
1548850 419
1548860 419
1548870 419
1548880 419
1548890 418
1548900 418
1548910 418
1548920 418
1548930 418
1548940 418
1548950 419
1548960 419
1548970 419
1548980 419
1548990 420
1549000 420
1549010 420
1549020 420
1549030 420
1549040 421
1549050 421
1549060 421
1549070 421
1549080 421
1549090 421
1549100 421
1549110 420
1549120 420
1549130 420
1549140 420
1549150 420
1549160 420
1549170 420
1549180 420
1549190 420
1549200 420
1549210 420
1549220 420
1549230 420
1549240 420
1549250 420
1549260 420
1549270 420
1549280 420
1549290 420
1549300 420
1549310 420
1549320 420
1549330 420
1549340 420
1549350 420
1549360 420
1549370 420
1549380 420
1549390 420
1549400 420
1549410 420
1549420 420
1549430 419
1549440 419
1549450 419
1549460 419
1549470 419
1549480 419
1549490 419
1549500 419
1549510 419
1549520 419
1549530 418
1549540 418
1549550 418
1549560 418
1549570 418
1549580 418
1549590 418
1549600 418
1549610 418
1549620 418
1549630 418
1549640 418
1549650 418
1549660 418
1549670 418
1549680 418
1549690 417
1549700 417
1549710 417
1549720 417
1549730 417
1549740 417
1549750 417
1549760 417
1549770 415
1549780 415
1549790 415
1549800 416
1549810 417
1549820 417
1549830 417
1549840 417
1549850 417
1549860 417
1549870 417
1549880 417
1549890 416
1549900 416
1549910 416
1549920 418
1549930 421
1549940 421
1549950 425
1549960 430
1549970 430
1549980 432
1549990 433
1550000 433
1550010 434
1550020 435
1550030 435
1550040 435
1550050 435
1550060 435
1550070 435
1550080 435
1550090 435
1550100 435
1550110 435
1550120 435
1550130 435
1550140 435
1550150 435
1550160 435
1550170 436
1550180 436
1550190 436
1550200 436
1550210 436
1550220 436
1550230 437
1550240 437
1550250 437
1550260 437
1550270 437
1550280 437
1550290 437
1550300 437
1550310 437
1550320 437
1550330 437
1550340 437
1550350 437
1550360 437
1550370 437
1550380 437
1550390 437
1550400 437
1550410 438
1550420 438
1550430 438
1550440 438
1550450 438
1550460 438
1550470 437
1550480 437
1550490 437
1550500 438
1550510 438
1550520 438
1550530 438
1550540 438
1550550 438
1550560 438
1550570 438
1550580 438
1550590 438
1550600 438
1550610 438
1550620 438
1550630 438
1550640 438
1550650 438
1550660 437
1550670 437
1550680 437
1550690 437
1550700 437
1550710 437
1550720 437
1550730 437
1550740 437
1550750 437
1550760 437
1550770 436
1550780 436
1550790 436
1550800 436
1550810 434
1550820 434
1550830 431
1550840 428
1550850 428
1550860 426
1550870 425
1550880 425
1550890 423
1550900 418
1550910 418
1550920 410
1550930 404
1550940 404
1550950 402
1550960 401
1550970 401
1550980 401
1550990 400
1551000 400
1551010 400
1551020 400
1551030 400
1551040 401
1551050 402
1551060 402
1551070 403
1551080 403
1551090 403
1551100 403
1551110 403
1551120 403
1551130 403
1551140 403
1551150 403
1551160 403
1551170 403
1551180 403
1551190 403
1551200 403
1551210 403
1551220 403
1551230 402
1551240 402
1551250 402
1551260 402
1551270 402
1551280 403
1551290 404
1551300 404
1551310 404
1551320 404
1551330 404
1551340 404
1551350 404
1551360 404
1551370 404
1551380 404
1551390 404
1551400 404
1551410 404
1551420 404
1551430 404
1551440 405
1551450 405
1551460 405
1551470 405
1551480 405
1551490 403
1551500 402
1551510 402
1551520 401
1551530 401
1551540 401
1551550 401
1551560 401
1551570 401
1551580 401
1551590 401
1551600 401
1551610 401
1551620 402
1551630 402
1551640 402
1551650 403
1551660 404
1551670 404
1551680 404
1551690 404
1551700 404
1551710 404
1551720 404
1551730 404
1551740 404
1551750 404
1551760 404
1551770 404
1551780 404
1551790 404
1551800 404
1551810 404
1551820 404
1551830 403
1551840 403
1551850 403
1551860 404
1551870 404
1551880 404
1551890 404
1551900 404
1551910 404
1551920 404
1551930 404
1551940 404
1551950 404
1551960 404
1551970 404
1551980 404
1551990 404
1552000 404
1552010 404
1552020 404
1552030 404
1552040 403
1552050 403
1552060 403
1552070 402
1552080 400
1552090 400
1552100 401
1552110 402
1552120 402
1552130 402
1552140 403
1552150 403
1552160 404
1552170 405
1552180 405
1552190 408
1552200 413
1552210 413
1552220 417
1552230 420
1552240 420
1552250 422
1552260 424
1552270 424
1552280 427
1552290 428
1552300 428
1552310 428
1552320 428
1552330 428
1552340 428
1552350 428
1552360 428
1552370 429
1552380 429
1552390 429
1552400 429
1552410 429
1552420 429
1552430 429
1552440 429
1552450 429
1552460 429
1552470 429
1552480 429
1552490 429
1552500 429
1552510 429
1552520 429
1552530 429
1552540 429
1552550 429
1552560 429
1552570 429
1552580 429
1552590 429
1552600 429
1552610 429
1552620 429
1552630 429
1552640 429
1552650 430
1552660 430
1552670 430
1552680 430
1552690 430
1552700 430
1552710 430
1552720 431
1552730 431
1552740 433
1552750 435
1552760 435
1552770 436
1552780 437
1552790 437
1552800 437
1552810 438
1552820 438
1552830 438
1552840 438
1552850 438
1552860 437
1552870 437
1552880 437
1552890 436
1552900 435
1552910 435
1552920 435
1552930 435
1552940 435
1552950 435
1552960 437
1552970 437
1552980 439
1552990 441
1553000 441
1553010 443
1553020 444
1553030 444
1553040 442
1553050 439
1553060 439
1553070 439
1553080 441
1553090 441
1553100 444
1553110 446
1553120 446
1553130 448
1553140 449
1553150 449
1553160 450
1553170 451
1553180 451
1553190 451
1553200 452
1553210 452
1553220 452
1553230 453
1553240 453
1553250 453
1553260 453
1553270 453
1553280 453
1553290 454
1553300 454
1553310 454
1553320 454
1553330 454
1553340 454
1553350 455
1553360 455
1553370 455
1553380 455
1553390 455
1553400 455
1553410 456
1553420 456
1553430 456
1553440 456
1553450 456
1553460 456
1553470 456
1553480 456
1553490 456
1553500 457
1553510 457
1553520 457
1553530 457
1553540 457
1553550 457
1553560 457
1553570 457
1553580 457
1553590 457
1553600 457
1553610 457
1553620 457
1553630 457
1553640 457
1553650 457
1553660 457
1553670 457
1553680 457
1553690 457
1553700 457
1553710 456
1553720 456
1553730 456
1553740 456
1553750 457
1553760 457
1553770 456
1553780 456
1553790 456
1553800 456
1553810 456
1553820 456
1553830 456
1553840 455
1553850 455
1553860 455
1553870 456
1553880 456
1553890 456
1553900 456
1553910 456
1553920 456
1553930 456
1553940 456
1553950 456
1553960 457
1553970 457
1553980 457
1553990 457
1554000 457
1554010 457
1554020 457
1554030 457
1554040 457
1554050 457
1554060 457
1554070 457
1554080 457
1554090 457
1554100 457
1554110 457
1554120 457
1554130 457
1554140 457
1554150 457
1554160 457
1554170 456
1554180 456
1554190 456
1554200 456
1554210 456
1554220 456
1554230 456
1554240 456
1554250 455
1554260 455
1554270 455
1554280 455
1554290 455
1554300 455
1554310 454
1554320 454
1554330 454
1554340 454
1554350 453
1554360 453
1554370 453
1554380 453
1554390 453
1554400 453
1554410 453
1554420 453
1554430 453
1554440 453
1554450 453
1554460 453
1554470 453
1554480 453
1554490 453
1554500 453
1554510 453
1554520 453
1554530 453
1554540 453
1554550 453
1554560 453
1554570 453
1554580 453
1554590 452
1554600 452
1554610 452
1554620 452
1554630 452
1554640 452
1554650 452
1554660 452
1554670 452
1554680 452
1554690 453
1554700 453
1554710 453
1554720 453
1554730 453
1554740 454
1554750 455
1554760 455
1554770 456
1554780 457
1554790 457
1554800 457
1554810 457
1554820 457
1554830 457
1554840 458
1554850 458
1554860 458
1554870 459
1554880 459
1554890 459
1554900 459
1554910 459
1554920 459
1554930 459
1554940 459
1554950 459
1554960 459
1554970 459
1554980 459
1554990 460
1555000 460
1555010 460
1555020 460
1555030 460
1555040 460
1555050 460
1555060 460
1555070 459
1555080 459
1555090 459
1555100 459
1555110 459
1555120 459
1555130 459
1555140 459
1555150 459
1555160 458
1555170 458
1555180 458
1555190 458
1555200 458
1555210 458
1555220 458
1555230 457
1555240 457
1555250 457
1555260 457
1555270 457
1555280 457
1555290 457
1555300 457
1555310 457
1555320 456
1555330 456
1555340 456
1555350 456
1555360 456
1555370 456
1555380 455
1555390 455
1555400 455
1555410 455
1555420 455
1555430 455
1555440 455
1555450 455
1555460 455
1555470 455
1555480 455
1555490 455
1555500 455
1555510 455
1555520 455
1555530 455
1555540 455
1555550 455
1555560 455
1555570 454
1555580 454
1555590 454
1555600 454
1555610 454
1555620 454
1555630 454
1555640 454
1555650 454
1555660 455
1555670 455
1555680 455
1555690 456
1555700 456
1555710 457
1555720 457
1555730 457
1555740 457
1555750 458
1555760 458
1555770 458
1555780 458
1555790 458
1555800 458
1555810 458
1555820 458
1555830 458
1555840 458
1555850 458
1555860 458
1555870 458
1555880 458
1555890 458
1555900 458
1555910 458
1555920 457
1555930 457
1555940 457
1555950 456
1555960 456
1555970 456
1555980 456
1555990 455
1556000 455
1556010 455
1556020 455
1556030 455
1556040 455
1556050 455
1556060 455
1556070 455
1556080 456
1556090 456
1556100 456
1556110 455
1556120 455
1556130 456
1556140 456
1556150 456
1556160 456
1556170 456
1556180 456
1556190 456
1556200 456
1556210 456
1556220 456
1556230 456
1556240 456
1556250 456
1556260 456
1556270 456
1556280 456
1556290 457
1556300 457
1556310 457
1556320 457
1556330 457
1556340 457
1556350 457
1556360 457
1556370 457
1556380 457
1556390 457
1556400 457
1556410 457
1556420 457
1556430 457
1556440 457
1556450 458
1556460 458
1556470 458
1556480 458
1556490 458
1556500 459
1556510 459
1556520 459
1556530 460
1556540 460
1556550 460
1556560 460
1556570 460
1556580 460
1556590 461
1556600 461
1556610 461
1556620 461
1556630 461
1556640 461
1556650 462
1556660 462
1556670 462
1556680 462
1556690 462
1556700 462
1556710 462
1556720 462
1556730 462
1556740 462
1556750 461
1556760 461
1556770 461
1556780 461
1556790 461
1556800 460
1556810 460
1556820 460
1556830 460
1556840 460
1556850 460
1556860 460
1556870 460
1556880 460
1556890 460
1556900 460
1556910 460
1556920 460
1556930 461
1556940 461
1556950 461
1556960 461
1556970 461
1556980 461
1556990 461
1557000 461
1557010 462
1557020 462
1557030 462
1557040 462
1557050 462
1557060 462
1557070 462
1557080 462
1557090 462
1557100 462
1557110 462
1557120 462
1557130 462
1557140 462
1557150 462
1557160 462
1557170 462
1557180 462
1557190 462
1557200 462
1557210 462
1557220 462
1557230 462
1557240 462
1557250 462
1557260 462
1557270 461
1557280 461
1557290 461
1557300 460
1557310 460
1557320 460
1557330 459
1557340 459
1557350 459
1557360 458
1557370 458
1557380 458
1557390 457
1557400 457
1557410 456
1557420 456
1557430 456
1557440 455
1557450 455
1557460 455
1557470 455
1557480 455
1557490 455
1557500 455
1557510 455
1557520 455
1557530 455
1557540 455
1557550 455
1557560 455
1557570 455
1557580 455
1557590 455
1557600 455
1557610 455
1557620 455
1557630 455
1557640 455
1557650 455
1557660 455
1557670 455
1557680 455
1557690 455
1557700 455
1557710 455
1557720 455
1557730 455
1557740 455
1557750 455
1557760 455
1557770 455
1557780 455
1557790 455
1557800 454
1557810 454
1557820 454
1557830 454
1557840 453
1557850 453
1557860 453
1557870 453
1557880 453
1557890 453
1557900 453
1557910 453
1557920 452
1557930 452
1557940 452
1557950 452
1557960 452
1557970 452
1557980 453
1557990 453
1558000 453
1558010 453
1558020 454
1558030 454
1558040 454
1558050 454
1558060 454
1558070 454
1558080 454
1558090 454
1558100 454
1558110 454
1558120 454
1558130 454
1558140 454
1558150 454
1558160 454
1558170 454
1558180 454
1558190 454
1558200 454
1558210 454
1558220 454
1558230 454
1558240 454
1558250 454
1558260 454
1558270 454
1558280 454
1558290 454
1558300 454
1558310 454
1558320 454
1558330 454
1558340 454
1558350 454
1558360 453
1558370 453
1558380 453
1558390 453
1558400 453
1558410 453
1558420 453
1558430 453
1558440 453
1558450 453
1558460 453
1558470 453
1558480 454
1558490 454
1558500 454
1558510 454
1558520 454
1558530 454
1558540 454
1558550 454
1558560 453
1558570 453
1558580 453
1558590 453
1558600 452
1558610 452
1558620 452
1558630 452
1558640 452
1558650 452
1558660 452
1558670 452
1558680 452
1558690 452
1558700 452
1558710 452
1558720 453
1558730 453
1558740 453
1558750 454
1558760 454
1558770 454
1558780 454
1558790 454
1558800 454
1558810 454
1558820 454
1558830 454
1558840 454
1558850 454
1558860 453
1558870 453
1558880 453
1558890 453
1558900 454
1558910 454
1558920 453
1558930 453
1558940 453
1558950 453
1558960 453
1558970 453
1558980 453
1558990 453
1559000 453
1559010 453
1559020 454
1559030 454
1559040 454
1559050 454
1559060 454
1559070 454
1559080 454
1559090 454
1559100 454
1559110 454
1559120 454
1559130 454
1559140 454
1559150 454
1559160 454
1559170 454
1559180 454
1559190 454
1559200 454
1559210 454
1559220 454
1559230 454
1559240 454
1559250 454
1559260 454
1559270 454
1559280 454
1559290 453
1559300 453
1559310 453
1559320 453
1559330 453
1559340 453
1559350 452
1559360 452
1559370 452
1559380 452
1559390 452
1559400 452
1559410 451
1559420 451
1559430 451
1559440 451
1559450 451
1559460 451
1559470 451
1559480 450
1559490 450
1559500 450
1559510 450
1559520 450
1559530 450
1559540 448
1559550 448
1559560 447
1559570 446
1559580 446
1559590 446
1559600 445
1559610 445
1559620 445
1559630 445
1559640 445
1559650 445
1559660 445
1559670 445
1559680 445
1559690 445
1559700 445
1559710 445
1559720 445
1559730 445
1559740 447
1559750 451
1559760 451
1559770 454
1559780 456
1559790 456
1559800 458
1559810 459
1559820 459
1559830 459
1559840 460
1559850 460
1559860 460
1559870 461
1559880 461
1559890 461
1559900 461
1559910 461
1559920 462
1559930 462
1559940 462
1559950 462
1559960 462
1559970 462
1559980 463
1559990 463
