1540000 444
1540010 444
1540020 444
1540030 444
1540040 443
1540050 443
1540060 443
1540070 443
1540080 442
1540090 442
1540100 441
1540110 441
1540120 441
1540130 440
1540140 440
1540150 440
1540160 439
1540170 439
1540180 439
1540190 438
1540200 438
1540210 438
1540220 438
1540230 437
1540240 437
1540250 437
1540260 437
1540270 437
1540280 437
1540290 438
1540300 438
1540310 439
1540320 440
1540330 440
1540340 440
1540350 440
1540360 440
1540370 441
1540380 441
1540390 441
1540400 441
1540410 441
1540420 441
1540430 441
1540440 441
1540450 441
1540460 440
1540470 440
1540480 440
1540490 440
1540500 439
1540510 439
1540520 439
1540530 438
1540540 438
1540550 437
1540560 436
1540570 436
1540580 435
1540590 434
1540600 434
1540610 434
1540620 432
1540630 432
1540640 431
1540650 430
1540660 430
1540670 429
1540680 428
1540690 428
1540700 428
1540710 428
1540720 428
1540730 428
1540740 428
1540750 428
1540760 428
1540770 428
1540780 428
1540790 428
1540800 428
1540810 430
1540820 430
1540830 432
1540840 434
1540850 434
1540860 435
1540870 436
1540880 436
1540890 437
1540900 437
1540910 437
1540920 438
1540930 438
1540940 438
1540950 439
1540960 439
1540970 439
1540980 440
1540990 440
1541000 440
1541010 440
1541020 440
1541030 440
1541040 440
1541050 440
1541060 440
1541070 440
1541080 440
1541090 440
1541100 440
1541110 440
1541120 440
1541130 439
1541140 439
1541150 439
1541160 438
1541170 438
1541180 438
1541190 438
1541200 437
1541210 437
1541220 437
1541230 436
1541240 436
1541250 435
1541260 435
1541270 435
1541280 434
1541290 434
1541300 434
1541310 433
1541320 432
1541330 432
1541340 431
1541350 431
1541360 431
1541370 430
1541380 430
1541390 430
1541400 431
1541410 430
1541420 430
1541430 427
1541440 425
1541450 425
1541460 427
1541470 431
1541480 431
1541490 430
1541500 428
1541510 428
1541520 432
1541530 435
1541540 435
1541550 436
1541560 436
1541570 436
1541580 436
1541590 437
1541600 437
1541610 437
1541620 437
1541630 437
1541640 438
1541650 438
1541660 439
1541670 439
1541680 439
1541690 439
1541700 439
1541710 439
1541720 440
1541730 440
1541740 440
1541750 440
1541760 440
1541770 440
1541780 441
1541790 441
1541800 441
1541810 441
1541820 441
1541830 441
1541840 442
1541850 442
1541860 442
1541870 442
1541880 442
1541890 442
1541900 442
1541910 442
1541920 442
1541930 442
1541940 442
1541950 442
1541960 442
1541970 442
1541980 441
1541990 441
1542000 441
1542010 441
1542020 440
1542030 440
1542040 440
1542050 440
1542060 440
1542070 439
1542080 439
1542090 439
1542100 438
1542110 438
1542120 438
1542130 438
1542140 438
1542150 438
1542160 438
1542170 438
1542180 438
1542190 439
1542200 439
1542210 439
1542220 439
1542230 440
1542240 440
1542250 440
1542260 440
1542270 440
1542280 441
1542290 441
1542300 441
1542310 441
1542320 441
1542330 441
1542340 441
1542350 441
1542360 441
1542370 441
1542380 440
1542390 440
1542400 440
1542410 440
1542420 440
1542430 440
1542440 439
1542450 439
1542460 439
1542470 439
1542480 439
1542490 438
1542500 437
1542510 437
1542520 436
1542530 436
1542540 436
1542550 436
1542560 435
1542570 435
1542580 435
1542590 436
1542600 436
1542610 437
1542620 437
1542630 437
1542640 438
1542650 439
1542660 440
1542670 440
1542680 440
1542690 440
1542700 440
1542710 440
1542720 440
1542730 440
1542740 441
1542750 441
1542760 441
1542770 441
1542780 441
1542790 441
1542800 442
1542810 442
1542820 442
1542830 442
1542840 442
1542850 442
1542860 442
1542870 442
1542880 442
1542890 442
1542900 442
1542910 442
1542920 442
1542930 442
1542940 442
1542950 442
1542960 442
1542970 442
1542980 441
1542990 441
1543000 441
1543010 440
1543020 440
1543030 440
1543040 439
1543050 438
1543060 438
1543070 437
1543080 437
1543090 437
1543100 436
1543110 436
1543120 436
1543130 436
1543140 436
1543150 436
1543160 436
1543170 436
1543180 436
1543190 437
1543200 437
1543210 437
1543220 438
1543230 438
1543240 438
1543250 438
1543260 439
1543270 439
1543280 439
1543290 439
1543300 439
1543310 439
1543320 440
1543330 440
1543340 440
1543350 440
1543360 440
1543370 440
1543380 440
1543390 440
1543400 440
1543410 440
1543420 440
1543430 440
1543440 440
1543450 440
1543460 440
1543470 439
1543480 439
1543490 439
1543500 439
1543510 439
1543520 439
1543530 439
1543540 439
1543550 438
1543560 438
1543570 438
1543580 437
1543590 436
1543600 436
1543610 436
1543620 434
1543630 433
1543640 433
1543650 432
1543660 431
1543670 431
1543680 431
1543690 431
1543700 431
1543710 432
1543720 435
1543730 435
1543740 439
1543750 443
1543760 443
1543770 444
1543780 445
1543790 445
1543800 446
1543810 447
1543820 447
1543830 447
1543840 448
1543850 448
1543860 449
1543870 449
1543880 449
1543890 450
1543900 451
1543910 451
1543920 451
1543930 452
1543940 452
1543950 452
1543960 452
1543970 452
1543980 452
1543990 453
1544000 453
1544010 453
1544020 453
1544030 453
1544040 453
1544050 453
1544060 453
1544070 453
1544080 452
1544090 452
1544100 452
1544110 452
1544120 452
1544130 452
1544140 451
1544150 451
1544160 451
1544170 450
1544180 450
1544190 450
1544200 449
1544210 449
1544220 448
1544230 447
1544240 447
1544250 446
1544260 445
1544270 445
1544280 444
1544290 444
1544300 444
1544310 443
1544320 442
1544330 442
1544340 441
1544350 440
1544360 440
1544370 439
1544380 438
1544390 438
1544400 438
1544410 438
1544420 438
1544430 438
1544440 438
1544450 438
1544460 437
1544470 436
1544480 436
1544490 436
1544500 436
1544510 436
1544520 435
1544530 435
1544540 435
1544550 435
1544560 435
1544570 435
1544580 435
1544590 435
1544600 434
1544610 434
1544620 434
1544630 434
1544640 434
1544650 433
1544660 433
1544670 433
1544680 434
1544690 435
1544700 435
1544710 436
1544720 437
1544730 437
1544740 438
1544750 438
1544760 438
1544770 439
1544780 440
1544790 440
1544800 440
1544810 441
1544820 441
1544830 442
1544840 442
1544850 442
1544860 442
1544870 443
1544880 443
1544890 443
1544900 444
1544910 444
1544920 444
1544930 444
1544940 444
1544950 445
1544960 445
1544970 445
1544980 446
1544990 446
1545000 446
1545010 446
1545020 447
1545030 447
1545040 447
1545050 447
1545060 447
1545070 447
1545080 448
1545090 448
1545100 448
1545110 448
1545120 448
1545130 449
1545140 449
1545150 449
1545160 449
1545170 449
1545180 449
1545190 449
1545200 449
1545210 449
1545220 450
1545230 450
1545240 450
1545250 449
1545260 449
1545270 449
1545280 449
1545290 449
1545300 449
1545310 449
1545320 449
1545330 449
1545340 449
1545350 448
1545360 448
1545370 448
1545380 448
1545390 448
1545400 447
1545410 447
1545420 447
1545430 446
1545440 446
1545450 446
1545460 445
1545470 445
1545480 445
1545490 444
1545500 444
1545510 444
1545520 444
1545530 444
1545540 444
1545550 444
1545560 445
1545570 445
1545580 445
1545590 445
1545600 446
1545610 446
1545620 446
1545630 447
1545640 447
1545650 447
1545660 447
1545670 447
1545680 448
1545690 448
1545700 448
1545710 448
1545720 448
1545730 448
1545740 449
1545750 449
1545760 449
1545770 449
1545780 449
1545790 449
1545800 449
1545810 449
1545820 449
1545830 449
1545840 449
1545850 449
1545860 449
1545870 449
1545880 449
1545890 448
1545900 448
1545910 448
1545920 448
1545930 448
1545940 448
1545950 448
1545960 448
1545970 448
1545980 449
1545990 449
1546000 449
1546010 449
1546020 449
1546030 449
1546040 449
1546050 450
1546060 450
1546070 450
1546080 450
1546090 450
1546100 450
1546110 450
1546120 450
1546130 450
1546140 450
1546150 450
1546160 449
1546170 449
1546180 449
1546190 449
1546200 449
1546210 449
1546220 448
1546230 448
1546240 448
1546250 447
1546260 447
1546270 447
1546280 447
1546290 447
1546300 447
1546310 446
1546320 446
1546330 446
1546340 446
1546350 446
1546360 446
1546370 445
1546380 445
1546390 445
1546400 445
1546410 444
1546420 444
1546430 444
1546440 444
1546450 444
1546460 444
1546470 443
1546480 443
1546490 443
1546500 443
1546510 443
1546520 443
1546530 442
1546540 442
1546550 442
1546560 442
1546570 442
1546580 442
1546590 441
1546600 441
1546610 441
1546620 440
1546630 440
1546640 440
1546650 440
1546660 439
1546670 439
1546680 439
1546690 438
1546700 438
1546710 438
1546720 438
1546730 438
1546740 437
1546750 437
1546760 437
1546770 437
1546780 436
1546790 436
1546800 436
1546810 436
1546820 436
1546830 436
1546840 435
1546850 435
1546860 435
1546870 434
1546880 434
1546890 434
1546900 433
1546910 433
1546920 433
1546930 433
1546940 433
1546950 432
1546960 432
1546970 432
1546980 432
1546990 432
1547000 432
1547010 433
1547020 435
1547030 435
1547040 437
1547050 438
1547060 438
1547070 438
1547080 439
1547090 439
1547100 439
1547110 440
1547120 440
1547130 440
1547140 441
1547150 441
1547160 441
1547170 442
1547180 442
1547190 443
1547200 443
1547210 443
1547220 443
1547230 444
1547240 444
1547250 444
1547260 444
1547270 444
1547280 445
1547290 445
1547300 445
1547310 446
1547320 446
1547330 446
1547340 446
1547350 447
1547360 447
1547370 447
1547380 447
1547390 447
1547400 447
1547410 447
1547420 447
1547430 448
1547440 448
1547450 448
1547460 448
1547470 448
1547480 448
1547490 448
1547500 448
1547510 448
1547520 448
1547530 448
1547540 448
1547550 448
1547560 448
1547570 447
1547580 447
1547590 447
1547600 447
1547610 447
1547620 447
1547630 447
1547640 447
1547650 446
1547660 446
1547670 446
1547680 446
1547690 446
1547700 446
1547710 446
1547720 446
1547730 446
1547740 445
1547750 445
1547760 445
1547770 445
1547780 445
1547790 445
1547800 445
1547810 445
1547820 445
1547830 445
1547840 444
1547850 444
1547860 444
1547870 444
1547880 444
1547890 444
1547900 444
1547910 444
1547920 444
1547930 444
1547940 444
1547950 444
1547960 444
1547970 444
1547980 444
1547990 444
1548000 444
1548010 443
1548020 443
1548030 443
1548040 443
1548050 443
1548060 443
1548070 443
1548080 443
1548090 443
1548100 443
1548110 443
1548120 443
1548130 442
1548140 442
1548150 442
1548160 442
1548170 441
1548180 441
1548190 441
1548200 441
1548210 441
1548220 440
1548230 440
1548240 440
1548250 439
1548260 438
1548270 438
1548280 437
1548290 435
1548300 435
1548310 433
1548320 431
1548330 431
1548340 429
1548350 427
1548360 427
1548370 425
1548380 424
1548390 424
1548400 423
1548410 423
1548420 423
1548430 423
1548440 423
1548450 423
1548460 422
1548470 422
1548480 422
1548490 422
1548500 422
1548510 421
1548520 421
1548530 421
1548540 420
1548550 420
1548560 419
1548570 418
1548580 418
1548590 417
1548600 416
1548610 416
1548620 416
1548630 415
1548640 415
1548650 415
1548660 414
1548670 414
1548680 414
1548690 413
1548700 413
1548710 413
1548720 412
1548730 412
1548740 410
1548750 409
1548760 409
1548770 408
1548780 408
1548790 408
1548800 407
1548810 406
1548820 406
1548830 406
1548840 405
1548850 405
1548860 404
1548870 404
1548880 404
1548890 403
1548900 403
1548910 403
1548920 403
1548930 403
1548940 403
1548950 403
1548960 403
1548970 403
1548980 403
1548990 403
1549000 403
1549010 403
1549020 403
1549030 403
1549040 403
1549050 402
1549060 402
1549070 402
1549080 403
1549090 403
1549100 404
1549110 404
1549120 404
1549130 405
1549140 405
1549150 405
1549160 405
1549170 405
1549180 405
1549190 405
1549200 405
1549210 405
1549220 405
1549230 405
1549240 405
1549250 405
1549260 405
1549270 405
1549280 405
1549290 405
1549300 405
1549310 405
1549320 404
1549330 404
1549340 404
1549350 405
1549360 405
1549370 405
1549380 406
1549390 406
1549400 406
1549410 406
1549420 406
1549430 406
1549440 406
1549450 406
1549460 406
1549470 406
1549480 406
1549490 406
1549500 407
1549510 409
1549520 409
1549530 409
1549540 409
1549550 409
1549560 409
1549570 409
1549580 409
1549590 410
1549600 410
1549610 410
1549620 410
1549630 410
1549640 410
1549650 410
1549660 410
1549670 410
1549680 410
1549690 410
1549700 410
1549710 410
1549720 410
1549730 410
1549740 411
1549750 411
1549760 411
1549770 411
1549780 411
1549790 411
1549800 411
1549810 411
1549820 411
1549830 411
1549840 411
1549850 411
1549860 411
1549870 411
1549880 411
1549890 411
1549900 411
1549910 411
1549920 411
1549930 410
1549940 410
1549950 410
1549960 411
1549970 411
1549980 412
1549990 413
1550000 413
1550010 415
1550020 417
1550030 417
1550040 419
1550050 422
1550060 422
1550070 424
1550080 424
1550090 424
1550100 425
1550110 425
1550120 425
1550130 425
1550140 425
1550150 425
1550160 425
1550170 424
1550180 424
1550190 424
1550200 423
1550210 423
1550220 420
1550230 419
1550240 419
1550250 418
1550260 418
1550270 418
1550280 418
1550290 418
1550300 418
1550310 419
1550320 420
1550330 420
1550340 423
1550350 426
1550360 426
1550370 427
1550380 427
1550390 427
1550400 427
1550410 427
1550420 427
1550430 428
1550440 428
1550450 428
1550460 428
1550470 429
1550480 429
1550490 429
1550500 429
1550510 429
1550520 429
1550530 429
1550540 428
1550550 428
1550560 429
1550570 430
1550580 430
1550590 430
1550600 431
1550610 431
1550620 432
1550630 433
1550640 433
1550650 433
1550660 433
1550670 433
1550680 433
1550690 433
1550700 433
1550710 433
1550720 433
1550730 433
1550740 433
1550750 433
1550760 433
1550770 434
1550780 434
1550790 434
1550800 434
1550810 434
1550820 434
1550830 434
1550840 434
1550850 434
1550860 435
1550870 435
1550880 435
1550890 435
1550900 435
1550910 435
1550920 435
1550930 434
1550940 434
1550950 434
1550960 434
1550970 434
1550980 434
1550990 434
1551000 434
1551010 434
1551020 433
1551030 433
1551040 433
1551050 432
1551060 432
1551070 432
1551080 432
1551090 432
1551100 431
1551110 431
1551120 431
1551130 430
1551140 429
1551150 429
1551160 428
1551170 425
1551180 425
1551190 424
1551200 421
1551210 421
1551220 419
1551230 417
1551240 417
1551250 416
1551260 416
1551270 416
1551280 415
1551290 410
1551300 410
1551310 402
1551320 395
1551330 395
1551340 392
1551350 392
1551360 392
1551370 392
1551380 392
1551390 392
1551400 393
1551410 393
1551420 393
1551430 393
1551440 393
1551450 393
1551460 393
1551470 393
1551480 394
1551490 394
1551500 393
1551510 393
1551520 393
1551530 393
1551540 394
1551550 394
1551560 395
1551570 396
1551580 396
1551590 396
1551600 396
1551610 396
1551620 396
1551630 395
1551640 395
1551650 395
1551660 396
1551670 396
1551680 396
1551690 395
1551700 395
1551710 395
1551720 395
1551730 395
1551740 395
1551750 395
1551760 395
1551770 395
1551780 395
1551790 395
1551800 395
1551810 394
1551820 394
1551830 394
1551840 394
1551850 394
1551860 394
1551870 394
1551880 394
1551890 394
1551900 394
1551910 394
1551920 394
1551930 394
1551940 394
1551950 395
1551960 395
1551970 395
1551980 395
1551990 395
1552000 395
1552010 395
1552020 395
1552030 395
1552040 395
1552050 395
1552060 395
1552070 395
1552080 395
1552090 395
1552100 395
1552110 395
1552120 395
1552130 395
1552140 395
1552150 395
1552160 395
1552170 395
1552180 395
1552190 394
1552200 394
1552210 394
1552220 394
1552230 394
1552240 394
1552250 394
1552260 394
1552270 394
1552280 394
1552290 394
1552300 394
1552310 393
1552320 393
1552330 393
1552340 393
1552350 393
1552360 393
1552370 394
1552380 394
1552390 395
1552400 395
1552410 396
1552420 397
1552430 397
1552440 399
1552450 401
1552460 401
1552470 405
1552480 410
1552490 410
1552500 416
1552510 421
1552520 421
1552530 422
1552540 423
1552550 423
1552560 424
1552570 425
1552580 425
1552590 426
1552600 428
1552610 428
1552620 429
1552630 431
1552640 431
1552650 432
1552660 434
1552670 434
1552680 435
1552690 437
1552700 437
1552710 438
1552720 439
1552730 439
1552740 440
1552750 440
1552760 440
1552770 440
1552780 441
1552790 441
1552800 441
1552810 442
1552820 442
1552830 442
1552840 442
1552850 442
1552860 442
1552870 442
1552880 442
1552890 443
1552900 443
1552910 443
1552920 443
1552930 444
1552940 444
1552950 444
1552960 444
1552970 444
1552980 444
1552990 444
1553000 444
1553010 444
1553020 445
1553030 445
1553040 445
1553050 445
1553060 445
1553070 445
1553080 445
1553090 445
1553100 445
1553110 445
1553120 445
1553130 444
1553140 444
1553150 444
1553160 444
1553170 444
1553180 444
1553190 444
1553200 443
1553210 443
1553220 443
1553230 443
1553240 443
1553250 443
1553260 442
1553270 442
1553280 442
1553290 441
1553300 441
1553310 441
1553320 440
1553330 440
1553340 439
1553350 439
1553360 439
1553370 439
1553380 439
1553390 439
1553400 439
1553410 438
1553420 438
1553430 438
1553440 437
1553450 436
1553460 436
1553470 435
1553480 434
1553490 434
1553500 434
1553510 433
1553520 433
1553530 434
1553540 436
1553550 436
1553560 438
1553570 439
1553580 439
1553590 440
1553600 441
1553610 441
1553620 442
1553630 442
1553640 442
1553650 442
1553660 443
1553670 443
1553680 443
1553690 443
1553700 443
1553710 443
1553720 444
1553730 444
1553740 444
1553750 444
1553760 444
1553770 444
1553780 445
1553790 445
1553800 445
1553810 445
1553820 445
1553830 445
1553840 445
1553850 445
1553860 446
1553870 446
1553880 446
1553890 446
1553900 446
1553910 446
1553920 446
1553930 446
1553940 446
1553950 446
1553960 446
1553970 446
1553980 446
1553990 446
1554000 446
1554010 446
1554020 446
1554030 446
1554040 445
1554050 445
1554060 445
1554070 446
1554080 446
1554090 446
1554100 446
1554110 446
1554120 446
1554130 445
1554140 445
1554150 445
1554160 445
1554170 445
1554180 445
1554190 445
1554200 444
1554210 444
1554220 444
1554230 443
1554240 443
1554250 442
1554260 441
1554270 441
1554280 440
1554290 440
1554300 440
1554310 439
1554320 438
1554330 438
1554340 437
1554350 436
1554360 436
1554370 436
1554380 435
1554390 435
1554400 435
1554410 435
1554420 435
1554430 435
1554440 436
1554450 438
1554460 438
1554470 439
1554480 440
1554490 440
1554500 440
1554510 441
1554520 441
1554530 441
1554540 442
1554550 442
1554560 443
1554570 443
1554580 443
1554590 444
1554600 444
1554610 444
1554620 445
1554630 445
1554640 445
1554650 445
1554660 446
1554670 446
1554680 446
1554690 446
1554700 446
1554710 446
1554720 446
1554730 446
1554740 446
1554750 447
1554760 447
1554770 447
1554780 447
1554790 447
1554800 446
1554810 446
1554820 446
1554830 446
1554840 446
1554850 446
1554860 446
1554870 446
1554880 446
1554890 445
1554900 445
1554910 445
1554920 445
1554930 444
1554940 444
1554950 443
1554960 443
1554970 443
1554980 443
1554990 442
1555000 442
1555010 442
1555020 443
1555030 443
1555040 443
1555050 444
1555060 444
1555070 444
1555080 445
1555090 445
1555100 445
1555110 445
1555120 445
1555130 446
1555140 446
1555150 446
1555160 446
1555170 447
1555180 447
1555190 447
1555200 447
1555210 447
1555220 448
1555230 448
1555240 448
1555250 449
1555260 449
1555270 449
1555280 449
1555290 450
1555300 450
1555310 450
1555320 450
1555330 450
1555340 450
1555350 450
1555360 450
1555370 450
1555380 451
1555390 451
1555400 451
1555410 451
1555420 451
1555430 451
1555440 451
1555450 451
1555460 451
1555470 452
1555480 452
1555490 452
1555500 452
1555510 451
1555520 451
1555530 452
1555540 452
1555550 452
1555560 451
1555570 451
1555580 451
1555590 451
1555600 451
1555610 451
1555620 451
1555630 451
1555640 451
1555650 451
1555660 451
1555670 451
1555680 451
1555690 450
1555700 450
1555710 450
1555720 449
1555730 449
1555740 449
1555750 449
1555760 449
1555770 449
1555780 449
1555790 449
1555800 449
1555810 449
1555820 449
1555830 448
1555840 448
1555850 448
1555860 448
1555870 448
1555880 448
1555890 449
1555900 449
1555910 449
1555920 450
1555930 450
1555940 450
1555950 450
1555960 450
1555970 450
1555980 450
1555990 451
1556000 451
1556010 451
1556020 451
1556030 451
1556040 451
1556050 451
1556060 451
1556070 451
1556080 451
1556090 451
1556100 451
1556110 451
1556120 451
1556130 451
1556140 451
1556150 451
1556160 451
1556170 450
1556180 450
1556190 450
1556200 450
1556210 450
1556220 450
1556230 450
1556240 450
1556250 449
1556260 449
1556270 449
1556280 449
1556290 448
1556300 448
1556310 448
1556320 448
1556330 448
1556340 448
1556350 447
1556360 447
1556370 447
1556380 447
1556390 447
1556400 447
1556410 447
1556420 448
1556430 448
1556440 449
1556450 449
1556460 449
1556470 449
1556480 450
1556490 450
1556500 451
1556510 451
1556520 451
1556530 451
1556540 451
1556550 451
1556560 451
1556570 451
1556580 451
1556590 451
1556600 451
1556610 451
1556620 451
1556630 451
1556640 451
1556650 451
1556660 451
1556670 451
1556680 451
1556690 451
1556700 451
1556710 450
1556720 450
1556730 450
1556740 450
1556750 449
1556760 449
1556770 449
1556780 449
1556790 449
1556800 448
1556810 448
1556820 448
1556830 447
1556840 447
1556850 447
1556860 447
1556870 446
1556880 446
1556890 446
1556900 446
1556910 446
1556920 446
1556930 445
1556940 445
1556950 446
1556960 446
1556970 446
1556980 446
1556990 446
1557000 446
1557010 446
1557020 446
1557030 446
1557040 446
1557050 446
1557060 446
1557070 446
1557080 446
1557090 446
1557100 446
1557110 446
1557120 446
1557130 446
1557140 446
1557150 446
1557160 445
1557170 445
1557180 445
1557190 445
1557200 444
1557210 444
1557220 444
1557230 444
1557240 444
1557250 444
1557260 444
1557270 444
1557280 443
1557290 443
1557300 443
1557310 443
1557320 443
1557330 444
1557340 444
1557350 444
1557360 444
1557370 444
1557380 444
1557390 444
1557400 444
1557410 444
1557420 444
1557430 444
1557440 444
1557450 444
1557460 444
1557470 445
1557480 445
1557490 445
1557500 445
1557510 445
1557520 445
1557530 445
1557540 445
1557550 445
1557560 444
1557570 444
1557580 444
1557590 444
1557600 444
1557610 444
1557620 444
1557630 444
1557640 444
1557650 444
1557660 444
1557670 444
1557680 444
1557690 444
1557700 444
1557710 444
1557720 444
1557730 444
1557740 444
1557750 444
1557760 444
1557770 444
1557780 443
1557790 443
1557800 443
1557810 443
1557820 443
1557830 442
1557840 442
1557850 442
1557860 442
1557870 441
1557880 441
1557890 441
1557900 440
1557910 440
1557920 440
1557930 441
1557940 441
1557950 442
1557960 441
1557970 441
1557980 441
1557990 441
1558000 441
1558010 441
1558020 442
1558030 442
1558040 442
1558050 443
1558060 443
1558070 443
1558080 444
1558090 444
1558100 444
1558110 444
1558120 444
1558130 444
1558140 444
1558150 444
1558160 444
1558170 444
1558180 444
1558190 444
1558200 445
1558210 445
1558220 445
1558230 445
1558240 445
1558250 444
1558260 444
1558270 444
1558280 444
1558290 444
1558300 444
1558310 444
1558320 444
1558330 444
1558340 444
1558350 444
1558360 444
1558370 444
1558380 444
1558390 444
1558400 444
1558410 444
1558420 444
1558430 444
1558440 444
1558450 444
1558460 444
1558470 443
1558480 443
1558490 443
1558500 443
1558510 443
1558520 443
1558530 442
1558540 442
1558550 442
1558560 442
1558570 441
1558580 441
1558590 441
1558600 440
1558610 440
1558620 440
1558630 439
1558640 439
1558650 439
1558660 438
1558670 438
1558680 437
1558690 436
1558700 436
1558710 435
1558720 433
1558730 433
1558740 432
1558750 430
1558760 430
1558770 429
1558780 428
1558790 428
1558800 429
1558810 433
1558820 433
1558830 438
1558840 443
1558850 443
1558860 444
1558870 445
1558880 445
1558890 446
1558900 447
1558910 447
1558920 449
1558930 449
1558940 449
1558950 449
1558960 450
1558970 450
1558980 450
1558990 450
1559000 450
1559010 450
1559020 450
1559030 450
1559040 451
1559050 451
1559060 451
1559070 451
1559080 451
1559090 451
1559100 451
1559110 451
1559120 451
1559130 451
1559140 450
1559150 450
1559160 450
1559170 450
1559180 450
1559190 450
1559200 450
1559210 450
1559220 450
1559230 449
1559240 449
1559250 449
1559260 450
1559270 450
1559280 450
1559290 450
1559300 450
1559310 450
1559320 450
1559330 450
1559340 450
1559350 450
1559360 450
1559370 450
1559380 451
1559390 451
1559400 451
1559410 451
1559420 451
1559430 451
1559440 451
1559450 450
1559460 450
1559470 450
1559480 450
1559490 450
1559500 450
1559510 450
1559520 450
1559530 450
1559540 450
1559550 450
1559560 449
1559570 449
1559580 449
1559590 449
1559600 449
1559610 449
1559620 449
1559630 449
1559640 449
1559650 449
1559660 450
1559670 450
1559680 450
1559690 450
1559700 450
1559710 451
1559720 451
1559730 451
1559740 452
1559750 452
1559760 452
1559770 452
1559780 453
1559790 453
1559800 453
1559810 453
1559820 453
1559830 453
1559840 453
1559850 453
1559860 453
1559870 453
1559880 453
1559890 453
1559900 453
1559910 453
1559920 453
1559930 454
1559940 454
1559950 454
1559960 454
1559970 454
1559980 454
1559990 454
