1540000 437
1540010 437
1540020 437
1540030 437
1540040 437
1540050 438
1540060 438
1540070 438
1540080 438
1540090 438
1540100 438
1540110 438
1540120 439
1540130 439
1540140 439
1540150 439
1540160 439
1540170 439
1540180 439
1540190 439
1540200 439
1540210 439
1540220 439
1540230 440
1540240 440
1540250 440
1540260 440
1540270 440
1540280 440
1540290 440
1540300 440
1540310 440
1540320 440
1540330 440
1540340 440
1540350 440
1540360 440
1540370 440
1540380 440
1540390 440
1540400 440
1540410 439
1540420 439
1540430 439
1540440 439
1540450 439
1540460 439
1540470 439
1540480 440
1540490 440
1540500 440
1540510 440
1540520 440
1540530 440
1540540 440
1540550 440
1540560 440
1540570 439
1540580 439
1540590 439
1540600 439
1540610 438
1540620 438
1540630 438
1540640 438
1540650 438
1540660 438
1540670 437
1540680 437
1540690 437
1540700 436
1540710 436
1540720 436
1540730 435
1540740 435
1540750 435
1540760 434
1540770 434
1540780 434
1540790 433
1540800 433
1540810 433
1540820 432
1540830 432
1540840 432
1540850 431
1540860 431
1540870 430
1540880 430
1540890 430
1540900 429
1540910 428
1540920 428
1540930 427
1540940 426
1540950 426
1540960 425
1540970 424
1540980 424
1540990 423
1541000 423
1541010 423
1541020 422
1541030 422
1541040 422
1541050 422
1541060 422
1541070 422
1541080 422
1541090 421
1541100 421
1541110 421
1541120 421
1541130 421
1541140 421
1541150 421
1541160 421
1541170 421
1541180 421
1541190 421
1541200 422
1541210 423
1541220 423
1541230 423
1541240 424
1541250 424
1541260 425
1541270 426
1541280 426
1541290 427
1541300 427
1541310 427
1541320 428
1541330 428
1541340 428
1541350 428
1541360 428
1541370 428
1541380 428
1541390 428
1541400 428
1541410 428
1541420 427
1541430 427
1541440 427
1541450 427
1541460 426
1541470 426
1541480 426
1541490 425
1541500 425
1541510 423
1541520 419
1541530 419
1541540 415
1541550 414
1541560 414
1541570 415
1541580 418
1541590 418
1541600 422
1541610 426
1541620 426
1541630 428
1541640 428
1541650 428
1541660 429
1541670 429
1541680 429
1541690 430
1541700 430
1541710 430
1541720 430
1541730 431
1541740 431
1541750 431
1541760 431
1541770 431
1541780 432
1541790 432
1541800 432
1541810 432
1541820 433
1541830 433
1541840 433
1541850 433
1541860 433
1541870 433
1541880 434
1541890 434
1541900 434
1541910 434
1541920 434
1541930 434
1541940 434
1541950 434
1541960 434
1541970 435
1541980 435
1541990 435
1542000 435
1542010 435
1542020 435
1542030 436
1542040 436
1542050 436
1542060 436
1542070 436
1542080 436
1542090 436
1542100 436
1542110 436
1542120 436
1542130 436
1542140 437
1542150 437
1542160 437
1542170 437
1542180 436
1542190 436
1542200 436
1542210 436
1542220 436
1542230 436
1542240 435
1542250 435
1542260 435
1542270 435
1542280 435
1542290 435
1542300 434
1542310 434
1542320 434
1542330 433
1542340 433
1542350 432
1542360 432
1542370 432
1542380 431
1542390 430
1542400 430
1542410 430
1542420 430
1542430 430
1542440 429
1542450 429
1542460 429
1542470 428
1542480 427
1542490 427
1542500 427
1542510 426
1542520 426
1542530 426
1542540 425
1542550 425
1542560 425
1542570 425
1542580 425
1542590 425
1542600 424
1542610 424
1542620 424
1542630 423
1542640 423
1542650 423
1542660 422
1542670 422
1542680 422
1542690 421
1542700 420
1542710 420
1542720 419
1542730 418
1542740 418
1542750 418
1542760 419
1542770 419
1542780 422
1542790 424
1542800 424
1542810 425
1542820 426
1542830 426
1542840 427
1542850 427
1542860 427
1542870 427
1542880 427
1542890 427
1542900 427
1542910 427
1542920 427
1542930 427
1542940 426
1542950 426
1542960 426
1542970 425
1542980 425
1542990 425
1543000 424
1543010 424
1543020 423
1543030 422
1543040 422
1543050 421
1543060 421
1543070 421
1543080 420
1543090 419
1543100 419
1543110 418
1543120 417
1543130 417
1543140 416
1543150 415
1543160 415
1543170 414
1543180 414
1543190 414
1543200 414
1543210 415
1543220 415
1543230 419
1543240 424
1543250 424
1543260 428
1543270 429
1543280 429
1543290 430
1543300 430
1543310 430
1543320 431
1543330 432
1543340 432
1543350 432
1543360 433
1543370 433
1543380 433
1543390 433
1543400 433
1543410 433
1543420 433
1543430 433
1543440 433
1543450 433
1543460 433
1543470 433
1543480 433
1543490 433
1543500 433
1543510 433
1543520 433
1543530 433
1543540 433
1543550 433
1543560 433
1543570 433
1543580 433
1543590 433
1543600 433
1543610 433
1543620 433
1543630 433
1543640 433
1543650 433
1543660 433
1543670 433
1543680 433
1543690 433
1543700 433
1543710 433
1543720 433
1543730 433
1543740 433
1543750 434
1543760 434
1543770 434
1543780 434
1543790 435
1543800 435
1543810 435
1543820 435
1543830 435
1543840 436
1543850 436
1543860 436
1543870 436
1543880 437
1543890 437
1543900 437
1543910 437
1543920 437
1543930 438
1543940 438
1543950 438
1543960 438
1543970 438
1543980 438
1543990 439
1544000 439
1544010 439
1544020 439
1544030 439
1544040 439
1544050 440
1544060 440
1544070 440
1544080 440
1544090 440
1544100 440
1544110 440
1544120 441
1544130 441
1544140 441
1544150 441
1544160 441
1544170 441
1544180 441
1544190 441
1544200 441
1544210 441
1544220 441
1544230 441
1544240 441
1544250 441
1544260 440
1544270 440
1544280 440
1544290 440
1544300 440
1544310 440
1544320 440
1544330 439
1544340 439
1544350 439
1544360 439
1544370 439
1544380 438
1544390 438
1544400 438
1544410 437
1544420 437
1544430 437
1544440 436
1544450 436
1544460 436
1544470 436
1544480 435
1544490 434
1544500 434
1544510 434
1544520 433
1544530 433
1544540 432
1544550 431
1544560 431
1544570 431
1544580 430
1544590 430
1544600 430
1544610 429
1544620 429
1544630 429
1544640 428
1544650 428
1544660 428
1544670 428
1544680 428
1544690 428
1544700 430
1544710 430
1544720 430
1544730 431
1544740 431
1544750 432
1544760 432
1544770 432
1544780 432
1544790 433
1544800 433
1544810 433
1544820 434
1544830 434
1544840 434
1544850 435
1544860 435
1544870 435
1544880 435
1544890 435
1544900 436
1544910 436
1544920 436
1544930 437
1544940 437
1544950 437
1544960 437
1544970 438
1544980 438
1544990 438
1545000 438
1545010 438
1545020 438
1545030 438
1545040 438
1545050 438
1545060 439
1545070 439
1545080 439
1545090 439
1545100 439
1545110 439
1545120 438
1545130 438
1545140 438
1545150 438
1545160 438
1545170 438
1545180 437
1545190 437
1545200 436
1545210 436
1545220 436
1545230 435
1545240 434
1545250 434
1545260 434
1545270 434
1545280 434
1545290 433
1545300 433
1545310 433
1545320 433
1545330 433
1545340 433
1545350 433
1545360 432
1545370 432
1545380 432
1545390 432
1545400 432
1545410 432
1545420 432
1545430 432
1545440 432
1545450 433
1545460 433
1545470 433
1545480 434
1545490 435
1545500 435
1545510 435
1545520 436
1545530 436
1545540 436
1545550 436
1545560 436
1545570 437
1545580 437
1545590 437
1545600 438
1545610 438
1545620 438
1545630 439
1545640 439
1545650 439
1545660 439
1545670 440
1545680 440
1545690 440
1545700 440
1545710 440
1545720 440
1545730 441
1545740 441
1545750 441
1545760 441
1545770 441
1545780 441
1545790 441
1545800 441
1545810 441
1545820 441
1545830 441
1545840 440
1545850 440
1545860 440
1545870 440
1545880 440
1545890 440
1545900 440
1545910 440
1545920 440
1545930 440
1545940 439
1545950 439
1545960 439
1545970 439
1545980 439
1545990 439
1546000 439
1546010 439
1546020 439
1546030 439
1546040 439
1546050 439
1546060 439
1546070 439
1546080 440
1546090 440
1546100 440
1546110 440
1546120 441
1546130 441
1546140 441
1546150 441
1546160 441
1546170 441
1546180 442
1546190 442
1546200 442
1546210 442
1546220 442
1546230 442
1546240 443
1546250 443
1546260 443
1546270 443
1546280 443
1546290 443
1546300 443
1546310 443
1546320 443
1546330 443
1546340 443
1546350 444
1546360 444
1546370 444
1546380 443
1546390 443
1546400 443
1546410 443
1546420 443
1546430 443
1546440 443
1546450 442
1546460 442
1546470 442
1546480 442
1546490 441
1546500 441
1546510 441
1546520 441
1546530 441
1546540 441
1546550 440
1546560 440
1546570 440
1546580 439
1546590 439
1546600 439
1546610 439
1546620 439
1546630 438
1546640 438
1546650 438
1546660 437
1546670 437
1546680 437
1546690 437
1546700 436
1546710 436
1546720 436
1546730 436
1546740 436
1546750 436
1546760 436
1546770 436
1546780 435
1546790 434
1546800 434
1546810 434
1546820 433
1546830 433
1546840 433
1546850 432
1546860 432
1546870 432
1546880 431
1546890 431
1546900 431
1546910 430
1546920 430
1546930 430
1546940 429
1546950 429
1546960 429
1546970 428
1546980 428
1546990 427
1547000 427
1547010 427
1547020 426
1547030 426
1547040 426
1547050 425
1547060 425
1547070 425
1547080 425
1547090 425
1547100 425
1547110 425
1547120 425
1547130 425
1547140 425
1547150 427
1547160 427
1547170 430
1547180 432
1547190 432
1547200 433
1547210 435
1547220 435
1547230 435
1547240 436
1547250 436
1547260 436
1547270 436
1547280 436
1547290 436
1547300 437
1547310 437
1547320 437
1547330 437
1547340 437
1547350 438
1547360 438
1547370 438
1547380 439
1547390 439
1547400 439
1547410 439
1547420 439
1547430 439
1547440 440
1547450 440
1547460 440
1547470 440
1547480 440
1547490 440
1547500 440
1547510 440
1547520 440
1547530 440
1547540 440
1547550 440
1547560 440
1547570 440
1547580 440
1547590 440
1547600 440
1547610 440
1547620 440
1547630 440
1547640 440
1547650 440
1547660 440
1547670 439
1547680 439
1547690 439
1547700 439
1547710 439
1547720 439
1547730 438
1547740 438
1547750 438
1547760 438
1547770 438
1547780 437
1547790 437
1547800 437
1547810 437
1547820 436
1547830 436
1547840 436
1547850 436
1547860 436
1547870 435
1547880 435
1547890 435
1547900 435
1547910 434
1547920 434
1547930 434
1547940 433
1547950 433
1547960 432
1547970 431
1547980 431
1547990 429
1548000 427
1548010 427
1548020 424
1548030 423
1548040 423
1548050 424
1548060 424
1548070 424
1548080 425
1548090 426
1548100 426
1548110 426
1548120 427
1548130 427
1548140 427
1548150 427
1548160 427
1548170 428
1548180 428
1548190 428
1548200 428
1548210 428
1548220 428
1548230 428
1548240 429
1548250 429
1548260 429
1548270 429
1548280 429
1548290 430
1548300 430
1548310 430
1548320 430
1548330 430
1548340 430
1548350 430
1548360 430
1548370 430
1548380 430
1548390 429
1548400 429
1548410 427
1548420 424
1548430 424
1548440 421
1548450 418
1548460 418
1548470 414
1548480 408
1548490 402
1548500 402
1548510 398
1548520 397
1548530 397
1548540 397
1548550 397
1548560 397
1548570 397
1548580 397
1548590 397
1548600 397
1548610 397
1548620 397
1548630 396
1548640 395
1548650 395
1548660 394
1548670 397
1548680 397
1548690 397
1548700 397
1548710 397
1548720 397
1548730 397
1548740 397
1548750 398
1548760 399
1548770 399
1548780 402
1548790 404
1548800 404
1548810 404
1548820 405
1548830 405
1548840 405
1548850 405
1548860 405
1548870 405
1548880 405
1548890 405
1548900 405
1548910 405
1548920 405
1548930 405
1548940 405
1548950 405
1548960 405
1548970 405
1548980 405
1548990 405
1549000 405
1549010 405
1549020 405
1549030 405
1549040 405
1549050 405
1549060 405
1549070 405
1549080 405
1549090 405
1549100 405
1549110 405
1549120 405
1549130 405
1549140 405
1549150 405
1549160 405
1549170 405
1549180 405
1549190 405
1549200 405
1549210 406
1549220 406
1549230 406
1549240 406
1549250 406
1549260 406
1549270 406
1549280 406
1549290 406
1549300 406
1549310 406
1549320 406
1549330 406
1549340 406
1549350 406
1549360 406
1549370 406
1549380 407
1549390 407
1549400 407
1549410 407
1549420 407
1549430 407
1549440 407
1549450 407
1549460 407
1549470 407
1549480 407
1549490 407
1549500 407
1549510 407
1549520 407
1549530 407
1549540 408
1549550 408
1549560 408
1549570 408
1549580 408
1549590 408
1549600 408
1549610 408
1549620 408
1549630 408
1549640 408
1549650 408
1549660 408
1549670 408
1549680 408
1549690 408
1549700 408
1549710 408
1549720 409
1549730 409
1549740 409
1549750 409
1549760 409
1549770 409
1549780 409
1549790 409
1549800 409
1549810 409
1549820 409
1549830 409
1549840 409
1549850 409
1549860 409
1549870 409
1549880 409
1549890 409
1549900 409
1549910 409
1549920 409
1549930 409
1549940 409
1549950 409
1549960 409
1549970 409
1549980 409
1549990 409
1550000 409
1550010 409
1550020 410
1550030 410
1550040 410
1550050 410
1550060 410
1550070 410
1550080 410
1550090 410
1550100 410
1550110 410
1550120 410
1550130 410
1550140 410
1550150 410
1550160 410
1550170 411
1550180 411
1550190 411
1550200 411
1550210 411
1550220 411
1550230 411
1550240 411
1550250 411
1550260 411
1550270 411
1550280 411
1550290 411
1550300 411
1550310 411
1550320 411
1550330 411
1550340 411
1550350 411
1550360 410
1550370 410
1550380 407
1550390 403
1550400 403
1550410 400
1550420 400
1550430 400
1550440 399
1550450 398
1550460 398
1550470 393
1550480 388
1550490 388
1550500 384
1550510 383
1550520 384
1550530 384
1550540 387
1550550 390
1550560 390
1550570 390
1550580 390
1550590 390
1550600 389
1550610 389
1550620 389
1550630 389
1550640 389
1550650 389
1550660 389
1550670 389
1550680 389
1550690 389
1550700 390
1550710 390
1550720 390
1550730 390
1550740 390
1550750 390
1550760 390
1550770 390
1550780 390
1550790 390
1550800 390
1550810 390
1550820 390
1550830 390
1550840 390
1550850 390
1550860 390
1550870 389
1550880 389
1550890 389
1550900 389
1550910 389
1550920 389
1550930 389
1550940 388
1550950 388
1550960 388
1550970 388
1550980 388
1550990 388
1551000 388
1551010 388
1551020 388
1551030 389
1551040 389
1551050 390
1551060 392
1551070 392
1551080 395
1551090 399
1551100 399
1551110 403
1551120 407
1551130 407
1551140 409
1551150 410
1551160 410
1551170 411
1551180 411
1551190 411
1551200 411
1551210 411
1551220 411
1551230 410
1551240 410
1551250 410
1551260 409
1551270 408
1551280 408
1551290 410
1551300 410
1551310 410
1551320 409
1551330 406
1551340 406
1551350 401
1551360 398
1551370 398
1551380 397
1551390 396
1551400 396
1551410 396
1551420 394
1551430 394
1551440 393
1551450 393
1551460 393
1551470 392
1551480 391
1551490 391
1551500 389
1551510 387
1551520 387
1551530 387
1551540 388
1551550 388
1551560 388
1551570 387
1551580 386
1551590 386
1551600 386
1551610 386
1551620 386
1551630 386
1551640 386
1551650 386
1551660 386
1551670 387
1551680 387
1551690 387
1551700 388
1551710 388
1551720 388
1551730 390
1551740 390
1551750 393
1551760 397
1551770 397
1551780 402
1551790 407
1551800 407
1551810 416
1551820 427
1551830 427
1551840 432
1551850 433
1551860 433
1551870 433
1551880 433
1551890 433
1551900 434
1551910 434
1551920 434
1551930 434
1551940 434
1551950 434
1551960 435
1551970 435
1551980 435
1551990 435
1552000 435
1552010 435
1552020 435
1552030 435
1552040 435
1552050 435
1552060 435
1552070 435
1552080 435
1552090 434
1552100 434
1552110 434
1552120 434
1552130 434
1552140 433
1552150 433
1552160 433
1552170 432
1552180 432
1552190 432
1552200 431
1552210 431
1552220 431
1552230 431
1552240 431
1552250 431
1552260 431
1552270 431
1552280 431
1552290 431
1552300 431
1552310 431
1552320 431
1552330 431
1552340 431
1552350 431
1552360 431
1552370 431
1552380 430
1552390 430
1552400 430
1552410 430
1552420 430
1552430 430
1552440 430
1552450 429
1552460 429
1552470 429
1552480 429
1552490 429
1552500 428
1552510 428
1552520 428
1552530 428
1552540 427
1552550 426
1552560 426
1552570 424
1552580 422
1552590 422
1552600 420
1552610 418
1552620 418
1552630 417
1552640 416
1552650 416
1552660 415
1552670 414
1552680 414
1552690 414
1552700 414
1552710 414
1552720 414
1552730 414
1552740 414
1552750 414
1552760 416
1552770 416
1552780 419
1552790 422
1552800 422
1552810 425
1552820 427
1552830 427
1552840 428
1552850 429
1552860 429
1552870 430
1552880 431
1552890 431
1552900 432
1552910 432
1552920 432
1552930 433
1552940 433
1552950 433
1552960 433
1552970 434
1552980 434
1552990 434
1553000 435
1553010 435
1553020 435
1553030 435
1553040 435
1553050 435
1553060 436
1553070 436
1553080 436
1553090 436
1553100 436
1553110 436
1553120 436
1553130 436
1553140 436
1553150 436
1553160 436
1553170 436
1553180 436
1553190 436
1553200 436
1553210 436
1553220 436
1553230 437
1553240 437
1553250 437
1553260 437
1553270 437
1553280 437
1553290 437
1553300 437
1553310 437
1553320 437
1553330 437
1553340 437
1553350 437
1553360 437
1553370 437
1553380 437
1553390 438
1553400 438
1553410 437
1553420 437
1553430 437
1553440 437
1553450 437
1553460 437
1553470 437
1553480 437
1553490 437
1553500 437
1553510 437
1553520 437
1553530 437
1553540 437
1553550 437
1553560 437
1553570 437
1553580 437
1553590 437
1553600 437
1553610 437
1553620 437
1553630 437
1553640 437
1553650 437
1553660 437
1553670 437
1553680 437
1553690 437
1553700 437
1553710 437
1553720 437
1553730 436
1553740 436
1553750 436
1553760 436
1553770 436
1553780 436
1553790 436
1553800 436
1553810 437
1553820 437
1553830 437
1553840 437
1553850 437
1553860 437
1553870 437
1553880 438
1553890 438
1553900 438
1553910 438
1553920 438
1553930 438
1553940 439
1553950 439
1553960 439
1553970 439
1553980 439
1553990 439
1554000 439
1554010 439
1554020 440
1554030 440
1554040 440
1554050 440
1554060 440
1554070 440
1554080 440
1554090 440
1554100 440
1554110 440
1554120 440
1554130 440
1554140 440
1554150 440
1554160 440
1554170 440
1554180 440
1554190 440
1554200 440
1554210 440
1554220 440
1554230 440
1554240 440
1554250 440
1554260 441
1554270 441
1554280 441
1554290 441
1554300 441
1554310 441
1554320 441
1554330 441
1554340 441
1554350 441
1554360 441
1554370 441
1554380 441
1554390 441
1554400 441
1554410 441
1554420 441
1554430 441
1554440 442
1554450 442
1554460 442
1554470 441
1554480 441
1554490 441
1554500 441
1554510 441
1554520 441
1554530 441
1554540 441
1554550 441
1554560 441
1554570 440
1554580 440
1554590 440
1554600 440
1554610 440
1554620 440
1554630 440
1554640 440
1554650 440
1554660 439
1554670 439
1554680 439
1554690 439
1554700 439
1554710 439
1554720 440
1554730 440
1554740 440
1554750 440
1554760 441
1554770 441
1554780 441
1554790 441
1554800 441
1554810 441
1554820 441
1554830 441
1554840 441
1554850 441
1554860 441
1554870 441
1554880 441
1554890 441
1554900 441
1554910 441
1554920 441
1554930 441
1554940 441
1554950 441
1554960 442
1554970 442
1554980 442
1554990 442
1555000 442
1555010 442
1555020 442
1555030 442
1555040 442
1555050 442
1555060 442
1555070 442
1555080 442
1555090 443
1555100 443
1555110 443
1555120 443
1555130 443
1555140 443
1555150 443
1555160 443
1555170 443
1555180 443
1555190 443
1555200 444
1555210 444
1555220 444
1555230 444
1555240 444
1555250 444
1555260 444
1555270 444
1555280 444
1555290 444
1555300 444
1555310 444
1555320 444
1555330 444
1555340 444
1555350 444
1555360 444
1555370 444
1555380 444
1555390 444
1555400 444
1555410 444
1555420 444
1555430 444
1555440 444
1555450 444
1555460 444
1555470 443
1555480 443
1555490 443
1555500 443
1555510 442
1555520 442
1555530 442
1555540 442
1555550 442
1555560 442
1555570 441
1555580 441
1555590 441
1555600 441
1555610 440
1555620 440
1555630 439
1555640 439
1555650 439
1555660 438
1555670 438
1555680 438
1555690 437
1555700 437
1555710 437
1555720 437
1555730 437
1555740 437
1555750 437
1555760 436
1555770 436
1555780 436
1555790 436
1555800 436
1555810 436
1555820 437
1555830 437
1555840 437
1555850 437
1555860 437
1555870 437
1555880 437
1555890 437
1555900 438
1555910 438
1555920 438
1555930 439
1555940 439
1555950 439
1555960 440
1555970 440
1555980 440
1555990 441
1556000 441
1556010 441
1556020 441
1556030 442
1556040 442
1556050 442
1556060 442
1556070 442
1556080 443
1556090 443
1556100 443
1556110 443
1556120 444
1556130 444
1556140 444
1556150 444
1556160 444
1556170 444
1556180 444
1556190 444
1556200 444
1556210 445
1556220 445
1556230 445
1556240 445
1556250 445
1556260 445
1556270 445
1556280 445
1556290 445
1556300 445
1556310 445
1556320 445
1556330 445
1556340 445
1556350 445
1556360 445
1556370 445
1556380 445
1556390 445
1556400 445
1556410 445
1556420 444
1556430 444
1556440 444
1556450 444
1556460 444
1556470 443
1556480 443
1556490 443
1556500 442
1556510 442
1556520 442
1556530 441
1556540 441
1556550 441
1556560 440
1556570 440
1556580 440
1556590 440
1556600 439
1556610 439
1556620 439
1556630 439
1556640 439
1556650 439
1556660 439
1556670 439
1556680 439
1556690 438
1556700 438
1556710 438
1556720 438
1556730 438
1556740 438
1556750 438
1556760 438
1556770 438
1556780 439
1556790 439
1556800 439
1556810 439
1556820 439
1556830 439
1556840 439
1556850 439
1556860 439
1556870 439
1556880 438
1556890 438
1556900 438
1556910 438
1556920 438
1556930 437
1556940 437
1556950 437
1556960 436
1556970 436
1556980 436
1556990 436
1557000 436
1557010 436
1557020 436
1557030 436
1557040 436
1557050 435
1557060 435
1557070 435
1557080 435
1557090 435
1557100 435
1557110 434
1557120 434
1557130 434
1557140 434
1557150 434
1557160 434
1557170 434
1557180 434
1557190 434
1557200 435
1557210 435
1557220 435
1557230 436
1557240 436
1557250 436
1557260 436
1557270 436
1557280 436
1557290 437
1557300 437
1557310 437
1557320 437
1557330 437
1557340 437
1557350 437
1557360 437
1557370 437
1557380 437
1557390 437
1557400 437
1557410 437
1557420 437
1557430 437
1557440 437
1557450 437
1557460 437
1557470 437
1557480 437
1557490 437
1557500 437
1557510 437
1557520 437
1557530 437
1557540 437
1557550 437
1557560 437
1557570 437
1557580 437
1557590 437
1557600 438
1557610 438
1557620 438
1557630 438
1557640 438
1557650 438
1557660 438
1557670 438
1557680 438
1557690 438
1557700 437
1557710 437
1557720 437
1557730 437
1557740 437
1557750 437
1557760 437
1557770 437
1557780 437
1557790 437
1557800 437
1557810 437
1557820 437
1557830 437
1557840 437
1557850 437
1557860 437
1557870 437
1557880 436
1557890 436
1557900 436
1557910 436
1557920 436
1557930 436
1557940 435
1557950 435
1557960 435
1557970 435
1557980 435
1557990 435
1558000 434
1558010 434
1558020 434
1558030 433
1558040 433
1558050 432
1558060 430
1558070 430
1558080 428
1558090 425
1558100 425
1558110 424
1558120 422
1558130 422
1558140 420
1558150 419
1558160 419
1558170 417
1558180 416
1558190 416
1558200 417
1558210 420
1558220 420
1558230 425
1558240 431
1558250 431
1558260 436
1558270 438
1558280 438
1558290 438
1558300 439
1558310 439
1558320 439
1558330 440
1558340 440
1558350 440
1558360 440
1558370 440
1558380 441
1558390 442
1558400 442
1558410 442
1558420 442
1558430 442
1558440 442
1558450 443
1558460 443
1558470 443
1558480 443
1558490 443
1558500 444
1558510 444
1558520 444
1558530 445
1558540 445
1558550 445
1558560 445
1558570 445
1558580 445
1558590 445
1558600 446
1558610 446
1558620 446
1558630 446
1558640 446
1558650 446
1558660 446
1558670 446
1558680 446
1558690 446
1558700 446
1558710 446
1558720 446
1558730 447
1558740 447
1558750 446
1558760 447
1558770 447
1558780 447
1558790 447
1558800 447
1558810 447
1558820 447
1558830 447
1558840 447
1558850 447
1558860 447
1558870 446
1558880 446
1558890 446
1558900 446
1558910 446
1558920 446
1558930 446
1558940 445
1558950 445
1558960 445
1558970 445
1558980 445
1558990 445
1559000 444
1559010 444
1559020 444
1559030 443
1559040 443
1559050 443
1559060 442
1559070 442
1559080 442
1559090 442
1559100 442
1559110 442
1559120 442
1559130 442
1559140 442
1559150 441
1559160 441
1559170 441
1559180 441
1559190 441
1559200 441
1559210 441
1559220 441
1559230 442
1559240 442
1559250 442
1559260 443
1559270 443
1559280 443
1559290 443
1559300 444
1559310 444
1559320 444
1559330 444
1559340 444
1559350 444
1559360 444
1559370 444
1559380 444
1559390 444
1559400 444
1559410 444
1559420 444
1559430 444
1559440 444
1559450 444
1559460 444
1559470 444
1559480 444
1559490 444
1559500 444
1559510 444
1559520 444
1559530 443
1559540 443
1559550 443
1559560 443
1559570 442
1559580 442
1559590 442
1559600 442
1559610 442
1559620 442
1559630 442
1559640 443
1559650 443
1559660 443
1559670 444
1559680 444
1559690 444
1559700 444
1559710 444
1559720 445
1559730 445
1559740 445
1559750 445
1559760 445
1559770 445
1559780 444
1559790 444
1559800 444
1559810 444
1559820 444
1559830 444
1559840 444
1559850 444
1559860 444
1559870 445
1559880 445
1559890 445
1559900 445
1559910 445
1559920 445
1559930 446
1559940 446
1559950 446
1559960 446
1559970 446
1559980 446
1559990 446
