1540000 407
1540010 408
1540020 408
1540030 408
1540040 409
1540050 409
1540060 409
1540070 410
1540080 410
1540090 410
1540100 410
1540110 410
1540120 411
1540130 411
1540140 411
1540150 411
1540160 411
1540170 411
1540180 411
1540190 412
1540200 412
1540210 412
1540220 412
1540230 412
1540240 412
1540250 413
1540260 413
1540270 413
1540280 413
1540290 413
1540300 413
1540310 413
1540320 413
1540330 413
1540340 413
1540350 413
1540360 413
1540370 413
1540380 413
1540390 412
1540400 412
1540410 412
1540420 412
1540430 412
1540440 412
1540450 412
1540460 412
1540470 412
1540480 412
1540490 413
1540500 413
1540510 412
1540520 412
1540530 412
1540540 412
1540550 412
1540560 412
1540570 411
1540580 411
1540590 411
1540600 411
1540610 410
1540620 410
1540630 410
1540640 410
1540650 409
1540660 409
1540670 409
1540680 409
1540690 409
1540700 408
1540710 408
1540720 408
1540730 409
1540740 409
1540750 409
1540760 409
1540770 409
1540780 409
1540790 409
1540800 409
1540810 409
1540820 410
1540830 410
1540840 410
1540850 410
1540860 411
1540870 411
1540880 411
1540890 412
1540900 412
1540910 412
1540920 413
1540930 413
1540940 413
1540950 413
1540960 413
1540970 414
1540980 414
1540990 414
1541000 415
1541010 415
1541020 415
1541030 416
1541040 416
1541050 416
1541060 417
1541070 417
1541080 417
1541090 417
1541100 417
1541110 417
1541120 418
1541130 418
1541140 418
1541150 418
1541160 418
1541170 418
1541180 419
1541190 419
1541200 419
1541210 419
1541220 419
1541230 419
1541240 419
1541250 419
1541260 419
1541270 419
1541280 419
1541290 419
1541300 420
1541310 420
1541320 420
1541330 420
1541340 420
1541350 420
1541360 419
1541370 419
1541380 419
1541390 419
1541400 419
1541410 419
1541420 419
1541430 419
1541440 419
1541450 419
1541460 419
1541470 419
1541480 419
1541490 418
1541500 418
1541510 418
1541520 418
1541530 418
1541540 418
1541550 418
1541560 418
1541570 418
1541580 418
1541590 418
1541600 418
1541610 418
1541620 418
1541630 418
1541640 418
1541650 418
1541660 418
1541670 417
1541680 417
1541690 417
1541700 417
1541710 417
1541720 417
1541730 417
1541740 416
1541750 416
1541760 416
1541770 416
1541780 416
1541790 416
1541800 416
1541810 416
1541820 415
1541830 415
1541840 415
1541850 415
1541860 415
1541870 415
1541880 415
1541890 414
1541900 414
1541910 414
1541920 414
1541930 414
1541940 414
1541950 413
1541960 413
1541970 413
1541980 412
1541990 412
1542000 412
1542010 411
1542020 411
1542030 411
1542040 410
1542050 410
1542060 410
1542070 410
1542080 410
1542090 409
1542100 409
1542110 409
1542120 408
1542130 408
1542140 408
1542150 408
1542160 408
1542170 408
1542180 408
1542190 408
1542200 408
1542210 408
1542220 409
1542230 409
1542240 409
1542250 410
1542260 410
1542270 410
1542280 411
1542290 411
1542300 411
1542310 411
1542320 411
1542330 412
1542340 412
1542350 412
1542360 413
1542370 414
1542380 414
1542390 415
1542400 416
1542410 416
1542420 417
1542430 419
1542440 419
1542450 420
1542460 421
1542470 421
1542480 421
1542490 422
1542500 422
1542510 423
1542520 423
1542530 423
1542540 424
1542550 425
1542560 425
1542570 425
1542580 426
1542590 426
1542600 426
1542610 427
1542620 427
1542630 427
1542640 427
1542650 427
1542660 427
1542670 428
1542680 428
1542690 428
1542700 428
1542710 428
1542720 429
1542730 429
1542740 429
1542750 429
1542760 429
1542770 429
1542780 429
1542790 429
1542800 429
1542810 430
1542820 430
1542830 430
1542840 430
1542850 430
1542860 430
1542870 430
1542880 430
1542890 430
1542900 430
1542910 430
1542920 430
1542930 430
1542940 430
1542950 430
1542960 430
1542970 430
1542980 430
1542990 430
1543000 430
1543010 430
1543020 430
1543030 430
1543040 430
1543050 430
1543060 430
1543070 430
1543080 430
1543090 430
1543100 430
1543110 430
1543120 429
1543130 429
1543140 429
1543150 429
1543160 428
1543170 428
1543180 428
1543190 428
1543200 428
1543210 428
1543220 428
1543230 428
1543240 428
1543250 428
1543260 428
1543270 427
1543280 427
1543290 427
1543300 427
1543310 428
1543320 428
1543330 428
1543340 428
1543350 428
1543360 428
1543370 428
1543380 428
1543390 428
1543400 428
1543410 428
1543420 428
1543430 428
1543440 428
1543450 428
1543460 428
1543470 428
1543480 428
1543490 428
1543500 428
1543510 428
1543520 428
1543530 428
1543540 428
1543550 428
1543560 428
1543570 427
1543580 427
1543590 427
1543600 427
1543610 427
1543620 427
1543630 427
1543640 427
1543650 427
1543660 427
1543670 427
1543680 427
1543690 427
1543700 426
1543710 426
1543720 426
1543730 426
1543740 426
1543750 426
1543760 425
1543770 425
1543780 425
1543790 425
1543800 425
1543810 425
1543820 425
1543830 425
1543840 425
1543850 425
1543860 425
1543870 424
1543880 425
1543890 425
1543900 425
1543910 425
1543920 425
1543930 425
1543940 424
1543950 424
1543960 424
1543970 425
1543980 425
1543990 425
1544000 425
1544010 425
1544020 425
1544030 426
1544040 426
1544050 426
1544060 426
1544070 426
1544080 426
1544090 426
1544100 426
1544110 426
1544120 426
1544130 426
1544140 426
1544150 426
1544160 425
1544170 425
1544180 425
1544190 425
1544200 425
1544210 425
1544220 424
1544230 424
1544240 424
1544250 423
1544260 423
1544270 423
1544280 423
1544290 423
1544300 422
1544310 422
1544320 422
1544330 421
1544340 420
1544350 420
1544360 419
1544370 418
1544380 418
1544390 415
1544400 413
1544410 413
1544420 410
1544430 409
1544440 409
1544450 408
1544460 407
1544470 407
1544480 407
1544490 406
1544500 406
1544510 405
1544520 404
1544530 404
1544540 402
1544550 398
1544560 398
1544570 393
1544580 390
1544590 390
1544600 389
1544610 389
1544620 389
1544630 389
1544640 388
1544650 388
1544660 388
1544670 388
1544680 388
1544690 388
1544700 388
1544710 388
1544720 388
1544730 388
1544740 388
1544750 388
1544760 388
1544770 388
1544780 388
1544790 388
1544800 388
1544810 388
1544820 388
1544830 388
1544840 389
1544850 389
1544860 389
1544870 388
1544880 389
1544890 389
1544900 391
1544910 393
1544920 393
1544930 395
1544940 400
1544950 400
1544960 404
1544970 406
1544980 406
1544990 408
1545000 411
1545010 411
1545020 413
1545030 414
1545040 414
1545050 414
1545060 415
1545070 416
1545080 416
1545090 416
1545100 417
1545110 417
1545120 417
1545130 418
1545140 418
1545150 418
1545160 418
1545170 418
1545180 419
1545190 419
1545200 419
1545210 419
1545220 419
1545230 419
1545240 419
1545250 419
1545260 419
1545270 419
1545280 419
1545290 419
1545300 419
1545310 418
1545320 418
1545330 418
1545340 418
1545350 418
1545360 418
1545370 417
1545380 417
1545390 416
1545400 415
1545410 415
1545420 414
1545430 413
1545440 413
1545450 411
1545460 410
1545470 410
1545480 409
1545490 407
1545500 407
1545510 406
1545520 405
1545530 405
1545540 404
1545550 403
1545560 403
1545570 402
1545580 401
1545590 401
1545600 401
1545610 400
1545620 400
1545630 400
1545640 399
1545650 399
1545660 397
1545670 396
1545680 396
1545690 394
1545700 392
1545710 392
1545720 391
1545730 390
1545740 390
1545750 390
1545760 389
1545770 389
1545780 389
1545790 389
1545800 389
1545810 390
1545820 392
1545830 392
1545840 398
1545850 401
1545860 401
1545870 402
1545880 402
1545890 402
1545900 403
1545910 403
1545920 403
1545930 403
1545940 403
1545950 403
1545960 403
1545970 404
1545980 404
1545990 404
1546000 404
1546010 404
1546020 404
1546030 404
1546040 404
1546050 404
1546060 404
1546070 404
1546080 405
1546090 405
1546100 405
1546110 405
1546120 405
1546130 405
1546140 405
1546150 405
1546160 405
1546170 405
1546180 405
1546190 405
1546200 405
1546210 405
1546220 405
1546230 405
1546240 405
1546250 405
1546260 405
1546270 405
1546280 405
1546290 405
1546300 405
1546310 405
1546320 405
1546330 405
1546340 405
1546350 405
1546360 405
1546370 405
1546380 405
1546390 406
1546400 406
1546410 406
1546420 407
1546430 407
1546440 407
1546450 408
1546460 408
1546470 408
1546480 409
1546490 409
1546500 409
1546510 410
1546520 410
1546530 410
1546540 411
1546550 413
1546560 413
1546570 414
1546580 415
1546590 415
1546600 416
1546610 416
1546620 417
1546630 417
1546640 417
1546650 417
1546660 418
1546670 418
1546680 418
1546690 419
1546700 419
1546710 419
1546720 420
1546730 420
1546740 420
1546750 421
1546760 421
1546770 421
1546780 421
1546790 422
1546800 422
1546810 422
1546820 422
1546830 422
1546840 422
1546850 422
1546860 422
1546870 422
1546880 422
1546890 422
1546900 422
1546910 422
1546920 422
1546930 422
1546940 422
1546950 422
1546960 421
1546970 421
1546980 421
1546990 421
1547000 420
1547010 420
1547020 420
1547030 419
1547040 419
1547050 419
1547060 419
1547070 419
1547080 418
1547090 418
1547100 418
1547110 417
1547120 417
1547130 417
1547140 417
1547150 416
1547160 416
1547170 417
1547180 417
1547190 417
1547200 417
1547210 417
1547220 417
1547230 418
1547240 418
1547250 418
1547260 418
1547270 418
1547280 418
1547290 418
1547300 419
1547310 419
1547320 419
1547330 419
1547340 420
1547350 420
1547360 420
1547370 420
1547380 420
1547390 420
1547400 420
1547410 420
1547420 421
1547430 421
1547440 421
1547450 421
1547460 421
1547470 421
1547480 421
1547490 422
1547500 422
1547510 422
1547520 422
1547530 422
1547540 422
1547550 422
1547560 422
1547570 422
1547580 423
1547590 423
1547600 423
1547610 423
1547620 423
1547630 424
1547640 424
1547650 424
1547660 424
1547670 424
1547680 424
1547690 425
1547700 425
1547710 425
1547720 425
1547730 425
1547740 425
1547750 426
1547760 426
1547770 426
1547780 426
1547790 426
1547800 426
1547810 426
1547820 427
1547830 427
1547840 427
1547850 427
1547860 427
1547870 427
1547880 428
1547890 428
1547900 428
1547910 428
1547920 428
1547930 428
1547940 428
1547950 428
1547960 428
1547970 428
1547980 428
1547990 428
1548000 428
1548010 428
1548020 429
1548030 429
1548040 429
1548050 429
1548060 429
1548070 429
1548080 429
1548090 429
1548100 429
1548110 428
1548120 428
1548130 428
1548140 428
1548150 428
1548160 428
1548170 427
1548180 427
1548190 427
1548200 427
1548210 426
1548220 426
1548230 426
1548240 425
1548250 425
1548260 425
1548270 424
1548280 424
1548290 424
1548300 424
1548310 424
1548320 423
1548330 419
1548340 419
1548350 417
1548360 411
1548370 411
1548380 405
1548390 398
1548400 392
1548410 392
1548420 387
1548430 383
1548440 383
1548450 381
1548460 380
1548470 380
1548480 380
1548490 379
1548500 379
1548510 378
1548520 378
1548530 378
1548540 377
1548550 376
1548560 376
1548570 375
1548580 376
1548590 376
1548600 376
1548610 375
1548620 375
1548630 373
1548640 372
1548650 372
1548660 372
1548670 372
1548680 372
1548690 372
1548700 372
1548710 372
1548720 372
1548730 371
1548740 371
1548750 372
1548760 372
1548770 372
1548780 372
1548790 372
1548800 372
1548810 372
1548820 372
1548830 372
1548840 372
1548850 372
1548860 372
1548870 371
1548880 371
1548890 371
1548900 370
1548910 369
1548920 369
1548930 369
1548940 369
1548950 369
1548960 370
1548970 370
1548980 370
1548990 371
1549000 371
1549010 371
1549020 371
1549030 370
1549040 370
1549050 370
1549060 370
1549070 370
1549080 371
1549090 372
1549100 372
1549110 372
1549120 372
1549130 372
1549140 372
1549150 371
1549160 371
1549170 370
1549180 369
1549190 369
1549200 369
1549210 369
1549220 369
1549230 369
1549240 369
1549250 369
1549260 369
1549270 369
1549280 369
1549290 369
1549300 369
1549310 369
1549320 369
1549330 369
1549340 369
1549350 368
1549360 368
1549370 368
1549380 368
1549390 368
1549400 368
1549410 368
1549420 367
1549430 367
1549440 367
1549450 368
1549460 368
1549470 368
1549480 368
1549490 368
1549500 368
1549510 368
1549520 368
1549530 368
1549540 369
1549550 369
1549560 369
1549570 369
1549580 368
1549590 368
1549600 366
1549610 365
1549620 365
1549630 365
1549640 366
1549650 366
1549660 367
1549670 368
1549680 368
1549690 368
1549700 369
1549710 369
1549720 369
1549730 369
1549740 369
1549750 369
1549760 369
1549770 369
1549780 369
1549790 369
1549800 369
1549810 369
1549820 369
1549830 369
1549840 370
1549850 371
1549860 371
1549870 371
1549880 371
1549890 371
1549900 371
1549910 371
1549920 371
1549930 371
1549940 371
1549950 371
1549960 371
1549970 371
1549980 371
1549990 372
1550000 372
1550010 372
1550020 371
1550030 371
1550040 371
1550050 371
1550060 371
1550070 371
1550080 371
1550090 372
1550100 372
1550110 372
1550120 372
1550130 372
1550140 372
1550150 372
1550160 372
1550170 372
1550180 374
1550190 374
1550200 379
1550210 384
1550220 384
1550230 389
1550240 394
1550250 394
1550260 396
1550270 396
1550280 396
1550290 397
1550300 398
1550310 398
1550320 397
1550330 396
1550340 396
1550350 395
1550360 396
1550370 396
1550380 396
1550390 396
1550400 396
1550410 391
1550420 384
1550430 384
1550440 381
1550450 380
1550460 380
1550470 381
1550480 382
1550490 382
1550500 384
1550510 386
1550520 386
1550530 388
1550540 389
1550550 389
1550560 390
1550570 390
1550580 390
1550590 391
1550600 394
1550610 398
1550620 398
1550630 399
1550640 400
1550650 400
1550660 402
1550670 403
1550680 403
1550690 405
1550700 407
1550710 407
1550720 409
1550730 412
1550740 412
1550750 415
1550760 419
1550770 419
1550780 425
1550790 429
1550800 429
1550810 431
1550820 433
1550830 433
1550840 434
1550850 435
1550860 435
1550870 436
1550880 436
1550890 436
1550900 437
1550910 438
1550920 438
1550930 438
1550940 439
1550950 439
1550960 439
1550970 440
1550980 440
1550990 440
1551000 441
1551010 441
1551020 441
1551030 442
1551040 442
1551050 442
1551060 443
1551070 443
1551080 443
1551090 443
1551100 443
1551110 443
1551120 444
1551130 444
1551140 444
1551150 444
1551160 444
1551170 444
1551180 444
1551190 444
1551200 444
1551210 444
1551220 444
1551230 445
1551240 445
1551250 445
1551260 445
1551270 445
1551280 445
1551290 445
1551300 445
1551310 445
1551320 445
1551330 445
1551340 445
1551350 445
1551360 445
1551370 445
1551380 445
1551390 445
1551400 445
1551410 445
1551420 445
1551430 445
1551440 445
1551450 445
1551460 445
1551470 445
1551480 445
1551490 445
1551500 445
1551510 444
1551520 444
1551530 444
1551540 444
1551550 444
1551560 444
1551570 444
1551580 444
1551590 443
1551600 443
1551610 443
1551620 443
1551630 443
1551640 443
1551650 443
1551660 443
1551670 443
1551680 443
1551690 443
1551700 443
1551710 443
1551720 442
1551730 442
1551740 442
1551750 442
1551760 442
1551770 442
1551780 442
1551790 442
1551800 442
1551810 442
1551820 441
1551830 441
1551840 441
1551850 441
1551860 441
1551870 441
1551880 441
1551890 441
1551900 440
1551910 440
1551920 440
1551930 440
1551940 440
1551950 440
1551960 440
1551970 440
1551980 440
1551990 439
1552000 439
1552010 439
1552020 439
1552030 438
1552040 438
1552050 438
1552060 437
1552070 437
1552080 437
1552090 436
1552100 436
1552110 436
1552120 435
1552130 435
1552140 434
1552150 433
1552160 433
1552170 432
1552180 431
1552190 431
1552200 430
1552210 429
1552220 429
1552230 429
1552240 428
1552250 428
1552260 428
1552270 427
1552280 427
1552290 427
1552300 427
1552310 427
1552320 426
1552330 426
1552340 426
1552350 425
1552360 425
1552370 425
1552380 424
1552390 424
1552400 424
1552410 424
1552420 424
1552430 424
1552440 423
1552450 423
1552460 423
1552470 422
1552480 422
1552490 422
1552500 422
1552510 421
1552520 421
1552530 421
1552540 421
1552550 421
1552560 420
1552570 419
1552580 419
1552590 419
1552600 419
1552610 419
1552620 418
1552630 417
1552640 417
1552650 416
1552660 415
1552670 415
1552680 414
1552690 413
1552700 413
1552710 413
1552720 412
1552730 412
1552740 412
1552750 412
1552760 412
1552770 411
1552780 411
1552790 411
1552800 410
1552810 410
1552820 410
1552830 409
1552840 409
1552850 410
1552860 410
1552870 413
1552880 415
1552890 415
1552900 417
1552910 419
1552920 419
1552930 421
1552940 422
1552950 422
1552960 422
1552970 423
1552980 423
1552990 423
1553000 424
1553010 424
1553020 424
1553030 424
1553040 424
1553050 424
1553060 425
1553070 425
1553080 425
1553090 425
1553100 425
1553110 425
1553120 425
1553130 425
1553140 426
1553150 426
1553160 426
1553170 426
1553180 426
1553190 426
1553200 426
1553210 426
1553220 426
1553230 426
1553240 426
1553250 426
1553260 426
1553270 426
1553280 426
1553290 427
1553300 427
1553310 427
1553320 427
1553330 427
1553340 427
1553350 427
1553360 427
1553370 427
1553380 427
1553390 427
1553400 427
1553410 427
1553420 427
1553430 427
1553440 428
1553450 428
1553460 428
1553470 428
1553480 428
1553490 428
1553500 428
1553510 428
1553520 428
1553530 428
1553540 428
1553550 428
1553560 428
1553570 428
1553580 428
1553590 428
1553600 429
1553610 429
1553620 429
1553630 429
1553640 429
1553650 429
1553660 429
1553670 429
1553680 428
1553690 428
1553700 428
1553710 428
1553720 428
1553730 428
1553740 427
1553750 427
1553760 427
1553770 426
1553780 426
1553790 426
1553800 426
1553810 425
1553820 425
1553830 425
1553840 424
1553850 424
1553860 424
1553870 423
1553880 423
1553890 423
1553900 422
1553910 422
1553920 422
1553930 421
1553940 421
1553950 421
1553960 420
1553970 420
1553980 420
1553990 419
1554000 418
1554010 418
1554020 418
1554030 416
1554040 416
1554050 414
1554060 413
1554070 413
1554080 412
1554090 411
1554100 411
1554110 411
1554120 411
1554130 411
1554140 411
1554150 411
1554160 411
1554170 410
1554180 410
1554190 410
1554200 410
1554210 410
1554220 410
1554230 410
1554240 411
1554250 411
1554260 411
1554270 412
1554280 412
1554290 413
1554300 414
1554310 414
1554320 414
1554330 416
1554340 416
1554350 418
1554360 418
1554370 418
1554380 419
1554390 419
1554400 419
1554410 419
1554420 420
1554430 420
1554440 420
1554450 420
1554460 420
1554470 421
1554480 421
1554490 421
1554500 421
1554510 421
1554520 421
1554530 421
1554540 421
1554550 421
1554560 421
1554570 422
1554580 422
1554590 422
1554600 422
1554610 422
1554620 422
1554630 422
1554640 422
1554650 421
1554660 421
1554670 421
1554680 421
1554690 421
1554700 421
1554710 421
1554720 421
1554730 421
1554740 421
1554750 421
1554760 421
1554770 421
1554780 421
1554790 421
1554800 421
1554810 420
1554820 420
1554830 420
1554840 420
1554850 420
1554860 420
1554870 420
1554880 420
1554890 419
1554900 419
1554910 419
1554920 418
1554930 418
1554940 418
1554950 417
1554960 416
1554970 416
1554980 415
1554990 413
1555000 413
1555010 412
1555020 409
1555030 409
1555040 408
1555050 406
1555060 406
1555070 406
1555080 405
1555090 405
1555100 405
1555110 405
1555120 406
1555130 406
1555140 409
1555150 413
1555160 413
1555170 417
1555180 418
1555190 418
1555200 419
1555210 418
1555220 418
1555230 418
1555240 418
1555250 418
1555260 418
1555270 418
1555280 418
1555290 418
1555300 418
1555310 418
1555320 418
1555330 418
1555340 418
1555350 418
1555360 418
1555370 418
1555380 418
1555390 418
1555400 418
1555410 418
1555420 419
1555430 419
1555440 419
1555450 420
1555460 420
1555470 420
1555480 421
1555490 421
1555500 421
1555510 421
1555520 421
1555530 422
1555540 422
1555550 422
1555560 422
1555570 422
1555580 422
1555590 423
1555600 423
1555610 423
1555620 423
1555630 423
1555640 423
1555650 424
1555660 424
1555670 424
1555680 424
1555690 424
1555700 424
1555710 424
1555720 424
1555730 424
1555740 424
1555750 424
1555760 424
1555770 424
1555780 424
1555790 424
1555800 424
1555810 425
1555820 425
1555830 425
1555840 425
1555850 425
1555860 425
1555870 425
1555880 425
1555890 425
1555900 425
1555910 425
1555920 425
1555930 424
1555940 424
1555950 424
1555960 424
1555970 424
1555980 424
1555990 424
1556000 424
1556010 424
1556020 423
1556030 423
1556040 423
1556050 423
1556060 423
1556070 422
1556080 422
1556090 422
1556100 421
1556110 421
1556120 421
1556130 420
1556140 419
1556150 419
1556160 418
1556170 417
1556180 417
1556190 416
1556200 416
1556210 415
1556220 415
1556230 415
1556240 415
1556250 415
1556260 415
1556270 415
1556280 415
1556290 414
1556300 414
1556310 414
1556320 413
1556330 413
1556340 413
1556350 412
1556360 411
1556370 411
1556380 410
1556390 408
1556400 408
1556410 407
1556420 406
1556430 406
1556440 405
1556450 404
1556460 404
1556470 402
1556480 401
1556490 401
1556500 399
1556510 398
1556520 398
1556530 398
1556540 397
1556550 397
1556560 396
1556570 395
1556580 395
1556590 394
1556600 393
1556610 393
1556620 391
1556630 390
1556640 390
1556650 390
1556660 390
1556670 390
1556680 389
1556690 389
1556700 389
1556710 389
1556720 389
1556730 389
1556740 392
1556750 396
1556760 396
1556770 402
1556780 406
1556790 406
1556800 411
1556810 415
1556820 415
1556830 417
1556840 418
1556850 418
1556860 418
1556870 418
1556880 418
1556890 419
1556900 419
1556910 419
1556920 419
1556930 419
1556940 419
1556950 419
1556960 419
1556970 419
1556980 419
1556990 419
1557000 419
1557010 419
1557020 419
1557030 419
1557040 420
1557050 420
1557060 420
1557070 419
1557080 419
1557090 419
1557100 419
1557110 419
1557120 419
1557130 419
1557140 419
1557150 419
1557160 419
1557170 419
1557180 419
1557190 419
1557200 419
1557210 419
1557220 419
1557230 419
1557240 419
1557250 419
1557260 419
1557270 419
1557280 419
1557290 419
1557300 419
1557310 419
1557320 419
1557330 419
1557340 419
1557350 419
1557360 419
1557370 419
1557380 419
1557390 419
1557400 419
1557410 419
1557420 419
1557430 419
1557440 419
1557450 419
1557460 419
1557470 419
1557480 419
1557490 419
1557500 419
1557510 420
1557520 420
1557530 420
1557540 420
1557550 420
1557560 420
1557570 421
1557580 421
1557590 421
1557600 421
1557610 421
1557620 422
1557630 422
1557640 422
1557650 422
1557660 423
1557670 423
1557680 423
1557690 424
1557700 424
1557710 424
1557720 425
1557730 425
1557740 425
1557750 425
1557760 425
1557770 425
1557780 426
1557790 426
1557800 426
1557810 426
1557820 426
1557830 426
1557840 426
1557850 426
1557860 426
1557870 426
1557880 426
1557890 426
1557900 426
1557910 426
1557920 425
1557930 424
1557940 424
1557950 424
1557960 426
1557970 426
1557980 426
1557990 426
1558000 426
1558010 426
1558020 426
1558030 426
1558040 426
1558050 426
1558060 426
1558070 426
1558080 426
1558090 426
1558100 426
1558110 426
1558120 426
1558130 425
1558140 425
1558150 425
1558160 425
1558170 426
1558180 426
1558190 426
1558200 425
1558210 425
1558220 425
1558230 425
1558240 425
1558250 424
1558260 424
1558270 424
1558280 424
1558290 424
1558300 424
1558310 423
1558320 423
1558330 423
1558340 423
1558350 423
1558360 423
1558370 423
1558380 423
1558390 423
1558400 423
1558410 423
1558420 423
1558430 423
1558440 423
1558450 423
1558460 423
1558470 424
1558480 424
1558490 424
1558500 424
1558510 425
1558520 425
1558530 425
1558540 425
1558550 425
1558560 425
1558570 425
1558580 425
1558590 425
1558600 425
1558610 425
1558620 425
1558630 425
1558640 425
1558650 425
1558660 425
1558670 425
1558680 425
1558690 425
1558700 425
1558710 424
1558720 424
1558730 424
1558740 424
1558750 424
1558760 424
1558770 424
1558780 424
1558790 424
1558800 424
1558810 424
1558820 424
1558830 424
1558840 424
1558850 424
1558860 425
1558870 425
1558880 425
1558890 425
1558900 425
1558910 425
1558920 425
1558930 425
1558940 425
1558950 425
1558960 425
1558970 425
1558980 425
1558990 425
1559000 425
1559010 425
1559020 425
1559030 425
1559040 425
1559050 425
1559060 425
1559070 425
1559080 425
1559090 425
1559100 425
1559110 425
1559120 425
1559130 425
1559140 425
1559150 425
1559160 425
1559170 425
1559180 425
1559190 425
1559200 425
1559210 425
1559220 425
1559230 425
1559240 425
1559250 425
1559260 424
1559270 424
1559280 424
1559290 424
1559300 424
1559310 423
1559320 423
1559330 423
1559340 423
1559350 423
1559360 423
1559370 423
1559380 424
1559390 424
1559400 424
1559410 424
1559420 424
1559430 425
1559440 425
1559450 425
1559460 425
1559470 425
1559480 425
1559490 425
1559500 425
1559510 425
1559520 425
1559530 426
1559540 426
1559550 426
1559560 426
1559570 426
1559580 426
1559590 426
1559600 426
1559610 426
1559620 426
1559630 426
1559640 426
1559650 426
1559660 426
1559670 426
1559680 426
1559690 426
1559700 426
1559710 426
1559720 426
1559730 426
1559740 426
1559750 426
1559760 426
1559770 426
1559780 426
1559790 426
1559800 425
1559810 425
1559820 425
1559830 425
1559840 425
1559850 425
1559860 425
1559870 425
1559880 425
1559890 425
1559900 425
1559910 425
1559920 425
1559930 425
1559940 425
1559950 425
1559960 425
1559970 425
1559980 426
1559990 426
