1540000 382
1540010 381
1540020 382
1540030 382
1540040 382
1540050 382
1540060 382
1540070 382
1540080 382
1540090 382
1540100 382
1540110 382
1540120 383
1540130 383
1540140 383
1540150 382
1540160 382
1540170 382
1540180 382
1540190 382
1540200 382
1540210 382
1540220 382
1540230 382
1540240 382
1540250 382
1540260 382
1540270 381
1540280 381
1540290 381
1540300 380
1540310 380
1540320 380
1540330 379
1540340 379
1540350 379
1540360 379
1540370 379
1540380 379
1540390 379
1540400 379
1540410 379
1540420 379
1540430 379
1540440 379
1540450 379
1540460 379
1540470 379
1540480 379
1540490 379
1540500 379
1540510 378
1540520 378
1540530 378
1540540 378
1540550 378
1540560 379
1540570 379
1540580 379
1540590 379
1540600 379
1540610 379
1540620 379
1540630 378
1540640 378
1540650 378
1540660 378
1540670 378
1540680 377
1540690 376
1540700 376
1540710 375
1540720 375
1540730 375
1540740 375
1540750 375
1540760 375
1540770 374
1540780 372
1540790 372
1540800 370
1540810 369
1540820 369
1540830 368
1540840 367
1540850 367
1540860 363
1540870 359
1540880 359
1540890 356
1540900 353
1540910 353
1540920 352
1540930 352
1540940 352
1540950 352
1540960 352
1540970 352
1540980 352
1540990 352
1541000 352
1541010 352
1541020 352
1541030 352
1541040 352
1541050 352
1541060 352
1541070 352
1541080 352
1541090 352
1541100 353
1541110 355
1541120 355
1541130 358
1541140 362
1541150 362
1541160 365
1541170 367
1541180 367
1541190 369
1541200 370
1541210 370
1541220 370
1541230 370
1541240 370
1541250 370
1541260 370
1541270 370
1541280 371
1541290 371
1541300 371
1541310 371
1541320 371
1541330 371
1541340 371
1541350 371
1541360 371
1541370 371
1541380 371
1541390 371
1541400 371
1541410 370
1541420 370
1541430 370
1541440 371
1541450 371
1541460 371
1541470 372
1541480 373
1541490 373
1541500 375
1541510 377
1541520 377
1541530 378
1541540 378
1541550 378
1541560 378
1541570 378
1541580 378
1541590 377
1541600 377
1541610 377
1541620 378
1541630 378
1541640 378
1541650 378
1541660 378
1541670 378
1541680 377
1541690 378
1541700 378
1541710 379
1541720 380
1541730 380
1541740 380
1541750 380
1541760 380
1541770 380
1541780 380
1541790 380
1541800 381
1541810 381
1541820 381
1541830 382
1541840 382
1541850 382
1541860 382
1541870 382
1541880 382
1541890 382
1541900 382
1541910 382
1541920 382
1541930 382
1541940 382
1541950 383
1541960 383
1541970 383
1541980 383
1541990 384
1542000 384
1542010 385
1542020 386
1542030 386
1542040 386
1542050 387
1542060 387
1542070 387
1542080 388
1542090 388
1542100 388
1542110 388
1542120 388
1542130 389
1542140 389
1542150 389
1542160 389
1542170 389
1542180 389
1542190 389
1542200 389
1542210 389
1542220 389
1542230 388
1542240 388
1542250 389
1542260 389
1542270 389
1542280 389
1542290 389
1542300 389
1542310 389
1542320 388
1542330 388
1542340 387
1542350 386
1542360 386
1542370 384
1542380 382
1542390 382
1542400 381
1542410 381
1542420 381
1542430 380
1542440 380
1542450 380
1542460 380
1542470 380
1542480 380
1542490 380
1542500 380
1542510 380
1542520 379
1542530 379
1542540 379
1542550 379
1542560 380
1542570 380
1542580 380
1542590 380
1542600 380
1542610 380
1542620 380
1542630 380
1542640 380
1542650 380
1542660 380
1542670 380
1542680 380
1542690 380
1542700 380
1542710 380
1542720 380
1542730 380
1542740 380
1542750 380
1542760 380
1542770 380
1542780 380
1542790 380
1542800 380
1542810 380
1542820 380
1542830 380
1542840 380
1542850 380
1542860 380
1542870 380
1542880 380
1542890 380
1542900 380
1542910 380
1542920 379
1542930 379
1542940 379
1542950 379
1542960 379
1542970 379
1542980 379
1542990 379
1543000 379
1543010 379
1543020 379
1543030 379
1543040 379
1543050 379
1543060 379
1543070 379
1543080 378
1543090 378
1543100 378
1543110 378
1543120 378
1543130 378
1543140 377
1543150 377
1543160 377
1543170 377
1543180 377
1543190 378
1543200 378
1543210 378
1543220 378
1543230 378
1543240 378
1543250 378
1543260 378
1543270 378
1543280 378
1543290 378
1543300 378
1543310 379
1543320 379
1543330 379
1543340 378
1543350 378
1543360 378
1543370 378
1543380 378
1543390 378
1543400 378
1543410 378
1543420 378
1543430 378
1543440 378
1543450 378
1543460 378
1543470 378
1543480 378
1543490 378
1543500 378
1543510 378
1543520 378
1543530 378
1543540 378
1543550 378
1543560 378
1543570 378
1543580 378
1543590 378
1543600 378
1543610 378
1543620 378
1543630 378
1543640 378
1543650 378
1543660 378
1543670 378
1543680 378
1543690 378
1543700 378
1543710 378
1543720 378
1543730 378
1543740 378
1543750 378
1543760 378
1543770 378
1543780 378
1543790 378
1543800 378
1543810 378
1543820 378
1543830 378
1543840 378
1543850 378
1543860 378
1543870 378
1543880 378
1543890 377
1543900 377
1543910 377
1543920 377
1543930 377
1543940 377
1543950 377
1543960 377
1543970 377
1543980 377
1543990 377
1544000 377
1544010 377
1544020 377
1544030 377
1544040 377
1544050 377
1544060 377
1544070 377
1544080 377
1544090 377
1544100 377
1544110 377
1544120 377
1544130 377
1544140 377
1544150 377
1544160 377
1544170 377
1544180 377
1544190 377
1544200 377
1544210 377
1544220 377
1544230 377
1544240 377
1544250 377
1544260 376
1544270 376
1544280 376
1544290 376
1544300 376
1544310 377
1544320 377
1544330 377
1544340 376
1544350 376
1544360 376
1544370 376
1544380 376
1544390 376
1544400 376
1544410 376
1544420 376
1544430 376
1544440 376
1544450 376
1544460 375
1544470 375
1544480 375
1544490 375
1544500 375
1544510 375
1544520 375
1544530 375
1544540 375
1544550 375
1544560 375
1544570 375
1544580 375
1544590 375
1544600 375
1544610 376
1544620 376
1544630 376
1544640 376
1544650 376
1544660 376
1544670 376
1544680 376
1544690 376
1544700 376
1544710 376
1544720 376
1544730 376
1544740 376
1544750 376
1544760 376
1544770 376
1544780 376
1544790 375
1544800 375
1544810 375
1544820 376
1544830 376
1544840 376
1544850 376
1544860 376
1544870 376
1544880 376
1544890 376
1544900 376
1544910 376
1544920 375
1544930 375
1544940 375
1544950 375
1544960 375
1544970 375
1544980 375
1544990 375
1545000 375
1545010 375
1545020 375
1545030 375
1545040 375
1545050 375
1545060 375
1545070 375
1545080 375
1545090 375
1545100 374
1545110 374
1545120 374
1545130 374
1545140 374
1545150 374
1545160 374
1545170 374
1545180 374
1545190 375
1545200 375
1545210 375
1545220 375
1545230 375
1545240 375
1545250 375
1545260 375
1545270 375
1545280 374
1545290 374
1545300 374
1545310 374
1545320 374
1545330 374
1545340 374
1545350 374
1545360 374
1545370 374
1545380 374
1545390 374
1545400 374
1545410 374
1545420 374
1545430 374
1545440 374
1545450 374
1545460 374
1545470 374
1545480 374
1545490 374
1545500 374
1545510 374
1545520 374
1545530 374
1545540 374
1545550 374
1545560 374
1545570 374
1545580 374
1545590 373
1545600 373
1545610 373
1545620 373
1545630 373
1545640 373
1545650 373
1545660 373
1545670 373
1545680 373
1545690 373
1545700 373
1545710 373
1545720 373
1545730 373
1545740 373
1545750 373
1545760 373
1545770 373
1545780 373
1545790 373
1545800 373
1545810 373
1545820 373
1545830 373
1545840 373
1545850 373
1545860 373
1545870 373
1545880 373
1545890 373
1545900 373
1545910 373
1545920 373
1545930 373
1545940 373
1545950 372
1545960 372
1545970 372
1545980 372
1545990 372
1546000 372
1546010 372
1546020 372
1546030 372
1546040 372
1546050 372
1546060 372
1546070 372
1546080 372
1546090 372
1546100 372
1546110 372
1546120 372
1546130 372
1546140 372
1546150 372
1546160 372
1546170 372
1546180 372
1546190 372
1546200 372
1546210 372
1546220 372
1546230 372
1546240 371
1546250 372
1546260 372
1546270 372
1546280 372
1546290 372
1546300 372
1546310 372
1546320 372
1546330 371
1546340 371
1546350 371
1546360 371
1546370 371
1546380 371
1546390 371
1546400 371
1546410 371
1546420 371
1546430 371
1546440 371
1546450 371
1546460 371
1546470 371
1546480 371
1546490 372
1546500 372
1546510 372
1546520 372
1546530 372
1546540 373
1546550 373
1546560 373
1546570 372
1546580 371
1546590 372
1546600 372
1546610 374
1546620 379
1546630 379
1546640 383
1546650 383
1546660 383
1546670 384
1546680 385
1546690 385
1546700 385
1546710 386
1546720 386
1546730 385
1546740 386
1546750 386
1546760 386
1546770 386
1546780 386
1546790 386
1546800 386
1546810 386
1546820 386
1546830 386
1546840 386
1546850 386
1546860 386
1546870 386
1546880 386
1546890 386
1546900 386
1546910 386
1546920 386
1546930 386
1546940 386
1546950 386
1546960 386
1546970 386
1546980 386
1546990 386
1547000 386
1547010 386
1547020 386
1547030 386
1547040 386
1547050 386
1547060 386
1547070 386
1547080 386
1547090 386
1547100 386
1547110 386
1547120 385
1547130 385
1547140 385
1547150 385
1547160 385
1547170 385
1547180 383
1547190 377
1547200 377
1547210 374
1547220 372
1547230 372
1547240 372
1547250 372
1547260 372
1547270 372
1547280 371
1547290 371
1547300 371
1547310 371
1547320 371
1547330 371
1547340 371
1547350 371
1547360 371
1547370 371
1547380 371
1547390 371
1547400 370
1547410 370
1547420 367
1547430 365
1547440 365
1547450 367
1547460 370
1547470 370
1547480 371
1547490 371
1547500 371
1547510 371
1547520 371
1547530 371
1547540 370
1547550 370
1547560 370
1547570 369
1547580 368
1547590 368
1547600 366
1547610 365
1547620 365
1547630 365
1547640 365
1547650 365
1547660 365
1547670 365
1547680 365
1547690 365
1547700 365
1547710 365
1547720 364
1547730 363
1547740 363
1547750 363
1547760 363
1547770 363
1547780 363
1547790 363
1547800 363
1547810 364
1547820 364
1547830 364
1547840 364
1547850 364
1547860 364
1547870 366
1547880 368
1547890 368
1547900 369
1547910 369
1547920 364
1547930 364
1547940 358
1547950 352
1547960 352
1547970 349
1547980 348
1547990 348
1548000 348
1548010 348
1548020 348
1548030 347
1548040 347
1548050 347
1548060 347
1548070 347
1548080 347
1548090 347
1548100 347
1548110 347
1548120 348
1548130 348
1548140 348
1548150 348
1548160 348
1548170 348
1548180 347
1548190 347
1548200 347
1548210 347
1548220 347
1548230 347
1548240 347
1548250 347
1548260 347
1548270 347
1548280 346
1548290 346
1548300 346
1548310 346
1548320 346
1548330 346
1548340 346
1548350 346
1548360 346
1548370 346
1548380 346
1548390 346
1548400 346
1548410 346
1548420 346
1548430 346
1548440 346
1548450 346
1548460 346
1548470 346
1548480 346
1548490 346
1548500 346
1548510 347
1548520 347
1548530 347
1548540 347
1548550 347
1548560 347
1548570 347
1548580 347
1548590 347
1548600 347
1548610 346
1548620 346
1548630 346
1548640 347
1548650 347
1548660 346
1548670 347
1548680 347
1548690 347
1548700 347
1548710 347
1548720 347
1548730 347
1548740 347
1548750 347
1548760 347
1548770 347
1548780 347
1548790 347
1548800 347
1548810 347
1548820 347
1548830 347
1548840 347
1548850 346
1548860 346
1548870 346
1548880 345
1548890 345
1548900 343
1548910 344
1548920 344
1548930 344
1548940 345
1548950 345
1548960 345
1548970 346
1548980 346
1548990 347
1549000 347
1549010 347
1549020 347
1549030 347
1549040 347
1549050 347
1549060 347
1549070 347
1549080 347
1549090 347
1549100 347
1549110 347
1549120 348
1549130 348
1549140 349
1549150 350
1549160 350
1549170 350
1549180 351
1549190 351
1549200 351
1549210 350
1549220 350
1549230 350
1549240 351
1549250 351
1549260 351
1549270 351
1549280 351
1549290 351
1549300 351
1549310 351
1549320 351
1549330 351
1549340 351
1549350 351
1549360 352
1549370 352
1549380 352
1549390 352
1549400 353
1549410 353
1549420 353
1549430 353
1549440 353
1549450 353
1549460 353
1549470 353
1549480 353
1549490 353
1549500 353
1549510 353
1549520 354
1549530 354
1549540 355
1549550 359
1549560 359
1549570 365
1549580 373
1549590 373
1549600 380
1549610 383
1549620 383
1549630 383
1549640 383
1549650 383
1549660 382
1549670 382
1549680 382
1549690 381
1549700 380
1549710 380
1549720 379
1549730 379
1549740 379
1549750 379
1549760 379
1549770 379
1549780 379
1549790 379
1549800 379
1549810 380
1549820 380
1549830 380
1549840 381
1549850 382
1549860 382
1549870 383
1549880 384
1549890 384
1549900 384
1549910 385
1549920 385
1549930 386
1549940 387
1549950 387
1549960 388
1549970 389
1549980 389
1549990 389
1550000 390
1550010 390
1550020 391
1550030 392
1550040 392
1550050 393
1550060 393
1550070 393
1550080 394
1550090 395
1550100 395
1550110 396
1550120 397
1550130 397
1550140 398
1550150 399
1550160 399
1550170 399
1550180 400
1550190 400
1550200 401
1550210 401
1550220 401
1550230 402
1550240 402
1550250 402
1550260 403
1550270 403
1550280 403
1550290 403
1550300 404
1550310 404
1550320 404
1550330 404
1550340 404
1550350 405
1550360 405
1550370 405
1550380 405
1550390 405
1550400 405
1550410 406
1550420 406
1550430 406
1550440 406
1550450 406
1550460 406
1550470 406
1550480 407
1550490 407
1550500 407
1550510 407
1550520 407
1550530 407
1550540 408
1550550 408
1550560 408
1550570 408
1550580 408
1550590 408
1550600 409
1550610 409
1550620 409
1550630 409
1550640 409
1550650 409
1550660 410
1550670 410
1550680 410
1550690 410
1550700 411
1550710 411
1550720 411
1550730 412
1550740 412
1550750 412
1550760 413
1550770 413
1550780 413
1550790 413
1550800 413
1550810 414
1550820 414
1550830 414
1550840 415
1550850 415
1550860 415
1550870 416
1550880 416
1550890 416
1550900 416
1550910 417
1550920 417
1550930 417
1550940 417
1550950 417
1550960 417
1550970 417
1550980 417
1550990 417
1551000 417
1551010 417
1551020 417
1551030 417
1551040 417
1551050 417
1551060 417
1551070 417
1551080 416
1551090 416
1551100 416
1551110 416
1551120 415
1551130 415
1551140 415
1551150 414
1551160 414
1551170 414
1551180 414
1551190 414
1551200 413
1551210 413
1551220 413
1551230 413
1551240 413
1551250 413
1551260 413
1551270 413
1551280 413
1551290 412
1551300 413
1551310 413
1551320 413
1551330 413
1551340 413
1551350 413
1551360 413
1551370 413
1551380 413
1551390 413
1551400 413
1551410 413
1551420 414
1551430 414
1551440 414
1551450 414
1551460 414
1551470 414
1551480 414
1551490 414
1551500 414
1551510 414
1551520 414
1551530 414
1551540 414
1551550 414
1551560 414
1551570 414
1551580 414
1551590 414
1551600 414
1551610 414
1551620 414
1551630 414
1551640 414
1551650 414
1551660 414
1551670 414
1551680 414
1551690 414
1551700 414
1551710 413
1551720 413
1551730 413
1551740 413
1551750 412
1551760 412
1551770 412
1551780 412
1551790 412
1551800 411
1551810 411
1551820 410
1551830 410
1551840 409
1551850 408
1551860 408
1551870 407
1551880 406
1551890 406
1551900 405
1551910 404
1551920 404
1551930 403
1551940 402
1551950 402
1551960 401
1551970 400
1551980 400
1551990 400
1552000 400
1552010 400
1552020 399
1552030 399
1552040 399
1552050 398
1552060 398
1552070 398
1552080 398
1552090 399
1552100 399
1552110 400
1552120 400
1552130 400
1552140 401
1552150 402
1552160 402
1552170 403
1552180 404
1552190 404
1552200 404
1552210 405
1552220 405
1552230 405
1552240 405
1552250 405
1552260 405
1552270 405
1552280 405
1552290 406
1552300 406
1552310 406
1552320 406
1552330 406
1552340 406
1552350 406
1552360 406
1552370 406
1552380 407
1552390 407
1552400 407
1552410 407
1552420 407
1552430 407
1552440 407
1552450 407
1552460 407
1552470 407
1552480 407
1552490 407
1552500 407
1552510 406
1552520 406
1552530 406
1552540 406
1552550 406
1552560 406
1552570 406
1552580 406
1552590 406
1552600 406
1552610 406
1552620 406
1552630 406
1552640 406
1552650 405
1552660 405
1552670 405
1552680 405
1552690 405
1552700 405
1552710 405
1552720 405
1552730 405
1552740 404
1552750 404
1552760 404
1552770 404
1552780 404
1552790 404
1552800 403
1552810 403
1552820 403
1552830 403
1552840 403
1552850 403
1552860 403
1552870 402
1552880 402
1552890 402
1552900 401
1552910 401
1552920 401
1552930 400
1552940 400
1552950 400
1552960 399
1552970 399
1552980 399
1552990 398
1553000 398
1553010 396
1553020 395
1553030 395
1553040 394
1553050 392
1553060 392
1553070 389
1553080 387
1553090 387
1553100 386
1553110 384
1553120 384
1553130 383
1553140 382
1553150 381
1553160 381
1553170 380
1553180 379
1553190 379
1553200 378
1553210 376
1553220 376
1553230 375
1553240 375
1553250 375
1553260 374
1553270 374
1553280 374
1553290 373
1553300 372
1553310 372
1553320 371
1553330 370
1553340 370
1553350 370
1553360 369
1553370 369
1553380 368
1553390 367
1553400 367
1553410 366
1553420 365
1553430 365
1553440 365
1553450 365
1553460 365
1553470 365
1553480 365
1553490 365
1553500 366
1553510 367
1553520 367
1553530 367
1553540 368
1553550 368
1553560 369
1553570 370
1553580 370
1553590 371
1553600 373
1553610 373
1553620 376
1553630 378
1553640 378
1553650 382
1553660 386
1553670 386
1553680 390
1553690 394
1553700 394
1553710 397
1553720 397
1553730 397
1553740 398
1553750 398
1553760 398
1553770 398
1553780 399
1553790 399
1553800 399
1553810 399
1553820 399
1553830 399
1553840 399
1553850 399
1553860 399
1553870 399
1553880 399
1553890 399
1553900 399
1553910 399
1553920 398
1553930 398
1553940 398
1553950 398
1553960 397
1553970 397
1553980 396
1553990 394
1554000 394
1554010 393
1554020 392
1554030 392
1554040 392
1554050 391
1554060 391
1554070 391
1554080 390
1554090 390
1554100 390
1554110 389
1554120 389
1554130 389
1554140 388
1554150 388
1554160 388
1554170 387
1554180 387
1554190 386
1554200 385
1554210 385
1554220 384
1554230 383
1554240 383
1554250 382
1554260 381
1554270 381
1554280 380
1554290 376
1554300 376
1554310 374
1554320 374
1554330 374
1554340 373
1554350 371
1554360 371
1554370 368
1554380 366
1554390 366
1554400 365
1554410 364
1554420 364
1554430 363
1554440 363
1554450 363
1554460 363
1554470 363
1554480 363
1554490 363
1554500 363
1554510 362
1554520 362
1554530 362
1554540 362
1554550 362
1554560 362
1554570 362
1554580 362
1554590 362
1554600 362
1554610 362
1554620 362
1554630 362
1554640 362
1554650 362
1554660 363
1554670 363
1554680 364
1554690 366
1554700 366
1554710 372
1554720 376
1554730 376
1554740 381
1554750 386
1554760 386
1554770 388
1554780 388
1554790 388
1554800 389
1554810 389
1554820 389
1554830 389
1554840 390
1554850 390
1554860 390
1554870 390
1554880 390
1554890 390
1554900 390
1554910 390
1554920 389
1554930 389
1554940 389
1554950 389
1554960 389
1554970 389
1554980 390
1554990 390
1555000 390
1555010 391
1555020 391
1555030 391
1555040 391
1555050 391
1555060 391
1555070 391
1555080 391
1555090 391
1555100 391
1555110 391
1555120 391
1555130 391
1555140 391
1555150 391
1555160 391
1555170 392
1555180 392
1555190 392
1555200 392
1555210 392
1555220 392
1555230 392
1555240 392
1555250 392
1555260 392
1555270 392
1555280 392
1555290 392
1555300 392
1555310 392
1555320 392
1555330 392
1555340 392
1555350 392
1555360 392
1555370 392
1555380 392
1555390 392
1555400 392
1555410 392
1555420 392
1555430 392
1555440 392
1555450 392
1555460 392
1555470 392
1555480 392
1555490 392
1555500 392
1555510 392
1555520 392
1555530 392
1555540 392
1555550 392
1555560 392
1555570 392
1555580 392
1555590 392
1555600 392
1555610 392
1555620 392
1555630 392
1555640 392
1555650 392
1555660 392
1555670 392
1555680 392
1555690 392
1555700 392
1555710 392
1555720 392
1555730 392
1555740 392
1555750 392
1555760 392
1555770 392
1555780 392
1555790 392
1555800 392
1555810 392
1555820 392
1555830 392
1555840 392
1555850 392
1555860 392
1555870 392
1555880 392
1555890 392
1555900 392
1555910 392
1555920 392
1555930 392
1555940 392
1555950 392
1555960 391
1555970 391
1555980 391
1555990 391
1556000 391
1556010 391
1556020 391
1556030 391
1556040 391
1556050 391
1556060 391
1556070 391
1556080 391
1556090 391
1556100 391
1556110 391
1556120 391
1556130 391
1556140 391
1556150 391
1556160 391
1556170 390
1556180 390
1556190 390
1556200 390
1556210 390
1556220 390
1556230 391
1556240 391
1556250 391
1556260 391
1556270 391
1556280 391
1556290 392
1556300 392
1556310 392
1556320 392
1556330 392
1556340 392
1556350 392
1556360 392
1556370 392
1556380 392
1556390 392
1556400 392
1556410 392
1556420 392
1556430 392
1556440 392
1556450 392
1556460 392
1556470 392
1556480 392
1556490 392
1556500 392
1556510 392
1556520 392
1556530 392
1556540 392
1556550 392
1556560 392
1556570 392
1556580 392
1556590 392
1556600 392
1556610 392
1556620 392
1556630 392
1556640 392
1556650 392
1556660 392
1556670 392
1556680 392
1556690 392
1556700 392
1556710 392
1556720 392
1556730 392
1556740 392
1556750 392
1556760 392
1556770 391
1556780 391
1556790 391
1556800 391
1556810 391
1556820 391
1556830 390
1556840 390
1556850 390
1556860 389
1556870 389
1556880 389
1556890 388
1556900 388
1556910 387
1556920 386
1556930 386
1556940 385
1556950 384
1556960 384
1556970 384
1556980 384
1556990 384
1557000 384
1557010 384
1557020 384
1557030 384
1557040 384
1557050 384
1557060 384
1557070 385
1557080 387
1557090 387
1557100 392
1557110 396
1557120 396
1557130 396
1557140 396
1557150 396
1557160 396
1557170 396
1557180 396
1557190 396
1557200 396
1557210 396
1557220 396
1557230 397
1557240 397
1557250 397
1557260 397
1557270 397
1557280 398
1557290 398
1557300 398
1557310 398
1557320 398
1557330 398
1557340 399
1557350 399
1557360 399
1557370 399
1557380 400
1557390 400
1557400 400
1557410 401
1557420 401
1557430 401
1557440 401
1557450 401
1557460 401
1557470 400
1557480 400
1557490 401
1557500 403
1557510 403
1557520 404
1557530 404
1557540 404
1557550 404
1557560 405
1557570 405
1557580 405
1557590 405
1557600 405
1557610 406
1557620 406
1557630 406
1557640 407
1557650 407
1557660 407
1557670 407
1557680 408
1557690 408
1557700 408
1557710 408
1557720 408
1557730 408
1557740 408
1557750 408
1557760 408
1557770 408
1557780 408
1557790 408
1557800 408
1557810 408
1557820 408
1557830 408
1557840 408
1557850 408
1557860 408
1557870 408
1557880 408
1557890 408
1557900 408
1557910 408
1557920 408
1557930 408
1557940 408
1557950 408
1557960 408
1557970 408
1557980 408
1557990 408
1558000 408
1558010 408
1558020 408
1558030 408
1558040 408
1558050 408
1558060 408
1558070 408
1558080 408
1558090 408
1558100 408
1558110 408
1558120 408
1558130 408
1558140 408
1558150 408
1558160 407
1558170 407
1558180 407
1558190 407
1558200 407
1558210 407
1558220 407
1558230 407
1558240 407
1558250 407
1558260 407
1558270 406
1558280 406
1558290 406
1558300 406
1558310 406
1558320 406
1558330 406
1558340 406
1558350 406
1558360 406
1558370 406
1558380 406
1558390 406
1558400 406
1558410 406
1558420 406
1558430 406
1558440 406
1558450 406
1558460 406
1558470 406
1558480 406
1558490 406
1558500 406
1558510 406
1558520 406
1558530 406
1558540 406
1558550 406
1558560 406
1558570 406
1558580 406
1558590 406
1558600 406
1558610 406
1558620 406
1558630 406
1558640 406
1558650 407
1558660 407
1558670 407
1558680 407
1558690 407
1558700 408
1558710 408
1558720 408
1558730 408
1558740 408
1558750 408
1558760 409
1558770 409
1558780 409
1558790 410
1558800 410
1558810 410
1558820 410
1558830 411
1558840 411
1558850 411
1558860 412
1558870 412
1558880 412
1558890 412
1558900 412
1558910 412
1558920 412
1558930 412
1558940 412
1558950 412
1558960 412
1558970 412
1558980 412
1558990 412
1559000 412
1559010 411
1559020 411
1559030 411
1559040 411
1559050 411
1559060 411
1559070 410
1559080 410
1559090 410
1559100 410
1559110 410
1559120 410
1559130 410
1559140 410
1559150 410
1559160 409
1559170 409
1559180 409
1559190 409
1559200 409
1559210 409
1559220 409
1559230 409
1559240 409
1559250 410
1559260 410
1559270 410
1559280 409
1559290 409
1559300 409
1559310 409
1559320 409
1559330 409
1559340 409
1559350 409
1559360 408
1559370 408
1559380 408
1559390 408
1559400 408
1559410 408
1559420 408
1559430 407
1559440 407
1559450 407
1559460 407
1559470 407
1559480 406
1559490 405
1559500 405
1559510 404
1559520 403
1559530 403
1559540 403
1559550 402
1559560 402
1559570 402
1559580 401
1559590 401
1559600 401
1559610 401
1559620 401
1559630 401
1559640 400
1559650 400
1559660 400
1559670 400
1559680 400
1559690 400
1559700 400
1559710 400
1559720 400
1559730 399
1559740 399
1559750 399
1559760 399
1559770 399
1559780 399
1559790 398
1559800 398
1559810 398
1559820 397
1559830 397
1559840 397
1559850 397
1559860 397
1559870 397
1559880 397
1559890 397
1559900 397
1559910 398
1559920 398
1559930 398
1559940 399
1559950 400
1559960 400
1559970 400
1559980 400
1559990 400
