1540000 412
1540010 412
1540020 411
1540030 410
1540040 410
1540050 409
1540060 409
1540070 409
1540080 409
1540090 408
1540100 408
1540110 407
1540120 407
1540130 407
1540140 406
1540150 405
1540160 405
1540170 404
1540180 403
1540190 403
1540200 402
1540210 401
1540220 401
1540230 401
1540240 400
1540250 400
1540260 399
1540270 399
1540280 399
1540290 400
1540300 400
1540310 400
1540320 401
1540330 402
1540340 402
1540350 403
1540360 402
1540370 402
1540380 402
1540390 402
1540400 402
1540410 402
1540420 403
1540430 403
1540440 404
1540450 405
1540460 405
1540470 406
1540480 407
1540490 407
1540500 407
1540510 408
1540520 409
1540530 409
1540540 410
1540550 411
1540560 411
1540570 413
1540580 414
1540590 414
1540600 415
1540610 417
1540620 417
1540630 418
1540640 419
1540650 419
1540660 419
1540670 420
1540680 420
1540690 421
1540700 421
1540710 421
1540720 422
1540730 422
1540740 422
1540750 423
1540760 422
1540770 422
1540780 422
1540790 421
1540800 421
1540810 420
1540820 420
1540830 420
1540840 419
1540850 418
1540860 418
1540870 417
1540880 417
1540890 417
1540900 417
1540910 416
1540920 416
1540930 416
1540940 416
1540950 416
1540960 417
1540970 419
1540980 419
1540990 420
1541000 421
1541010 421
1541020 423
1541030 424
1541040 424
1541050 425
1541060 427
1541070 427
1541080 428
1541090 429
1541100 429
1541110 431
1541120 432
1541130 432
1541140 433
1541150 433
1541160 433
1541170 434
1541180 434
1541190 434
1541200 434
1541210 434
1541220 434
1541230 434
1541240 434
1541250 434
1541260 434
1541270 433
1541280 433
1541290 432
1541300 431
1541310 431
1541320 430
1541330 429
1541340 429
1541350 427
1541360 426
1541370 426
1541380 424
1541390 423
1541400 423
1541410 421
1541420 420
1541430 420
1541440 418
1541450 417
1541460 417
1541470 416
1541480 414
1541490 414
1541500 413
1541510 412
1541520 412
1541530 411
1541540 410
1541550 410
1541560 409
1541570 408
1541580 408
1541590 407
1541600 406
1541610 406
1541620 405
1541630 404
1541640 404
1541650 405
1541660 405
1541670 405
1541680 405
1541690 405
1541700 405
1541710 405
1541720 404
1541730 404
1541740 404
1541750 404
1541760 404
1541770 404
1541780 403
1541790 403
1541800 403
1541810 403
1541820 403
1541830 403
1541840 402
1541850 402
1541860 402
1541870 402
1541880 402
1541890 401
1541900 401
1541910 401
1541920 401
1541930 401
1541940 401
1541950 401
1541960 401
1541970 401
1541980 401
1541990 400
1542000 400
1542010 400
1542020 400
1542030 400
1542040 400
1542050 399
1542060 399
1542070 399
1542080 399
1542090 399
1542100 399
1542110 399
1542120 399
1542130 399
1542140 398
1542150 398
1542160 398
1542170 398
1542180 398
1542190 397
1542200 397
1542210 397
1542220 397
1542230 397
1542240 397
1542250 397
1542260 398
1542270 399
1542280 399
1542290 401
1542300 402
1542310 402
1542320 404
1542330 405
1542340 405
1542350 406
1542360 406
1542370 406
1542380 407
1542390 407
1542400 407
1542410 406
1542420 406
1542430 406
1542440 406
1542450 405
1542460 405
1542470 404
1542480 403
1542490 403
1542500 402
1542510 401
1542520 401
1542530 400
1542540 399
1542550 399
1542560 398
1542570 398
1542580 398
1542590 397
1542600 396
1542610 396
1542620 395
1542630 394
1542640 394
1542650 393
1542660 392
1542670 392
1542680 392
1542690 391
1542700 391
1542710 390
1542720 390
1542730 390
1542740 389
1542750 388
1542760 388
1542770 387
1542780 386
1542790 386
1542800 386
1542810 385
1542820 385
1542830 384
1542840 384
1542850 384
1542860 384
1542870 383
1542880 383
1542890 382
1542900 381
1542910 381
1542920 381
1542930 380
1542940 380
1542950 380
1542960 380
1542970 380
1542980 379
1542990 379
1543000 379
1543010 378
1543020 377
1543030 377
1543040 376
1543050 376
1543060 376
1543070 376
1543080 376
1543090 376
1543100 376
1543110 377
1543120 377
1543130 378
1543140 379
1543150 379
1543160 379
1543170 379
1543180 379
1543190 380
1543200 379
1543210 379
1543220 380
1543230 380
1543240 380
1543250 380
1543260 380
1543270 380
1543280 380
1543290 380
1543300 380
1543310 380
1543320 379
1543330 379
1543340 379
1543350 379
1543360 379
1543370 379
1543380 378
1543390 378
1543400 378
1543410 378
1543420 378
1543430 378
1543440 378
1543450 378
1543460 378
1543470 377
1543480 377
1543490 377
1543500 377
1543510 377
1543520 377
1543530 377
1543540 377
1543550 376
1543560 376
1543570 376
1543580 376
1543590 376
1543600 376
1543610 375
1543620 375
1543630 375
1543640 375
1543650 375
1543660 375
1543670 375
1543680 375
1543690 375
1543700 374
1543710 374
1543720 374
1543730 373
1543740 373
1543750 373
1543760 372
1543770 372
1543780 372
1543790 371
1543800 371
1543810 371
1543820 371
1543830 371
1543840 371
1543850 371
1543860 371
1543870 371
1543880 371
1543890 371
1543900 371
1543910 371
1543920 370
1543930 370
1543940 370
1543950 370
1543960 370
1543970 370
1543980 370
1543990 370
1544000 370
1544010 370
1544020 370
1544030 370
1544040 370
1544050 370
1544060 370
1544070 370
1544080 370
1544090 370
1544100 370
1544110 371
1544120 371
1544130 371
1544140 371
1544150 371
1544160 372
1544170 372
1544180 372
1544190 373
1544200 373
1544210 373
1544220 374
1544230 374
1544240 374
1544250 374
1544260 374
1544270 374
1544280 374
1544290 373
1544300 373
1544310 373
1544320 373
1544330 373
1544340 373
1544350 373
1544360 373
1544370 373
1544380 372
1544390 372
1544400 372
1544410 372
1544420 372
1544430 372
1544440 372
1544450 372
1544460 372
1544470 371
1544480 371
1544490 371
1544500 371
1544510 371
1544520 371
1544530 371
1544540 371
1544550 371
1544560 370
1544570 370
1544580 370
1544590 370
1544600 370
1544610 370
1544620 370
1544630 370
1544640 370
1544650 369
1544660 369
1544670 369
1544680 369
1544690 369
1544700 369
1544710 369
1544720 369
1544730 368
1544740 368
1544750 368
1544760 368
1544770 368
1544780 368
1544790 368
1544800 367
1544810 367
1544820 367
1544830 367
1544840 367
1544850 367
1544860 367
1544870 367
1544880 367
1544890 367
1544900 367
1544910 367
1544920 367
1544930 367
1544940 367
1544950 367
1544960 367
1544970 367
1544980 367
1544990 367
1545000 366
1545010 366
1545020 366
1545030 366
1545040 366
1545050 366
1545060 366
1545070 366
1545080 366
1545090 366
1545100 366
1545110 366
1545120 366
1545130 366
1545140 366
1545150 366
1545160 366
1545170 366
1545180 366
1545190 365
1545200 365
1545210 366
1545220 366
1545230 366
1545240 366
1545250 365
1545260 365
1545270 365
1545280 365
1545290 365
1545300 365
1545310 365
1545320 365
1545330 365
1545340 365
1545350 365
1545360 365
1545370 365
1545380 365
1545390 365
1545400 365
1545410 365
1545420 365
1545430 364
1545440 364
1545450 364
1545460 364
1545470 364
1545480 364
1545490 364
1545500 364
1545510 364
1545520 364
1545530 364
1545540 364
1545550 364
1545560 364
1545570 364
1545580 364
1545590 364
1545600 364
1545610 364
1545620 364
1545630 364
1545640 364
1545650 364
1545660 364
1545670 364
1545680 364
1545690 364
1545700 363
1545710 363
1545720 363
1545730 363
1545740 363
1545750 363
1545760 363
1545770 363
1545780 363
1545790 363
1545800 363
1545810 363
1545820 363
1545830 363
1545840 363
1545850 363
1545860 362
1545870 362
1545880 362
1545890 362
1545900 362
1545910 363
1545920 363
1545930 363
1545940 363
1545950 362
1545960 362
1545970 362
1545980 362
1545990 362
1546000 362
1546010 362
1546020 362
1546030 361
1546040 361
1546050 361
1546060 361
1546070 361
1546080 361
1546090 361
1546100 361
1546110 361
1546120 361
1546130 362
1546140 362
1546150 361
1546160 362
1546170 362
1546180 363
1546190 363
1546200 363
1546210 364
1546220 365
1546230 365
1546240 365
1546250 365
1546260 365
1546270 366
1546280 366
1546290 366
1546300 367
1546310 367
1546320 367
1546330 367
1546340 367
1546350 367
1546360 367
1546370 367
1546380 367
1546390 368
1546400 368
1546410 368
1546420 368
1546430 369
1546440 369
1546450 369
1546460 369
1546470 369
1546480 369
1546490 369
1546500 369
1546510 370
1546520 370
1546530 370
1546540 371
1546550 371
1546560 371
1546570 372
1546580 372
1546590 372
1546600 372
1546610 373
1546620 373
1546630 373
1546640 373
1546650 373
1546660 374
1546670 374
1546680 374
1546690 374
1546700 374
1546710 374
1546720 375
1546730 377
1546740 377
1546750 378
1546760 378
1546770 378
1546780 379
1546790 379
1546800 379
1546810 379
1546820 380
1546830 380
1546840 380
1546850 381
1546860 381
1546870 381
1546880 381
1546890 381
1546900 382
1546910 382
1546920 382
1546930 382
1546940 382
1546950 382
1546960 383
1546970 383
1546980 383
1546990 383
1547000 384
1547010 384
1547020 384
1547030 384
1547040 384
1547050 384
1547060 384
1547070 384
1547080 384
1547090 384
1547100 384
1547110 384
1547120 384
1547130 384
1547140 384
1547150 384
1547160 384
1547170 384
1547180 384
1547190 384
1547200 384
1547210 384
1547220 384
1547230 384
1547240 384
1547250 384
1547260 384
1547270 384
1547280 384
1547290 383
1547300 382
1547310 382
1547320 382
1547330 381
1547340 381
1547350 381
1547360 381
1547370 381
1547380 382
1547390 382
1547400 382
1547410 382
1547420 382
1547430 382
1547440 382
1547450 382
1547460 382
1547470 382
1547480 382
1547490 382
1547500 382
1547510 382
1547520 382
1547530 382
1547540 382
1547550 382
1547560 381
1547570 381
1547580 381
1547590 381
1547600 381
1547610 381
1547620 381
1547630 381
1547640 381
1547650 381
1547660 380
1547670 380
1547680 380
1547690 380
1547700 380
1547710 380
1547720 380
1547730 380
1547740 380
1547750 380
1547760 379
1547770 379
1547780 379
1547790 379
1547800 379
1547810 379
1547820 378
1547830 378
1547840 378
1547850 378
1547860 378
1547870 377
1547880 376
1547890 376
1547900 374
1547910 374
1547920 374
1547930 373
1547940 372
1547950 372
1547960 371
1547970 370
1547980 370
1547990 369
1548000 368
1548010 368
1548020 368
1548030 367
1548040 367
1548050 366
1548060 365
1548070 365
1548080 365
1548090 364
1548100 364
1548110 364
1548120 363
1548130 363
1548140 363
1548150 363
1548160 363
1548170 363
1548180 363
1548190 363
1548200 363
1548210 362
1548220 362
1548230 362
1548240 362
1548250 362
1548260 362
1548270 362
1548280 362
1548290 362
1548300 362
1548310 362
1548320 362
1548330 362
1548340 362
1548350 362
1548360 362
1548370 362
1548380 361
1548390 361
1548400 361
1548410 361
1548420 361
1548430 361
1548440 361
1548450 361
1548460 361
1548470 360
1548480 360
1548490 360
1548500 360
1548510 360
1548520 360
1548530 360
1548540 360
1548550 360
1548560 360
1548570 360
1548580 360
1548590 360
1548600 359
1548610 359
1548620 359
1548630 359
1548640 359
1548650 359
1548660 359
1548670 359
1548680 359
1548690 359
1548700 359
1548710 359
1548720 358
1548730 358
1548740 358
1548750 358
1548760 358
1548770 358
1548780 357
1548790 357
1548800 357
1548810 356
1548820 356
1548830 356
1548840 355
1548850 355
1548860 355
1548870 354
1548880 354
1548890 354
1548900 353
1548910 353
1548920 353
1548930 353
1548940 353
1548950 353
1548960 353
1548970 353
1548980 355
1548990 357
1549000 357
1549010 357
1549020 357
1549030 357
1549040 357
1549050 358
1549060 358
1549070 358
1549080 358
1549090 358
1549100 357
1549110 357
1549120 357
1549130 357
1549140 357
1549150 357
1549160 358
1549170 358
1549180 358
1549190 358
1549200 358
1549210 358
1549220 358
1549230 358
1549240 358
1549250 358
1549260 358
1549270 358
1549280 358
1549290 358
1549300 358
1549310 358
1549320 358
1549330 358
1549340 357
1549350 356
1549360 356
1549370 356
1549380 355
1549390 355
1549400 354
1549410 354
1549420 354
1549430 354
1549440 354
1549450 355
1549460 355
1549470 356
1549480 357
1549490 357
1549500 357
1549510 358
1549520 358
1549530 359
1549540 359
1549550 359
1549560 359
1549570 359
1549580 359
1549590 360
1549600 360
1549610 360
1549620 360
1549630 360
1549640 360
1549650 360
1549660 360
1549670 360
1549680 360
1549690 360
1549700 360
1549710 360
1549720 360
1549730 360
1549740 360
1549750 360
1549760 360
1549770 360
1549780 360
1549790 360
1549800 360
1549810 360
1549820 360
1549830 360
1549840 360
1549850 360
1549860 360
1549870 359
1549880 359
1549890 359
1549900 359
1549910 359
1549920 359
1549930 359
1549940 359
1549950 359
1549960 358
1549970 358
1549980 358
1549990 358
1550000 358
1550010 359
1550020 359
1550030 359
1550040 359
1550050 358
1550060 358
1550070 358
1550080 358
1550090 358
1550100 358
1550110 358
1550120 358
1550130 358
1550140 358
1550150 358
1550160 358
1550170 357
1550180 357
1550190 357
1550200 357
1550210 357
1550220 357
1550230 357
1550240 357
1550250 357
1550260 357
1550270 357
1550280 357
1550290 357
1550300 357
1550310 357
1550320 357
1550330 357
1550340 357
1550350 357
1550360 357
1550370 357
1550380 357
1550390 357
1550400 357
1550410 357
1550420 357
1550430 357
1550440 357
1550450 357
1550460 357
1550470 357
1550480 357
1550490 357
1550500 356
1550510 356
1550520 356
1550530 355
1550540 355
1550550 353
1550560 352
1550570 352
1550580 351
1550590 351
1550600 351
1550610 350
1550620 350
1550630 350
1550640 350
1550650 350
1550660 350
1550670 350
1550680 350
1550690 350
1550700 350
1550710 350
1550720 350
1550730 350
1550740 350
1550750 350
1550760 350
1550770 350
1550780 350
1550790 350
1550800 350
1550810 350
1550820 350
1550830 350
1550840 350
1550850 350
1550860 350
1550870 350
1550880 350
1550890 350
1550900 350
1550910 350
1550920 350
1550930 350
1550940 350
1550950 350
1550960 350
1550970 350
1550980 350
1550990 350
1551000 350
1551010 350
1551020 350
1551030 350
1551040 350
1551050 350
1551060 350
1551070 350
1551080 350
1551090 350
1551100 350
1551110 350
1551120 350
1551130 350
1551140 350
1551150 350
1551160 350
1551170 350
1551180 350
1551190 350
1551200 350
1551210 350
1551220 350
1551230 350
1551240 350
1551250 350
1551260 350
1551270 350
1551280 350
1551290 350
1551300 350
1551310 350
1551320 350
1551330 350
1551340 350
1551350 350
1551360 350
1551370 350
1551380 349
1551390 349
1551400 349
1551410 349
1551420 349
1551430 349
1551440 349
1551450 349
1551460 349
1551470 349
1551480 349
1551490 349
1551500 349
1551510 349
1551520 349
1551530 349
1551540 349
1551550 349
1551560 349
1551570 349
1551580 349
1551590 349
1551600 349
1551610 349
1551620 349
1551630 349
1551640 349
1551650 349
1551660 349
1551670 349
1551680 350
1551690 350
1551700 349
1551710 349
1551720 349
1551730 349
1551740 349
1551750 349
1551760 349
1551770 349
1551780 349
1551790 349
1551800 349
1551810 349
1551820 349
1551830 349
1551840 349
1551850 349
1551860 349
1551870 349
1551880 348
1551890 348
1551900 348
1551910 348
1551920 348
1551930 348
1551940 348
1551950 348
1551960 348
1551970 348
1551980 348
1551990 348
1552000 348
1552010 348
1552020 348
1552030 349
1552040 349
1552050 349
1552060 348
1552070 348
1552080 348
1552090 348
1552100 348
1552110 348
1552120 348
1552130 348
1552140 348
1552150 348
1552160 347
1552170 347
1552180 347
1552190 347
1552200 347
1552210 347
1552220 347
1552230 347
1552240 347
1552250 347
1552260 347
1552270 347
1552280 347
1552290 347
1552300 347
1552310 347
1552320 347
1552330 348
1552340 348
1552350 348
1552360 348
1552370 348
1552380 348
1552390 348
1552400 348
1552410 348
1552420 348
1552430 348
1552440 348
1552450 347
1552460 347
1552470 347
1552480 347
1552490 347
1552500 347
1552510 348
1552520 348
1552530 348
1552540 348
1552550 348
1552560 348
1552570 347
1552580 347
1552590 347
1552600 347
1552610 347
1552620 347
1552630 347
1552640 347
1552650 347
1552660 347
1552670 347
1552680 347
1552690 348
1552700 348
1552710 348
1552720 348
1552730 348
1552740 348
1552750 347
1552760 348
1552770 348
1552780 347
1552790 347
1552800 347
1552810 348
1552820 348
1552830 348
1552840 347
1552850 347
1552860 347
1552870 347
1552880 347
1552890 347
1552900 347
1552910 347
1552920 347
1552930 347
1552940 347
1552950 347
1552960 347
1552970 347
1552980 347
1552990 347
1553000 347
1553010 346
1553020 346
1553030 346
1553040 346
1553050 346
1553060 346
1553070 346
1553080 346
1553090 346
1553100 346
1553110 346
1553120 346
1553130 346
1553140 346
1553150 346
1553160 346
1553170 346
1553180 345
1553190 345
1553200 345
1553210 345
1553220 345
1553230 345
1553240 345
1553250 345
1553260 345
1553270 345
1553280 345
1553290 345
1553300 345
1553310 345
1553320 345
1553330 345
1553340 345
1553350 345
1553360 345
1553370 345
1553380 345
1553390 345
1553400 345
1553410 345
1553420 346
1553430 346
1553440 346
1553450 345
1553460 346
1553470 346
1553480 346
1553490 346
1553500 346
1553510 346
1553520 346
1553530 346
1553540 346
1553550 346
1553560 346
1553570 346
1553580 346
1553590 346
1553600 346
1553610 346
1553620 346
1553630 346
1553640 346
1553650 346
1553660 346
1553670 346
1553680 346
1553690 346
1553700 346
1553710 346
1553720 345
1553730 345
1553740 345
1553750 345
1553760 342
1553770 342
1553780 338
1553790 335
1553800 335
1553810 331
1553820 327
1553830 327
1553840 326
1553850 327
1553860 327
1553870 327
1553880 326
1553890 326
1553900 326
1553910 326
1553920 326
1553930 327
1553940 327
1553950 327
1553960 327
1553970 327
1553980 327
1553990 327
1554000 327
1554010 327
1554020 327
1554030 327
1554040 327
1554050 327
1554060 327
1554070 327
1554080 327
1554090 327
1554100 327
1554110 327
1554120 327
1554130 327
1554140 326
1554150 325
1554160 325
1554170 325
1554180 326
1554190 326
1554200 327
1554210 327
1554220 327
1554230 327
1554240 327
1554250 327
1554260 327
1554270 327
1554280 327
1554290 327
1554300 327
1554310 327
1554320 327
1554330 327
1554340 327
1554350 327
1554360 327
1554370 327
1554380 328
1554390 327
1554400 327
1554410 327
1554420 327
1554430 327
1554440 327
1554450 327
1554460 327
1554470 327
1554480 328
1554490 328
1554500 327
1554510 327
1554520 327
1554530 327
1554540 327
1554550 327
1554560 327
1554570 327
1554580 327
1554590 327
1554600 327
1554610 327
1554620 327
1554630 327
1554640 327
1554650 327
1554660 327
1554670 327
1554680 325
1554690 325
1554700 325
1554710 326
1554720 326
1554730 326
1554740 326
1554750 326
1554760 326
1554770 326
1554780 325
1554790 325
1554800 325
1554810 326
1554820 326
1554830 326
1554840 326
1554850 326
1554860 326
1554870 325
1554880 324
1554890 324
1554900 324
1554910 323
1554920 323
1554930 323
1554940 324
1554950 324
1554960 324
1554970 324
1554980 324
1554990 324
1555000 324
1555010 324
1555020 324
1555030 324
1555040 324
1555050 324
1555060 324
1555070 324
1555080 324
1555090 325
1555100 325
1555110 325
1555120 324
1555130 324
1555140 324
1555150 323
1555160 323
1555170 324
1555180 323
1555190 323
1555200 322
1555210 321
1555220 321
1555230 321
1555240 319
1555250 319
1555260 316
1555270 316
1555280 316
1555290 316
1555300 316
1555310 316
1555320 316
1555330 316
1555340 316
1555350 316
1555360 321
1555370 321
1555380 326
1555390 326
1555400 326
1555410 328
1555420 334
1555430 334
1555440 338
1555450 341
1555460 341
1555470 345
1555480 347
1555490 347
1555500 350
1555510 355
1555520 355
1555530 359
1555540 364
1555550 364
1555560 366
1555570 368
1555580 368
1555590 372
1555600 375
1555610 375
1555620 379
1555630 383
1555640 383
1555650 386
1555660 387
1555670 387
1555680 388
1555690 388
1555700 388
1555710 389
1555720 390
1555730 390
1555740 391
1555750 391
1555760 391
1555770 392
1555780 393
1555790 393
1555800 393
1555810 394
1555820 394
1555830 394
1555840 394
1555850 394
1555860 394
1555870 395
1555880 395
1555890 395
1555900 394
1555910 394
1555920 394
1555930 394
1555940 394
1555950 393
1555960 393
1555970 393
1555980 393
1555990 393
1556000 393
1556010 392
1556020 392
1556030 392
1556040 392
1556050 392
1556060 392
1556070 392
1556080 392
1556090 392
1556100 391
1556110 391
1556120 391
1556130 391
1556140 391
1556150 391
1556160 391
1556170 391
1556180 391
1556190 391
1556200 390
1556210 390
1556220 390
1556230 390
1556240 390
1556250 390
1556260 390
1556270 390
1556280 389
1556290 389
1556300 389
1556310 389
1556320 389
1556330 389
1556340 389
1556350 389
1556360 389
1556370 388
1556380 388
1556390 388
1556400 388
1556410 388
1556420 388
1556430 388
1556440 387
1556450 387
1556460 387
1556470 387
1556480 387
1556490 387
1556500 387
1556510 387
1556520 386
1556530 386
1556540 386
1556550 386
1556560 386
1556570 386
1556580 386
1556590 385
1556600 385
1556610 385
1556620 385
1556630 385
1556640 385
1556650 385
1556660 384
1556670 384
1556680 384
1556690 384
1556700 384
1556710 384
1556720 383
1556730 383
1556740 383
1556750 383
1556760 383
1556770 383
1556780 382
1556790 382
1556800 382
1556810 382
1556820 382
1556830 382
1556840 382
1556850 382
1556860 381
1556870 381
1556880 381
1556890 381
1556900 380
1556910 380
1556920 380
1556930 379
1556940 379
1556950 379
1556960 378
1556970 378
1556980 378
1556990 377
1557000 377
1557010 377
1557020 377
1557030 377
1557040 376
1557050 376
1557060 376
1557070 375
1557080 375
1557090 375
1557100 374
1557110 374
1557120 374
1557130 373
1557140 373
1557150 373
1557160 373
1557170 372
1557180 372
1557190 372
1557200 372
1557210 372
1557220 372
1557230 372
1557240 372
1557250 371
1557260 371
1557270 371
1557280 370
1557290 370
1557300 370
1557310 369
1557320 369
1557330 369
1557340 368
1557350 368
1557360 368
1557370 367
1557380 367
1557390 367
1557400 367
1557410 366
1557420 366
1557430 364
1557440 364
1557450 364
1557460 363
1557470 363
1557480 363
1557490 362
1557500 362
1557510 362
1557520 361
1557530 361
1557540 361
1557550 360
1557560 360
1557570 360
1557580 359
1557590 358
1557600 358
1557610 358
1557620 357
1557630 357
1557640 357
1557650 358
1557660 358
1557670 359
1557680 361
1557690 361
1557700 363
1557710 365
1557720 365
1557730 368
1557740 371
1557750 371
1557760 375
1557770 378
1557780 378
1557790 379
1557800 381
1557810 381
1557820 381
1557830 382
1557840 382
1557850 382
1557860 383
1557870 383
1557880 383
1557890 384
1557900 384
1557910 384
1557920 385
1557930 385
1557940 385
1557950 386
1557960 386
1557970 386
1557980 387
1557990 387
1558000 387
1558010 388
1558020 388
1558030 388
1558040 388
1558050 388
1558060 389
1558070 389
1558080 389
1558090 389
1558100 389
1558110 389
1558120 389
1558130 389
1558140 389
1558150 390
1558160 390
1558170 390
1558180 390
1558190 390
1558200 390
1558210 389
1558220 389
1558230 389
1558240 389
1558250 389
1558260 389
1558270 389
1558280 389
1558290 389
1558300 388
1558310 388
1558320 388
1558330 388
1558340 388
1558350 388
1558360 388
1558370 387
1558380 387
1558390 387
1558400 386
1558410 386
1558420 386
1558430 385
1558440 385
1558450 385
1558460 384
1558470 384
1558480 384
1558490 383
1558500 383
1558510 383
1558520 382
1558530 382
1558540 382
1558550 381
1558560 378
1558570 378
1558580 374
1558590 372
1558600 372
1558610 371
1558620 371
1558630 371
1558640 372
1558650 375
1558660 375
1558670 375
1558680 374
1558690 374
1558700 372
1558710 371
1558720 371
1558730 370
1558740 368
1558750 368
1558760 367
1558770 365
1558780 365
1558790 364
1558800 362
1558810 362
1558820 360
1558830 359
1558840 359
1558850 358
1558860 357
1558870 357
1558880 356
1558890 355
1558900 355
1558910 353
1558920 352
1558930 352
1558940 352
1558950 352
1558960 352
1558970 351
1558980 348
1558990 348
1559000 344
1559010 343
1559020 343
1559030 342
1559040 342
1559050 342
1559060 342
1559070 341
1559080 341
1559090 340
1559100 340
1559110 340
1559120 339
1559130 339
1559140 339
1559150 338
1559160 338
1559170 338
1559180 337
1559190 337
1559200 337
1559210 337
1559220 337
1559230 337
1559240 337
1559250 337
1559260 337
1559270 337
1559280 337
1559290 337
1559300 336
1559310 336
1559320 336
1559330 337
1559340 336
1559350 336
1559360 336
1559370 336
1559380 336
1559390 336
1559400 336
1559410 336
1559420 336
1559430 336
1559440 336
1559450 336
1559460 336
1559470 336
1559480 336
1559490 335
1559500 335
1559510 333
1559520 333
1559530 333
1559540 334
1559550 334
1559560 334
1559570 334
1559580 335
1559590 335
1559600 338
1559610 340
1559620 340
1559630 340
1559640 341
1559650 341
1559660 341
1559670 342
1559680 342
1559690 343
1559700 344
1559710 344
1559720 345
1559730 345
1559740 345
1559750 346
1559760 347
1559770 347
1559780 348
1559790 349
1559800 349
1559810 350
1559820 351
1559830 351
1559840 352
1559850 353
1559860 353
1559870 354
1559880 355
1559890 355
1559900 356
1559910 357
1559920 357
1559930 358
1559940 359
1559950 359
1559960 360
1559970 361
1559980 361
1559990 362
