1540000 429
1540010 429
1540020 429
1540030 429
1540040 429
1540050 428
1540060 428
1540070 428
1540080 428
1540090 428
1540100 427
1540110 427
1540120 427
1540130 427
1540140 427
1540150 427
1540160 427
1540170 427
1540180 427
1540190 427
1540200 427
1540210 427
1540220 427
1540230 427
1540240 427
1540250 427
1540260 427
1540270 427
1540280 427
1540290 427
1540300 427
1540310 427
1540320 427
1540330 427
1540340 427
1540350 427
1540360 427
1540370 427
1540380 427
1540390 427
1540400 427
1540410 427
1540420 427
1540430 427
1540440 427
1540450 427
1540460 426
1540470 426
1540480 426
1540490 426
1540500 426
1540510 426
1540520 426
1540530 425
1540540 425
1540550 425
1540560 425
1540570 425
1540580 424
1540590 424
1540600 424
1540610 424
1540620 423
1540630 423
1540640 423
1540650 422
1540660 422
1540670 421
1540680 421
1540690 421
1540700 420
1540710 420
1540720 420
1540730 419
1540740 419
1540750 419
1540760 418
1540770 417
1540780 417
1540790 417
1540800 416
1540810 416
1540820 415
1540830 415
1540840 415
1540850 414
1540860 414
1540870 414
1540880 413
1540890 413
1540900 413
1540910 412
1540920 411
1540930 411
1540940 411
1540950 410
1540960 410
1540970 410
1540980 409
1540990 409
1541000 409
1541010 408
1541020 408
1541030 408
1541040 407
1541050 407
1541060 407
1541070 407
1541080 407
1541090 406
1541100 406
1541110 406
1541120 406
1541130 406
1541140 406
1541150 405
1541160 405
1541170 405
1541180 406
1541190 406
1541200 406
1541210 406
1541220 405
1541230 405
1541240 405
1541250 405
1541260 405
1541270 405
1541280 405
1541290 405
1541300 405
1541310 405
1541320 405
1541330 404
1541340 404
1541350 404
1541360 404
1541370 404
1541380 404
1541390 403
1541400 403
1541410 403
1541420 403
1541430 403
1541440 402
1541450 402
1541460 402
1541470 402
1541480 402
1541490 402
1541500 402
1541510 402
1541520 401
1541530 401
1541540 401
1541550 401
1541560 401
1541570 401
1541580 400
1541590 400
1541600 400
1541610 400
1541620 399
1541630 399
1541640 399
1541650 399
1541660 399
1541670 398
1541680 397
1541690 397
1541700 396
1541710 396
1541720 396
1541730 395
1541740 394
1541750 394
1541760 393
1541770 393
1541780 393
1541790 392
1541800 391
1541810 391
1541820 390
1541830 390
1541840 390
1541850 389
1541860 388
1541870 388
1541880 388
1541890 387
1541900 387
1541910 387
1541920 386
1541930 386
1541940 385
1541950 385
1541960 385
1541970 384
1541980 383
1541990 383
1542000 383
1542010 382
1542020 382
1542030 382
1542040 382
1542050 382
1542060 381
1542070 381
1542080 381
1542090 381
1542100 381
1542110 381
1542120 381
1542130 381
1542140 381
1542150 381
1542160 381
1542170 381
1542180 381
1542190 381
1542200 381
1542210 381
1542220 381
1542230 381
1542240 381
1542250 381
1542260 381
1542270 381
1542280 382
1542290 382
1542300 382
1542310 383
1542320 383
1542330 383
1542340 384
1542350 384
1542360 384
1542370 385
1542380 385
1542390 386
1542400 388
1542410 388
1542420 389
1542430 391
1542440 391
1542450 393
1542460 396
1542470 396
1542480 398
1542490 400
1542500 400
1542510 403
1542520 405
1542530 405
1542540 407
1542550 410
1542560 410
1542570 412
1542580 415
1542590 415
1542600 417
1542610 419
1542620 419
1542630 421
1542640 422
1542650 422
1542660 424
1542670 425
1542680 425
1542690 425
1542700 426
1542710 426
1542720 427
1542730 428
1542740 428
1542750 428
1542760 429
1542770 429
1542780 430
1542790 430
1542800 430
1542810 431
1542820 431
1542830 431
1542840 430
1542850 432
1542860 432
1542870 433
1542880 433
1542890 433
1542900 434
1542910 434
1542920 434
1542930 434
1542940 434
1542950 434
1542960 434
1542970 433
1542980 433
1542990 432
1543000 431
1543010 431
1543020 429
1543030 428
1543040 428
1543050 426
1543060 425
1543070 425
1543080 423
1543090 422
1543100 422
1543110 420
1543120 419
1543130 419
1543140 417
1543150 417
1543160 417
1543170 417
1543180 417
1543190 417
1543200 418
1543210 419
1543220 419
1543230 420
1543240 420
1543250 420
1543260 421
1543270 422
1543280 422
1543290 423
1543300 425
1543310 426
1543320 426
1543330 427
1543340 429
1543350 429
1543360 430
1543370 432
1543380 432
1543390 433
1543400 434
1543410 434
1543420 435
1543430 436
1543440 436
1543450 436
1543460 436
1543470 436
1543480 436
1543490 436
1543500 436
1543510 435
1543520 434
1543530 434
1543540 432
1543550 431
1543560 431
1543570 429
1543580 427
1543590 427
1543600 426
1543610 424
1543620 424
1543630 423
1543640 423
1543650 423
1543660 423
1543670 423
1543680 423
1543690 423
1543700 424
1543710 424
1543720 425
1543730 426
1543740 426
1543750 426
1543760 427
1543770 427
1543780 427
1543790 427
1543800 427
1543810 427
1543820 427
1543830 427
1543840 427
1543850 427
1543860 427
1543870 426
1543880 426
1543890 426
1543900 425
1543910 425
1543920 425
1543930 423
1543940 423
1543950 423
1543960 423
1543970 423
1543980 423
1543990 423
1544000 422
1544010 422
1544020 422
1544030 422
1544040 422
1544050 422
1544060 422
1544070 422
1544080 422
1544090 422
1544100 422
1544110 422
1544120 422
1544130 422
1544140 422
1544150 422
1544160 422
1544170 422
1544180 422
1544190 422
1544200 421
1544210 421
1544220 421
1544230 421
1544240 421
1544250 421
1544260 421
1544270 420
1544280 420
1544290 420
1544300 420
1544310 420
1544320 420
1544330 420
1544340 420
1544350 421
1544360 421
1544370 421
1544380 420
1544390 420
1544400 420
1544410 420
1544420 420
1544430 420
1544440 419
1544450 419
1544460 419
1544470 419
1544480 419
1544490 419
1544500 418
1544510 418
1544520 418
1544530 419
1544540 418
1544550 418
1544560 417
1544570 417
1544580 417
1544590 417
1544600 417
1544610 417
1544620 416
1544630 416
1544640 416
1544650 415
1544660 414
1544670 414
1544680 413
1544690 412
1544700 412
1544710 412
1544720 412
1544730 412
1544740 411
1544750 410
1544760 410
1544770 410
1544780 409
1544790 409
1544800 408
1544810 407
1544820 407
1544830 407
1544840 406
1544850 406
1544860 404
1544870 403
1544880 403
1544890 402
1544900 401
1544910 401
1544920 400
1544930 399
1544940 399
1544950 398
1544960 397
1544970 397
1544980 396
1544990 394
1545000 394
1545010 393
1545020 392
1545030 392
1545040 391
1545050 390
1545060 390
1545070 388
1545080 387
1545090 387
1545100 386
1545110 385
1545120 385
1545130 384
1545140 383
1545150 383
1545160 382
1545170 381
1545180 381
1545190 381
1545200 380
1545210 379
1545220 379
1545230 379
1545240 378
1545250 378
1545260 377
1545270 377
1545280 377
1545290 377
1545300 377
1545310 377
1545320 376
1545330 376
1545340 376
1545350 375
1545360 374
1545370 374
1545380 373
1545390 373
1545400 373
1545410 373
1545420 372
1545430 372
1545440 372
1545450 372
1545460 372
1545470 372
1545480 372
1545490 372
1545500 371
1545510 371
1545520 371
1545530 371
1545540 371
1545550 371
1545560 370
1545570 370
1545580 370
1545590 370
1545600 370
1545610 370
1545620 369
1545630 369
1545640 369
1545650 368
1545660 368
1545670 368
1545680 368
1545690 367
1545700 367
1545710 367
1545720 367
1545730 367
1545740 366
1545750 366
1545760 366
1545770 366
1545780 365
1545790 365
1545800 364
1545810 364
1545820 364
1545830 364
1545840 363
1545850 363
1545860 363
1545870 362
1545880 362
1545890 362
1545900 363
1545910 363
1545920 364
1545930 364
1545940 364
1545950 364
1545960 365
1545970 365
1545980 365
1545990 366
1546000 366
1546010 367
1546020 369
1546030 369
1546040 370
1546050 372
1546060 372
1546070 373
1546080 375
1546090 375
1546100 377
1546110 379
1546120 379
1546130 381
1546140 382
1546150 382
1546160 384
1546170 386
1546180 386
1546190 388
1546200 389
1546210 389
1546220 391
1546230 393
1546240 393
1546250 394
1546260 395
1546270 395
1546280 396
1546290 397
1546300 397
1546310 397
1546320 398
1546330 398
1546340 398
1546350 399
1546360 399
1546370 399
1546380 399
1546390 399
1546400 400
1546410 400
1546420 400
1546430 400
1546440 400
1546450 400
1546460 401
1546470 401
1546480 401
1546490 401
1546500 401
1546510 401
1546520 400
1546530 400
1546540 400
1546550 400
1546560 400
1546570 400
1546580 400
1546590 400
1546600 400
1546610 399
1546620 399
1546630 399
1546640 399
1546650 398
1546660 398
1546670 398
1546680 397
1546690 397
1546700 397
1546710 396
1546720 396
1546730 396
1546740 395
1546750 395
1546760 395
1546770 394
1546780 394
1546790 393
1546800 392
1546810 392
1546820 391
1546830 390
1546840 390
1546850 389
1546860 387
1546870 387
1546880 385
1546890 382
1546900 382
1546910 380
1546920 383
1546930 383
1546940 385
1546950 386
1546960 386
1546970 387
1546980 388
1546990 388
1547000 389
1547010 390
1547020 390
1547030 390
1547040 391
1547050 391
1547060 391
1547070 392
1547080 392
1547090 392
1547100 392
1547110 392
1547120 392
1547130 392
1547140 392
1547150 392
1547160 392
1547170 392
1547180 392
1547190 392
1547200 392
1547210 392
1547220 391
1547230 391
1547240 391
1547250 391
1547260 390
1547270 390
1547280 390
1547290 389
1547300 389
1547310 389
1547320 388
1547330 388
1547340 388
1547350 387
1547360 387
1547370 387
1547380 386
1547390 386
1547400 386
1547410 385
1547420 385
1547430 385
1547440 384
1547450 384
1547460 384
1547470 383
1547480 383
1547490 383
1547500 383
1547510 383
1547520 383
1547530 382
1547540 382
1547550 382
1547560 382
1547570 382
1547580 382
1547590 382
1547600 382
1547610 381
1547620 381
1547630 381
1547640 381
1547650 381
1547660 381
1547670 381
1547680 381
1547690 381
1547700 381
1547710 381
1547720 381
1547730 381
1547740 380
1547750 380
1547760 380
1547770 380
1547780 380
1547790 380
1547800 380
1547810 380
1547820 380
1547830 380
1547840 380
1547850 379
1547860 379
1547870 379
1547880 379
1547890 379
1547900 379
1547910 378
1547920 378
1547930 378
1547940 378
1547950 378
1547960 378
1547970 377
1547980 377
1547990 377
1548000 376
1548010 376
1548020 376
1548030 375
1548040 375
1548050 375
1548060 374
1548070 373
1548080 373
1548090 373
1548100 372
1548110 372
1548120 371
1548130 370
1548140 370
1548150 369
1548160 368
1548170 368
1548180 367
1548190 366
1548200 366
1548210 365
1548220 364
1548230 364
1548240 364
1548250 363
1548260 363
1548270 363
1548280 363
1548290 363
1548300 362
1548310 362
1548320 362
1548330 362
1548340 361
1548350 361
1548360 361
1548370 361
1548380 361
1548390 360
1548400 360
1548410 360
1548420 360
1548430 360
1548440 360
1548450 360
1548460 360
1548470 360
1548480 359
1548490 359
1548500 359
1548510 359
1548520 359
1548530 359
1548540 359
1548550 359
1548560 359
1548570 359
1548580 358
1548590 358
1548600 358
1548610 358
1548620 358
1548630 358
1548640 358
1548650 358
1548660 358
1548670 358
1548680 358
1548690 357
1548700 357
1548710 357
1548720 357
1548730 356
1548740 356
1548750 356
1548760 356
1548770 356
1548780 356
1548790 356
1548800 356
1548810 356
1548820 356
1548830 356
1548840 356
1548850 356
1548860 356
1548870 356
1548880 356
1548890 356
1548900 355
1548910 355
1548920 355
1548930 355
1548940 355
1548950 355
1548960 355
1548970 356
1548980 356
1548990 356
1549000 356
1549010 356
1549020 356
1549030 356
1549040 356
1549050 356
1549060 356
1549070 356
1549080 356
1549090 356
1549100 356
1549110 356
1549120 356
1549130 356
1549140 356
1549150 356
1549160 356
1549170 356
1549180 356
1549190 356
1549200 356
1549210 356
1549220 356
1549230 356
1549240 356
1549250 356
1549260 356
1549270 356
1549280 356
1549290 356
1549300 356
1549310 356
1549320 356
1549330 356
1549340 356
1549350 356
1549360 356
1549370 356
1549380 356
1549390 356
1549400 356
1549410 356
1549420 356
1549430 356
1549440 356
1549450 356
1549460 356
1549470 356
1549480 356
1549490 356
1549500 356
1549510 356
1549520 356
1549530 356
1549540 356
1549550 355
1549560 355
1549570 355
1549580 354
1549590 354
1549600 354
1549610 353
1549620 353
1549630 353
1549640 352
1549650 352
1549660 352
1549670 351
1549680 351
1549690 350
1549700 350
1549710 350
1549720 350
1549730 349
1549740 349
1549750 349
1549760 349
1549770 349
1549780 349
1549790 349
1549800 349
1549810 349
1549820 349
1549830 349
1549840 349
1549850 349
1549860 349
1549870 349
1549880 349
1549890 349
1549900 349
1549910 349
1549920 349
1549930 349
1549940 349
1549950 349
1549960 349
1549970 349
1549980 349
1549990 349
1550000 349
1550010 349
1550020 348
1550030 348
1550040 348
1550050 348
1550060 348
1550070 348
1550080 348
1550090 348
1550100 348
1550110 348
1550120 348
1550130 348
1550140 348
1550150 348
1550160 348
1550170 348
1550180 348
1550190 348
1550200 348
1550210 348
1550220 348
1550230 348
1550240 348
1550250 348
1550260 348
1550270 348
1550280 348
1550290 348
1550300 348
1550310 348
1550320 348
1550330 348
1550340 348
1550350 348
1550360 348
1550370 348
1550380 348
1550390 348
1550400 348
1550410 348
1550420 348
1550430 348
1550440 348
1550450 348
1550460 348
1550470 347
1550480 347
1550490 347
1550500 347
1550510 347
1550520 347
1550530 347
1550540 347
1550550 347
1550560 347
1550570 348
1550580 348
1550590 348
1550600 348
1550610 348
1550620 348
1550630 348
1550640 348
1550650 348
1550660 348
1550670 348
1550680 348
1550690 348
1550700 348
1550710 348
1550720 348
1550730 348
1550740 348
1550750 348
1550760 348
1550770 348
1550780 348
1550790 348
1550800 348
1550810 348
1550820 348
1550830 348
1550840 348
1550850 348
1550860 348
1550870 348
1550880 348
1550890 348
1550900 348
1550910 348
1550920 348
1550930 348
1550940 349
1550950 349
1550960 348
1550970 349
1550980 349
1550990 349
1551000 349
1551010 349
1551020 349
1551030 349
1551040 349
1551050 349
1551060 349
1551070 349
1551080 349
1551090 349
1551100 349
1551110 349
1551120 348
1551130 348
1551140 348
1551150 348
1551160 348
1551170 348
1551180 348
1551190 348
1551200 348
1551210 349
1551220 349
1551230 349
1551240 350
1551250 350
1551260 350
1551270 351
1551280 351
1551290 351
1551300 351
1551310 351
1551320 351
1551330 351
1551340 351
1551350 351
1551360 351
1551370 351
1551380 351
1551390 351
1551400 351
1551410 351
1551420 350
1551430 350
1551440 350
1551450 350
1551460 350
1551470 349
1551480 348
1551490 348
1551500 348
1551510 348
1551520 348
1551530 348
1551540 348
1551550 348
1551560 349
1551570 350
1551580 350
1551590 350
1551600 351
1551610 351
1551620 351
1551630 351
1551640 351
1551650 351
1551660 352
1551670 352
1551680 352
1551690 352
1551700 352
1551710 352
1551720 351
1551730 351
1551740 351
1551750 351
1551760 351
1551770 350
1551780 350
1551790 350
1551800 349
1551810 349
1551820 349
1551830 349
1551840 349
1551850 349
1551860 349
1551870 348
1551880 348
1551890 348
1551900 348
1551910 348
1551920 347
1551930 347
1551940 347
1551950 347
1551960 347
1551970 347
1551980 348
1551990 348
1552000 348
1552010 347
1552020 347
1552030 347
1552040 347
1552050 347
1552060 347
1552070 347
1552080 347
1552090 347
1552100 347
1552110 346
1552120 346
1552130 346
1552140 345
1552150 345
1552160 346
1552170 346
1552180 346
1552190 346
1552200 346
1552210 346
1552220 346
1552230 346
1552240 346
1552250 346
1552260 346
1552270 346
1552280 346
1552290 346
1552300 346
1552310 346
1552320 346
1552330 346
1552340 346
1552350 346
1552360 346
1552370 346
1552380 346
1552390 346
1552400 345
1552410 345
1552420 345
1552430 345
1552440 346
1552450 346
1552460 346
1552470 347
1552480 347
1552490 347
1552500 346
1552510 346
1552520 346
1552530 346
1552540 346
1552550 346
1552560 346
1552570 346
1552580 345
1552590 345
1552600 345
1552610 345
1552620 345
1552630 345
1552640 345
1552650 345
1552660 345
1552670 345
1552680 345
1552690 345
1552700 345
1552710 345
1552720 345
1552730 345
1552740 345
1552750 345
1552760 345
1552770 345
1552780 345
1552790 345
1552800 344
1552810 344
1552820 344
1552830 344
1552840 344
1552850 344
1552860 344
1552870 344
1552880 344
1552890 344
1552900 344
1552910 344
1552920 344
1552930 344
1552940 344
1552950 344
1552960 345
1552970 345
1552980 345
1552990 345
1553000 345
1553010 345
1553020 344
1553030 344
1553040 344
1553050 344
1553060 344
1553070 344
1553080 345
1553090 345
1553100 345
1553110 345
1553120 345
1553130 345
1553140 344
1553150 344
1553160 344
1553170 344
1553180 344
1553190 344
1553200 344
1553210 344
1553220 344
1553230 344
1553240 344
1553250 344
1553260 344
1553270 344
1553280 344
1553290 344
1553300 344
1553310 344
1553320 344
1553330 344
1553340 344
1553350 344
1553360 344
1553370 344
1553380 344
1553390 344
1553400 344
1553410 344
1553420 344
1553430 344
1553440 344
1553450 344
1553460 344
1553470 344
1553480 344
1553490 344
1553500 344
1553510 344
1553520 344
1553530 344
1553540 344
1553550 344
1553560 345
1553570 345
1553580 345
1553590 344
1553600 344
1553610 344
1553620 343
1553630 343
1553640 343
1553650 343
1553660 343
1553670 343
1553680 343
1553690 343
1553700 343
1553710 344
1553720 344
1553730 344
1553740 344
1553750 344
1553760 344
1553770 344
1553780 344
1553790 344
1553800 344
1553810 344
1553820 344
1553830 344
1553840 344
1553850 344
1553860 344
1553870 344
1553880 344
1553890 343
1553900 343
1553910 343
1553920 343
1553930 343
1553940 343
1553950 343
1553960 343
1553970 343
1553980 343
1553990 343
1554000 342
1554010 341
1554020 341
1554030 341
1554040 341
1554050 341
1554060 341
1554070 340
1554080 340
1554090 340
1554100 341
1554110 341
1554120 341
1554130 340
1554140 340
1554150 340
1554160 340
1554170 340
1554180 341
1554190 341
1554200 341
1554210 341
1554220 341
1554230 341
1554240 341
1554250 340
1554260 340
1554270 341
1554280 341
1554290 341
1554300 341
1554310 341
1554320 341
1554330 341
1554340 341
1554350 341
1554360 341
1554370 341
1554380 341
1554390 341
1554400 340
1554410 340
1554420 341
1554430 339
1554440 339
1554450 334
1554460 330
1554470 330
1554480 327
1554490 326
1554500 326
1554510 325
1554520 325
1554530 325
1554540 325
1554550 325
1554560 325
1554570 325
1554580 325
1554590 325
1554600 325
1554610 325
1554620 325
1554630 325
1554640 325
1554650 325
1554660 325
1554670 325
1554680 325
1554690 325
1554700 325
1554710 325
1554720 325
1554730 325
1554740 326
1554750 326
1554760 326
1554770 326
1554780 326
1554790 325
1554800 325
1554810 325
1554820 325
1554830 325
1554840 325
1554850 325
1554860 325
1554870 325
1554880 325
1554890 325
1554900 325
1554910 325
1554920 325
1554930 325
1554940 326
1554950 325
1554960 325
1554970 325
1554980 324
1554990 324
1555000 324
1555010 324
1555020 324
1555030 324
1555040 324
1555050 324
1555060 324
1555070 324
1555080 324
1555090 324
1555100 324
1555110 324
1555120 325
1555130 325
1555140 325
1555150 324
1555160 323
1555170 323
1555180 323
1555190 323
1555200 323
1555210 323
1555220 323
1555230 323
1555240 323
1555250 323
1555260 323
1555270 322
1555280 323
1555290 323
1555300 323
1555310 323
1555320 323
1555330 323
1555340 323
1555350 323
1555360 323
1555370 323
1555380 323
1555390 323
1555400 323
1555410 323
1555420 322
1555430 322
1555440 322
1555450 323
1555460 323
1555470 323
1555480 323
1555490 323
1555500 323
1555510 323
1555520 323
1555530 323
1555540 322
1555550 322
1555560 322
1555570 321
1555580 317
1555590 317
1555600 314
1555610 314
1555620 314
1555630 314
1555640 314
1555650 314
1555660 314
1555670 314
1555680 314
1555690 315
1555700 318
1555710 318
1555720 320
1555730 320
1555740 320
1555750 320
1555760 321
1555770 321
1555780 321
1555790 322
1555800 322
1555810 323
1555820 325
1555830 325
1555840 325
1555850 325
1555860 325
1555870 325
1555880 324
1555890 324
1555900 324
1555910 324
1555920 324
1555930 324
1555940 324
1555950 324
1555960 324
1555970 323
1555980 323
1555990 324
1556000 324
1556010 324
1556020 324
1556030 324
1556040 324
1556050 324
1556060 324
1556070 324
1556080 323
1556090 323
1556100 323
1556110 323
1556120 323
1556130 323
1556140 323
1556150 323
1556160 323
1556170 324
1556180 325
1556190 325
1556200 325
1556210 325
1556220 325
1556230 326
1556240 326
1556250 326
1556260 326
1556270 326
1556280 326
1556290 326
1556300 326
1556310 326
1556320 326
1556330 328
1556340 328
1556350 330
1556360 332
1556370 332
1556380 333
1556390 333
1556400 333
1556410 333
1556420 335
1556430 335
1556440 340
1556450 346
1556460 352
1556470 352
1556480 358
1556490 364
1556500 364
1556510 370
1556520 374
1556530 374
1556540 375
1556550 377
1556560 377
1556570 381
1556580 384
1556590 384
1556600 384
1556610 384
1556620 384
1556630 384
1556640 384
1556650 384
1556660 385
1556670 385
1556680 385
1556690 385
1556700 385
1556710 385
1556720 386
1556730 386
1556740 386
1556750 386
1556760 386
1556770 386
1556780 386
1556790 386
1556800 386
1556810 386
1556820 386
1556830 386
1556840 386
1556850 386
1556860 386
1556870 386
1556880 386
1556890 386
1556900 385
1556910 385
1556920 385
1556930 385
1556940 385
1556950 385
1556960 384
1556970 384
1556980 384
1556990 383
1557000 383
1557010 383
1557020 383
1557030 383
1557040 383
1557050 382
1557060 381
1557070 381
1557080 381
1557090 381
1557100 381
1557110 380
1557120 380
1557130 380
1557140 379
1557150 379
1557160 379
1557170 379
1557180 378
1557190 378
1557200 378
1557210 378
1557220 378
1557230 378
1557240 377
1557250 377
1557260 377
1557270 377
1557280 377
1557290 376
1557300 376
1557310 376
1557320 376
1557330 376
1557340 376
1557350 376
1557360 376
1557370 376
1557380 376
1557390 376
1557400 376
1557410 376
1557420 376
1557430 376
1557440 377
1557450 377
1557460 377
1557470 376
1557480 376
1557490 376
1557500 376
1557510 376
1557520 376
1557530 376
1557540 375
1557550 375
1557560 375
1557570 375
1557580 375
1557590 374
1557600 374
1557610 374
1557620 373
1557630 372
1557640 372
1557650 371
1557660 370
1557670 370
1557680 369
1557690 368
1557700 368
1557710 366
1557720 365
1557730 365
1557740 363
1557750 359
1557760 359
1557770 355
1557780 353
1557790 353
1557800 352
1557810 351
1557820 351
1557830 349
1557840 347
1557850 347
1557860 347
1557870 346
1557880 346
1557890 345
1557900 342
1557910 342
1557920 339
1557930 340
1557940 340
1557950 343
1557960 344
1557970 344
1557980 345
1557990 346
1558000 346
1558010 348
1558020 350
1558030 350
1558040 353
1558050 357
1558060 357
1558070 361
1558080 364
1558090 364
1558100 367
1558110 368
1558120 368
1558130 370
1558140 371
1558150 371
1558160 372
1558170 373
1558180 373
1558190 373
1558200 374
1558210 374
1558220 373
1558230 373
1558240 373
1558250 372
1558260 371
1558270 371
1558280 370
1558290 369
1558300 369
1558310 368
1558320 367
1558330 367
1558340 366
1558350 365
1558360 365
1558370 365
1558380 364
1558390 363
1558400 363
1558410 363
1558420 362
1558430 362
1558440 361
1558450 360
1558460 360
1558470 359
1558480 358
1558490 358
1558500 357
1558510 356
1558520 356
1558530 355
1558540 355
1558550 355
1558560 354
1558570 352
1558580 352
1558590 351
1558600 349
1558610 349
1558620 347
1558630 346
1558640 346
1558650 345
1558660 344
1558670 344
1558680 344
1558690 344
1558700 344
1558710 344
1558720 344
1558730 344
1558740 344
1558750 344
1558760 344
1558770 344
1558780 343
1558790 343
1558800 339
1558810 336
1558820 336
1558830 336
1558840 336
1558850 336
1558860 338
1558870 339
1558880 339
1558890 337
1558900 336
1558910 336
1558920 336
1558930 336
1558940 336
1558950 336
1558960 336
1558970 336
1558980 335
1558990 335
1559000 335
1559010 335
1559020 334
1559030 334
1559040 332
1559050 332
1559060 332
1559070 333
1559080 334
1559090 334
1559100 335
1559110 335
1559120 335
1559130 335
1559140 335
1559150 335
1559160 335
1559170 335
1559180 335
1559190 334
1559200 333
1559210 333
1559220 330
1559230 328
1559240 328
1559250 327
1559260 326
1559270 326
1559280 325
1559290 324
1559300 324
1559310 326
1559320 327
1559330 327
1559340 326
1559350 326
1559360 326
1559370 327
1559380 327
1559390 327
1559400 327
1559410 328
1559420 328
1559430 330
1559440 331
1559450 331
1559460 332
1559470 334
1559480 334
1559490 336
1559500 336
1559510 336
1559520 337
1559530 338
1559540 338
1559550 339
1559560 340
1559570 340
1559580 341
1559590 342
1559600 342
1559610 344
1559620 345
1559630 345
1559640 346
1559650 348
1559660 348
1559670 349
1559680 351
1559690 351
1559700 353
1559710 355
1559720 355
1559730 357
1559740 361
1559750 361
1559760 364
1559770 366
1559780 366
1559790 367
1559800 369
1559810 369
1559820 370
1559830 371
1559840 371
1559850 372
1559860 373
1559870 373
1559880 374
1559890 374
1559900 374
1559910 375
1559920 376
1559930 376
1559940 377
1559950 378
1559960 378
1559970 379
1559980 379
1559990 379
