1540000 424
1540010 424
1540020 424
1540030 425
1540040 426
1540050 426
1540060 426
1540070 427
1540080 427
1540090 428
1540100 428
1540110 428
1540120 428
1540130 429
1540140 429
1540150 429
1540160 430
1540170 430
1540180 430
1540190 430
1540200 430
1540210 430
1540220 430
1540230 430
1540240 430
1540250 430
1540260 430
1540270 430
1540280 430
1540290 430
1540300 430
1540310 430
1540320 430
1540330 430
1540340 430
1540350 430
1540360 430
1540370 430
1540380 430
1540390 431
1540400 431
1540410 431
1540420 432
1540430 431
1540440 431
1540450 431
1540460 432
1540470 432
1540480 432
1540490 433
1540500 433
1540510 434
1540520 434
1540530 434
1540540 435
1540550 435
1540560 435
1540570 435
1540580 435
1540590 435
1540600 435
1540610 436
1540620 436
1540630 436
1540640 436
1540650 436
1540660 436
1540670 436
1540680 436
1540690 435
1540700 435
1540710 435
1540720 433
1540730 433
1540740 433
1540750 433
1540760 432
1540770 432
1540780 432
1540790 432
1540800 432
1540810 432
1540820 431
1540830 431
1540840 431
1540850 430
1540860 430
1540870 429
1540880 428
1540890 428
1540900 427
1540910 425
1540920 425
1540930 425
1540940 425
1540950 425
1540960 425
1540970 425
1540980 425
1540990 426
1541000 426
1541010 426
1541020 426
1541030 426
1541040 426
1541050 424
1541060 424
1541070 424
1541080 427
1541090 429
1541100 429
1541110 430
1541120 431
1541130 431
1541140 432
1541150 433
1541160 433
1541170 435
1541180 437
1541190 437
1541200 438
1541210 439
1541220 439
1541230 439
1541240 439
1541250 439
1541260 439
1541270 439
1541280 439
1541290 439
1541300 439
1541310 439
1541320 440
1541330 440
1541340 440
1541350 441
1541360 441
1541370 441
1541380 442
1541390 443
1541400 443
1541410 443
1541420 443
1541430 443
1541440 444
1541450 445
1541460 445
1541470 446
1541480 448
1541490 448
1541500 449
1541510 451
1541520 451
1541530 452
1541540 453
1541550 453
1541560 453
1541570 454
1541580 454
1541590 454
1541600 454
1541610 454
1541620 454
1541630 453
1541640 453
1541650 452
1541660 452
1541670 452
1541680 451
1541690 450
1541700 450
1541710 449
1541720 448
1541730 448
1541740 448
1541750 447
1541760 447
1541770 447
1541780 447
1541790 447
1541800 446
1541810 446
1541820 446
1541830 446
1541840 446
1541850 446
1541860 446
1541870 446
1541880 446
1541890 446
1541900 445
1541910 445
1541920 445
1541930 445
1541940 445
1541950 445
1541960 444
1541970 444
1541980 444
1541990 444
1542000 444
1542010 443
1542020 443
1542030 443
1542040 442
1542050 442
1542060 441
1542070 441
1542080 440
1542090 440
1542100 440
1542110 439
1542120 439
1542130 439
1542140 439
1542150 438
1542160 438
1542170 437
1542180 437
1542190 437
1542200 436
1542210 434
1542220 434
1542230 432
1542240 430
1542250 430
1542260 428
1542270 427
1542280 427
1542290 426
1542300 426
1542310 426
1542320 425
1542330 422
1542340 422
1542350 415
1542360 410
1542370 410
1542380 409
1542390 409
1542400 409
1542410 409
1542420 409
1542430 409
1542440 409
1542450 409
1542460 409
1542470 410
1542480 410
1542490 410
1542500 410
1542510 412
1542520 412
1542530 416
1542540 421
1542550 421
1542560 423
1542570 425
1542580 425
1542590 426
1542600 426
1542610 426
1542620 426
1542630 429
1542640 429
1542650 430
1542660 430
1542670 430
1542680 429
1542690 425
1542700 425
1542710 422
1542720 421
1542730 421
1542740 423
1542750 424
1542760 424
1542770 424
1542780 424
1542790 424
1542800 425
1542810 425
1542820 425
1542830 425
1542840 424
1542850 424
1542860 423
1542870 425
1542880 425
1542890 428
1542900 431
1542910 431
1542920 434
1542930 439
1542940 439
1542950 441
1542960 442
1542970 442
1542980 443
1542990 445
1543000 445
1543010 445
1543020 446
1543030 446
1543040 446
1543050 446
1543060 446
1543070 445
1543080 446
1543090 446
1543100 448
1543110 448
1543120 448
1543130 449
1543140 449
1543150 449
1543160 449
1543170 449
1543180 449
1543190 449
1543200 449
1543210 449
1543220 449
1543230 449
1543240 449
1543250 449
1543260 449
1543270 449
1543280 449
1543290 449
1543300 449
1543310 449
1543320 449
1543330 449
1543340 449
1543350 449
1543360 449
1543370 448
1543380 448
1543390 448
1543400 447
1543410 447
1543420 447
1543430 446
1543440 446
1543450 446
1543460 445
1543470 444
1543480 444
1543490 444
1543500 443
1543510 443
1543520 443
1543530 442
1543540 442
1543550 441
1543560 440
1543570 440
1543580 439
1543590 439
1543600 439
1543610 438
1543620 438
1543630 438
1543640 438
1543650 437
1543660 437
1543670 437
1543680 437
1543690 437
1543700 436
1543710 436
1543720 436
1543730 435
1543740 435
1543750 435
1543760 434
1543770 434
1543780 434
1543790 434
1543800 433
1543810 433
1543820 433
1543830 432
1543840 432
1543850 432
1543860 432
1543870 432
1543880 431
1543890 431
1543900 431
1543910 430
1543920 429
1543930 429
1543940 429
1543950 429
1543960 429
1543970 428
1543980 428
1543990 428
1544000 427
1544010 426
1544020 426
1544030 426
1544040 425
1544050 425
1544060 425
1544070 425
1544080 425
1544090 424
1544100 424
1544110 424
1544120 423
1544130 423
1544140 423
1544150 422
1544160 421
1544170 421
1544180 421
1544190 420
1544200 420
1544210 420
1544220 419
1544230 419
1544240 418
1544250 418
1544260 418
1544270 417
1544280 416
1544290 416
1544300 416
1544310 415
1544320 415
1544330 414
1544340 413
1544350 413
1544360 412
1544370 410
1544380 410
1544390 409
1544400 407
1544410 407
1544420 405
1544430 403
1544440 403
1544450 400
1544460 397
1544470 397
1544480 394
1544490 393
1544500 393
1544510 391
1544520 391
1544530 390
1544540 390
1544550 389
1544560 390
1544570 390
1544580 389
1544590 388
1544600 388
1544610 387
1544620 386
1544630 386
1544640 384
1544650 382
1544660 382
1544670 382
1544680 382
1544690 382
1544700 383
1544710 386
1544720 386
1544730 388
1544740 390
1544750 390
1544760 392
1544770 393
1544780 393
1544790 395
1544800 397
1544810 397
1544820 399
1544830 401
1544840 401
1544850 404
1544860 406
1544870 406
1544880 409
1544890 413
1544900 413
1544910 416
1544920 418
1544930 418
1544940 419
1544950 420
1544960 420
1544970 421
1544980 422
1544990 422
1545000 422
1545010 422
1545020 422
1545030 422
1545040 421
1545050 421
1545060 422
1545070 422
1545080 422
1545090 422
1545100 421
1545110 421
1545120 421
1545130 421
1545140 421
1545150 421
1545160 421
1545170 418
1545180 418
1545190 418
1545200 418
1545210 417
1545220 417
1545230 417
1545240 417
1545250 417
1545260 417
1545270 417
1545280 417
1545290 417
1545300 417
1545310 417
1545320 417
1545330 417
1545340 417
1545350 417
1545360 417
1545370 417
1545380 417
1545390 417
1545400 417
1545410 417
1545420 417
1545430 417
1545440 417
1545450 418
1545460 419
1545470 419
1545480 419
1545490 420
1545500 420
1545510 420
1545520 420
1545530 420
1545540 420
1545550 420
1545560 420
1545570 420
1545580 421
1545590 421
1545600 421
1545610 421
1545620 421
1545630 421
1545640 420
1545650 420
1545660 422
1545670 422
1545680 422
1545690 423
1545700 423
1545710 423
1545720 424
1545730 424
1545740 424
1545750 424
1545760 424
1545770 424
1545780 425
1545790 425
1545800 425
1545810 425
1545820 425
1545830 425
1545840 425
1545850 425
1545860 425
1545870 425
1545880 425
1545890 425
1545900 425
1545910 425
1545920 425
1545930 425
1545940 425
1545950 425
1545960 425
1545970 425
1545980 425
1545990 425
1546000 425
1546010 425
1546020 426
1546030 426
1546040 426
1546050 426
1546060 425
1546070 425
1546080 425
1546090 425
1546100 425
1546110 425
1546120 424
1546130 424
1546140 424
1546150 424
1546160 424
1546170 424
1546180 424
1546190 424
1546200 423
1546210 423
1546220 423
1546230 423
1546240 423
1546250 423
1546260 423
1546270 423
1546280 423
1546290 423
1546300 424
1546310 424
1546320 424
1546330 424
1546340 424
1546350 424
1546360 424
1546370 424
1546380 424
1546390 424
1546400 424
1546410 424
1546420 423
1546430 423
1546440 423
1546450 423
1546460 423
1546470 423
1546480 423
1546490 423
1546500 422
1546510 422
1546520 422
1546530 422
1546540 421
1546550 421
1546560 421
1546570 420
1546580 420
1546590 419
1546600 418
1546610 418
1546620 417
1546630 415
1546640 415
1546650 414
1546660 412
1546670 412
1546680 411
1546690 409
1546700 409
1546710 408
1546720 407
1546730 407
1546740 406
1546750 404
1546760 404
1546770 403
1546780 399
1546790 399
1546800 399
1546810 401
1546820 401
1546830 403
1546840 403
1546850 403
1546860 404
1546870 405
1546880 405
1546890 406
1546900 406
1546910 406
1546920 407
1546930 408
1546940 408
1546950 408
1546960 409
1546970 409
1546980 409
1546990 410
1547000 410
1547010 410
1547020 410
1547030 410
1547040 410
1547050 411
1547060 411
1547070 411
1547080 411
1547090 411
1547100 411
1547110 411
1547120 411
1547130 411
1547140 411
1547150 412
1547160 412
1547170 412
1547180 412
1547190 412
1547200 412
1547210 412
1547220 412
1547230 412
1547240 412
1547250 412
1547260 411
1547270 412
1547280 412
1547290 411
1547300 411
1547310 411
1547320 410
1547330 409
1547340 409
1547350 409
1547360 408
1547370 408
1547380 407
1547390 407
1547400 407
1547410 406
1547420 405
1547430 405
1547440 404
1547450 402
1547460 402
1547470 401
1547480 400
1547490 400
1547500 399
1547510 398
1547520 398
1547530 396
1547540 395
1547550 395
1547560 393
1547570 392
1547580 392
1547590 391
1547600 389
1547610 389
1547620 388
1547630 388
1547640 388
1547650 388
1547660 389
1547670 389
1547680 391
1547690 392
1547700 392
1547710 394
1547720 395
1547730 395
1547740 397
1547750 398
1547760 398
1547770 400
1547780 401
1547790 401
1547800 402
1547810 403
1547820 403
1547830 405
1547840 406
1547850 406
1547860 407
1547870 408
1547880 408
1547890 409
1547900 410
1547910 410
1547920 411
1547930 412
1547940 412
1547950 413
1547960 413
1547970 413
1547980 414
1547990 414
1548000 414
1548010 415
1548020 415
1548030 415
1548040 415
1548050 416
1548060 416
1548070 416
1548080 417
1548090 417
1548100 417
1548110 417
1548120 417
1548130 418
1548140 418
1548150 418
1548160 418
1548170 419
1548180 419
1548190 419
1548200 419
1548210 419
1548220 419
1548230 419
1548240 419
1548250 419
1548260 419
1548270 419
1548280 419
1548290 419
1548300 419
1548310 419
1548320 419
1548330 419
1548340 419
1548350 419
1548360 419
1548370 418
1548380 418
1548390 418
1548400 418
1548410 418
1548420 418
1548430 418
1548440 418
1548450 418
1548460 417
1548470 417
1548480 417
1548490 416
1548500 416
1548510 416
1548520 415
1548530 414
1548540 414
1548550 413
1548560 412
1548570 412
1548580 411
1548590 410
1548600 410
1548610 409
1548620 407
1548630 407
1548640 406
1548650 404
1548660 404
1548670 403
1548680 401
1548690 401
1548700 400
1548710 398
1548720 398
1548730 396
1548740 394
1548750 394
1548760 392
1548770 390
1548780 390
1548790 389
1548800 388
1548810 388
1548820 386
1548830 385
1548840 385
1548850 384
1548860 383
1548870 383
1548880 383
1548890 382
1548900 382
1548910 381
1548920 380
1548930 380
1548940 379
1548950 378
1548960 378
1548970 377
1548980 377
1548990 377
1549000 377
1549010 378
1549020 378
1549030 378
1549040 378
1549050 378
1549060 379
1549070 379
1549080 379
1549090 380
1549100 380
1549110 380
1549120 380
1549130 381
1549140 381
1549150 381
1549160 381
1549170 381
1549180 381
1549190 381
1549200 381
1549210 383
1549220 384
1549230 384
1549240 385
1549250 386
1549260 386
1549270 386
1549280 386
1549290 386
1549300 385
1549310 386
1549320 386
1549330 385
1549340 384
1549350 384
1549360 384
1549370 384
1549380 384
1549390 385
1549400 387
1549410 387
1549420 390
1549430 392
1549440 392
1549450 395
1549460 397
1549470 397
1549480 400
1549490 403
1549500 404
1549510 404
1549520 408
1549530 410
1549540 410
1549550 413
1549560 414
1549570 414
1549580 415
1549590 417
1549600 417
1549610 418
1549620 419
1549630 419
1549640 419
1549650 420
1549660 420
1549670 420
1549680 421
1549690 421
1549700 421
1549710 422
1549720 422
1549730 422
1549740 423
1549750 423
1549760 423
1549770 423
1549780 423
1549790 423
1549800 424
1549810 424
1549820 424
1549830 424
1549840 424
1549850 424
1549860 424
1549870 424
1549880 424
1549890 424
1549900 424
1549910 424
1549920 424
1549930 424
1549940 423
1549950 423
1549960 423
1549970 423
1549980 423
1549990 423
1550000 422
1550010 422
1550020 422
1550030 422
1550040 421
1550050 421
1550060 421
1550070 421
1550080 421
1550090 420
1550100 419
1550110 419
1550120 418
1550130 417
1550140 417
1550150 416
1550160 415
1550170 415
1550180 415
1550190 414
1550200 414
1550210 413
1550220 412
1550230 412
1550240 411
1550250 409
1550260 409
1550270 408
1550280 406
1550290 406
1550300 404
1550310 403
1550320 403
1550330 402
1550340 401
1550350 401
1550360 400
1550370 399
1550380 399
1550390 398
1550400 397
1550410 397
1550420 396
1550430 395
1550440 395
1550450 394
1550460 392
1550470 392
1550480 391
1550490 389
1550500 389
1550510 388
1550520 386
1550530 386
1550540 384
1550550 383
1550560 383
1550570 383
1550580 383
1550590 383
1550600 384
1550610 386
1550620 386
1550630 386
1550640 388
1550650 388
1550660 388
1550670 388
1550680 388
1550690 388
1550700 388
1550710 388
1550720 388
1550730 388
1550740 388
1550750 388
1550760 387
1550770 387
1550780 387
1550790 386
1550800 386
1550810 386
1550820 385
1550830 385
1550840 385
1550850 384
1550860 384
1550870 383
1550880 383
1550890 383
1550900 382
1550910 380
1550920 380
1550930 379
1550940 378
1550950 378
1550960 376
1550970 375
1550980 375
1550990 374
1551000 373
1551010 373
1551020 372
1551030 371
1551040 371
1551050 371
1551060 370
1551070 370
1551080 370
1551090 369
1551100 369
1551110 369
1551120 368
1551130 368
1551140 368
1551150 368
1551160 368
1551170 368
1551180 368
1551190 368
1551200 367
1551210 367
1551220 367
1551230 367
1551240 367
1551250 367
1551260 367
1551270 367
1551280 365
1551290 365
1551300 365
1551310 365
1551320 365
1551330 364
1551340 364
1551350 364
1551360 363
1551370 363
1551380 363
1551390 362
1551400 362
1551410 362
1551420 361
1551430 361
1551440 361
1551450 360
1551460 360
1551470 360
1551480 360
1551490 360
1551500 360
1551510 360
1551520 360
1551530 360
1551540 360
1551550 360
1551560 360
1551570 361
1551580 361
1551590 361
1551600 362
1551610 362
1551620 363
1551630 363
1551640 363
1551650 364
1551660 364
1551670 364
1551680 365
1551690 365
1551700 365
1551710 365
1551720 366
1551730 366
1551740 366
1551750 365
1551760 365
1551770 365
1551780 365
1551790 365
1551800 365
1551810 365
1551820 365
1551830 364
1551840 364
1551850 364
1551860 364
1551870 364
1551880 364
1551890 363
1551900 362
1551910 362
1551920 362
1551930 362
1551940 362
1551950 361
1551960 361
1551970 361
1551980 361
1551990 360
1552000 359
1552010 359
1552020 359
1552030 360
1552040 360
1552050 359
1552060 359
1552070 359
1552080 358
1552090 358
1552100 358
1552110 357
1552120 357
1552130 357
1552140 356
1552150 355
1552160 355
1552170 355
1552180 354
1552190 354
1552200 353
1552210 353
1552220 353
1552230 352
1552240 352
1552250 352
1552260 352
1552270 352
1552280 352
1552290 352
1552300 352
1552310 352
1552320 352
1552330 352
1552340 352
1552350 352
1552360 352
1552370 352
1552380 352
1552390 352
1552400 352
1552410 352
1552420 352
1552430 352
1552440 352
1552450 352
1552460 352
1552470 352
1552480 352
1552490 352
1552500 352
1552510 352
1552520 352
1552530 352
1552540 352
1552550 352
1552560 352
1552570 352
1552580 352
1552590 351
1552600 351
1552610 351
1552620 351
1552630 351
1552640 351
1552650 350
1552660 350
1552670 350
1552680 350
1552690 349
1552700 349
1552710 349
1552720 349
1552730 349
1552740 349
1552750 349
1552760 349
1552770 349
1552780 349
1552790 349
1552800 349
1552810 349
1552820 349
1552830 349
1552840 349
1552850 349
1552860 349
1552870 348
1552880 348
1552890 348
1552900 348
1552910 348
1552920 348
1552930 347
1552940 347
1552950 347
1552960 347
1552970 347
1552980 347
1552990 347
1553000 347
1553010 347
1553020 347
1553030 347
1553040 347
1553050 347
1553060 347
1553070 346
1553080 346
1553090 346
1553100 346
1553110 346
1553120 346
1553130 346
1553140 346
1553150 346
1553160 346
1553170 346
1553180 346
1553190 345
1553200 346
1553210 346
1553220 346
1553230 346
1553240 346
1553250 346
1553260 346
1553270 346
1553280 346
1553290 346
1553300 346
1553310 346
1553320 346
1553330 346
1553340 346
1553350 346
1553360 346
1553370 346
1553380 347
1553390 347
1553400 347
1553410 347
1553420 347
1553430 347
1553440 347
1553450 347
1553460 347
1553470 347
1553480 347
1553490 346
1553500 346
1553510 346
1553520 345
1553530 345
1553540 345
1553550 344
1553560 344
1553570 344
1553580 344
1553590 344
1553600 344
1553610 344
1553620 344
1553630 344
1553640 344
1553650 344
1553660 344
1553670 344
1553680 343
1553690 343
1553700 343
1553710 342
1553720 342
1553730 341
1553740 341
1553750 341
1553760 340
1553770 340
1553780 340
1553790 340
1553800 340
1553810 340
1553820 339
1553830 339
1553840 339
1553850 339
1553860 339
1553870 339
1553880 339
1553890 339
1553900 339
1553910 339
1553920 339
1553930 339
1553940 339
1553950 339
1553960 339
1553970 339
1553980 338
1553990 338
1554000 338
1554010 338
1554020 338
1554030 338
1554040 338
1554050 338
1554060 337
1554070 337
1554080 337
1554090 337
1554100 337
1554110 337
1554120 336
1554130 336
1554140 336
1554150 336
1554160 336
1554170 336
1554180 336
1554190 336
1554200 336
1554210 336
1554220 336
1554230 336
1554240 336
1554250 336
1554260 336
1554270 336
1554280 336
1554290 336
1554300 336
1554310 336
1554320 336
1554330 336
1554340 336
1554350 336
1554360 336
1554370 336
1554380 336
1554390 336
1554400 336
1554410 336
1554420 336
1554430 335
1554440 335
1554450 335
1554460 335
1554470 335
1554480 335
1554490 335
1554500 335
1554510 335
1554520 335
1554530 335
1554540 335
1554550 335
1554560 335
1554570 335
1554580 335
1554590 335
1554600 335
1554610 335
1554620 335
1554630 335
1554640 335
1554650 335
1554660 335
1554670 335
1554680 335
1554690 335
1554700 335
1554710 335
1554720 335
1554730 335
1554740 335
1554750 335
1554760 335
1554770 335
1554780 335
1554790 335
1554800 335
1554810 335
1554820 335
1554830 335
1554840 335
1554850 335
1554860 335
1554870 335
1554880 335
1554890 335
1554900 335
1554910 334
1554920 334
1554930 334
1554940 334
1554950 334
1554960 334
1554970 334
1554980 334
1554990 334
1555000 334
1555010 334
1555020 334
1555030 334
1555040 334
1555050 334
1555060 334
1555070 334
1555080 334
1555090 334
1555100 334
1555110 334
1555120 334
1555130 334
1555140 334
1555150 334
1555160 334
1555170 334
1555180 334
1555190 334
1555200 334
1555210 334
1555220 334
1555230 334
1555240 334
1555250 333
1555260 333
1555270 333
1555280 333
1555290 333
1555300 333
1555310 333
1555320 333
1555330 333
1555340 333
1555350 333
1555360 333
1555370 333
1555380 333
1555390 333
1555400 333
1555410 333
1555420 333
1555430 333
1555440 333
1555450 333
1555460 333
1555470 333
1555480 333
1555490 333
1555500 333
1555510 333
1555520 333
1555530 333
1555540 332
1555550 332
1555560 332
1555570 332
1555580 332
1555590 332
1555600 332
1555610 332
1555620 332
1555630 332
1555640 333
1555650 333
1555660 333
1555670 333
1555680 333
1555690 333
1555700 333
1555710 333
1555720 333
1555730 332
1555740 332
1555750 332
1555760 332
1555770 332
1555780 332
1555790 332
1555800 332
1555810 332
1555820 332
1555830 332
1555840 332
1555850 332
1555860 332
1555870 332
1555880 332
1555890 332
1555900 332
1555910 332
1555920 332
1555930 332
1555940 332
1555950 332
1555960 332
1555970 332
1555980 332
1555990 332
1556000 332
1556010 332
1556020 332
1556030 332
1556040 332
1556050 332
1556060 332
1556070 332
1556080 332
1556090 332
1556100 332
1556110 332
1556120 332
1556130 332
1556140 332
1556150 332
1556160 332
1556170 332
1556180 332
1556190 332
1556200 332
1556210 332
1556220 332
1556230 332
1556240 332
1556250 332
1556260 332
1556270 332
1556280 332
1556290 332
1556300 332
1556310 332
1556320 332
1556330 332
1556340 332
1556350 332
1556360 332
1556370 332
1556380 332
1556390 331
1556400 331
1556410 331
1556420 331
1556430 331
1556440 332
1556450 332
1556460 332
1556470 332
1556480 332
1556490 332
1556500 332
1556510 332
1556520 332
1556530 333
1556540 335
1556550 335
1556560 337
1556570 338
1556580 338
1556590 338
1556600 337
1556610 337
1556620 336
1556630 334
1556640 334
1556650 332
1556660 331
1556670 331
1556680 331
1556690 331
1556700 331
1556710 332
1556720 332
1556730 332
1556740 332
1556750 331
1556760 331
1556770 331
1556780 331
1556790 331
1556800 331
1556810 331
1556820 331
1556830 331
1556840 331
1556850 331
1556860 331
1556870 331
1556880 331
1556890 331
1556900 331
1556910 331
1556920 331
1556930 331
1556940 331
1556950 331
1556960 331
1556970 331
1556980 331
1556990 331
1557000 331
1557010 331
1557020 331
1557030 331
1557040 331
1557050 331
1557060 331
1557070 331
1557080 331
1557090 331
1557100 331
1557110 331
1557120 331
1557130 331
1557140 331
1557150 331
1557160 331
1557170 330
1557180 330
1557190 330
1557200 330
1557210 331
1557220 331
1557230 331
1557240 330
1557250 330
1557260 330
1557270 329
1557280 329
1557290 329
1557300 329
1557310 329
1557320 329
1557330 329
1557340 329
1557350 329
1557360 329
1557370 329
1557380 329
1557390 329
1557400 329
1557410 329
1557420 329
1557430 329
1557440 329
1557450 329
1557460 329
1557470 329
1557480 329
1557490 329
1557500 329
1557510 329
1557520 329
1557530 329
1557540 329
1557550 329
1557560 329
1557570 329
1557580 329
1557590 329
1557600 329
1557610 329
1557620 329
1557630 329
1557640 329
1557650 329
1557660 329
1557670 329
1557680 329
1557690 329
1557700 329
1557710 329
1557720 329
1557730 329
1557740 329
1557750 329
1557760 329
1557770 328
1557780 329
1557790 329
1557800 329
1557810 328
1557820 328
1557830 328
1557840 328
1557850 328
1557860 328
1557870 328
1557880 328
1557890 327
1557900 327
1557910 327
1557920 327
1557930 327
1557940 327
1557950 327
1557960 327
1557970 327
1557980 327
1557990 327
1558000 327
1558010 326
1558020 326
1558030 326
1558040 326
1558050 326
1558060 326
1558070 326
1558080 326
1558090 326
1558100 326
1558110 326
1558120 326
1558130 326
1558140 326
1558150 326
1558160 327
1558170 326
1558180 326
1558190 327
1558200 326
1558210 326
1558220 326
1558230 326
1558240 326
1558250 326
1558260 326
1558270 326
1558280 326
1558290 326
1558300 326
1558310 326
1558320 326
1558330 326
1558340 326
1558350 326
1558360 326
1558370 326
1558380 326
1558390 326
1558400 326
1558410 327
1558420 327
1558430 327
1558440 327
1558450 327
1558460 327
1558470 327
1558480 327
1558490 326
1558500 326
1558510 326
1558520 326
1558530 326
1558540 326
1558550 326
1558560 326
1558570 326
1558580 326
1558590 326
1558600 326
1558610 326
1558620 326
1558630 326
1558640 326
1558650 326
1558660 326
1558670 326
1558680 326
1558690 326
1558700 326
1558710 326
1558720 326
1558730 326
1558740 326
1558750 326
1558760 326
1558770 326
1558780 326
1558790 326
1558800 326
1558810 326
1558820 326
1558830 326
1558840 326
1558850 326
1558860 326
1558870 326
1558880 326
1558890 325
1558900 325
1558910 325
1558920 324
1558930 324
1558940 323
1558950 322
1558960 322
1558970 321
1558980 321
1558990 321
1559000 321
1559010 321
1559020 321
1559030 320
1559040 320
1559050 320
1559060 320
1559070 320
1559080 320
1559090 320
1559100 320
1559110 320
1559120 320
1559130 320
1559140 320
1559150 320
1559160 320
1559170 320
1559180 320
1559190 320
1559200 320
1559210 320
1559220 320
1559230 320
1559240 320
1559250 320
1559260 320
1559270 320
1559280 320
1559290 320
1559300 320
1559310 320
1559320 320
1559330 320
1559340 320
1559350 320
1559360 320
1559370 320
1559380 320
1559390 320
1559400 320
1559410 320
1559420 320
1559430 320
1559440 320
1559450 320
1559460 320
1559470 319
1559480 319
1559490 320
1559500 320
1559510 320
1559520 319
1559530 319
1559540 319
1559550 319
1559560 319
1559570 319
1559580 319
1559590 319
1559600 319
1559610 319
1559620 319
1559630 319
1559640 319
1559650 319
1559660 319
1559670 319
1559680 319
1559690 319
1559700 319
1559710 319
1559720 319
1559730 319
1559740 319
1559750 319
1559760 319
1559770 319
1559780 319
1559790 319
1559800 319
1559810 319
1559820 319
1559830 319
1559840 319
1559850 318
1559860 318
1559870 318
1559880 318
1559890 318
1559900 318
1559910 318
1559920 318
1559930 318
1559940 318
1559950 318
1559960 318
1559970 318
1559980 318
1559990 318
