1540000 415
1540010 415
1540020 418
1540030 420
1540040 422
1540050 422
1540060 423
1540070 424
1540080 424
1540090 425
1540100 426
1540110 426
1540120 426
1540130 427
1540140 427
1540150 428
1540160 428
1540170 428
1540180 429
1540190 430
1540200 430
1540210 430
1540220 430
1540230 430
1540240 431
1540250 431
1540260 431
1540270 430
1540280 427
1540290 427
1540300 423
1540310 421
1540320 421
1540330 420
1540340 421
1540350 421
1540360 422
1540370 424
1540380 424
1540390 426
1540400 427
1540410 427
1540420 426
1540430 427
1540440 427
1540450 429
1540460 429
1540470 429
1540480 429
1540490 430
1540500 430
1540510 430
1540520 430
1540530 430
1540540 430
1540550 430
1540560 430
1540570 430
1540580 430
1540590 430
1540600 429
1540610 429
1540620 429
1540630 428
1540640 428
1540650 428
1540660 427
1540670 426
1540680 426
1540690 425
1540700 424
1540710 424
1540720 423
1540730 421
1540740 421
1540750 419
1540760 417
1540770 417
1540780 415
1540790 414
1540800 414
1540810 414
1540820 413
1540830 413
1540840 413
1540850 413
1540860 413
1540870 412
1540880 412
1540890 412
1540900 413
1540910 413
1540920 413
1540930 414
1540940 416
1540950 416
1540960 418
1540970 419
1540980 419
1540990 421
1541000 422
1541010 422
1541020 423
1541030 424
1541040 424
1541050 426
1541060 427
1541070 427
1541080 429
1541090 430
1541100 430
1541110 431
1541120 433
1541130 433
1541140 434
1541150 436
1541160 436
1541170 437
1541180 437
1541190 437
1541200 437
1541210 438
1541220 438
1541230 438
1541240 438
1541250 438
1541260 439
1541270 439
1541280 439
1541290 439
1541300 440
1541310 440
1541320 440
1541330 440
1541340 440
1541350 439
1541360 439
1541370 439
1541380 438
1541390 436
1541400 436
1541410 434
1541420 434
1541430 434
1541440 434
1541450 436
1541460 436
1541470 438
1541480 440
1541490 440
1541500 440
1541510 442
1541520 442
1541530 443
1541540 445
1541550 445
1541560 446
1541570 447
1541580 447
1541590 447
1541600 447
1541610 447
1541620 447
1541630 445
1541640 445
1541650 444
1541660 443
1541670 443
1541680 442
1541690 442
1541700 442
1541710 441
1541720 441
1541730 441
1541740 441
1541750 440
1541760 440
1541770 440
1541780 439
1541790 439
1541800 438
1541810 437
1541820 437
1541830 437
1541840 436
1541850 436
1541860 436
1541870 435
1541880 435
1541890 435
1541900 435
1541910 435
1541920 434
1541930 434
1541940 434
1541950 433
1541960 433
1541970 433
1541980 433
1541990 432
1542000 432
1542010 431
1542020 431
1542030 431
1542040 430
1542050 430
1542060 430
1542070 430
1542080 430
1542090 430
1542100 430
1542110 430
1542120 430
1542130 430
1542140 430
1542150 430
1542160 430
1542170 430
1542180 430
1542190 429
1542200 429
1542210 429
1542220 428
1542230 426
1542240 426
1542250 425
1542260 423
1542270 423
1542280 421
1542290 420
1542300 420
1542310 419
1542320 419
1542330 419
1542340 418
1542350 418
1542360 418
1542370 418
1542380 418
1542390 418
1542400 418
1542410 416
1542420 416
1542430 411
1542440 409
1542450 409
1542460 409
1542470 409
1542480 409
1542490 409
1542500 410
1542510 413
1542520 413
1542530 416
1542540 414
1542550 414
1542560 411
1542570 414
1542580 414
1542590 417
1542600 419
1542610 419
1542620 422
1542630 424
1542640 424
1542650 425
1542660 424
1542670 424
1542680 423
1542690 423
1542700 423
1542710 423
1542720 423
1542730 423
1542740 425
1542750 425
1542760 425
1542770 424
1542780 423
1542790 423
1542800 422
1542810 424
1542820 424
1542830 426
1542840 427
1542850 427
1542860 429
1542870 430
1542880 430
1542890 431
1542900 434
1542910 434
1542920 436
1542930 438
1542940 438
1542950 440
1542960 441
1542970 441
1542980 442
1542990 443
1543000 443
1543010 443
1543020 444
1543030 444
1543040 445
1543050 447
1543060 447
1543070 448
1543080 449
1543090 449
1543100 449
1543110 449
1543120 449
1543130 449
1543140 449
1543150 449
1543160 449
1543170 449
1543180 449
1543190 449
1543200 449
1543210 449
1543220 449
1543230 449
1543240 449
1543250 449
1543260 448
1543270 448
1543280 448
1543290 448
1543300 448
1543310 448
1543320 448
1543330 448
1543340 448
1543350 447
1543360 447
1543370 447
1543380 447
1543390 447
1543400 446
1543410 446
1543420 446
1543430 446
1543440 446
1543450 446
1543460 446
1543470 446
1543480 446
1543490 445
1543500 445
1543510 445
1543520 444
1543530 444
1543540 444
1543550 444
1543560 443
1543570 443
1543580 442
1543590 441
1543600 441
1543610 439
1543620 438
1543630 438
1543640 437
1543650 436
1543660 436
1543670 436
1543680 435
1543690 435
1543700 434
1543710 434
1543720 434
1543730 433
1543740 431
1543750 431
1543760 431
1543770 430
1543780 430
1543790 429
1543800 428
1543810 428
1543820 427
1543830 426
1543840 426
1543850 425
1543860 425
1543870 425
1543880 424
1543890 424
1543900 424
1543910 423
1543920 422
1543930 422
1543940 422
1543950 421
1543960 421
1543970 421
1543980 420
1543990 420
1544000 419
1544010 419
1544020 419
1544030 418
1544040 418
1544050 418
1544060 417
1544070 416
1544080 416
1544090 416
1544100 415
1544110 415
1544120 414
1544130 414
1544140 414
1544150 413
1544160 412
1544170 412
1544180 412
1544190 411
1544200 411
1544210 410
1544220 409
1544230 409
1544240 408
1544250 407
1544260 407
1544270 406
1544280 405
1544290 405
1544300 404
1544310 403
1544320 403
1544330 402
1544340 401
1544350 401
1544360 399
1544370 397
1544380 397
1544390 394
1544400 391
1544410 391
1544420 390
1544430 390
1544440 390
1544450 390
1544460 391
1544470 391
1544480 391
1544490 391
1544500 391
1544510 391
1544520 390
1544530 390
1544540 390
1544550 389
1544560 389
1544570 389
1544580 389
1544590 389
1544600 388
1544610 388
1544620 388
1544630 388
1544640 387
1544650 387
1544660 386
1544670 384
1544680 384
1544690 383
1544700 382
1544710 382
1544720 381
1544730 380
1544740 380
1544750 379
1544760 379
1544770 379
1544780 378
1544790 378
1544800 378
1544810 377
1544820 377
1544830 377
1544840 377
1544850 377
1544860 377
1544870 380
1544880 382
1544890 382
1544900 384
1544910 387
1544920 387
1544930 389
1544940 390
1544950 390
1544960 392
1544970 394
1544980 395
1544990 395
1545000 396
1545010 397
1545020 397
1545030 397
1545040 397
1545050 397
1545060 397
1545070 397
1545080 397
1545090 397
1545100 397
1545110 397
1545120 397
1545130 398
1545140 398
1545150 398
1545160 398
1545170 398
1545180 398
1545190 397
1545200 397
1545210 397
1545220 397
1545230 397
1545240 397
1545250 397
1545260 397
1545270 397
1545280 397
1545290 397
1545300 397
1545310 397
1545320 397
1545330 397
1545340 397
1545350 397
1545360 397
1545370 397
1545380 397
1545390 397
1545400 397
1545410 397
1545420 398
1545430 397
1545440 397
1545450 396
1545460 397
1545470 397
1545480 400
1545490 402
1545500 402
1545510 404
1545520 405
1545530 405
1545540 407
1545550 408
1545560 408
1545570 410
1545580 412
1545590 412
1545600 413
1545610 413
1545620 413
1545630 414
1545640 414
1545650 414
1545660 415
1545670 415
1545680 415
1545690 416
1545700 416
1545710 416
1545720 417
1545730 417
1545740 417
1545750 418
1545760 419
1545770 419
1545780 419
1545790 420
1545800 420
1545810 421
1545820 422
1545830 422
1545840 422
1545850 423
1545860 423
1545870 423
1545880 423
1545890 423
1545900 423
1545910 423
1545920 423
1545930 423
1545940 423
1545950 423
1545960 423
1545970 422
1545980 422
1545990 422
1546000 422
1546010 422
1546020 422
1546030 421
1546040 421
1546050 421
1546060 421
1546070 421
1546080 421
1546090 421
1546100 421
1546110 421
1546120 421
1546130 421
1546140 421
1546150 422
1546160 422
1546170 422
1546180 422
1546190 422
1546200 421
1546210 421
1546220 421
1546230 421
1546240 421
1546250 421
1546260 421
1546270 421
1546280 421
1546290 421
1546300 421
1546310 421
1546320 421
1546330 421
1546340 421
1546350 421
1546360 421
1546370 421
1546380 421
1546390 421
1546400 421
1546410 421
1546420 421
1546430 421
1546440 421
1546450 421
1546460 421
1546470 421
1546480 421
1546490 421
1546500 420
1546510 420
1546520 420
1546530 419
1546540 418
1546550 418
1546560 417
1546570 416
1546580 416
1546590 416
1546600 415
1546610 415
1546620 414
1546630 413
1546640 413
1546650 412
1546660 409
1546670 409
1546680 407
1546690 406
1546700 406
1546710 405
1546720 408
1546730 408
1546740 409
1546750 409
1546760 409
1546770 409
1546780 410
1546790 410
1546800 411
1546810 411
1546820 411
1546830 412
1546840 412
1546850 412
1546860 413
1546870 414
1546880 414
1546890 414
1546900 415
1546910 415
1546920 415
1546930 416
1546940 416
1546950 416
1546960 416
1546970 416
1546980 417
1546990 417
1547000 417
1547010 417
1547020 417
1547030 417
1547040 418
1547050 418
1547060 418
1547070 418
1547080 418
1547090 418
1547100 418
1547110 419
1547120 419
1547130 419
1547140 419
1547150 419
1547160 418
1547170 418
1547180 418
1547190 418
1547200 418
1547210 418
1547220 418
1547230 417
1547240 417
1547250 417
1547260 416
1547270 416
1547280 416
1547290 416
1547300 416
1547310 415
1547320 414
1547330 414
1547340 414
1547350 413
1547360 413
1547370 413
1547380 412
1547390 412
1547400 412
1547410 411
1547420 411
1547430 410
1547440 409
1547450 409
1547460 408
1547470 407
1547480 405
1547490 405
1547500 404
1547510 403
1547520 403
1547530 401
1547540 399
1547550 399
1547560 397
1547570 395
1547580 395
1547590 393
1547600 392
1547610 392
1547620 391
1547630 391
1547640 391
1547650 392
1547660 393
1547670 393
1547680 395
1547690 396
1547700 396
1547710 398
1547720 400
1547730 400
1547740 401
1547750 403
1547760 403
1547770 404
1547780 406
1547790 406
1547800 407
1547810 409
1547820 409
1547830 410
1547840 411
1547850 411
1547860 413
1547870 414
1547880 414
1547890 416
1547900 417
1547910 417
1547920 418
1547930 418
1547940 418
1547950 419
1547960 419
1547970 419
1547980 420
1547990 421
1548000 421
1548010 421
1548020 422
1548030 422
1548040 422
1548050 422
1548060 422
1548070 423
1548080 423
1548090 423
1548100 423
1548110 423
1548120 423
1548130 423
1548140 423
1548150 423
1548160 424
1548170 424
1548180 424
1548190 424
1548200 424
1548210 424
1548220 424
1548230 424
1548240 424
1548250 424
1548260 423
1548270 423
1548280 423
1548290 423
1548300 423
1548310 423
1548320 423
1548330 423
1548340 422
1548350 422
1548360 422
1548370 421
1548380 421
1548390 421
1548400 420
1548410 420
1548420 420
1548430 419
1548440 418
1548450 418
1548460 417
1548470 416
1548480 416
1548490 416
1548500 415
1548510 415
1548520 413
1548530 412
1548540 412
1548550 410
1548560 409
1548570 409
1548580 408
1548590 406
1548600 406
1548610 405
1548620 404
1548630 404
1548640 403
1548650 402
1548660 402
1548670 400
1548680 399
1548690 399
1548700 398
1548710 397
1548720 397
1548730 397
1548740 396
1548750 396
1548760 396
1548770 396
1548780 396
1548790 396
1548800 396
1548810 396
1548820 395
1548830 393
1548840 393
1548850 392
1548860 390
1548870 390
1548880 389
1548890 388
1548900 388
1548910 386
1548920 384
1548930 384
1548940 381
1548950 381
1548960 381
1548970 381
1548980 383
1548990 383
1549000 384
1549010 385
1549020 385
1549030 385
1549040 386
1549050 386
1549060 386
1549070 387
1549080 387
1549090 389
1549100 391
1549110 391
1549120 393
1549130 395
1549140 395
1549150 397
1549160 399
1549170 399
1549180 400
1549190 401
1549200 401
1549210 402
1549220 402
1549230 402
1549240 402
1549250 402
1549260 402
1549270 402
1549280 402
1549290 402
1549300 402
1549310 402
1549320 402
1549330 401
1549340 400
1549350 400
1549360 399
1549370 398
1549380 398
1549390 397
1549400 396
1549410 396
1549420 395
1549430 393
1549440 393
1549450 389
1549460 389
1549470 389
1549480 391
1549490 395
1549500 395
1549510 398
1549520 400
1549530 400
1549540 402
1549550 404
1549560 404
1549570 406
1549580 409
1549590 409
1549600 411
1549610 413
1549620 413
1549630 415
1549640 417
1549650 417
1549660 418
1549670 419
1549680 419
1549690 420
1549700 420
1549710 420
1549720 421
1549730 421
1549740 421
1549750 422
1549760 422
1549770 422
1549780 422
1549790 422
1549800 422
1549810 422
1549820 423
1549830 423
1549840 423
1549850 423
1549860 423
1549870 423
1549880 423
1549890 423
1549900 423
1549910 423
1549920 423
1549930 423
1549940 423
1549950 423
1549960 422
1549970 422
1549980 422
1549990 422
1550000 422
1550010 422
1550020 422
1550030 422
1550040 421
1550050 421
1550060 421
1550070 421
1550080 421
1550090 420
1550100 420
1550110 420
1550120 419
1550130 418
1550140 418
1550150 418
1550160 417
1550170 417
1550180 416
1550190 416
1550200 416
1550210 415
1550220 414
1550230 414
1550240 413
1550250 412
1550260 412
1550270 411
1550280 410
1550290 410
1550300 408
1550310 407
1550320 407
1550330 405
1550340 403
1550350 403
1550360 400
1550370 398
1550380 398
1550390 397
1550400 398
1550410 398
1550420 398
1550430 399
1550440 399
1550450 399
1550460 400
1550470 400
1550480 400
1550490 401
1550500 401
1550510 402
1550520 402
1550530 402
1550540 403
1550550 404
1550560 404
1550570 405
1550580 405
1550590 405
1550600 406
1550610 406
1550620 406
1550630 406
1550640 406
1550650 406
1550660 406
1550670 406
1550680 406
1550690 406
1550700 406
1550710 406
1550720 405
1550730 405
1550740 405
1550750 403
1550760 403
1550770 403
1550780 402
1550790 401
1550800 401
1550810 400
1550820 399
1550830 399
1550840 398
1550850 396
1550860 396
1550870 395
1550880 393
1550890 393
1550900 392
1550910 390
1550920 390
1550930 389
1550940 388
1550950 388
1550960 386
1550970 384
1550980 384
1550990 382
1551000 381
1551010 381
1551020 379
1551030 378
1551040 378
1551050 375
1551060 373
1551070 373
1551080 372
1551090 372
1551100 372
1551110 371
1551120 370
1551130 370
1551140 370
1551150 369
1551160 369
1551170 368
1551180 367
1551190 367
1551200 366
1551210 366
1551220 366
1551230 365
1551240 364
1551250 364
1551260 364
1551270 363
1551280 363
1551290 363
1551300 363
1551310 363
1551320 363
1551330 363
1551340 363
1551350 362
1551360 362
1551370 362
1551380 362
1551390 362
1551400 362
1551410 362
1551420 363
1551430 363
1551440 364
1551450 365
1551460 365
1551470 367
1551480 368
1551490 368
1551500 370
1551510 371
1551520 371
1551530 372
1551540 373
1551550 373
1551560 373
1551570 374
1551580 374
1551590 374
1551600 374
1551610 374
1551620 375
1551630 375
1551640 375
1551650 375
1551660 375
1551670 375
1551680 375
1551690 375
1551700 375
1551710 375
1551720 375
1551730 375
1551740 374
1551750 374
1551760 374
1551770 374
1551780 373
1551790 373
1551800 373
1551810 372
1551820 372
1551830 371
1551840 371
1551850 371
1551860 370
1551870 369
1551880 369
1551890 369
1551900 369
1551910 369
1551920 369
1551930 368
1551940 369
1551950 369
1551960 368
1551970 368
1551980 368
1551990 367
1552000 367
1552010 367
1552020 367
1552030 367
1552040 366
1552050 366
1552060 366
1552070 365
1552080 365
1552090 365
1552100 364
1552110 364
1552120 364
1552130 363
1552140 362
1552150 362
1552160 362
1552170 361
1552180 361
1552190 360
1552200 359
1552210 359
1552220 358
1552230 357
1552240 357
1552250 356
1552260 355
1552270 355
1552280 355
1552290 354
1552300 354
1552310 354
1552320 354
1552330 354
1552340 353
1552350 353
1552360 353
1552370 353
1552380 353
1552390 353
1552400 353
1552410 353
1552420 353
1552430 354
1552440 354
1552450 354
1552460 354
1552470 355
1552480 355
1552490 355
1552500 355
1552510 355
1552520 355
1552530 355
1552540 355
1552550 355
1552560 355
1552570 355
1552580 355
1552590 355
1552600 355
1552610 355
1552620 355
1552630 355
1552640 355
1552650 355
1552660 354
1552670 354
1552680 354
1552690 354
1552700 354
1552710 354
1552720 354
1552730 354
1552740 354
1552750 353
1552760 353
1552770 353
1552780 353
1552790 353
1552800 353
1552810 353
1552820 353
1552830 353
1552840 353
1552850 353
1552860 353
1552870 352
1552880 352
1552890 352
1552900 352
1552910 352
1552920 352
1552930 353
1552940 353
1552950 353
1552960 353
1552970 353
1552980 353
1552990 353
1553000 353
1553010 353
1553020 353
1553030 353
1553040 353
1553050 354
1553060 354
1553070 354
1553080 354
1553090 354
1553100 354
1553110 354
1553120 354
1553130 354
1553140 355
1553150 355
1553160 355
1553170 355
1553180 355
1553190 355
1553200 355
1553210 355
1553220 355
1553230 355
1553240 355
1553250 355
1553260 355
1553270 355
1553280 356
1553290 356
1553300 356
1553310 356
1553320 356
1553330 356
1553340 356
1553350 356
1553360 356
1553370 356
1553380 356
1553390 356
1553400 356
1553410 356
1553420 356
1553430 356
1553440 355
1553450 355
1553460 355
1553470 355
1553480 355
1553490 354
1553500 354
1553510 354
1553520 354
1553530 353
1553540 353
1553550 353
1553560 352
1553570 352
1553580 351
1553590 351
1553600 351
1553610 350
1553620 349
1553630 349
1553640 349
1553650 348
1553660 348
1553670 347
1553680 346
1553690 346
1553700 345
1553710 345
1553720 345
1553730 344
1553740 343
1553750 343
1553760 342
1553770 341
1553780 341
1553790 341
1553800 340
1553810 340
1553820 339
1553830 339
1553840 339
1553850 340
1553860 340
1553870 340
1553880 340
1553890 340
1553900 340
1553910 341
1553920 342
1553930 342
1553940 343
1553950 345
1553960 345
1553970 347
1553980 349
1553990 349
1554000 352
1554010 353
1554020 353
1554030 353
1554040 353
1554050 353
1554060 353
1554070 353
1554080 353
1554090 351
1554100 348
1554110 348
1554120 346
1554130 344
1554140 344
1554150 342
1554160 340
1554170 340
1554180 340
1554190 338
1554200 338
1554210 337
1554220 337
1554230 337
1554240 336
1554250 336
1554260 336
1554270 336
1554280 336
1554290 336
1554300 336
1554310 336
1554320 336
1554330 336
1554340 336
1554350 336
1554360 336
1554370 335
1554380 335
1554390 335
1554400 335
1554410 335
1554420 335
1554430 335
1554440 335
1554450 335
1554460 335
1554470 335
1554480 335
1554490 335
1554500 335
1554510 335
1554520 335
1554530 335
1554540 335
1554550 335
1554560 335
1554570 335
1554580 335
1554590 335
1554600 335
1554610 335
1554620 335
1554630 335
1554640 335
1554650 335
1554660 335
1554670 335
1554680 335
1554690 335
1554700 335
1554710 335
1554720 335
1554730 335
1554740 335
1554750 335
1554760 335
1554770 335
1554780 335
1554790 335
1554800 335
1554810 335
1554820 335
1554830 335
1554840 335
1554850 335
1554860 335
1554870 335
1554880 335
1554890 335
1554900 335
1554910 335
1554920 335
1554930 335
1554940 335
1554950 335
1554960 335
1554970 335
1554980 334
1554990 334
1555000 334
1555010 334
1555020 334
1555030 334
1555040 334
1555050 334
1555060 334
1555070 334
1555080 334
1555090 334
1555100 334
1555110 334
1555120 334
1555130 334
1555140 334
1555150 334
1555160 334
1555170 334
1555180 334
1555190 334
1555200 334
1555210 334
1555220 334
1555230 334
1555240 334
1555250 334
1555260 334
1555270 334
1555280 333
1555290 333
1555300 333
1555310 333
1555320 333
1555330 333
1555340 333
1555350 333
1555360 333
1555370 333
1555380 333
1555390 333
1555400 333
1555410 333
1555420 333
1555430 332
1555440 332
1555450 332
1555460 332
1555470 332
1555480 332
1555490 332
1555500 332
1555510 332
1555520 332
1555530 332
1555540 332
1555550 332
1555560 332
1555570 332
1555580 332
1555590 332
1555600 332
1555610 332
1555620 332
1555630 332
1555640 332
1555650 332
1555660 332
1555670 332
1555680 332
1555690 332
1555700 332
1555710 332
1555720 332
1555730 332
1555740 332
1555750 332
1555760 332
1555770 332
1555780 332
1555790 332
1555800 332
1555810 332
1555820 332
1555830 332
1555840 332
1555850 332
1555860 332
1555870 332
1555880 332
1555890 332
1555900 332
1555910 332
1555920 332
1555930 332
1555940 332
1555950 332
1555960 332
1555970 332
1555980 332
1555990 332
1556000 332
1556010 332
1556020 332
1556030 332
1556040 332
1556050 332
1556060 332
1556070 332
1556080 332
1556090 332
1556100 332
1556110 332
1556120 331
1556130 331
1556140 331
1556150 331
1556160 331
1556170 331
1556180 332
1556190 332
1556200 332
1556210 332
1556220 332
1556230 332
1556240 332
1556250 332
1556260 332
1556270 331
1556280 331
1556290 331
1556300 331
1556310 331
1556320 331
1556330 331
1556340 331
1556350 331
1556360 331
1556370 331
1556380 331
1556390 331
1556400 331
1556410 331
1556420 331
1556430 331
1556440 331
1556450 331
1556460 331
1556470 331
1556480 331
1556490 331
1556500 331
1556510 331
1556520 331
1556530 331
1556540 331
1556550 331
1556560 331
1556570 331
1556580 331
1556590 331
1556600 331
1556610 331
1556620 331
1556630 331
1556640 331
1556650 331
1556660 332
1556670 332
1556680 334
1556690 336
1556700 336
1556710 337
1556720 337
1556730 337
1556740 337
1556750 336
1556760 336
1556770 335
1556780 333
1556790 333
1556800 332
1556810 331
1556820 331
1556830 331
1556840 331
1556850 331
1556860 331
1556870 331
1556880 331
1556890 331
1556900 331
1556910 331
1556920 331
1556930 331
1556940 331
1556950 331
1556960 331
1556970 331
1556980 331
1556990 331
1557000 331
1557010 331
1557020 331
1557030 331
1557040 331
1557050 331
1557060 331
1557070 330
1557080 331
1557090 331
1557100 331
1557110 331
1557120 331
1557130 331
1557140 331
1557150 331
1557160 331
1557170 331
1557180 331
1557190 331
1557200 330
1557210 330
1557220 330
1557230 330
1557240 330
1557250 330
1557260 330
1557270 330
1557280 330
1557290 330
1557300 330
1557310 330
1557320 330
1557330 330
1557340 330
1557350 330
1557360 330
1557370 330
1557380 329
1557390 329
1557400 329
1557410 329
1557420 329
1557430 329
1557440 329
1557450 329
1557460 329
1557470 329
1557480 329
1557490 329
1557500 329
1557510 329
1557520 329
1557530 329
1557540 329
1557550 329
1557560 329
1557570 329
1557580 329
1557590 329
1557600 329
1557610 329
1557620 329
1557630 329
1557640 329
1557650 329
1557660 329
1557670 329
1557680 329
1557690 329
1557700 329
1557710 329
1557720 329
1557730 329
1557740 329
1557750 329
1557760 329
1557770 329
1557780 328
1557790 328
1557800 328
1557810 328
1557820 328
1557830 328
1557840 328
1557850 328
1557860 328
1557870 328
1557880 328
1557890 328
1557900 328
1557910 328
1557920 328
1557930 328
1557940 328
1557950 328
1557960 328
1557970 328
1557980 328
1557990 328
1558000 328
1558010 328
1558020 328
1558030 328
1558040 328
1558050 328
1558060 328
1558070 328
1558080 328
1558090 328
1558100 328
1558110 327
1558120 327
1558130 327
1558140 327
1558150 327
1558160 327
1558170 327
1558180 327
1558190 327
1558200 327
1558210 327
1558220 327
1558230 327
1558240 327
1558250 327
1558260 327
1558270 327
1558280 327
1558290 327
1558300 327
1558310 327
1558320 327
1558330 327
1558340 326
1558350 326
1558360 326
1558370 326
1558380 326
1558390 326
1558400 326
1558410 326
1558420 326
1558430 326
1558440 325
1558450 325
1558460 325
1558470 325
1558480 325
1558490 325
1558500 325
1558510 325
1558520 325
1558530 325
1558540 325
1558550 325
1558560 326
1558570 326
1558580 326
1558590 326
1558600 326
1558610 326
1558620 326
1558630 326
1558640 325
1558650 326
1558660 326
1558670 326
1558680 326
1558690 326
1558700 325
1558710 325
1558720 325
1558730 325
1558740 325
1558750 325
1558760 326
1558770 326
1558780 326
1558790 326
1558800 326
1558810 326
1558820 326
1558830 326
1558840 326
1558850 326
1558860 326
1558870 326
1558880 326
1558890 325
1558900 325
1558910 325
1558920 326
1558930 326
1558940 326
1558950 326
1558960 326
1558970 326
1558980 326
1558990 326
1559000 326
1559010 326
1559020 326
1559030 325
1559040 325
1559050 325
1559060 325
1559070 325
1559080 325
1559090 324
1559100 322
1559110 322
1559120 320
1559130 319
1559140 319
1559150 319
1559160 320
1559170 320
1559180 321
1559190 322
1559200 322
1559210 322
1559220 322
1559230 322
1559240 321
1559250 321
1559260 321
1559270 321
1559280 321
1559290 321
1559300 321
1559310 321
1559320 321
1559330 321
1559340 321
1559350 321
1559360 320
1559370 320
1559380 320
1559390 320
1559400 320
1559410 320
1559420 320
1559430 320
1559440 320
1559450 320
1559460 321
1559470 321
1559480 321
1559490 320
1559500 320
1559510 320
1559520 320
1559530 320
1559540 320
1559550 320
1559560 320
1559570 320
1559580 320
1559590 320
1559600 319
1559610 319
1559620 319
1559630 319
1559640 319
1559650 319
1559660 319
1559670 319
1559680 319
1559690 319
1559700 319
1559710 319
1559720 319
1559730 319
1559740 319
1559750 319
1559760 319
1559770 319
1559780 319
1559790 319
1559800 319
1559810 319
1559820 319
1559830 319
1559840 319
1559850 319
1559860 319
1559870 319
1559880 319
1559890 319
1559900 319
1559910 319
1559920 319
1559930 319
1559940 319
1559950 319
1559960 319
1559970 318
1559980 318
1559990 318
