1540000 417
1540010 417
1540020 418
1540030 418
1540040 418
1540050 418
1540060 418
1540070 418
1540080 418
1540090 418
1540100 418
1540110 418
1540120 418
1540130 418
1540140 418
1540150 418
1540160 418
1540170 417
1540180 417
1540190 416
1540200 415
1540210 415
1540220 414
1540230 412
1540240 412
1540250 411
1540260 410
1540270 410
1540280 410
1540290 410
1540300 410
1540310 411
1540320 413
1540330 413
1540340 413
1540350 414
1540360 414
1540370 414
1540380 415
1540390 415
1540400 415
1540410 416
1540420 416
1540430 416
1540440 417
1540450 417
1540460 417
1540470 418
1540480 418
1540490 419
1540500 420
1540510 420
1540520 421
1540530 423
1540540 423
1540550 424
1540560 425
1540570 425
1540580 426
1540590 427
1540600 427
1540610 428
1540620 429
1540630 429
1540640 429
1540650 430
1540660 430
1540670 430
1540680 430
1540690 430
1540700 431
1540710 431
1540720 431
1540730 431
1540740 431
1540750 431
1540760 431
1540770 432
1540780 432
1540790 432
1540800 432
1540810 432
1540820 432
1540830 432
1540840 432
1540850 432
1540860 432
1540870 432
1540880 432
1540890 431
1540900 431
1540910 431
1540920 431
1540930 431
1540940 430
1540950 430
1540960 430
1540970 429
1540980 428
1540990 428
1541000 428
1541010 427
1541020 427
1541030 426
1541040 424
1541050 424
1541060 422
1541070 421
1541080 421
1541090 419
1541100 416
1541110 416
1541120 413
1541130 408
1541140 408
1541150 405
1541160 404
1541170 404
1541180 403
1541190 403
1541200 403
1541210 404
1541220 405
1541230 405
1541240 406
1541250 406
1541260 406
1541270 405
1541280 404
1541290 404
1541300 403
1541310 402
1541320 402
1541330 401
1541340 399
1541350 399
1541360 398
1541370 394
1541380 394
1541390 393
1541400 392
1541410 392
1541420 390
1541430 389
1541440 389
1541450 388
1541460 386
1541470 386
1541480 386
1541490 386
1541500 385
1541510 385
1541520 384
1541530 383
1541540 383
1541550 382
1541560 382
1541570 382
1541580 381
1541590 380
1541600 380
1541610 378
1541620 380
1541630 380
1541640 381
1541650 382
1541660 382
1541670 382
1541680 382
1541690 382
1541700 382
1541710 382
1541720 382
1541730 383
1541740 383
1541750 383
1541760 383
1541770 383
1541780 383
1541790 385
1541800 389
1541810 389
1541820 392
1541830 394
1541840 394
1541850 396
1541860 397
1541870 397
1541880 398
1541890 398
1541900 398
1541910 399
1541920 399
1541930 399
1541940 400
1541950 401
1541960 401
1541970 401
1541980 402
1541990 402
1542000 402
1542010 402
1542020 402
1542030 403
1542040 403
1542050 403
1542060 403
1542070 403
1542080 403
1542090 403
1542100 404
1542110 404
1542120 404
1542130 404
1542140 404
1542150 404
1542160 403
1542170 403
1542180 403
1542190 402
1542200 402
1542210 402
1542220 402
1542230 402
1542240 401
1542250 401
1542260 401
1542270 400
1542280 400
1542290 400
1542300 400
1542310 400
1542320 400
1542330 400
1542340 400
1542350 400
1542360 400
1542370 400
1542380 400
1542390 400
1542400 399
1542410 399
1542420 400
1542430 401
1542440 401
1542450 402
1542460 403
1542470 403
1542480 404
1542490 405
1542500 405
1542510 406
1542520 407
1542530 407
1542540 408
1542550 409
1542560 409
1542570 410
1542580 411
1542590 411
1542600 412
1542610 413
1542620 413
1542630 414
1542640 415
1542650 415
1542660 416
1542670 417
1542680 417
1542690 418
1542700 419
1542710 419
1542720 420
1542730 421
1542740 421
1542750 422
1542760 422
1542770 422
1542780 423
1542790 424
1542800 424
1542810 425
1542820 426
1542830 426
1542840 427
1542850 428
1542860 428
1542870 429
1542880 430
1542890 430
1542900 430
1542910 431
1542920 431
1542930 431
1542940 431
1542950 431
1542960 432
1542970 432
1542980 432
1542990 432
1543000 432
1543010 432
1543020 432
1543030 432
1543040 432
1543050 431
1543060 431
1543070 431
1543080 431
1543090 431
1543100 431
1543110 430
1543120 430
1543130 430
1543140 430
1543150 429
1543160 429
1543170 429
1543180 429
1543190 429
1543200 429
1543210 429
1543220 429
1543230 429
1543240 429
1543250 429
1543260 429
1543270 429
1543280 429
1543290 428
1543300 428
1543310 428
1543320 428
1543330 428
1543340 428
1543350 428
1543360 427
1543370 427
1543380 427
1543390 427
1543400 427
1543410 426
1543420 426
1543430 426
1543440 426
1543450 425
1543460 425
1543470 425
1543480 424
1543490 424
1543500 424
1543510 424
1543520 424
1543530 423
1543540 423
1543550 423
1543560 422
1543570 421
1543580 421
1543590 420
1543600 420
1543610 420
1543620 416
1543630 416
1543640 416
1543650 415
1543660 414
1543670 414
1543680 414
1543690 413
1543700 413
1543710 413
1543720 412
1543730 412
1543740 412
1543750 412
1543760 412
1543770 412
1543780 412
1543790 412
1543800 412
1543810 412
1543820 412
1543830 412
1543840 412
1543850 412
1543860 411
1543870 411
1543880 411
1543890 411
1543900 411
1543910 411
1543920 410
1543930 410
1543940 410
1543950 409
1543960 409
1543970 409
1543980 408
1543990 407
1544000 407
1544010 406
1544020 405
1544030 405
1544040 404
1544050 405
1544060 405
1544070 406
1544080 407
1544090 407
1544100 408
1544110 409
1544120 409
1544130 410
1544140 412
1544150 412
1544160 413
1544170 414
1544180 414
1544190 414
1544200 414
1544210 414
1544220 414
1544230 415
1544240 415
1544250 415
1544260 416
1544270 416
1544280 416
1544290 416
1544300 416
1544310 416
1544320 416
1544330 416
1544340 416
1544350 416
1544360 416
1544370 417
1544380 417
1544390 417
1544400 417
1544410 418
1544420 418
1544430 418
1544440 418
1544450 418
1544460 418
1544470 418
1544480 418
1544490 418
1544500 417
1544510 417
1544520 416
1544530 415
1544540 415
1544550 415
1544560 414
1544570 414
1544580 412
1544590 410
1544600 409
1544610 409
1544620 407
1544630 408
1544640 408
1544650 407
1544660 407
1544670 407
1544680 407
1544690 407
1544700 407
1544710 408
1544720 407
1544730 407
1544740 407
1544750 408
1544760 408
1544770 407
1544780 406
1544790 406
1544800 406
1544810 406
1544820 406
1544830 406
1544840 405
1544850 405
1544860 405
1544870 404
1544880 404
1544890 404
1544900 404
1544910 404
1544920 403
1544930 403
1544940 403
1544950 403
1544960 402
1544970 402
1544980 402
1544990 401
1545000 401
1545010 400
1545020 400
1545030 400
1545040 399
1545050 398
1545060 398
1545070 397
1545080 397
1545090 397
1545100 396
1545110 395
1545120 395
1545130 395
1545140 394
1545150 394
1545160 394
1545170 393
1545180 393
1545190 392
1545200 391
1545210 391
1545220 390
1545230 390
1545240 390
1545250 389
1545260 388
1545270 388
1545280 387
1545290 386
1545300 386
1545310 384
1545320 383
1545330 383
1545340 382
1545350 381
1545360 381
1545370 380
1545380 379
1545390 379
1545400 378
1545410 377
1545420 377
1545430 376
1545440 375
1545450 375
1545460 374
1545470 373
1545480 373
1545490 372
1545500 371
1545510 371
1545520 371
1545530 371
1545540 371
1545550 370
1545560 369
1545570 369
1545580 368
1545590 368
1545600 368
1545610 367
1545620 367
1545630 367
1545640 366
1545650 366
1545660 366
1545670 365
1545680 365
1545690 365
1545700 364
1545710 364
1545720 364
1545730 363
1545740 363
1545750 363
1545760 362
1545770 362
1545780 361
1545790 360
1545800 360
1545810 360
1545820 359
1545830 359
1545840 359
1545850 358
1545860 358
1545870 358
1545880 358
1545890 358
1545900 358
1545910 357
1545920 357
1545930 357
1545940 357
1545950 356
1545960 356
1545970 356
1545980 356
1545990 356
1546000 356
1546010 356
1546020 356
1546030 356
1546040 355
1546050 355
1546060 355
1546070 355
1546080 355
1546090 355
1546100 355
1546110 355
1546120 355
1546130 355
1546140 355
1546150 355
1546160 355
1546170 355
1546180 355
1546190 355
1546200 355
1546210 355
1546220 355
1546230 355
1546240 355
1546250 355
1546260 355
1546270 354
1546280 353
1546290 353
1546300 351
1546310 350
1546320 350
1546330 349
1546340 348
1546350 348
1546360 347
1546370 346
1546380 346
1546390 345
1546400 344
1546410 344
1546420 343
1546430 341
1546440 341
1546450 339
1546460 336
1546470 336
1546480 336
1546490 335
1546500 335
1546510 335
1546520 335
1546530 335
1546540 335
1546550 335
1546560 335
1546570 335
1546580 335
1546590 335
1546600 335
1546610 335
1546620 335
1546630 335
1546640 334
1546650 334
1546660 334
1546670 334
1546680 334
1546690 334
1546700 333
1546710 333
1546720 334
1546730 333
1546740 333
1546750 333
1546760 333
1546770 333
1546780 332
1546790 333
1546800 333
1546810 333
1546820 333
1546830 333
1546840 332
1546850 332
1546860 332
1546870 332
1546880 333
1546890 333
1546900 334
1546910 334
1546920 334
1546930 334
1546940 334
1546950 334
1546960 332
1546970 333
1546980 333
1546990 333
1547000 335
1547010 335
1547020 335
1547030 335
1547040 335
1547050 335
1547060 334
1547070 334
1547080 333
1547090 332
1547100 332
1547110 332
1547120 331
1547130 331
1547140 331
1547150 331
1547160 331
1547170 330
1547180 330
1547190 330
1547200 329
1547210 328
1547220 328
1547230 328
1547240 327
1547250 327
1547260 327
1547270 327
1547280 327
1547290 326
1547300 326
1547310 326
1547320 326
1547330 326
1547340 326
1547350 326
1547360 326
1547370 326
1547380 326
1547390 326
1547400 326
1547410 326
1547420 326
1547430 326
1547440 326
1547450 326
1547460 326
1547470 326
1547480 326
1547490 326
1547500 325
1547510 325
1547520 325
1547530 325
1547540 325
1547550 325
1547560 325
1547570 325
1547580 325
1547590 325
1547600 325
1547610 325
1547620 325
1547630 324
1547640 324
1547650 325
1547660 325
1547670 325
1547680 325
1547690 325
1547700 325
1547710 325
1547720 325
1547730 325
1547740 325
1547750 325
1547760 325
1547770 325
1547780 325
1547790 324
1547800 324
1547810 325
1547820 325
1547830 325
1547840 325
1547850 325
1547860 325
1547870 325
1547880 324
1547890 324
1547900 324
1547910 324
1547920 324
1547930 324
1547940 324
1547950 324
1547960 324
1547970 324
1547980 324
1547990 324
1548000 324
1548010 324
1548020 324
1548030 324
1548040 324
1548050 324
1548060 324
1548070 324
1548080 324
1548090 323
1548100 323
1548110 323
1548120 323
1548130 323
1548140 323
1548150 323
1548160 323
1548170 323
1548180 323
1548190 323
1548200 323
1548210 323
1548220 323
1548230 323
1548240 323
1548250 323
1548260 323
1548270 323
1548280 323
1548290 323
1548300 323
1548310 323
1548320 323
1548330 323
1548340 323
1548350 323
1548360 323
1548370 323
1548380 323
1548390 324
1548400 324
1548410 324
1548420 325
1548430 325
1548440 325
1548450 326
1548460 326
1548470 326
1548480 326
1548490 326
1548500 326
1548510 326
1548520 326
1548530 326
1548540 326
1548550 326
1548560 326
1548570 327
1548580 327
1548590 327
1548600 327
1548610 327
1548620 327
1548630 327
1548640 327
1548650 327
1548660 328
1548670 328
1548680 328
1548690 328
1548700 328
1548710 328
1548720 328
1548730 328
1548740 328
1548750 328
1548760 328
1548770 328
1548780 328
1548790 328
1548800 328
1548810 328
1548820 328
1548830 328
1548840 328
1548850 328
1548860 328
1548870 329
1548880 329
1548890 329
1548900 329
1548910 329
1548920 329
1548930 329
1548940 329
1548950 329
1548960 328
1548970 328
1548980 328
1548990 328
1549000 328
1549010 328
1549020 328
1549030 328
1549040 328
1549050 328
1549060 328
1549070 329
1549080 329
1549090 329
1549100 330
1549110 331
1549120 331
1549130 331
1549140 332
1549150 332
1549160 333
1549170 335
1549180 335
1549190 336
1549200 338
1549210 338
1549220 337
1549230 337
1549240 337
1549250 337
1549260 337
1549270 337
1549280 337
1549290 337
1549300 337
1549310 339
1549320 340
1549330 340
1549340 342
1549350 345
1549360 345
1549370 347
1549380 350
1549390 350
1549400 352
1549410 354
1549420 354
1549430 356
1549440 357
1549450 357
1549460 357
1549470 356
1549480 356
1549490 357
1549500 357
1549510 357
1549520 357
1549530 357
1549540 357
1549550 357
1549560 356
1549570 356
1549580 356
1549590 353
1549600 353
1549610 351
1549620 353
1549630 353
1549640 353
1549650 351
1549660 351
1549670 350
1549680 349
1549690 349
1549700 349
1549710 348
1549720 348
1549730 348
1549740 348
1549750 348
1549760 349
1549770 350
1549780 350
1549790 351
1549800 353
1549810 353
1549820 355
1549830 356
1549840 356
1549850 358
1549860 359
1549870 359
1549880 358
1549890 359
1549900 359
1549910 360
1549920 361
1549930 361
1549940 362
1549950 362
1549960 362
1549970 363
1549980 364
1549990 364
1550000 365
1550010 365
1550020 365
1550030 365
1550040 365
1550050 365
1550060 365
1550070 365
1550080 365
1550090 365
1550100 365
1550110 365
1550120 365
1550130 364
1550140 364
1550150 364
1550160 364
1550170 364
1550180 364
1550190 363
1550200 363
1550210 363
1550220 363
1550230 363
1550240 362
1550250 361
1550260 361
1550270 361
1550280 361
1550290 361
1550300 361
1550310 360
1550320 360
1550330 360
1550340 358
1550350 358
1550360 357
1550370 356
1550380 356
1550390 355
1550400 354
1550410 354
1550420 353
1550430 353
1550440 353
1550450 352
1550460 352
1550470 352
1550480 352
1550490 352
1550500 352
1550510 351
1550520 351
1550530 351
1550540 352
1550550 352
1550560 352
1550570 352
1550580 353
1550590 353
1550600 353
1550610 354
1550620 354
1550630 354
1550640 355
1550650 355
1550660 357
1550670 359
1550680 359
1550690 361
1550700 363
1550710 363
1550720 363
1550730 364
1550740 364
1550750 364
1550760 364
1550770 364
1550780 365
1550790 365
1550800 365
1550810 365
1550820 365
1550830 365
1550840 366
1550850 366
1550860 367
1550870 367
1550880 367
1550890 368
1550900 368
1550910 369
1550920 369
1550930 369
1550940 370
1550950 371
1550960 371
1550970 371
1550980 372
1550990 372
1551000 372
1551010 373
1551020 373
1551030 373
1551040 373
1551050 373
1551060 374
1551070 374
1551080 374
1551090 374
1551100 374
1551110 374
1551120 374
1551130 374
1551140 374
1551150 374
1551160 374
1551170 374
1551180 374
1551190 374
1551200 374
1551210 374
1551220 374
1551230 374
1551240 374
1551250 374
1551260 374
1551270 374
1551280 374
1551290 374
1551300 373
1551310 373
1551320 373
1551330 373
1551340 373
1551350 373
1551360 372
1551370 372
1551380 372
1551390 372
1551400 372
1551410 372
1551420 372
1551430 372
1551440 372
1551450 372
1551460 372
1551470 372
1551480 372
1551490 372
1551500 372
1551510 372
1551520 372
1551530 372
1551540 372
1551550 372
1551560 372
1551570 371
1551580 371
1551590 371
1551600 371
1551610 371
1551620 371
1551630 371
1551640 371
1551650 371
1551660 371
1551670 370
1551680 370
1551690 370
1551700 370
1551710 370
1551720 370
1551730 370
1551740 370
1551750 369
1551760 369
1551770 369
1551780 369
1551790 369
1551800 369
1551810 369
1551820 368
1551830 368
1551840 367
1551850 367
1551860 367
1551870 367
1551880 367
1551890 367
1551900 366
1551910 365
1551920 365
1551930 365
1551940 364
1551950 364
1551960 364
1551970 363
1551980 363
1551990 363
1552000 362
1552010 362
1552020 362
1552030 361
1552040 361
1552050 361
1552060 361
1552070 361
1552080 361
1552090 361
1552100 361
1552110 361
1552120 361
1552130 361
1552140 361
1552150 361
1552160 361
1552170 361
1552180 361
1552190 361
1552200 360
1552210 360
1552220 360
1552230 360
1552240 360
1552250 360
1552260 360
1552270 360
1552280 360
1552290 360
1552300 360
1552310 360
1552320 360
1552330 360
1552340 360
1552350 359
1552360 359
1552370 359
1552380 359
1552390 359
1552400 359
1552410 359
1552420 359
1552430 359
1552440 359
1552450 359
1552460 359
1552470 359
1552480 358
1552490 358
1552500 358
1552510 358
1552520 358
1552530 358
1552540 358
1552550 358
1552560 358
1552570 357
1552580 357
1552590 357
1552600 357
1552610 357
1552620 357
1552630 358
1552640 358
1552650 358
1552660 358
1552670 358
1552680 358
1552690 358
1552700 358
1552710 359
1552720 359
1552730 359
1552740 359
1552750 359
1552760 359
1552770 359
1552780 358
1552790 358
1552800 358
1552810 357
1552820 357
1552830 356
1552840 355
1552850 355
1552860 354
1552870 353
1552880 353
1552890 353
1552900 352
1552910 352
1552920 351
1552930 350
1552940 350
1552950 349
1552960 348
1552970 348
1552980 347
1552990 346
1553000 346
1553010 345
1553020 343
1553030 343
1553040 343
1553050 342
1553060 342
1553070 342
1553080 342
1553090 342
1553100 341
1553110 341
1553120 341
1553130 341
1553140 341
1553150 341
1553160 340
1553170 340
1553180 340
1553190 340
1553200 340
1553210 340
1553220 339
1553230 339
1553240 339
1553250 339
1553260 338
1553270 338
1553280 337
1553290 337
1553300 337
1553310 337
1553320 337
1553330 337
1553340 337
1553350 337
1553360 337
1553370 339
1553380 342
1553390 342
1553400 345
1553410 346
1553420 346
1553430 347
1553440 348
1553450 348
1553460 349
1553470 349
1553480 349
1553490 349
1553500 348
1553510 348
1553520 348
1553530 348
1553540 348
1553550 347
1553560 347
1553570 347
1553580 347
1553590 347
1553600 347
1553610 347
1553620 347
1553630 347
1553640 347
1553650 347
1553660 347
1553670 347
1553680 345
1553690 345
1553700 342
1553710 340
1553720 340
1553730 340
1553740 342
1553750 342
1553760 343
1553770 343
1553780 343
1553790 342
1553800 342
1553810 342
1553820 341
1553830 341
1553840 341
1553850 340
1553860 340
1553870 340
1553880 339
1553890 339
1553900 339
1553910 338
1553920 337
1553930 337
1553940 336
1553950 335
1553960 335
1553970 335
1553980 337
1553990 340
1554000 340
1554010 343
1554020 347
1554030 347
1554040 351
1554050 356
1554060 356
1554070 361
1554080 365
1554090 365
1554100 370
1554110 374
1554120 374
1554130 377
1554140 379
1554150 379
1554160 380
1554170 381
1554180 381
1554190 381
1554200 381
1554210 381
1554220 381
1554230 380
1554240 380
1554250 380
1554260 380
1554270 380
1554280 379
1554290 379
1554300 379
1554310 378
1554320 378
1554330 378
1554340 378
1554350 377
1554360 377
1554370 376
1554380 374
1554390 374
1554400 373
1554410 371
1554420 371
1554430 370
1554440 368
1554450 368
1554460 368
1554470 371
1554480 371
1554490 373
1554500 375
1554510 375
1554520 376
1554530 377
1554540 377
1554550 377
1554560 378
1554570 378
1554580 378
1554590 379
1554600 379
1554610 379
1554620 379
1554630 379
1554640 379
1554650 379
1554660 379
1554670 379
1554680 380
1554690 380
1554700 380
1554710 380
1554720 380
1554730 380
1554740 380
1554750 380
1554760 380
1554770 380
1554780 380
1554790 380
1554800 380
1554810 380
1554820 380
1554830 380
1554840 380
1554850 380
1554860 380
1554870 380
1554880 380
1554890 380
1554900 380
1554910 379
1554920 378
1554930 378
1554940 377
1554950 375
1554960 375
1554970 372
1554980 371
1554990 371
1555000 371
1555010 372
1555020 372
1555030 373
1555040 373
1555050 373
1555060 373
1555070 373
1555080 373
1555090 373
1555100 373
1555110 373
1555120 372
1555130 372
1555140 372
1555150 372
1555160 372
1555170 372
1555180 372
1555190 372
1555200 372
1555210 372
1555220 372
1555230 372
1555240 373
1555250 373
1555260 373
1555270 374
1555280 374
1555290 374
1555300 375
1555310 375
1555320 375
1555330 376
1555340 376
1555350 376
1555360 377
1555370 378
1555380 378
1555390 379
1555400 379
1555410 379
1555420 380
1555430 380
1555440 380
1555450 381
1555460 381
1555470 381
1555480 381
1555490 381
1555500 381
1555510 381
1555520 381
1555530 381
1555540 381
1555550 381
1555560 381
1555570 381
1555580 381
1555590 379
1555600 379
1555610 379
1555620 379
1555630 379
1555640 379
1555650 379
1555660 379
1555670 379
1555680 379
1555690 380
1555700 380
1555710 380
1555720 380
1555730 381
1555740 381
1555750 381
1555760 381
1555770 381
1555780 382
1555790 382
1555800 382
1555810 382
1555820 382
1555830 382
1555840 382
1555850 382
1555860 382
1555870 382
1555880 382
1555890 382
1555900 382
1555910 382
1555920 382
1555930 382
1555940 382
1555950 382
1555960 382
1555970 382
1555980 382
1555990 382
1556000 382
1556010 382
1556020 383
1556030 383
1556040 383
1556050 383
1556060 383
1556070 383
1556080 383
1556090 382
1556100 382
1556110 382
1556120 382
1556130 382
1556140 382
1556150 381
1556160 381
1556170 381
1556180 381
1556190 381
1556200 381
1556210 380
1556220 380
1556230 380
1556240 380
1556250 380
1556260 379
1556270 379
1556280 379
1556290 379
1556300 379
1556310 379
1556320 379
1556330 379
1556340 379
1556350 378
1556360 378
1556370 378
1556380 378
1556390 378
1556400 378
1556410 377
1556420 377
1556430 377
1556440 377
1556450 377
1556460 377
1556470 376
1556480 376
1556490 376
1556500 376
1556510 375
1556520 375
1556530 375
1556540 375
1556550 375
1556560 375
1556570 375
1556580 375
1556590 375
1556600 375
1556610 375
1556620 375
1556630 375
1556640 375
1556650 375
1556660 374
1556670 374
1556680 374
1556690 374
1556700 374
1556710 374
1556720 374
1556730 374
1556740 374
1556750 374
1556760 374
1556770 373
1556780 373
1556790 373
1556800 373
1556810 373
1556820 373
1556830 373
1556840 373
1556850 373
1556860 373
1556870 373
1556880 373
1556890 373
1556900 372
1556910 372
1556920 372
1556930 372
1556940 372
1556950 372
1556960 372
1556970 372
1556980 372
1556990 371
1557000 371
1557010 371
1557020 371
1557030 371
1557040 371
1557050 371
1557060 371
1557070 370
1557080 370
1557090 370
1557100 370
1557110 370
1557120 370
1557130 370
1557140 370
1557150 369
1557160 369
1557170 368
1557180 368
1557190 368
1557200 368
1557210 368
1557220 368
1557230 367
1557240 367
1557250 367
1557260 367
1557270 367
1557280 367
1557290 366
1557300 366
1557310 366
1557320 365
1557330 365
1557340 365
1557350 364
1557360 364
1557370 364
1557380 363
1557390 362
1557400 362
1557410 362
1557420 362
1557430 362
1557440 362
1557450 361
1557460 361
1557470 361
1557480 361
1557490 361
1557500 360
1557510 359
1557520 359
1557530 359
1557540 358
1557550 358
1557560 357
1557570 356
1557580 356
1557590 356
1557600 355
1557610 355
1557620 354
1557630 353
1557640 353
1557650 352
1557660 352
1557670 352
1557680 350
1557690 348
1557700 348
1557710 347
1557720 348
1557730 348
1557740 348
1557750 349
1557760 349
1557770 350
1557780 351
1557790 351
1557800 352
1557810 353
1557820 353
1557830 353
1557840 353
1557850 353
1557860 353
1557870 353
1557880 353
1557890 353
1557900 353
1557910 353
1557920 353
1557930 353
1557940 353
1557950 353
1557960 353
1557970 353
1557980 352
1557990 352
1558000 352
1558010 352
1558020 352
1558030 352
1558040 351
1558050 351
1558060 351
1558070 351
1558080 350
1558090 350
1558100 350
1558110 349
1558120 349
1558130 348
1558140 348
1558150 348
1558160 347
1558170 347
1558180 347
1558190 346
1558200 346
1558210 346
1558220 345
1558230 344
1558240 344
1558250 344
1558260 344
1558270 344
1558280 345
1558290 345
1558300 345
1558310 343
1558320 341
1558330 341
1558340 341
1558350 340
1558360 340
1558370 339
1558380 339
1558390 339
1558400 340
1558410 339
1558420 339
1558430 338
1558440 339
1558450 339
1558460 340
1558470 341
1558480 341
1558490 340
1558500 338
1558510 338
1558520 334
1558530 333
1558540 333
1558550 333
1558560 331
1558570 331
1558580 330
1558590 329
1558600 329
1558610 330
1558620 330
1558630 330
1558640 330
1558650 329
1558660 329
1558670 329
1558680 328
1558690 328
1558700 328
1558710 328
1558720 328
1558730 327
1558740 326
1558750 326
1558760 325
1558770 325
1558780 325
1558790 325
1558800 325
1558810 325
1558820 325
1558830 325
1558840 325
1558850 324
1558860 324
1558870 324
1558880 324
1558890 324
1558900 324
1558910 324
1558920 324
1558930 324
1558940 324
1558950 324
1558960 324
1558970 324
1558980 324
1558990 324
1559000 323
1559010 323
1559020 323
1559030 323
1559040 323
1559050 323
1559060 324
1559070 324
1559080 324
1559090 324
1559100 324
1559110 324
1559120 324
1559130 324
1559140 324
1559150 324
1559160 324
1559170 324
1559180 324
1559190 324
1559200 324
1559210 324
1559220 324
1559230 324
1559240 324
1559250 324
1559260 324
1559270 324
1559280 323
1559290 323
1559300 323
1559310 323
1559320 323
1559330 323
1559340 323
1559350 323
1559360 323
1559370 323
1559380 323
1559390 323
1559400 323
1559410 323
1559420 323
1559430 323
1559440 323
1559450 323
1559460 323
1559470 323
1559480 323
1559490 323
1559500 323
1559510 323
1559520 323
1559530 323
1559540 323
1559550 323
1559560 323
1559570 323
1559580 323
1559590 323
1559600 323
1559610 323
1559620 323
1559630 323
1559640 323
1559650 323
1559660 323
1559670 322
1559680 322
1559690 322
1559700 323
1559710 323
1559720 323
1559730 322
1559740 322
1559750 322
1559760 323
1559770 323
1559780 323
1559790 323
1559800 323
1559810 323
1559820 323
1559830 323
1559840 323
1559850 323
1559860 323
1559870 323
1559880 323
1559890 323
1559900 322
1559910 322
1559920 322
1559930 322
1559940 322
1559950 322
1559960 322
1559970 322
1559980 322
1559990 322
