1540000 394
1540010 393
1540020 392
1540030 392
1540040 391
1540050 390
1540060 389
1540070 389
1540080 387
1540090 386
1540100 386
1540110 385
1540120 384
1540130 384
1540140 382
1540150 381
1540160 381
1540170 380
1540180 379
1540190 379
1540200 378
1540210 377
1540220 377
1540230 376
1540240 376
1540250 376
1540260 376
1540270 377
1540280 377
1540290 378
1540300 379
1540310 379
1540320 380
1540330 381
1540340 381
1540350 383
1540360 384
1540370 384
1540380 386
1540390 387
1540400 387
1540410 389
1540420 390
1540430 390
1540440 391
1540450 391
1540460 391
1540470 392
1540480 392
1540490 392
1540500 392
1540510 392
1540520 392
1540530 392
1540540 391
1540550 391
1540560 391
1540570 391
1540580 391
1540590 390
1540600 390
1540610 390
1540620 389
1540630 389
1540640 389
1540650 388
1540660 387
1540670 387
1540680 387
1540690 386
1540700 386
1540710 386
1540720 385
1540730 385
1540740 384
1540750 384
1540760 384
1540770 383
1540780 382
1540790 382
1540800 381
1540810 380
1540820 380
1540830 380
1540840 378
1540850 378
1540860 377
1540870 376
1540880 376
1540890 375
1540900 375
1540910 375
1540920 374
1540930 373
1540940 373
1540950 373
1540960 372
1540970 372
1540980 372
1540990 371
1541000 371
1541010 370
1541020 370
1541030 370
1541040 370
1541050 369
1541060 369
1541070 368
1541080 367
1541090 367
1541100 366
1541110 365
1541120 365
1541130 365
1541140 364
1541150 364
1541160 364
1541170 364
1541180 364
1541190 363
1541200 363
1541210 363
1541220 362
1541230 363
1541240 363
1541250 363
1541260 363
1541270 363
1541280 363
1541290 362
1541300 362
1541310 362
1541320 362
1541330 362
1541340 362
1541350 363
1541360 363
1541370 363
1541380 363
1541390 363
1541400 363
1541410 363
1541420 363
1541430 363
1541440 364
1541450 364
1541460 364
1541470 364
1541480 364
1541490 365
1541500 365
1541510 365
1541520 365
1541530 365
1541540 365
1541550 366
1541560 366
1541570 366
1541580 366
1541590 366
1541600 366
1541610 366
1541620 367
1541630 367
1541640 367
1541650 366
1541660 366
1541670 366
1541680 366
1541690 366
1541700 367
1541710 366
1541720 366
1541730 366
1541740 365
1541750 365
1541760 365
1541770 365
1541780 365
1541790 365
1541800 365
1541810 365
1541820 365
1541830 365
1541840 365
1541850 364
1541860 364
1541870 364
1541880 364
1541890 363
1541900 363
1541910 363
1541920 363
1541930 363
1541940 363
1541950 363
1541960 363
1541970 363
1541980 363
1541990 363
1542000 363
1542010 363
1542020 363
1542030 363
1542040 363
1542050 363
1542060 363
1542070 363
1542080 363
1542090 362
1542100 362
1542110 362
1542120 362
1542130 361
1542140 361
1542150 360
1542160 359
1542170 359
1542180 359
1542190 358
1542200 358
1542210 358
1542220 357
1542230 357
1542240 357
1542250 358
1542260 358
1542270 359
1542280 358
1542290 358
1542300 358
1542310 357
1542320 357
1542330 357
1542340 357
1542350 357
1542360 357
1542370 357
1542380 357
1542390 357
1542400 356
1542410 356
1542420 356
1542430 356
1542440 356
1542450 356
1542460 356
1542470 356
1542480 356
1542490 356
1542500 356
1542510 356
1542520 356
1542530 356
1542540 356
1542550 356
1542560 356
1542570 356
1542580 357
1542590 357
1542600 357
1542610 357
1542620 357
1542630 357
1542640 357
1542650 357
1542660 357
1542670 357
1542680 357
1542690 357
1542700 357
1542710 357
1542720 357
1542730 357
1542740 357
1542750 358
1542760 358
1542770 358
1542780 358
1542790 358
1542800 358
1542810 359
1542820 359
1542830 359
1542840 359
1542850 360
1542860 360
1542870 360
1542880 360
1542890 360
1542900 361
1542910 360
1542920 360
1542930 360
1542940 359
1542950 359
1542960 359
1542970 358
1542980 358
1542990 358
1543000 357
1543010 357
1543020 357
1543030 356
1543040 356
1543050 356
1543060 356
1543070 356
1543080 355
1543090 354
1543100 354
1543110 352
1543120 352
1543130 352
1543140 352
1543150 352
1543160 352
1543170 352
1543180 351
1543190 351
1543200 351
1543210 351
1543220 351
1543230 351
1543240 351
1543250 351
1543260 351
1543270 351
1543280 351
1543290 351
1543300 351
1543310 351
1543320 351
1543330 351
1543340 351
1543350 350
1543360 350
1543370 350
1543380 350
1543390 349
1543400 349
1543410 349
1543420 349
1543430 349
1543440 349
1543450 349
1543460 349
1543470 348
1543480 348
1543490 348
1543500 348
1543510 348
1543520 348
1543530 348
1543540 348
1543550 348
1543560 347
1543570 347
1543580 347
1543590 347
1543600 347
1543610 347
1543620 347
1543630 346
1543640 346
1543650 347
1543660 346
1543670 346
1543680 347
1543690 347
1543700 347
1543710 347
1543720 347
1543730 347
1543740 347
1543750 347
1543760 347
1543770 347
1543780 347
1543790 348
1543800 348
1543810 348
1543820 348
1543830 348
1543840 348
1543850 346
1543860 346
1543870 346
1543880 346
1543890 346
1543900 346
1543910 346
1543920 346
1543930 346
1543940 346
1543950 346
1543960 346
1543970 346
1543980 346
1543990 346
1544000 346
1544010 346
1544020 346
1544030 346
1544040 346
1544050 346
1544060 346
1544070 346
1544080 346
1544090 346
1544100 346
1544110 346
1544120 346
1544130 346
1544140 347
1544150 347
1544160 347
1544170 347
1544180 347
1544190 347
1544200 348
1544210 348
1544220 348
1544230 348
1544240 348
1544250 348
1544260 348
1544270 349
1544280 349
1544290 349
1544300 349
1544310 349
1544320 349
1544330 349
1544340 349
1544350 349
1544360 349
1544370 349
1544380 349
1544390 349
1544400 349
1544410 349
1544420 349
1544430 349
1544440 349
1544450 349
1544460 349
1544470 349
1544480 349
1544490 349
1544500 349
1544510 348
1544520 348
1544530 348
1544540 348
1544550 348
1544560 348
1544570 348
1544580 348
1544590 347
1544600 347
1544610 347
1544620 347
1544630 346
1544640 346
1544650 346
1544660 346
1544670 346
1544680 345
1544690 345
1544700 345
1544710 344
1544720 344
1544730 344
1544740 344
1544750 343
1544760 343
1544770 342
1544780 342
1544790 342
1544800 342
1544810 342
1544820 342
1544830 341
1544840 341
1544850 341
1544860 341
1544870 341
1544880 341
1544890 341
1544900 340
1544910 340
1544920 340
1544930 340
1544940 340
1544950 339
1544960 339
1544970 339
1544980 339
1544990 339
1545000 339
1545010 339
1545020 339
1545030 339
1545040 339
1545050 338
1545060 338
1545070 338
1545080 338
1545090 338
1545100 338
1545110 338
1545120 338
1545130 338
1545140 338
1545150 338
1545160 338
1545170 338
1545180 338
1545190 338
1545200 337
1545210 337
1545220 337
1545230 337
1545240 337
1545250 337
1545260 337
1545270 337
1545280 337
1545290 336
1545300 336
1545310 336
1545320 336
1545330 336
1545340 336
1545350 336
1545360 336
1545370 336
1545380 336
1545390 336
1545400 336
1545410 336
1545420 336
1545430 336
1545440 335
1545450 335
1545460 335
1545470 335
1545480 335
1545490 335
1545500 335
1545510 335
1545520 335
1545530 335
1545540 335
1545550 335
1545560 334
1545570 334
1545580 335
1545590 335
1545600 335
1545610 335
1545620 335
1545630 335
1545640 335
1545650 335
1545660 335
1545670 335
1545680 335
1545690 335
1545700 334
1545710 334
1545720 334
1545730 334
1545740 334
1545750 334
1545760 334
1545770 334
1545780 334
1545790 334
1545800 334
1545810 334
1545820 334
1545830 333
1545840 333
1545850 333
1545860 333
1545870 333
1545880 333
1545890 333
1545900 333
1545910 333
1545920 333
1545930 333
1545940 333
1545950 333
1545960 333
1545970 333
1545980 333
1545990 333
1546000 333
1546010 334
1546020 334
1546030 334
1546040 334
1546050 334
1546060 335
1546070 336
1546080 336
1546090 338
1546100 339
1546110 339
1546120 341
1546130 343
1546140 343
1546150 348
1546160 354
1546170 354
1546180 358
1546190 361
1546200 361
1546210 364
1546220 366
1546230 366
1546240 367
1546250 368
1546260 368
1546270 370
1546280 371
1546290 371
1546300 372
1546310 373
1546320 373
1546330 374
1546340 374
1546350 374
1546360 375
1546370 377
1546380 377
1546390 379
1546400 381
1546410 381
1546420 382
1546430 384
1546440 384
1546450 385
1546460 386
1546470 386
1546480 387
1546490 388
1546500 388
1546510 389
1546520 390
1546530 390
1546540 390
1546550 392
1546560 392
1546570 393
1546580 394
1546590 394
1546600 395
1546610 396
1546620 396
1546630 397
1546640 398
1546650 398
1546660 398
1546670 399
1546680 399
1546690 399
1546700 399
1546710 399
1546720 399
1546730 399
1546740 399
1546750 399
1546760 399
1546770 399
1546780 398
1546790 398
1546800 398
1546810 398
1546820 397
1546830 397
1546840 396
1546850 395
1546860 395
1546870 394
1546880 393
1546890 395
1546900 392
1546910 390
1546920 390
1546930 386
1546940 383
1546950 383
1546960 380
1546970 377
1546980 377
1546990 373
1547000 370
1547010 370
1547020 369
1547030 367
1547040 367
1547050 366
1547060 364
1547070 364
1547080 362
1547090 361
1547100 361
1547110 359
1547120 358
1547130 358
1547140 357
1547150 356
1547160 356
1547170 355
1547180 354
1547190 354
1547200 353
1547210 352
1547220 352
1547230 351
1547240 350
1547250 350
1547260 349
1547270 348
1547280 348
1547290 346
1547300 342
1547310 342
1547320 340
1547330 340
1547340 340
1547350 341
1547360 342
1547370 343
1547380 343
1547390 343
1547400 344
1547410 344
1547420 345
1547430 345
1547440 345
1547450 346
1547460 346
1547470 346
1547480 347
1547490 347
1547500 347
1547510 347
1547520 348
1547530 348
1547540 348
1547550 349
1547560 349
1547570 349
1547580 350
1547590 350
1547600 350
1547610 351
1547620 351
1547630 351
1547640 351
1547650 351
1547660 352
1547670 352
1547680 352
1547690 353
1547700 353
1547710 353
1547720 353
1547730 353
1547740 353
1547750 354
1547760 355
1547770 355
1547780 355
1547790 355
1547800 355
1547810 355
1547820 356
1547830 356
1547840 356
1547850 357
1547860 357
1547870 358
1547880 358
1547890 358
1547900 359
1547910 359
1547920 359
1547930 359
1547940 359
1547950 359
1547960 359
1547970 360
1547980 360
1547990 361
1548000 362
1548010 362
1548020 362
1548030 363
1548040 363
1548050 364
1548060 364
1548070 364
1548080 365
1548090 366
1548100 366
1548110 367
1548120 367
1548130 367
1548140 367
1548150 368
1548160 368
1548170 369
1548180 370
1548190 370
1548200 371
1548210 371
1548220 371
1548230 371
1548240 371
1548250 371
1548260 371
1548270 372
1548280 372
1548290 373
1548300 373
1548310 373
1548320 373
1548330 373
1548340 373
1548350 373
1548360 373
1548370 373
1548380 373
1548390 373
1548400 373
1548410 373
1548420 372
1548430 372
1548440 372
1548450 371
1548460 371
1548470 370
1548480 369
1548490 369
1548500 368
1548510 367
1548520 367
1548530 366
1548540 366
1548550 366
1548560 365
1548570 364
1548580 364
1548590 363
1548600 362
1548610 362
1548620 362
1548630 361
1548640 361
1548650 361
1548660 360
1548670 360
1548680 359
1548690 359
1548700 359
1548710 358
1548720 357
1548730 357
1548740 357
1548750 356
1548760 356
1548770 355
1548780 354
1548790 354
1548800 353
1548810 352
1548820 352
1548830 352
1548840 351
1548850 351
1548860 350
1548870 350
1548880 350
1548890 349
1548900 348
1548910 348
1548920 347
1548930 347
1548940 346
1548950 346
1548960 345
1548970 345
1548980 344
1548990 343
1549000 343
1549010 342
1549020 341
1549030 341
1549040 340
1549050 339
1549060 339
1549070 339
1549080 338
1549090 338
1549100 338
1549110 338
1549120 338
1549130 337
1549140 337
1549150 337
1549160 337
1549170 337
1549180 337
1549190 337
1549200 337
1549210 337
1549220 337
1549230 336
1549240 336
1549250 336
1549260 336
1549270 336
1549280 336
1549290 336
1549300 336
1549310 336
1549320 336
1549330 336
1549340 336
1549350 335
1549360 335
1549370 335
1549380 335
1549390 335
1549400 334
1549410 334
1549420 334
1549430 333
1549440 333
1549450 333
1549460 332
1549470 331
1549480 331
1549490 330
1549500 330
1549510 330
1549520 329
1549530 328
1549540 328
1549550 326
1549560 325
1549570 325
1549580 324
1549590 322
1549600 322
1549610 321
1549620 320
1549630 320
1549640 319
1549650 318
1549660 318
1549670 318
1549680 317
1549690 317
1549700 317
1549710 317
1549720 317
1549730 316
1549740 316
1549750 316
1549760 315
1549770 315
1549780 315
1549790 314
1549800 313
1549810 313
1549820 314
1549830 315
1549840 315
1549850 315
1549860 315
1549870 315
1549880 314
1549890 314
1549900 314
1549910 314
1549920 314
1549930 314
1549940 314
1549950 314
1549960 314
1549970 314
1549980 314
1549990 314
1550000 314
1550010 314
1550020 314
1550030 314
1550040 314
1550050 314
1550060 314
1550070 314
1550080 314
1550090 314
1550100 314
1550110 314
1550120 314
1550130 314
1550140 314
1550150 314
1550160 314
1550170 314
1550180 314
1550190 314
1550200 314
1550210 314
1550220 314
1550230 314
1550240 314
1550250 314
1550260 314
1550270 314
1550280 314
1550290 314
1550300 314
1550310 314
1550320 314
1550330 314
1550340 314
1550350 314
1550360 314
1550370 314
1550380 314
1550390 315
1550400 315
1550410 315
1550420 315
1550430 316
1550440 316
1550450 316
1550460 316
1550470 316
1550480 317
1550490 318
1550500 318
1550510 318
1550520 318
1550530 318
1550540 318
1550550 318
1550560 318
1550570 319
1550580 319
1550590 319
1550600 319
1550610 319
1550620 319
1550630 319
1550640 319
1550650 319
1550660 319
1550670 319
1550680 319
1550690 319
1550700 319
1550710 319
1550720 319
1550730 319
1550740 319
1550750 318
1550760 318
1550770 318
1550780 317
1550790 317
1550800 317
1550810 317
1550820 317
1550830 317
1550840 317
1550850 317
1550860 317
1550870 318
1550880 318
1550890 318
1550900 318
1550910 319
1550920 319
1550930 320
1550940 321
1550950 321
1550960 321
1550970 322
1550980 322
1550990 322
1551000 323
1551010 323
1551020 323
1551030 323
1551040 323
1551050 323
1551060 323
1551070 323
1551080 323
1551090 323
1551100 323
1551110 323
1551120 323
1551130 323
1551140 323
1551150 323
1551160 323
1551170 323
1551180 323
1551190 323
1551200 323
1551210 323
1551220 323
1551230 323
1551240 324
1551250 324
1551260 324
1551270 324
1551280 324
1551290 324
1551300 324
1551310 324
1551320 324
1551330 325
1551340 325
1551350 325
1551360 326
1551370 326
1551380 326
1551390 327
1551400 327
1551410 327
1551420 328
1551430 328
1551440 328
1551450 329
1551460 329
1551470 329
1551480 330
1551490 330
1551500 330
1551510 331
1551520 331
1551530 331
1551540 332
1551550 332
1551560 332
1551570 333
1551580 334
1551590 334
1551600 334
1551610 335
1551620 335
1551630 335
1551640 336
1551650 336
1551660 338
1551670 339
1551680 339
1551690 340
1551700 341
1551710 341
1551720 343
1551730 344
1551740 344
1551750 346
1551760 348
1551770 348
1551780 349
1551790 351
1551800 351
1551810 353
1551820 354
1551830 354
1551840 356
1551850 357
1551860 357
1551870 358
1551880 359
1551890 359
1551900 360
1551910 360
1551920 360
1551930 361
1551940 361
1551950 361
1551960 362
1551970 363
1551980 363
1551990 363
1552000 364
1552010 364
1552020 365
1552030 365
1552040 365
1552050 366
1552060 366
1552070 366
1552080 367
1552090 367
1552100 367
1552110 368
1552120 368
1552130 368
1552140 368
1552150 368
1552160 368
1552170 368
1552180 368
1552190 368
1552200 368
1552210 367
1552220 367
1552230 367
1552240 367
1552250 367
1552260 366
1552270 365
1552280 365
1552290 364
1552300 364
1552310 364
1552320 363
1552330 362
1552340 362
1552350 360
1552360 359
1552370 359
1552380 357
1552390 356
1552400 356
1552410 355
1552420 353
1552430 353
1552440 352
1552450 350
1552460 350
1552470 349
1552480 349
1552490 349
1552500 348
1552510 348
1552520 348
1552530 348
1552540 348
1552550 348
1552560 347
1552570 347
1552580 347
1552590 346
1552600 346
1552610 346
1552620 345
1552630 345
1552640 345
1552650 344
1552660 343
1552670 343
1552680 343
1552690 342
1552700 342
1552710 342
1552720 341
1552730 341
1552740 340
1552750 340
1552760 340
1552770 339
1552780 339
1552790 339
1552800 338
1552810 337
1552820 337
1552830 337
1552840 336
1552850 336
1552860 335
1552870 334
1552880 334
1552890 333
1552900 333
1552910 333
1552920 332
1552930 332
1552940 332
1552950 331
1552960 330
1552970 330
1552980 330
1552990 329
1553000 329
1553010 328
1553020 328
1553030 328
1553040 327
1553050 326
1553060 326
1553070 326
1553080 325
1553090 325
1553100 325
1553110 324
1553120 324
1553130 323
1553140 323
1553150 323
1553160 322
1553170 321
1553180 321
1553190 321
1553200 320
1553210 320
1553220 320
1553230 319
1553240 319
1553250 319
1553260 318
1553270 318
1553280 318
1553290 317
1553300 317
1553310 317
1553320 316
1553330 316
1553340 316
1553350 315
1553360 315
1553370 315
1553380 315
1553390 315
1553400 315
1553410 315
1553420 315
1553430 314
1553440 314
1553450 314
1553460 314
1553470 313
1553480 313
1553490 313
1553500 312
1553510 312
1553520 312
1553530 311
1553540 311
1553550 311
1553560 311
1553570 311
1553580 311
1553590 311
1553600 311
1553610 311
1553620 311
1553630 311
1553640 311
1553650 311
1553660 311
1553670 311
1553680 312
1553690 312
1553700 314
1553710 316
1553720 316
1553730 317
1553740 318
1553750 318
1553760 318
1553770 318
1553780 318
1553790 318
1553800 318
1553810 318
1553820 318
1553830 319
1553840 319
1553850 320
1553860 321
1553870 321
1553880 323
1553890 324
1553900 324
1553910 326
1553920 328
1553930 328
1553940 330
1553950 331
1553960 331
1553970 333
1553980 335
1553990 335
1554000 337
1554010 340
1554020 340
1554030 342
1554040 344
1554050 344
1554060 346
1554070 347
1554080 347
1554090 349
1554100 351
1554110 351
1554120 352
1554130 354
1554140 354
1554150 355
1554160 356
1554170 356
1554180 357
1554190 359
1554200 359
1554210 360
1554220 360
1554230 360
1554240 361
1554250 362
1554260 362
1554270 362
1554280 363
1554290 363
1554300 363
1554310 363
1554320 363
1554330 364
1554340 364
1554350 364
1554360 364
1554370 364
1554380 364
1554390 364
1554400 365
1554410 365
1554420 365
1554430 365
1554440 365
1554450 365
1554460 365
1554470 365
1554480 364
1554490 364
1554500 364
1554510 364
1554520 364
1554530 364
1554540 364
1554550 364
1554560 364
1554570 364
1554580 363
1554590 363
1554600 363
1554610 363
1554620 363
1554630 363
1554640 363
1554650 363
1554660 363
1554670 362
1554680 362
1554690 362
1554700 361
1554710 361
1554720 361
1554730 360
1554740 360
1554750 360
1554760 359
1554770 358
1554780 358
1554790 358
1554800 357
1554810 357
1554820 357
1554830 356
1554840 356
1554850 355
1554860 355
1554870 355
1554880 354
1554890 354
1554900 354
1554910 353
1554920 352
1554930 352
1554940 351
1554950 351
1554960 351
1554970 350
1554980 349
1554990 349
1555000 348
1555010 348
1555020 348
1555030 347
1555040 346
1555050 346
1555060 345
1555070 345
1555080 345
1555090 344
1555100 343
1555110 343
1555120 342
1555130 342
1555140 342
1555150 341
1555160 340
1555170 340
1555180 340
1555190 339
1555200 339
1555210 339
1555220 338
1555230 338
1555240 338
1555250 337
1555260 337
1555270 336
1555280 335
1555290 335
1555300 334
1555310 333
1555320 333
1555330 332
1555340 331
1555350 331
1555360 330
1555370 329
1555380 329
1555390 328
1555400 327
1555410 327
1555420 326
1555430 325
1555440 325
1555450 324
1555460 323
1555470 323
1555480 322
1555490 322
1555500 322
1555510 322
1555520 321
1555530 321
1555540 321
1555550 321
1555560 321
1555570 321
1555580 320
1555590 320
1555600 319
1555610 319
1555620 319
1555630 319
1555640 321
1555650 321
1555660 324
1555670 325
1555680 325
1555690 320
1555700 317
1555710 317
1555720 316
1555730 316
1555740 316
1555750 315
1555760 315
1555770 315
1555780 315
1555790 314
1555800 314
1555810 314
1555820 314
1555830 314
1555840 314
1555850 314
1555860 314
1555870 314
1555880 314
1555890 314
1555900 314
1555910 314
1555920 314
1555930 314
1555940 313
1555950 313
1555960 313
1555970 313
1555980 313
1555990 313
1556000 313
1556010 313
1556020 312
1556030 312
1556040 312
1556050 312
1556060 312
1556070 312
1556080 311
1556090 311
1556100 311
1556110 311
1556120 311
1556130 311
1556140 310
1556150 310
1556160 310
1556170 310
1556180 309
1556190 309
1556200 309
1556210 309
1556220 309
1556230 309
1556240 309
1556250 309
1556260 308
1556270 308
1556280 308
1556290 308
1556300 308
1556310 308
1556320 308
1556330 308
1556340 308
1556350 308
1556360 308
1556370 308
1556380 308
1556390 308
1556400 308
1556410 309
1556420 309
1556430 309
1556440 310
1556450 310
1556460 310
1556470 310
1556480 311
1556490 311
1556500 310
1556510 310
1556520 310
1556530 310
1556540 309
1556550 309
1556560 309
1556570 310
1556580 310
1556590 310
1556600 310
1556610 310
1556620 311
1556630 313
1556640 313
1556650 314
1556660 315
1556670 315
1556680 316
1556690 317
1556700 317
1556710 318
1556720 319
1556730 319
1556740 320
1556750 320
1556760 320
1556770 320
1556780 321
1556790 321
1556800 321
1556810 321
1556820 321
1556830 321
1556840 321
1556850 321
1556860 321
1556870 321
1556880 321
1556890 320
1556900 320
1556910 320
1556920 319
1556930 319
1556940 319
1556950 319
1556960 319
1556970 319
1556980 320
1556990 320
1557000 320
1557010 321
1557020 322
1557030 322
1557040 323
1557050 323
1557060 323
1557070 324
1557080 325
1557090 325
1557100 326
1557110 326
1557120 326
1557130 327
1557140 327
1557150 327
1557160 328
1557170 329
1557180 329
1557190 329
1557200 329
1557210 329
1557220 330
1557230 331
1557240 331
1557250 331
1557260 332
1557270 332
1557280 333
1557290 333
1557300 333
1557310 334
1557320 335
1557330 335
1557340 335
1557350 336
1557360 336
1557370 336
1557380 337
1557390 337
1557400 338
1557410 339
1557420 339
1557430 339
1557440 340
1557450 340
1557460 341
1557470 341
1557480 341
1557490 342
1557500 343
1557510 343
1557520 343
1557530 344
1557540 344
1557550 345
1557560 345
1557570 345
1557580 346
1557590 346
1557600 346
1557610 346
1557620 347
1557630 347
1557640 347
1557650 347
1557660 347
1557670 347
1557680 347
1557690 347
1557700 347
1557710 347
1557720 347
1557730 347
1557740 347
1557750 347
1557760 347
1557770 347
1557780 347
1557790 347
1557800 346
1557810 346
1557820 346
1557830 346
1557840 346
1557850 345
1557860 345
1557870 345
1557880 345
1557890 344
1557900 344
1557910 344
1557920 344
1557930 344
1557940 343
1557950 343
1557960 343
1557970 342
1557980 342
1557990 342
1558000 341
1558010 341
1558020 341
1558030 340
1558040 340
1558050 340
1558060 339
1558070 339
1558080 339
1558090 338
1558100 338
1558110 338
1558120 338
1558130 338
1558140 338
1558150 337
1558160 337
1558170 337
1558180 337
1558190 336
1558200 336
1558210 336
1558220 336
1558230 336
1558240 336
1558250 336
1558260 336
1558270 335
1558280 335
1558290 335
1558300 335
1558310 335
1558320 335
1558330 335
1558340 334
1558350 333
1558360 333
1558370 332
1558380 331
1558390 331
1558400 330
1558410 329
1558420 329
1558430 328
1558440 328
1558450 328
1558460 329
1558470 330
1558480 330
1558490 331
1558500 332
1558510 332
1558520 334
1558530 334
1558540 334
1558550 335
1558560 335
1558570 335
1558580 335
1558590 335
1558600 335
1558610 335
1558620 336
1558630 336
1558640 337
1558650 338
1558660 338
1558670 340
1558680 341
1558690 341
1558700 342
1558710 342
1558720 342
1558730 343
1558740 344
1558750 344
1558760 345
1558770 345
1558780 345
1558790 346
1558800 347
1558810 347
1558820 349
1558830 350
1558840 350
1558850 352
1558860 353
1558870 353
1558880 355
1558890 356
1558900 356
1558910 357
1558920 358
1558930 358
1558940 358
1558950 359
1558960 359
1558970 359
1558980 360
1558990 360
1559000 360
1559010 360
1559020 360
1559030 360
1559040 360
1559050 360
1559060 360
1559070 360
1559080 360
1559090 360
1559100 360
1559110 360
1559120 360
1559130 360
1559140 360
1559150 359
1559160 359
1559170 359
1559180 360
1559190 360
1559200 360
1559210 360
1559220 359
1559230 359
1559240 360
1559250 360
1559260 360
1559270 360
1559280 359
1559290 359
1559300 359
1559310 359
1559320 359
1559330 359
1559340 359
1559350 359
1559360 359
1559370 359
1559380 359
1559390 359
1559400 359
1559410 359
1559420 359
1559430 359
1559440 359
1559450 358
1559460 357
1559470 357
1559480 357
1559490 357
1559500 357
1559510 357
1559520 358
1559530 358
1559540 358
1559550 358
1559560 358
1559570 358
1559580 358
1559590 358
1559600 358
1559610 358
1559620 358
1559630 358
1559640 359
1559650 359
1559660 359
1559670 359
1559680 359
1559690 359
1559700 359
1559710 359
1559720 359
1559730 359
1559740 359
1559750 359
1559760 359
1559770 359
1559780 359
1559790 359
1559800 359
1559810 359
1559820 359
1559830 359
1559840 359
1559850 359
1559860 359
1559870 359
1559880 359
1559890 359
1559900 359
1559910 359
1559920 359
1559930 359
1559940 359
1559950 359
1559960 359
1559970 359
1559980 359
1559990 359
