1540000 419
1540010 419
1540020 419
1540030 419
1540040 420
1540050 420
1540060 421
1540070 421
1540080 421
1540090 422
1540100 422
1540110 422
1540120 422
1540130 423
1540140 423
1540150 423
1540160 423
1540170 423
1540180 424
1540190 425
1540200 425
1540210 425
1540220 425
1540230 425
1540240 425
1540250 426
1540260 426
1540270 425
1540280 425
1540290 425
1540300 425
1540310 425
1540320 425
1540330 425
1540340 425
1540350 425
1540360 425
1540370 425
1540380 425
1540390 425
1540400 425
1540410 425
1540420 425
1540430 425
1540440 425
1540450 426
1540460 426
1540470 426
1540480 426
1540490 426
1540500 426
1540510 427
1540520 427
1540530 427
1540540 428
1540550 428
1540560 428
1540570 429
1540580 429
1540590 429
1540600 429
1540610 429
1540620 429
1540630 429
1540640 429
1540650 429
1540660 430
1540670 431
1540680 431
1540690 432
1540700 433
1540710 433
1540720 433
1540730 433
1540740 433
1540750 433
1540760 434
1540770 434
1540780 434
1540790 433
1540800 433
1540810 433
1540820 434
1540830 434
1540840 434
1540850 434
1540860 434
1540870 434
1540880 434
1540890 434
1540900 434
1540910 435
1540920 435
1540930 435
1540940 435
1540950 435
1540960 435
1540970 435
1540980 435
1540990 435
1541000 435
1541010 435
1541020 435
1541030 435
1541040 435
1541050 435
1541060 435
1541070 435
1541080 435
1541090 434
1541100 434
1541110 434
1541120 434
1541130 434
1541140 434
1541150 434
1541160 434
1541170 434
1541180 433
1541190 433
1541200 433
1541210 433
1541220 433
1541230 433
1541240 433
1541250 433
1541260 433
1541270 433
1541280 433
1541290 433
1541300 432
1541310 432
1541320 432
1541330 432
1541340 432
1541350 432
1541360 432
1541370 432
1541380 432
1541390 432
1541400 432
1541410 432
1541420 431
1541430 431
1541440 431
1541450 431
1541460 431
1541470 431
1541480 431
1541490 431
1541500 431
1541510 431
1541520 430
1541530 430
1541540 430
1541550 430
1541560 430
1541570 430
1541580 430
1541590 430
1541600 429
1541610 429
1541620 429
1541630 429
1541640 429
1541650 429
1541660 429
1541670 428
1541680 428
1541690 428
1541700 428
1541710 428
1541720 428
1541730 428
1541740 428
1541750 428
1541760 428
1541770 428
1541780 428
1541790 428
1541800 428
1541810 427
1541820 428
1541830 428
1541840 427
1541850 427
1541860 427
1541870 427
1541880 427
1541890 427
1541900 427
1541910 427
1541920 427
1541930 428
1541940 427
1541950 427
1541960 427
1541970 427
1541980 427
1541990 427
1542000 427
1542010 427
1542020 426
1542030 426
1542040 426
1542050 425
1542060 425
1542070 425
1542080 424
1542090 424
1542100 424
1542110 424
1542120 423
1542130 423
1542140 423
1542150 423
1542160 423
1542170 423
1542180 422
1542190 422
1542200 422
1542210 422
1542220 422
1542230 422
1542240 422
1542250 422
1542260 421
1542270 421
1542280 421
1542290 421
1542300 421
1542310 421
1542320 421
1542330 421
1542340 421
1542350 421
1542360 421
1542370 421
1542380 421
1542390 421
1542400 421
1542410 421
1542420 421
1542430 421
1542440 421
1542450 421
1542460 421
1542470 421
1542480 421
1542490 421
1542500 422
1542510 422
1542520 422
1542530 422
1542540 423
1542550 423
1542560 423
1542570 423
1542580 423
1542590 423
1542600 424
1542610 424
1542620 424
1542630 424
1542640 424
1542650 425
1542660 425
1542670 425
1542680 425
1542690 425
1542700 425
1542710 425
1542720 425
1542730 425
1542740 425
1542750 425
1542760 425
1542770 425
1542780 425
1542790 425
1542800 425
1542810 425
1542820 425
1542830 425
1542840 425
1542850 425
1542860 425
1542870 425
1542880 425
1542890 425
1542900 425
1542910 425
1542920 425
1542930 425
1542940 425
1542950 426
1542960 426
1542970 426
1542980 426
1542990 426
1543000 426
1543010 426
1543020 426
1543030 426
1543040 426
1543050 426
1543060 426
1543070 426
1543080 426
1543090 426
1543100 425
1543110 425
1543120 425
1543130 425
1543140 425
1543150 425
1543160 425
1543170 425
1543180 425
1543190 425
1543200 425
1543210 425
1543220 424
1543230 423
1543240 423
1543250 424
1543260 424
1543270 424
1543280 424
1543290 424
1543300 424
1543310 424
1543320 423
1543330 423
1543340 423
1543350 423
1543360 423
1543370 423
1543380 422
1543390 422
1543400 422
1543410 421
1543420 421
1543430 421
1543440 420
1543450 420
1543460 419
1543470 418
1543480 418
1543490 417
1543500 415
1543510 415
1543520 414
1543530 412
1543540 412
1543550 410
1543560 407
1543570 407
1543580 405
1543590 403
1543600 403
1543610 403
1543620 406
1543630 406
1543640 407
1543650 408
1543660 408
1543670 410
1543680 412
1543690 412
1543700 414
1543710 415
1543720 415
1543730 416
1543740 417
1543750 417
1543760 418
1543770 418
1543780 418
1543790 419
1543800 419
1543810 419
1543820 419
1543830 419
1543840 419
1543850 419
1543860 419
1543870 419
1543880 419
1543890 418
1543900 418
1543910 418
1543920 418
1543930 418
1543940 417
1543950 417
1543960 417
1543970 416
1543980 415
1543990 415
1544000 415
1544010 414
1544020 414
1544030 413
1544040 412
1544050 412
1544060 411
1544070 410
1544080 410
1544090 408
1544100 407
1544110 407
1544120 405
1544130 403
1544140 403
1544150 401
1544160 399
1544170 399
1544180 397
1544190 395
1544200 395
1544210 394
1544220 393
1544230 393
1544240 393
1544250 393
1544260 393
1544270 392
1544280 387
1544290 387
1544300 381
1544310 375
1544320 375
1544330 374
1544340 376
1544350 376
1544360 383
1544370 389
1544380 389
1544390 393
1544400 396
1544410 396
1544420 399
1544430 402
1544440 402
1544450 404
1544460 405
1544470 405
1544480 407
1544490 408
1544500 408
1544510 409
1544520 410
1544530 410
1544540 411
1544550 412
1544560 412
1544570 413
1544580 414
1544590 414
1544600 415
1544610 415
1544620 415
1544630 416
1544640 417
1544650 417
1544660 417
1544670 418
1544680 418
1544690 418
1544700 419
1544710 419
1544720 419
1544730 420
1544740 420
1544750 420
1544760 420
1544770 420
1544780 421
1544790 421
1544800 421
1544810 421
1544820 421
1544830 421
1544840 421
1544850 421
1544860 421
1544870 421
1544880 421
1544890 421
1544900 421
1544910 420
1544920 420
1544930 420
1544940 420
1544950 420
1544960 420
1544970 420
1544980 420
1544990 420
1545000 421
1545010 421
1545020 421
1545030 421
1545040 421
1545050 421
1545060 421
1545070 421
1545080 420
1545090 420
1545100 420
1545110 420
1545120 420
1545130 420
1545140 420
1545150 420
1545160 420
1545170 420
1545180 419
1545190 419
1545200 418
1545210 417
1545220 415
1545230 415
1545240 412
1545250 409
1545260 409
1545270 406
1545280 404
1545290 404
1545300 403
1545310 404
1545320 404
1545330 404
1545340 405
1545350 405
1545360 405
1545370 406
1545380 406
1545390 407
1545400 407
1545410 407
1545420 408
1545430 408
1545440 408
1545450 409
1545460 409
1545470 409
1545480 410
1545490 410
1545500 410
1545510 410
1545520 409
1545530 409
1545540 408
1545550 406
1545560 406
1545570 405
1545580 400
1545590 400
1545600 396
1545610 400
1545620 400
1545630 405
1545640 408
1545650 408
1545660 409
1545670 410
1545680 410
1545690 411
1545700 411
1545710 411
1545720 412
1545730 412
1545740 412
1545750 413
1545760 413
1545770 413
1545780 414
1545790 414
1545800 414
1545810 414
1545820 414
1545830 414
1545840 415
1545850 415
1545860 415
1545870 416
1545880 416
1545890 416
1545900 417
1545910 417
1545920 417
1545930 418
1545940 418
1545950 418
1545960 419
1545970 419
1545980 419
1545990 419
1546000 420
1546010 420
1546020 420
1546030 420
1546040 420
1546050 420
1546060 420
1546070 420
1546080 421
1546090 421
1546100 421
1546110 421
1546120 421
1546130 421
1546140 421
1546150 421
1546160 421
1546170 421
1546180 422
1546190 422
1546200 422
1546210 422
1546220 422
1546230 423
1546240 423
1546250 423
1546260 423
1546270 423
1546280 423
1546290 423
1546300 424
1546310 424
1546320 424
1546330 425
1546340 425
1546350 425
1546360 426
1546370 426
1546380 426
1546390 427
1546400 427
1546410 427
1546420 427
1546430 428
1546440 429
1546450 429
1546460 429
1546470 429
1546480 429
1546490 429
1546500 429
1546510 429
1546520 429
1546530 428
1546540 428
1546550 428
1546560 427
1546570 426
1546580 426
1546590 425
1546600 424
1546610 424
1546620 422
1546630 420
1546640 420
1546650 418
1546660 415
1546670 415
1546680 413
1546690 412
1546700 412
1546710 411
1546720 411
1546730 411
1546740 410
1546750 410
1546760 410
1546770 410
1546780 411
1546790 411
1546800 412
1546810 414
1546820 414
1546830 416
1546840 418
1546850 418
1546860 420
1546870 422
1546880 422
1546890 423
1546900 424
1546910 424
1546920 425
1546930 425
1546940 425
1546950 426
1546960 427
1546970 427
1546980 427
1546990 427
1547000 427
1547010 427
1547020 427
1547030 427
1547040 427
1547050 426
1547060 426
1547070 426
1547080 425
1547090 425
1547100 425
1547110 424
1547120 424
1547130 424
1547140 423
1547150 423
1547160 423
1547170 422
1547180 422
1547190 422
1547200 421
1547210 421
1547220 420
1547230 420
1547240 420
1547250 418
1547260 418
1547270 418
1547280 417
1547290 417
1547300 417
1547310 416
1547320 415
1547330 415
1547340 413
1547350 413
1547360 413
1547370 412
1547380 412
1547390 412
1547400 411
1547410 410
1547420 410
1547430 409
1547440 409
1547450 409
1547460 408
1547470 407
1547480 407
1547490 406
1547500 405
1547510 405
1547520 404
1547530 404
1547540 404
1547550 403
1547560 402
1547570 402
1547580 400
1547590 399
1547600 399
1547610 398
1547620 396
1547630 396
1547640 395
1547650 394
1547660 394
1547670 392
1547680 391
1547690 391
1547700 390
1547710 389
1547720 389
1547730 388
1547740 388
1547750 388
1547760 387
1547770 386
1547780 386
1547790 385
1547800 384
1547810 384
1547820 383
1547830 382
1547840 382
1547850 380
1547860 378
1547870 378
1547880 375
1547890 371
1547900 371
1547910 369
1547920 366
1547930 366
1547940 365
1547950 363
1547960 363
1547970 362
1547980 361
1547990 361
1548000 359
1548010 358
1548020 358
1548030 356
1548040 355
1548050 355
1548060 354
1548070 353
1548080 353
1548090 352
1548100 351
1548110 351
1548120 350
1548130 348
1548140 348
1548150 347
1548160 346
1548170 346
1548180 345
1548190 344
1548200 344
1548210 343
1548220 342
1548230 342
1548240 340
1548250 339
1548260 339
1548270 338
1548280 338
1548290 338
1548300 338
1548310 338
1548320 338
1548330 338
1548340 339
1548350 339
1548360 339
1548370 339
1548380 339
1548390 338
1548400 338
1548410 338
1548420 338
1548430 338
1548440 338
1548450 337
1548460 337
1548470 337
1548480 337
1548490 337
1548500 339
1548510 339
1548520 339
1548530 339
1548540 338
1548550 338
1548560 338
1548570 338
1548580 338
1548590 338
1548600 337
1548610 337
1548620 337
1548630 337
1548640 337
1548650 337
1548660 337
1548670 337
1548680 337
1548690 337
1548700 337
1548710 337
1548720 337
1548730 338
1548740 338
1548750 338
1548760 338
1548770 338
1548780 338
1548790 338
1548800 338
1548810 337
1548820 337
1548830 337
1548840 336
1548850 336
1548860 336
1548870 336
1548880 336
1548890 336
1548900 336
1548910 337
1548920 337
1548930 337
1548940 336
1548950 336
1548960 336
1548970 336
1548980 336
1548990 336
1549000 335
1549010 335
1549020 335
1549030 335
1549040 335
1549050 334
1549060 334
1549070 334
1549080 333
1549090 333
1549100 333
1549110 334
1549120 333
1549130 333
1549140 334
1549150 333
1549160 333
1549170 333
1549180 333
1549190 333
1549200 333
1549210 333
1549220 333
1549230 333
1549240 332
1549250 332
1549260 332
1549270 332
1549280 331
1549290 331
1549300 330
1549310 330
1549320 330
1549330 329
1549340 328
1549350 328
1549360 328
1549370 327
1549380 327
1549390 326
1549400 325
1549410 325
1549420 324
1549430 323
1549440 323
1549450 322
1549460 321
1549470 321
1549480 320
1549490 320
1549500 320
1549510 319
1549520 319
1549530 319
1549540 319
1549550 318
1549560 318
1549570 318
1549580 318
1549590 318
1549600 318
1549610 317
1549620 317
1549630 317
1549640 317
1549650 317
1549660 317
1549670 317
1549680 317
1549690 317
1549700 317
1549710 317
1549720 317
1549730 317
1549740 317
1549750 317
1549760 317
1549770 317
1549780 316
1549790 316
1549800 316
1549810 316
1549820 316
1549830 316
1549840 316
1549850 316
1549860 316
1549870 315
1549880 315
1549890 315
1549900 315
1549910 315
1549920 315
1549930 315
1549940 315
1549950 315
1549960 315
1549970 315
1549980 315
1549990 315
1550000 315
1550010 315
1550020 315
1550030 314
1550040 314
1550050 314
1550060 314
1550070 314
1550080 314
1550090 314
1550100 314
1550110 314
1550120 314
1550130 314
1550140 314
1550150 314
1550160 314
1550170 314
1550180 314
1550190 314
1550200 314
1550210 314
1550220 314
1550230 315
1550240 314
1550250 314
1550260 313
1550270 313
1550280 313
1550290 313
1550300 313
1550310 313
1550320 313
1550330 313
1550340 313
1550350 313
1550360 312
1550370 312
1550380 312
1550390 312
1550400 312
1550410 312
1550420 312
1550430 312
1550440 312
1550450 312
1550460 312
1550470 312
1550480 311
1550490 311
1550500 311
1550510 311
1550520 311
1550530 311
1550540 311
1550550 311
1550560 311
1550570 311
1550580 311
1550590 311
1550600 311
1550610 311
1550620 311
1550630 311
1550640 311
1550650 311
1550660 311
1550670 311
1550680 311
1550690 311
1550700 311
1550710 311
1550720 311
1550730 311
1550740 311
1550750 310
1550760 310
1550770 310
1550780 310
1550790 310
1550800 310
1550810 310
1550820 310
1550830 310
1550840 310
1550850 310
1550860 310
1550870 310
1550880 310
1550890 310
1550900 310
1550910 310
1550920 310
1550930 310
1550940 310
1550950 309
1550960 309
1550970 309
1550980 310
1550990 312
1551000 312
1551010 314
1551020 316
1551030 316
1551040 317
1551050 319
1551060 319
1551070 319
1551080 320
1551090 320
1551100 320
1551110 320
1551120 320
1551130 320
1551140 320
1551150 320
1551160 321
1551170 320
1551180 320
1551190 320
1551200 321
1551210 321
1551220 321
1551230 321
1551240 321
1551250 321
1551260 321
1551270 321
1551280 321
1551290 320
1551300 320
1551310 320
1551320 320
1551330 320
1551340 320
1551350 320
1551360 320
1551370 320
1551380 320
1551390 320
1551400 319
1551410 319
1551420 319
1551430 318
1551440 317
1551450 317
1551460 317
1551470 317
1551480 317
1551490 317
1551500 317
1551510 317
1551520 318
1551530 318
1551540 318
1551550 318
1551560 318
1551570 318
1551580 319
1551590 320
1551600 320
1551610 321
1551620 322
1551630 322
1551640 323
1551650 324
1551660 324
1551670 324
1551680 325
1551690 325
1551700 326
1551710 326
1551720 326
1551730 327
1551740 327
1551750 327
1551760 328
1551770 329
1551780 329
1551790 329
1551800 330
1551810 330
1551820 330
1551830 331
1551840 331
1551850 332
1551860 333
1551870 333
1551880 333
1551890 334
1551900 334
1551910 335
1551920 336
1551930 336
1551940 337
1551950 339
1551960 339
1551970 340
1551980 341
1551990 341
1552000 342
1552010 343
1552020 343
1552030 344
1552040 345
1552050 345
1552060 346
1552070 347
1552080 347
1552090 348
1552100 349
1552110 349
1552120 349
1552130 350
1552140 350
1552150 351
1552160 352
1552170 352
1552180 352
1552190 353
1552200 353
1552210 354
1552220 355
1552230 355
1552240 356
1552250 357
1552260 357
1552270 357
1552280 358
1552290 358
1552300 358
1552310 358
1552320 358
1552330 358
1552340 358
1552350 358
1552360 357
1552370 357
1552380 357
1552390 356
1552400 356
1552410 356
1552420 355
1552430 354
1552440 354
1552450 352
1552460 351
1552470 351
1552480 350
1552490 349
1552500 349
1552510 348
1552520 346
1552530 346
1552540 345
1552550 344
1552560 344
1552570 343
1552580 341
1552590 341
1552600 340
1552610 339
1552620 339
1552630 338
1552640 337
1552650 337
1552660 335
1552670 334
1552680 334
1552690 333
1552700 332
1552710 332
1552720 331
1552730 330
1552740 330
1552750 329
1552760 329
1552770 329
1552780 328
1552790 327
1552800 327
1552810 326
1552820 325
1552830 325
1552840 324
1552850 323
1552860 323
1552870 322
1552880 321
1552890 321
1552900 320
1552910 320
1552920 320
1552930 319
1552940 318
1552950 318
1552960 318
1552970 318
1552980 318
1552990 318
1553000 318
1553010 318
1553020 318
1553030 318
1553040 318
1553050 318
1553060 318
1553070 318
1553080 318
1553090 318
1553100 318
1553110 317
1553120 317
1553130 317
1553140 316
1553150 316
1553160 316
1553170 316
1553180 316
1553190 316
1553200 316
1553210 315
1553220 315
1553230 315
1553240 315
1553250 314
1553260 314
1553270 314
1553280 314
1553290 314
1553300 314
1553310 314
1553320 314
1553330 314
1553340 314
1553350 314
1553360 314
1553370 313
1553380 313
1553390 313
1553400 312
1553410 312
1553420 312
1553430 310
1553440 310
1553450 310
1553460 309
1553470 309
1553480 308
1553490 308
1553500 308
1553510 308
1553520 308
1553530 308
1553540 308
1553550 308
1553560 308
1553570 308
1553580 308
1553590 308
1553600 308
1553610 308
1553620 308
1553630 308
1553640 308
1553650 308
1553660 308
1553670 308
1553680 308
1553690 308
1553700 308
1553710 308
1553720 309
1553730 311
1553740 311
1553750 313
1553760 315
1553770 315
1553780 316
1553790 317
1553800 317
1553810 319
1553820 320
1553830 320
1553840 321
1553850 321
1553860 321
1553870 322
1553880 322
1553890 322
1553900 322
1553910 325
1553920 325
1553930 325
1553940 326
1553950 326
1553960 326
1553970 327
1553980 327
1553990 329
1554000 330
1554010 330
1554020 331
1554030 332
1554040 332
1554050 333
1554060 334
1554070 334
1554080 335
1554090 336
1554100 336
1554110 337
1554120 338
1554130 338
1554140 339
1554150 339
1554160 339
1554170 340
1554180 341
1554190 341
1554200 341
1554210 342
1554220 342
1554230 343
1554240 343
1554250 343
1554260 344
1554270 345
1554280 345
1554290 346
1554300 346
1554310 346
1554320 348
1554330 348
1554340 348
1554350 349
1554360 349
1554370 349
1554380 350
1554390 350
1554400 350
1554410 350
1554420 350
1554430 350
1554440 350
1554450 351
1554460 351
1554470 351
1554480 352
1554490 352
1554500 352
1554510 352
1554520 352
1554530 352
1554540 352
1554550 352
1554560 353
1554570 353
1554580 353
1554590 353
1554600 353
1554610 353
1554620 353
1554630 353
1554640 353
1554650 353
1554660 353
1554670 353
1554680 353
1554690 353
1554700 353
1554710 353
1554720 353
1554730 353
1554740 353
1554750 353
1554760 353
1554770 353
1554780 353
1554790 353
1554800 353
1554810 353
1554820 353
1554830 353
1554840 353
1554850 353
1554860 353
1554870 352
1554880 352
1554890 352
1554900 351
1554910 351
1554920 348
1554930 343
1554940 343
1554950 338
1554960 334
1554970 334
1554980 330
1554990 330
1555000 330
1555010 331
1555020 331
1555030 331
1555040 332
1555050 333
1555060 333
1555070 332
1555080 329
1555090 329
1555100 326
1555110 324
1555120 324
1555130 323
1555140 323
1555150 323
1555160 323
1555170 323
1555180 323
1555190 324
1555200 325
1555210 325
1555220 327
1555230 328
1555240 328
1555250 328
1555260 326
1555270 326
1555280 325
1555290 324
1555300 324
1555310 323
1555320 325
1555330 325
1555340 327
1555350 329
1555360 329
1555370 330
1555380 330
1555390 330
1555400 330
1555410 328
1555420 328
1555430 326
1555440 324
1555450 324
1555460 325
1555470 329
1555480 329
1555490 329
1555500 328
1555510 328
1555520 327
1555530 328
1555540 328
1555550 333
1555560 336
1555570 336
1555580 336
1555590 336
1555600 336
1555610 336
1555620 335
1555630 335
1555640 335
1555650 334
1555660 334
1555670 334
1555680 333
1555690 333
1555700 333
1555710 333
1555720 333
1555730 332
1555740 332
1555750 332
1555760 331
1555770 330
1555780 330
1555790 326
1555800 323
1555810 323
1555820 323
1555830 323
1555840 323
1555850 323
1555860 323
1555870 323
1555880 324
1555890 325
1555900 325
1555910 324
1555920 323
1555930 323
1555940 322
1555950 321
1555960 321
1555970 320
1555980 319
1555990 319
1556000 318
1556010 317
1556020 317
1556030 315
1556040 314
1556050 314
1556060 313
1556070 312
1556080 312
1556090 311
1556100 310
1556110 310
1556120 310
1556130 310
1556140 310
1556150 310
1556160 309
1556170 309
1556180 308
1556190 308
1556200 308
1556210 307
1556220 306
1556230 306
1556240 305
1556250 305
1556260 305
1556270 304
1556280 304
1556290 304
1556300 304
1556310 303
1556320 303
1556330 303
1556340 303
1556350 303
1556360 303
1556370 303
1556380 303
1556390 303
1556400 303
1556410 303
1556420 303
1556430 303
1556440 303
1556450 303
1556460 305
1556470 305
1556480 307
1556490 308
1556500 308
1556510 309
1556520 309
1556530 309
1556540 309
1556550 309
1556560 309
1556570 309
1556580 309
1556590 309
1556600 309
1556610 309
1556620 309
1556630 309
1556640 309
1556650 309
1556660 309
1556670 308
1556680 308
1556690 308
1556700 308
1556710 308
1556720 308
1556730 308
1556740 308
1556750 308
1556760 307
1556770 307
1556780 307
1556790 307
1556800 307
1556810 307
1556820 307
1556830 307
1556840 307
1556850 307
1556860 307
1556870 308
1556880 308
1556890 308
1556900 308
1556910 308
1556920 308
1556930 308
1556940 309
1556950 309
1556960 309
1556970 309
1556980 309
1556990 310
1557000 310
1557010 310
1557020 311
1557030 311
1557040 311
1557050 312
1557060 313
1557070 313
1557080 313
1557090 314
1557100 314
1557110 315
1557120 315
1557130 315
1557140 315
1557150 316
1557160 316
1557170 316
1557180 316
1557190 316
1557200 316
1557210 316
1557220 316
1557230 316
1557240 316
1557250 317
1557260 317
1557270 317
1557280 317
1557290 317
1557300 318
1557310 319
1557320 319
1557330 321
1557340 321
1557350 321
1557360 321
1557370 322
1557380 322
1557390 323
1557400 323
1557410 323
1557420 324
1557430 324
1557440 324
1557450 325
1557460 325
1557470 325
1557480 325
1557490 325
1557500 325
1557510 325
1557520 325
1557530 325
1557540 325
1557550 325
1557560 325
1557570 325
1557580 325
1557590 325
1557600 325
1557610 324
1557620 324
1557630 324
1557640 324
1557650 324
1557660 323
1557670 323
1557680 323
1557690 323
1557700 322
1557710 322
1557720 322
1557730 323
1557740 323
1557750 323
1557760 323
1557770 323
1557780 323
1557790 322
1557800 322
1557810 323
1557820 323
1557830 323
1557840 323
1557850 323
1557860 323
1557870 323
1557880 323
1557890 323
1557900 323
1557910 323
1557920 323
1557930 324
1557940 324
1557950 324
1557960 324
1557970 324
1557980 324
1557990 325
1558000 325
1558010 325
1558020 326
1558030 326
1558040 326
1558050 326
1558060 327
1558070 327
1558080 327
1558090 328
1558100 328
1558110 328
1558120 328
1558130 328
1558140 329
1558150 329
1558160 329
1558170 330
1558180 331
1558190 331
1558200 331
1558210 332
1558220 332
1558230 332
1558240 333
1558250 333
1558260 334
1558270 334
1558280 334
1558290 335
1558300 336
1558310 336
1558320 336
1558330 337
1558340 337
1558350 337
1558360 338
1558370 338
1558380 338
1558390 338
1558400 338
1558410 339
1558420 339
1558430 339
1558440 339
1558450 339
1558460 339
1558470 340
1558480 340
1558490 340
1558500 340
1558510 341
1558520 341
1558530 341
1558540 341
1558550 341
1558560 342
1558570 342
1558580 342
1558590 343
1558600 343
1558610 343
1558620 343
1558630 343
1558640 343
1558650 343
1558660 343
1558670 343
1558680 343
1558690 344
1558700 344
1558710 343
1558720 343
1558730 343
1558740 343
1558750 342
1558760 342
1558770 341
1558780 340
1558790 340
1558800 339
1558810 338
1558820 338
1558830 336
1558840 335
1558850 335
1558860 335
1558870 338
1558880 338
1558890 340
1558900 342
1558910 342
1558920 344
1558930 346
1558940 346
1558950 348
1558960 351
1558970 351
1558980 353
1558990 356
1559000 356
1559010 358
1559020 362
1559030 362
1559040 363
1559050 364
1559060 364
1559070 365
1559080 365
1559090 365
1559100 366
1559110 366
1559120 366
1559130 366
1559140 366
1559150 366
1559160 366
1559170 366
1559180 366
1559190 366
1559200 366
1559210 366
1559220 366
1559230 366
1559240 366
1559250 366
1559260 366
1559270 366
1559280 366
1559290 366
1559300 366
1559310 366
1559320 366
1559330 366
1559340 366
1559350 366
1559360 366
1559370 366
1559380 366
1559390 366
1559400 366
1559410 366
1559420 366
1559430 366
1559440 366
1559450 366
1559460 366
1559470 366
1559480 366
1559490 367
1559500 366
1559510 366
1559520 366
1559530 366
1559540 366
1559550 366
1559560 366
1559570 366
1559580 366
1559590 367
1559600 367
1559610 366
1559620 366
1559630 366
1559640 367
1559650 367
1559660 367
1559670 367
1559680 367
1559690 367
1559700 367
1559710 367
1559720 367
1559730 367
1559740 367
1559750 367
1559760 367
1559770 368
1559780 368
1559790 368
1559800 367
1559810 367
1559820 367
1559830 367
1559840 367
1559850 367
1559860 367
1559870 367
1559880 367
1559890 367
1559900 367
1559910 367
1559920 367
1559930 367
1559940 367
1559950 367
1559960 367
1559970 367
1559980 367
1559990 367
