1540000 331
1540010 332
1540020 332
1540030 332
1540040 332
1540050 332
1540060 332
1540070 332
1540080 331
1540090 331
1540100 331
1540110 331
1540120 331
1540130 331
1540140 331
1540150 331
1540160 331
1540170 331
1540180 331
1540190 332
1540200 334
1540210 334
1540220 335
1540230 336
1540240 336
1540250 335
1540260 334
1540270 334
1540280 333
1540290 332
1540300 332
1540310 331
1540320 331
1540330 331
1540340 330
1540350 330
1540360 330
1540370 330
1540380 330
1540390 330
1540400 330
1540410 330
1540420 330
1540430 330
1540440 330
1540450 330
1540460 330
1540470 330
1540480 330
1540490 330
1540500 330
1540510 330
1540520 330
1540530 330
1540540 330
1540550 329
1540560 329
1540570 329
1540580 328
1540590 328
1540600 328
1540610 330
1540620 331
1540630 331
1540640 331
1540650 331
1540660 331
1540670 331
1540680 330
1540690 330
1540700 330
1540710 330
1540720 330
1540730 330
1540740 330
1540750 330
1540760 330
1540770 329
1540780 329
1540790 329
1540800 330
1540810 330
1540820 330
1540830 330
1540840 330
1540850 330
1540860 330
1540870 330
1540880 330
1540890 330
1540900 330
1540910 330
1540920 330
1540930 330
1540940 330
1540950 330
1540960 330
1540970 329
1540980 329
1540990 329
1541000 329
1541010 329
1541020 329
1541030 329
1541040 329
1541050 329
1541060 329
1541070 329
1541080 329
1541090 329
1541100 329
1541110 329
1541120 330
1541130 330
1541140 330
1541150 330
1541160 330
1541170 330
1541180 331
1541190 331
1541200 331
1541210 332
1541220 332
1541230 332
1541240 332
1541250 332
1541260 332
1541270 332
1541280 332
1541290 332
1541300 332
1541310 333
1541320 333
1541330 333
1541340 333
1541350 333
1541360 334
1541370 335
1541380 335
1541390 335
1541400 335
1541410 335
1541420 334
1541430 334
1541440 334
1541450 334
1541460 334
1541470 334
1541480 334
1541490 333
1541500 333
1541510 333
1541520 333
1541530 333
1541540 333
1541550 333
1541560 333
1541570 333
1541580 333
1541590 333
1541600 334
1541610 335
1541620 335
1541630 336
1541640 338
1541650 338
1541660 339
1541670 342
1541680 342
1541690 344
1541700 347
1541710 347
1541720 350
1541730 353
1541740 353
1541750 356
1541760 358
1541770 358
1541780 359
1541790 361
1541800 361
1541810 361
1541820 362
1541830 362
1541840 363
1541850 365
1541860 365
1541870 366
1541880 366
1541890 366
1541900 366
1541910 365
1541920 365
1541930 365
1541940 364
1541950 364
1541960 363
1541970 363
1541980 363
1541990 363
1542000 363
1542010 363
1542020 363
1542030 363
1542040 363
1542050 363
1542060 363
1542070 363
1542080 363
1542090 364
1542100 364
1542110 364
1542120 364
1542130 364
1542140 365
1542150 365
1542160 365
1542170 365
1542180 364
1542190 364
1542200 363
1542210 361
1542220 361
1542230 359
1542240 354
1542250 352
1542260 352
1542270 352
1542280 352
1542290 352
1542300 353
1542310 355
1542320 355
1542330 361
1542340 366
1542350 366
1542360 367
1542370 369
1542380 369
1542390 370
1542400 371
1542410 371
1542420 373
1542430 374
1542440 374
1542450 374
1542460 375
1542470 375
1542480 376
1542490 377
1542500 377
1542510 377
1542520 378
1542530 378
1542540 380
1542550 380
1542560 380
1542570 381
1542580 381
1542590 381
1542600 381
1542610 381
1542620 381
1542630 382
1542640 382
1542650 382
1542660 382
1542670 382
1542680 382
1542690 381
1542700 381
1542710 381
1542720 379
1542730 375
1542740 375
1542750 369
1542760 364
1542770 364
1542780 364
1542790 369
1542800 369
1542810 373
1542820 376
1542830 376
1542840 378
1542850 380
1542860 380
1542870 383
1542880 386
1542890 386
1542900 389
1542910 391
1542920 391
1542930 393
1542940 394
1542950 394
1542960 395
1542970 395
1542980 395
1542990 395
1543000 395
1543010 395
1543020 395
1543030 395
1543040 395
1543050 395
1543060 394
1543070 394
1543080 394
1543090 393
1543100 393
1543110 393
1543120 393
1543130 393
1543140 392
1543150 392
1543160 392
1543170 391
1543180 391
1543190 391
1543200 390
1543210 390
1543220 390
1543230 389
1543240 388
1543250 388
1543260 388
1543270 387
1543280 387
1543290 386
1543300 386
1543310 386
1543320 385
1543330 385
1543340 385
1543350 384
1543360 383
1543370 383
1543380 383
1543390 382
1543400 382
1543410 380
1543420 378
1543430 378
1543440 377
1543450 377
1543460 377
1543470 377
1543480 378
1543490 378
1543500 378
1543510 380
1543520 380
1543530 381
1543540 381
1543550 381
1543560 381
1543570 381
1543580 381
1543590 381
1543600 381
1543610 381
1543620 381
1543630 381
1543640 381
1543650 381
1543660 381
1543670 381
1543680 380
1543690 379
1543700 379
1543710 377
1543720 375
1543730 375
1543740 374
1543750 373
1543760 373
1543770 372
1543780 371
1543790 371
1543800 370
1543810 370
1543820 370
1543830 371
1543840 373
1543850 373
1543860 374
1543870 376
1543880 376
1543890 378
1543900 380
1543910 380
1543920 382
1543930 383
1543940 383
1543950 385
1543960 387
1543970 387
1543980 388
1543990 389
1544000 389
1544010 390
1544020 391
1544030 391
1544040 392
1544050 393
1544060 393
1544070 394
1544080 394
1544090 394
1544100 395
1544110 396
1544120 396
1544130 397
1544140 397
1544150 397
1544160 397
1544170 398
1544180 398
1544190 398
1544200 399
1544210 399
1544220 399
1544230 400
1544240 400
1544250 400
1544260 401
1544270 401
1544280 401
1544290 402
1544300 402
1544310 402
1544320 402
1544330 402
1544340 403
1544350 403
1544360 403
1544370 404
1544380 404
1544390 404
1544400 405
1544410 405
1544420 405
1544430 405
1544440 405
1544450 405
1544460 406
1544470 407
1544480 407
1544490 407
1544500 408
1544510 408
1544520 408
1544530 409
1544540 409
1544550 409
1544560 410
1544570 410
1544580 410
1544590 410
1544600 410
1544610 411
1544620 411
1544630 411
1544640 411
1544650 411
1544660 411
1544670 411
1544680 411
1544690 411
1544700 411
1544710 411
1544720 411
1544730 411
1544740 411
1544750 411
1544760 411
1544770 411
1544780 411
1544790 410
1544800 410
1544810 410
1544820 410
1544830 409
1544840 409
1544850 409
1544860 408
1544870 408
1544880 408
1544890 407
1544900 407
1544910 407
1544920 406
1544930 406
1544940 406
1544950 405
1544960 405
1544970 404
1544980 404
1544990 404
1545000 403
1545010 403
1545020 403
1545030 402
1545040 401
1545050 401
1545060 400
1545070 399
1545080 399
1545090 398
1545100 397
1545110 397
1545120 396
1545130 395
1545140 395
1545150 395
1545160 394
1545170 394
1545180 393
1545190 392
1545200 392
1545210 391
1545220 390
1545230 390
1545240 388
1545250 387
1545260 387
1545270 386
1545280 385
1545290 385
1545300 384
1545310 383
1545320 383
1545330 382
1545340 380
1545350 380
1545360 378
1545370 376
1545380 376
1545390 375
1545400 374
1545410 377
1545420 375
1545430 374
1545440 374
1545450 372
1545460 371
1545470 371
1545480 370
1545490 369
1545500 369
1545510 369
1545520 368
1545530 368
1545540 364
1545550 361
1545560 361
1545570 360
1545580 359
1545590 359
1545600 359
1545610 358
1545620 358
1545630 361
1545640 367
1545650 367
1545660 371
1545670 374
1545680 374
1545690 378
1545700 381
1545710 381
1545720 383
1545730 386
1545740 386
1545750 387
1545760 389
1545770 389
1545780 390
1545790 391
1545800 391
1545810 392
1545820 392
1545830 392
1545840 392
1545850 393
1545860 393
1545870 393
1545880 393
1545890 393
1545900 393
1545910 393
1545920 393
1545930 393
1545940 392
1545950 392
1545960 392
1545970 392
1545980 392
1545990 392
1546000 392
1546010 392
1546020 392
1546030 392
1546040 392
1546050 392
1546060 391
1546070 391
1546080 391
1546090 391
1546100 391
1546110 390
1546120 390
1546130 390
1546140 390
1546150 389
1546160 389
1546170 389
1546180 388
1546190 388
1546200 388
1546210 387
1546220 387
1546230 387
1546240 388
1546250 388
1546260 388
1546270 388
1546280 388
1546290 388
1546300 388
1546310 388
1546320 388
1546330 388
1546340 388
1546350 388
1546360 388
1546370 388
1546380 388
1546390 388
1546400 388
1546410 388
1546420 387
1546430 387
1546440 387
1546450 387
1546460 387
1546470 387
1546480 387
1546490 387
1546500 387
1546510 387
1546520 387
1546530 387
1546540 387
1546550 387
1546560 387
1546570 387
1546580 387
1546590 386
1546600 386
1546610 386
1546620 386
1546630 386
1546640 386
1546650 385
1546660 385
1546670 385
1546680 385
1546690 384
1546700 384
1546710 384
1546720 383
1546730 383
1546740 383
1546750 383
1546760 383
1546770 382
1546780 382
1546790 382
1546800 381
1546810 381
1546820 381
1546830 380
1546840 380
1546850 380
1546860 379
1546870 379
1546880 379
1546890 378
1546900 377
1546910 377
1546920 376
1546930 375
1546940 375
1546950 374
1546960 373
1546970 373
1546980 372
1546990 371
1547000 371
1547010 369
1547020 368
1547030 368
1547040 367
1547050 365
1547060 365
1547070 364
1547080 363
1547090 363
1547100 362
1547110 361
1547120 361
1547130 360
1547140 358
1547150 358
1547160 357
1547170 355
1547180 355
1547190 354
1547200 352
1547210 352
1547220 351
1547230 350
1547240 350
1547250 348
1547260 347
1547270 347
1547280 345
1547290 344
1547300 344
1547310 343
1547320 342
1547330 342
1547340 341
1547350 340
1547360 340
1547370 339
1547380 337
1547390 337
1547400 335
1547410 334
1547420 334
1547430 333
1547440 332
1547450 332
1547460 332
1547470 332
1547480 332
1547490 331
1547500 329
1547510 329
1547520 329
1547530 330
1547540 330
1547550 330
1547560 329
1547570 329
1547580 329
1547590 329
1547600 329
1547610 329
1547620 328
1547630 328
1547640 328
1547650 327
1547660 327
1547670 327
1547680 326
1547690 326
1547700 325
1547710 325
1547720 325
1547730 324
1547740 324
1547750 324
1547760 323
1547770 322
1547780 322
1547790 321
1547800 320
1547810 320
1547820 319
1547830 318
1547840 318
1547850 317
1547860 316
1547870 316
1547880 316
1547890 315
1547900 315
1547910 314
1547920 313
1547930 313
1547940 313
1547950 312
1547960 312
1547970 312
1547980 311
1547990 311
1548000 311
1548010 311
1548020 311
1548030 311
1548040 311
1548050 311
1548060 311
1548070 311
1548080 311
1548090 311
1548100 311
1548110 311
1548120 311
1548130 311
1548140 311
1548150 310
1548160 310
1548170 310
1548180 310
1548190 310
1548200 310
1548210 310
1548220 310
1548230 310
1548240 310
1548250 310
1548260 310
1548270 311
1548280 310
1548290 310
1548300 310
1548310 310
1548320 310
1548330 310
1548340 310
1548350 310
1548360 310
1548370 310
1548380 310
1548390 310
1548400 310
1548410 310
1548420 310
1548430 310
1548440 310
1548450 310
1548460 309
1548470 309
1548480 309
1548490 309
1548500 309
1548510 309
1548520 309
1548530 309
1548540 309
1548550 309
1548560 309
1548570 309
1548580 309
1548590 309
1548600 309
1548610 309
1548620 309
1548630 309
1548640 309
1548650 309
1548660 309
1548670 310
1548680 310
1548690 310
1548700 309
1548710 309
1548720 309
1548730 309
1548740 308
1548750 308
1548760 308
1548770 307
1548780 307
1548790 308
1548800 308
1548810 308
1548820 308
1548830 308
1548840 308
1548850 308
1548860 307
1548870 307
1548880 307
1548890 307
1548900 307
1548910 307
1548920 307
1548930 307
1548940 307
1548950 307
1548960 307
1548970 307
1548980 307
1548990 307
1549000 307
1549010 306
1549020 306
1549030 306
1549040 306
1549050 306
1549060 306
1549070 306
1549080 306
1549090 306
1549100 306
1549110 306
1549120 305
1549130 305
1549140 305
1549150 305
1549160 306
1549170 306
1549180 306
1549190 306
1549200 306
1549210 306
1549220 306
1549230 306
1549240 306
1549250 307
1549260 307
1549270 307
1549280 307
1549290 307
1549300 306
1549310 306
1549320 306
1549330 306
1549340 306
1549350 306
1549360 306
1549370 305
1549380 305
1549390 304
1549400 304
1549410 304
1549420 304
1549430 304
1549440 304
1549450 304
1549460 305
1549470 305
1549480 306
1549490 307
1549500 307
1549510 306
1549520 306
1549530 306
1549540 307
1549550 307
1549560 307
1549570 307
1549580 307
1549590 307
1549600 307
1549610 307
1549620 307
1549630 307
1549640 306
1549650 306
1549660 306
1549670 306
1549680 306
1549690 306
1549700 306
1549710 306
1549720 306
1549730 306
1549740 306
1549750 306
1549760 307
1549770 307
1549780 306
1549790 306
1549800 306
1549810 306
1549820 306
1549830 306
1549840 306
1549850 307
1549860 307
1549870 307
1549880 308
1549890 308
1549900 308
1549910 309
1549920 309
1549930 309
1549940 310
1549950 310
1549960 311
1549970 311
1549980 311
1549990 311
1550000 312
1550010 312
1550020 313
1550030 314
1550040 314
1550050 315
1550060 316
1550070 316
1550080 316
1550090 316
1550100 316
1550110 316
1550120 317
1550130 317
1550140 317
1550150 318
1550160 318
1550170 319
1550180 319
1550190 319
1550200 320
1550210 321
1550220 321
1550230 323
1550240 323
1550250 323
1550260 324
1550270 324
1550280 324
1550290 325
1550300 325
1550310 325
1550320 324
1550330 324
1550340 324
1550350 324
1550360 324
1550370 324
1550380 323
1550390 323
1550400 323
1550410 322
1550420 322
1550430 322
1550440 321
1550450 321
1550460 321
1550470 320
1550480 319
1550490 319
1550500 318
1550510 317
1550520 317
1550530 318
1550540 319
1550550 319
1550560 319
1550570 319
1550580 319
1550590 319
1550600 318
1550610 318
1550620 318
1550630 318
1550640 318
1550650 317
1550660 317
1550670 317
1550680 317
1550690 317
1550700 317
1550710 317
1550720 317
1550730 317
1550740 317
1550750 317
1550760 317
1550770 317
1550780 317
1550790 317
1550800 317
1550810 317
1550820 317
1550830 317
1550840 316
1550850 316
1550860 316
1550870 316
1550880 316
1550890 315
1550900 315
1550910 315
1550920 315
1550930 315
1550940 315
1550950 314
1550960 314
1550970 314
1550980 313
1550990 313
1551000 313
1551010 312
1551020 312
1551030 312
1551040 311
1551050 311
1551060 311
1551070 310
1551080 310
1551090 310
1551100 309
1551110 309
1551120 309
1551130 309
1551140 308
1551150 308
1551160 308
1551170 308
1551180 308
1551190 307
1551200 307
1551210 307
1551220 306
1551230 306
1551240 306
1551250 305
1551260 305
1551270 305
1551280 305
1551290 304
1551300 304
1551310 304
1551320 304
1551330 304
1551340 304
1551350 304
1551360 304
1551370 304
1551380 304
1551390 304
1551400 303
1551410 303
1551420 303
1551430 303
1551440 303
1551450 303
1551460 303
1551470 303
1551480 303
1551490 302
1551500 302
1551510 303
1551520 302
1551530 302
1551540 302
1551550 301
1551560 301
1551570 301
1551580 301
1551590 301
1551600 301
1551610 301
1551620 300
1551630 300
1551640 300
1551650 299
1551660 299
1551670 299
1551680 299
1551690 299
1551700 299
1551710 299
1551720 299
1551730 299
1551740 299
1551750 299
1551760 298
1551770 298
1551780 298
1551790 298
1551800 298
1551810 298
1551820 298
1551830 298
1551840 298
1551850 298
1551860 298
1551870 298
1551880 299
1551890 299
1551900 299
1551910 299
1551920 299
1551930 299
1551940 298
1551950 298
1551960 298
1551970 298
1551980 298
1551990 298
1552000 298
1552010 298
1552020 298
1552030 298
1552040 298
1552050 298
1552060 297
1552070 296
1552080 296
1552090 295
1552100 296
1552110 296
1552120 297
1552130 296
1552140 296
1552150 296
1552160 296
1552170 296
1552180 296
1552190 296
1552200 296
1552210 296
1552220 296
1552230 296
1552240 296
1552250 296
1552260 296
1552270 296
1552280 296
1552290 296
1552300 295
1552310 295
1552320 295
1552330 295
1552340 295
1552350 295
1552360 295
1552370 295
1552380 295
1552390 295
1552400 295
1552410 295
1552420 296
1552430 296
1552440 296
1552450 296
1552460 296
1552470 296
1552480 296
1552490 296
1552500 296
1552510 295
1552520 295
1552530 295
1552540 295
1552550 294
1552560 294
1552570 294
1552580 294
1552590 294
1552600 294
1552610 293
1552620 293
1552630 293
1552640 292
1552650 292
1552660 292
1552670 293
1552680 293
1552690 294
1552700 295
1552710 295
1552720 296
1552730 296
1552740 296
1552750 296
1552760 296
1552770 296
1552780 296
1552790 296
1552800 296
1552810 296
1552820 296
1552830 296
1552840 295
1552850 295
1552860 295
1552870 295
1552880 295
1552890 295
1552900 295
1552910 295
1552920 295
1552930 295
1552940 295
1552950 295
1552960 295
1552970 295
1552980 295
1552990 295
1553000 295
1553010 295
1553020 295
1553030 295
1553040 295
1553050 296
1553060 297
1553070 297
1553080 299
1553090 301
1553100 301
1553110 303
1553120 303
1553130 303
1553140 303
1553150 304
1553160 304
1553170 307
1553180 310
1553190 310
1553200 314
1553210 316
1553220 316
1553230 317
1553240 318
1553250 318
1553260 320
1553270 322
1553280 322
1553290 324
1553300 326
1553310 326
1553320 327
1553330 327
1553340 327
1553350 328
1553360 329
1553370 329
1553380 330
1553390 330
1553400 330
1553410 331
1553420 334
1553430 334
1553440 336
1553450 336
1553460 336
1553470 337
1553480 337
1553490 337
1553500 338
1553510 339
1553520 339
1553530 340
1553540 341
1553550 341
1553560 341
1553570 342
1553580 342
1553590 342
1553600 343
1553610 343
1553620 343
1553630 343
1553640 343
1553650 343
1553660 343
1553670 343
1553680 344
1553690 344
1553700 344
1553710 344
1553720 344
1553730 344
1553740 344
1553750 344
1553760 344
1553770 344
1553780 344
1553790 344
1553800 344
1553810 344
1553820 344
1553830 344
1553840 344
1553850 344
1553860 343
1553870 343
1553880 343
1553890 343
1553900 343
1553910 343
1553920 343
1553930 342
1553940 342
1553950 342
1553960 342
1553970 342
1553980 341
1553990 341
1554000 341
1554010 341
1554020 341
1554030 341
1554040 340
1554050 340
1554060 340
1554070 339
1554080 339
1554090 339
1554100 339
1554110 338
1554120 338
1554130 338
1554140 337
1554150 337
1554160 336
1554170 336
1554180 336
1554190 335
1554200 334
1554210 334
1554220 333
1554230 332
1554240 332
1554250 331
1554260 329
1554270 329
1554280 328
1554290 326
1554300 326
1554310 324
1554320 322
1554330 322
1554340 320
1554350 319
1554360 319
1554370 318
1554380 317
1554390 317
1554400 316
1554410 315
1554420 315
1554430 315
1554440 314
1554450 314
1554460 313
1554470 312
1554480 312
1554490 311
1554500 310
1554510 310
1554520 309
1554530 308
1554540 308
1554550 307
1554560 306
1554570 306
1554580 305
1554590 304
1554600 304
1554610 303
1554620 302
1554630 302
1554640 301
1554650 300
1554660 300
1554670 299
1554680 298
1554690 298
1554700 298
1554710 297
1554720 297
1554730 296
1554740 296
1554750 296
1554760 295
1554770 292
1554780 292
1554790 291
1554800 292
1554810 292
1554820 292
1554830 292
1554840 292
1554850 292
1554860 292
1554870 292
1554880 292
1554890 292
1554900 292
1554910 292
1554920 292
1554930 292
1554940 292
1554950 292
1554960 292
1554970 292
1554980 292
1554990 292
1555000 292
1555010 292
1555020 292
1555030 292
1555040 292
1555050 292
1555060 292
1555070 292
1555080 292
1555090 292
1555100 292
1555110 292
1555120 292
1555130 292
1555140 292
1555150 292
1555160 292
1555170 292
1555180 292
1555190 292
1555200 292
1555210 292
1555220 292
1555230 292
1555240 292
1555250 292
1555260 293
1555270 293
1555280 292
1555290 292
1555300 292
1555310 292
1555320 293
1555330 293
1555340 293
1555350 293
1555360 293
1555370 293
1555380 294
1555390 294
1555400 294
1555410 295
1555420 295
1555430 296
1555440 298
1555450 298
1555460 298
1555470 299
1555480 299
1555490 299
1555500 299
1555510 299
1555520 300
1555530 301
1555540 301
1555550 302
1555560 303
1555570 303
1555580 304
1555590 306
1555600 306
1555610 308
1555620 310
1555630 310
1555640 311
1555650 313
1555660 313
1555670 315
1555680 316
1555690 316
1555700 317
1555710 318
1555720 318
1555730 318
1555740 319
1555750 319
1555760 320
1555770 321
1555780 321
1555790 322
1555800 323
1555810 323
1555820 324
1555830 324
1555840 324
1555850 325
1555860 326
1555870 326
1555880 326
1555890 327
1555900 327
1555910 328
1555920 328
1555930 328
1555940 329
1555950 329
1555960 329
1555970 329
1555980 329
1555990 329
1556000 329
1556010 329
1556020 329
1556030 329
1556040 329
1556050 329
1556060 328
1556070 328
1556080 328
1556090 328
1556100 328
1556110 328
1556120 328
1556130 328
1556140 328
1556150 328
1556160 327
1556170 327
1556180 327
1556190 326
1556200 326
1556210 326
1556220 325
1556230 325
1556240 324
1556250 324
1556260 324
1556270 324
1556280 324
1556290 324
1556300 325
1556310 325
1556320 325
1556330 326
1556340 326
1556350 326
1556360 327
1556370 327
1556380 327
1556390 326
1556400 326
1556410 326
1556420 326
1556430 325
1556440 325
1556450 324
1556460 324
1556470 324
1556480 323
1556490 323
1556500 323
1556510 322
1556520 322
1556530 322
1556540 321
1556550 320
1556560 320
1556570 320
1556580 320
1556590 320
1556600 319
1556610 319
1556620 319
1556630 318
1556640 318
1556650 318
1556660 317
1556670 317
1556680 317
1556690 316
1556700 316
1556710 316
1556720 315
1556730 315
1556740 315
1556750 314
1556760 315
1556770 315
1556780 315
1556790 315
1556800 315
1556810 316
1556820 317
1556830 317
1556840 318
1556850 320
1556860 320
1556870 321
1556880 323
1556890 323
1556900 325
1556910 326
1556920 326
1556930 326
1556940 326
1556950 326
1556960 326
1556970 326
1556980 326
1556990 326
1557000 326
1557010 326
1557020 326
1557030 326
1557040 326
1557050 326
1557060 326
1557070 326
1557080 326
1557090 327
1557100 327
1557110 327
1557120 327
1557130 327
1557140 327
1557150 328
1557160 328
1557170 328
1557180 328
1557190 328
1557200 328
1557210 328
1557220 328
1557230 328
1557240 329
1557250 329
1557260 329
1557270 329
1557280 329
1557290 329
1557300 329
1557310 329
1557320 328
1557330 328
1557340 328
1557350 327
1557360 326
1557370 326
1557380 325
1557390 324
1557400 324
1557410 324
1557420 324
1557430 324
1557440 323
1557450 324
1557460 324
1557470 324
1557480 325
1557490 325
1557500 326
1557510 327
1557520 327
1557530 328
1557540 328
1557550 328
1557560 329
1557570 330
1557580 330
1557590 330
1557600 330
1557610 330
1557620 330
1557630 330
1557640 330
1557650 329
1557660 329
1557670 329
1557680 328
1557690 328
1557700 328
1557710 328
1557720 328
1557730 328
1557740 328
1557750 328
1557760 328
1557770 328
1557780 329
1557790 329
1557800 330
1557810 331
1557820 331
1557830 332
1557840 333
1557850 333
1557860 334
1557870 334
1557880 334
1557890 334
1557900 333
1557910 333
1557920 332
1557930 332
1557940 332
1557950 331
1557960 329
1557970 329
1557980 329
1557990 328
1558000 328
1558010 328
1558020 329
1558030 329
1558040 330
1558050 332
1558060 332
1558070 336
1558080 338
1558090 338
1558100 341
1558110 343
1558120 343
1558130 345
1558140 346
1558150 346
1558160 347
1558170 348
1558180 348
1558190 348
1558200 347
1558210 347
1558220 347
1558230 347
1558240 347
1558250 347
1558260 347
1558270 347
1558280 347
1558290 347
1558300 347
1558310 348
1558320 348
1558330 348
1558340 348
1558350 349
1558360 349
1558370 349
1558380 349
1558390 349
1558400 349
1558410 349
1558420 349
1558430 350
1558440 350
1558450 350
1558460 350
1558470 350
1558480 350
1558490 351
1558500 351
1558510 351
1558520 351
1558530 352
1558540 352
1558550 352
1558560 353
1558570 353
1558580 353
1558590 353
1558600 353
1558610 354
1558620 354
1558630 354
1558640 354
1558650 354
1558660 354
1558670 355
1558680 355
1558690 355
1558700 355
1558710 355
1558720 355
1558730 356
1558740 356
1558750 356
1558760 356
1558770 357
1558780 357
1558790 357
1558800 357
1558810 357
1558820 358
1558830 358
1558840 358
1558850 359
1558860 359
1558870 359
1558880 360
1558890 360
1558900 360
1558910 360
1558920 361
1558930 361
1558940 361
1558950 360
1558960 360
1558970 360
1558980 359
1558990 359
1559000 357
1559010 356
1559020 356
1559030 356
1559040 355
1559050 355
1559060 355
1559070 355
1559080 355
1559090 356
1559100 357
1559110 357
1559120 358
1559130 360
1559140 360
1559150 361
1559160 363
1559170 363
1559180 364
1559190 366
1559200 366
1559210 367
1559220 369
1559230 369
1559240 370
1559250 372
1559260 372
1559270 373
1559280 374
1559290 374
1559300 375
1559310 376
1559320 376
1559330 377
1559340 377
1559350 377
1559360 378
1559370 379
1559380 379
1559390 379
1559400 380
1559410 380
1559420 380
1559430 380
1559440 380
1559450 380
1559460 381
1559470 381
1559480 381
1559490 382
1559500 382
1559510 382
1559520 382
1559530 382
1559540 382
1559550 383
1559560 383
1559570 382
1559580 382
1559590 382
1559600 381
1559610 381
1559620 381
1559630 381
1559640 381
1559650 381
1559660 380
1559670 380
1559680 380
1559690 379
1559700 379
1559710 379
1559720 378
1559730 378
1559740 378
1559750 377
1559760 377
1559770 377
1559780 376
1559790 375
1559800 375
1559810 374
1559820 374
1559830 374
1559840 373
1559850 372
1559860 372
1559870 371
1559880 370
1559890 370
1559900 370
1559910 369
1559920 369
1559930 368
1559940 367
1559950 367
1559960 366
1559970 366
1559980 366
1559990 365
