1540000 462
1540010 462
1540020 461
1540030 461
1540040 461
1540050 460
1540060 460
1540070 460
1540080 459
1540090 459
1540100 459
1540110 458
1540120 457
1540130 457
1540140 456
1540150 453
1540160 453
1540170 449
1540180 446
1540190 446
1540200 445
1540210 447
1540220 447
1540230 450
1540240 453
1540250 453
1540260 455
1540270 455
1540280 455
1540290 455
1540300 455
1540310 455
1540320 455
1540330 454
1540340 454
1540350 451
1540360 450
1540370 450
1540380 452
1540390 452
1540400 452
1540410 452
1540420 451
1540430 451
1540440 451
1540450 450
1540460 450
1540470 447
1540480 445
1540490 445
1540500 442
1540510 437
1540520 437
1540530 436
1540540 439
1540550 439
1540560 442
1540570 443
1540580 443
1540590 443
1540600 443
1540610 443
1540620 444
1540630 444
1540640 444
1540650 444
1540660 444
1540670 444
1540680 445
1540690 445
1540700 445
1540710 446
1540720 447
1540730 447
1540740 448
1540750 449
1540760 449
1540770 448
1540780 446
1540790 446
1540800 442
1540810 443
1540820 443
1540830 448
1540840 452
1540850 452
1540860 454
1540870 455
1540880 455
1540890 454
1540900 452
1540910 452
1540920 450
1540930 447
1540940 447
1540950 442
1540960 437
1540970 437
1540980 437
1540990 441
1541000 441
1541010 444
1541020 446
1541030 446
1541040 448
1541050 449
1541060 449
1541070 450
1541080 450
1541090 450
1541100 449
1541110 448
1541120 448
1541130 447
1541140 445
1541150 445
1541160 441
1541170 444
1541180 442
1541190 447
1541200 449
1541210 449
1541220 451
1541230 453
1541240 453
1541250 454
1541260 454
1541270 454
1541280 454
1541290 453
1541300 453
1541310 450
1541320 447
1541330 447
1541340 443
1541350 440
1541360 440
1541370 438
1541380 440
1541390 440
1541400 443
1541410 446
1541420 446
1541430 448
1541440 451
1541450 451
1541460 453
1541470 455
1541480 455
1541490 455
1541500 455
1541510 455
1541520 455
1541530 455
1541540 455
1541550 455
1541560 456
1541570 456
1541580 458
1541590 460
1541600 460
1541610 461
1541620 461
1541630 461
1541640 459
1541650 457
1541660 457
1541670 456
1541680 456
1541690 456
1541700 457
1541710 458
1541720 458
1541730 458
1541740 457
1541750 457
1541760 457
1541770 456
1541780 456
1541790 455
1541800 454
1541810 454
1541820 453
1541830 452
1541840 452
1541850 451
1541860 451
1541870 451
1541880 449
1541890 449
1541900 449
1541910 448
1541920 447
1541930 447
1541940 446
1541950 445
1541960 445
1541970 444
1541980 444
1541990 444
1542000 443
1542010 443
1542020 443
1542030 442
1542040 441
1542050 441
1542060 440
1542070 440
1542080 440
1542090 439
1542100 438
1542110 438
1542120 438
1542130 437
1542140 437
1542150 436
1542160 435
1542170 435
1542180 433
1542190 432
1542200 432
1542210 431
1542220 430
1542230 430
1542240 429
1542250 428
1542260 428
1542270 427
1542280 426
1542290 426
1542300 424
1542310 422
1542320 422
1542330 420
1542340 418
1542350 418
1542360 417
1542370 415
1542380 415
1542390 413
1542400 412
1542410 412
1542420 410
1542430 409
1542440 409
1542450 407
1542460 406
1542470 406
1542480 405
1542490 404
1542500 404
1542510 404
1542520 403
1542530 403
1542540 402
1542550 402
1542560 402
1542570 401
1542580 400
1542590 400
1542600 399
1542610 399
1542620 399
1542630 398
1542640 397
1542650 397
1542660 396
1542670 395
1542680 395
1542690 393
1542700 395
1542710 395
1542720 396
1542730 397
1542740 397
1542750 398
1542760 399
1542770 399
1542780 400
1542790 401
1542800 401
1542810 402
1542820 403
1542830 403
1542840 404
1542850 405
1542860 405
1542870 405
1542880 406
1542890 406
1542900 406
1542910 406
1542920 406
1542930 406
1542940 405
1542950 405
1542960 405
1542970 405
1542980 405
1542990 405
1543000 404
1543010 404
1543020 404
1543030 403
1543040 403
1543050 403
1543060 403
1543070 403
1543080 403
1543090 403
1543100 403
1543110 402
1543120 402
1543130 402
1543140 401
1543150 401
1543160 401
1543170 401
1543180 400
1543190 400
1543200 400
1543210 400
1543220 400
1543230 399
1543240 399
1543250 399
1543260 398
1543270 398
1543280 398
1543290 397
1543300 397
1543310 397
1543320 396
1543330 396
1543340 396
1543350 396
1543360 395
1543370 395
1543380 395
1543390 394
1543400 394
1543410 393
1543420 393
1543430 392
1543440 391
1543450 391
1543460 391
1543470 390
1543480 389
1543490 389
1543500 388
1543510 386
1543520 386
1543530 384
1543540 383
1543550 383
1543560 383
1543570 383
1543580 383
1543590 384
1543600 383
1543610 383
1543620 382
1543630 382
1543640 382
1543650 381
1543660 382
1543670 382
1543680 383
1543690 384
1543700 384
1543710 384
1543720 384
1543730 384
1543740 384
1543750 384
1543760 384
1543770 383
1543780 383
1543790 383
1543800 383
1543810 383
1543820 383
1543830 383
1543840 383
1543850 383
1543860 383
1543870 384
1543880 384
1543890 384
1543900 384
1543910 384
1543920 384
1543930 384
1543940 384
1543950 384
1543960 385
1543970 385
1543980 385
1543990 385
1544000 385
1544010 385
1544020 385
1544030 385
1544040 385
1544050 386
1544060 386
1544070 386
1544080 386
1544090 386
1544100 386
1544110 386
1544120 386
1544130 386
1544140 386
1544150 386
1544160 386
1544170 386
1544180 386
1544190 386
1544200 386
1544210 386
1544220 386
1544230 386
1544240 386
1544250 386
1544260 386
1544270 386
1544280 386
1544290 386
1544300 386
1544310 385
1544320 385
1544330 385
1544340 385
1544350 385
1544360 385
1544370 384
1544380 384
1544390 384
1544400 384
1544410 384
1544420 384
1544430 383
1544440 383
1544450 383
1544460 383
1544470 381
1544480 381
1544490 381
1544500 380
1544510 380
1544520 380
1544530 380
1544540 380
1544550 379
1544560 379
1544570 379
1544580 378
1544590 377
1544600 377
1544610 376
1544620 375
1544630 375
1544640 375
1544650 374
1544660 374
1544670 373
1544680 372
1544690 372
1544700 371
1544710 370
1544720 370
1544730 369
1544740 368
1544750 368
1544760 368
1544770 367
1544780 367
1544790 366
1544800 366
1544810 366
1544820 365
1544830 364
1544840 364
1544850 363
1544860 362
1544870 362
1544880 361
1544890 360
1544900 360
1544910 359
1544920 358
1544930 358
1544940 358
1544950 356
1544960 356
1544970 353
1544980 352
1544990 352
1545000 350
1545010 350
1545020 350
1545030 350
1545040 352
1545050 352
1545060 354
1545070 351
1545080 351
1545090 349
1545100 347
1545110 347
1545120 347
1545130 346
1545140 346
1545150 346
1545160 346
1545170 346
1545180 346
1545190 346
1545200 346
1545210 346
1545220 346
1545230 346
1545240 346
1545250 346
1545260 346
1545270 346
1545280 345
1545290 345
1545300 345
1545310 345
1545320 345
1545330 345
1545340 344
1545350 344
1545360 344
1545370 345
1545380 345
1545390 346
1545400 348
1545410 348
1545420 349
1545430 350
1545440 350
1545450 351
1545460 352
1545470 352
1545480 352
1545490 353
1545500 353
1545510 354
1545520 355
1545530 355
1545540 357
1545550 360
1545560 360
1545570 364
1545580 367
1545590 369
1545600 369
1545610 369
1545620 369
1545630 368
1545640 368
1545650 368
1545660 367
1545670 366
1545680 366
1545690 366
1545700 365
1545710 365
1545720 364
1545730 362
1545740 362
1545750 359
1545760 362
1545770 362
1545780 365
1545790 366
1545800 366
1545810 366
1545820 367
1545830 367
1545840 368
1545850 369
1545860 369
1545870 369
1545880 370
1545890 370
1545900 371
1545910 371
1545920 371
1545930 371
1545940 372
1545950 372
1545960 372
1545970 373
1545980 373
1545990 373
1546000 373
1546010 373
1546020 373
1546030 374
1546040 374
1546050 374
1546060 375
1546070 375
1546080 375
1546090 374
1546100 374
1546110 374
1546120 374
1546130 374
1546140 374
1546150 375
1546160 375
1546170 375
1546180 375
1546190 375
1546200 375
1546210 375
1546220 375
1546230 375
1546240 375
1546250 375
1546260 375
1546270 374
1546280 374
1546290 373
1546300 373
1546310 373
1546320 372
1546330 371
1546340 371
1546350 369
1546360 368
1546370 368
1546380 366
1546390 365
1546400 365
1546410 363
1546420 362
1546430 362
1546440 360
1546450 359
1546460 359
1546470 359
1546480 358
1546490 358
1546500 359
1546510 359
1546520 359
1546530 361
1546540 363
1546550 363
1546560 365
1546570 366
1546580 366
1546590 367
1546600 367
1546610 367
1546620 367
1546630 368
1546640 368
1546650 368
1546660 368
1546670 368
1546680 369
1546690 369
1546700 369
1546710 369
1546720 369
1546730 369
1546740 370
1546750 370
1546760 370
1546770 370
1546780 370
1546790 370
1546800 370
1546810 371
1546820 371
1546830 371
1546840 371
1546850 371
1546860 371
1546870 372
1546880 372
1546890 372
1546900 372
1546910 372
1546920 373
1546930 373
1546940 373
1546950 373
1546960 373
1546970 373
1546980 373
1546990 373
1547000 373
1547010 373
1547020 372
1547030 372
1547040 372
1547050 372
1547060 372
1547070 371
1547080 371
1547090 371
1547100 371
1547110 371
1547120 371
1547130 370
1547140 370
1547150 370
1547160 370
1547170 370
1547180 370
1547190 369
1547200 369
1547210 369
1547220 369
1547230 369
1547240 369
1547250 368
1547260 368
1547270 368
1547280 368
1547290 368
1547300 368
1547310 368
1547320 368
1547330 368
1547340 367
1547350 367
1547360 367
1547370 367
1547380 367
1547390 367
1547400 366
1547410 366
1547420 366
1547430 365
1547440 365
1547450 365
1547460 365
1547470 365
1547480 365
1547490 365
1547500 365
1547510 365
1547520 366
1547530 366
1547540 366
1547550 366
1547560 366
1547570 366
1547580 366
1547590 366
1547600 366
1547610 366
1547620 366
1547630 366
1547640 365
1547650 365
1547660 365
1547670 364
1547680 364
1547690 363
1547700 362
1547710 362
1547720 362
1547730 361
1547740 360
1547750 360
1547760 360
1547770 359
1547780 359
1547790 358
1547800 358
1547810 358
1547820 357
1547830 356
1547840 356
1547850 355
1547860 354
1547870 354
1547880 353
1547890 352
1547900 352
1547910 351
1547920 350
1547930 350
1547940 349
1547950 348
1547960 348
1547970 347
1547980 346
1547990 346
1548000 345
1548010 344
1548020 344
1548030 343
1548040 342
1548050 342
1548060 340
1548070 340
1548080 340
1548090 339
1548100 338
1548110 338
1548120 337
1548130 336
1548140 336
1548150 335
1548160 334
1548170 334
1548180 334
1548190 333
1548200 333
1548210 332
1548220 330
1548230 330
1548240 329
1548250 328
1548260 328
1548270 328
1548280 328
1548290 328
1548300 329
1548310 329
1548320 329
1548330 330
1548340 330
1548350 330
1548360 331
1548370 331
1548380 331
1548390 332
1548400 332
1548410 332
1548420 332
1548430 332
1548440 332
1548450 332
1548460 332
1548470 332
1548480 333
1548490 333
1548500 333
1548510 334
1548520 335
1548530 335
1548540 336
1548550 337
1548560 337
1548570 338
1548580 339
1548590 339
1548600 339
1548610 340
1548620 340
1548630 341
1548640 342
1548650 342
1548660 343
1548670 343
1548680 343
1548690 344
1548700 345
1548710 345
1548720 346
1548730 348
1548740 348
1548750 349
1548760 351
1548770 351
1548780 352
1548790 352
1548800 352
1548810 353
1548820 354
1548830 354
1548840 354
1548850 355
1548860 355
1548870 355
1548880 356
1548890 356
1548900 355
1548910 355
1548920 355
1548930 355
1548940 355
1548950 355
1548960 354
1548970 354
1548980 354
1548990 354
1549000 354
1549010 354
1549020 354
1549030 353
1549040 353
1549050 353
1549060 353
1549070 353
1549080 353
1549090 352
1549100 352
1549110 352
1549120 351
1549130 351
1549140 351
1549150 350
1549160 350
1549170 349
1549180 349
1549190 349
1549200 348
1549210 348
1549220 348
1549230 347
1549240 346
1549250 346
1549260 346
1549270 345
1549280 345
1549290 344
1549300 344
1549310 344
1549320 343
1549330 343
1549340 343
1549350 342
1549360 341
1549370 341
1549380 341
1549390 340
1549400 340
1549410 339
1549420 339
1549430 339
1549440 338
1549450 337
1549460 337
1549470 337
1549480 336
1549490 336
1549500 335
1549510 334
1549520 334
1549530 334
1549540 333
1549550 333
1549560 332
1549570 330
1549580 330
1549590 330
1549600 329
1549610 329
1549620 328
1549630 327
1549640 327
1549650 326
1549660 326
1549670 326
1549680 324
1549690 323
1549700 323
1549710 321
1549720 321
1549730 321
1549740 320
1549750 320
1549760 320
1549770 320
1549780 319
1549790 319
1549800 319
1549810 318
1549820 318
1549830 318
1549840 318
1549850 318
1549860 317
1549870 317
1549880 317
1549890 316
1549900 316
1549910 316
1549920 316
1549930 316
1549940 316
1549950 316
1549960 316
1549970 316
1549980 315
1549990 315
1550000 315
1550010 315
1550020 315
1550030 315
1550040 315
1550050 315
1550060 315
1550070 315
1550080 316
1550090 316
1550100 316
1550110 316
1550120 316
1550130 316
1550140 316
1550150 316
1550160 315
1550170 315
1550180 315
1550190 316
1550200 316
1550210 316
1550220 316
1550230 316
1550240 316
1550250 317
1550260 318
1550270 318
1550280 319
1550290 320
1550300 320
1550310 320
1550320 321
1550330 321
1550340 321
1550350 322
1550360 322
1550370 322
1550380 323
1550390 323
1550400 323
1550410 324
1550420 324
1550430 325
1550440 327
1550450 327
1550460 328
1550470 329
1550480 329
1550490 331
1550500 332
1550510 332
1550520 332
1550530 333
1550540 333
1550550 334
1550560 335
1550570 335
1550580 335
1550590 336
1550600 336
1550610 337
1550620 337
1550630 337
1550640 339
1550650 339
1550660 339
1550670 340
1550680 340
1550690 340
1550700 341
1550710 342
1550720 342
1550730 342
1550740 343
1550750 343
1550760 343
1550770 342
1550780 342
1550790 342
1550800 341
1550810 341
1550820 340
1550830 340
1550840 340
1550850 339
1550860 339
1550870 339
1550880 340
1550890 342
1550900 342
1550910 342
1550920 342
1550930 342
1550940 342
1550950 343
1550960 343
1550970 344
1550980 346
1550990 346
1551000 347
1551010 349
1551020 349
1551030 351
1551040 354
1551050 354
1551060 356
1551070 359
1551080 359
1551090 361
1551100 364
1551110 364
1551120 366
1551130 368
1551140 368
1551150 370
1551160 371
1551170 371
1551180 372
1551190 373
1551200 373
1551210 375
1551220 376
1551230 376
1551240 377
1551250 379
1551260 379
1551270 380
1551280 381
1551290 381
1551300 382
1551310 383
1551320 383
1551330 384
1551340 385
1551350 385
1551360 386
1551370 387
1551380 387
1551390 388
1551400 389
1551410 389
1551420 390
1551430 390
1551440 390
1551450 391
1551460 392
1551470 392
1551480 392
1551490 393
1551500 393
1551510 394
1551520 394
1551530 394
1551540 396
1551550 397
1551560 397
1551570 397
1551580 398
1551590 398
1551600 398
1551610 399
1551620 399
1551630 399
1551640 400
1551650 400
1551660 400
1551670 401
1551680 400
1551690 401
1551700 401
1551710 401
1551720 402
1551730 402
1551740 402
1551750 403
1551760 403
1551770 403
1551780 403
1551790 404
1551800 404
1551810 404
1551820 403
1551830 403
1551840 403
1551850 404
1551860 404
1551870 404
1551880 404
1551890 404
1551900 405
1551910 405
1551920 405
1551930 406
1551940 406
1551950 406
1551960 406
1551970 407
1551980 407
1551990 407
1552000 407
1552010 407
1552020 407
1552030 407
1552040 407
1552050 407
1552060 407
1552070 407
1552080 407
1552090 407
1552100 407
1552110 407
1552120 407
1552130 407
1552140 406
1552150 406
1552160 406
1552170 406
1552180 406
1552190 406
1552200 406
1552210 406
1552220 406
1552230 406
1552240 405
1552250 405
1552260 404
1552270 404
1552280 404
1552290 402
1552300 401
1552310 401
1552320 400
1552330 400
1552340 400
1552350 400
1552360 399
1552370 399
1552380 398
1552390 396
1552400 396
1552410 393
1552420 391
1552430 391
1552440 389
1552450 387
1552460 387
1552470 386
1552480 384
1552490 384
1552500 383
1552510 381
1552520 381
1552530 380
1552540 379
1552550 379
1552560 378
1552570 376
1552580 376
1552590 375
1552600 374
1552610 374
1552620 373
1552630 373
1552640 373
1552650 374
1552660 375
1552670 375
1552680 374
1552690 373
1552700 373
1552710 371
1552720 370
1552730 370
1552740 370
1552750 369
1552760 369
1552770 369
1552780 368
1552790 368
1552800 366
1552810 365
1552820 365
1552830 364
1552840 364
1552850 364
1552860 363
1552870 363
1552880 363
1552890 363
1552900 363
1552910 363
1552920 363
1552930 363
1552940 363
1552950 364
1552960 365
1552970 365
1552980 365
1552990 365
1553000 365
1553010 366
1553020 366
1553030 366
1553040 366
1553050 367
1553060 367
1553070 371
1553080 372
1553090 372
1553100 372
1553110 377
1553120 377
1553130 380
1553140 381
1553150 381
1553160 381
1553170 382
1553180 382
1553190 382
1553200 382
1553210 382
1553220 383
1553230 383
1553240 383
1553250 384
1553260 385
1553270 385
1553280 385
1553290 386
1553300 386
1553310 386
1553320 387
1553330 387
1553340 388
1553350 389
1553360 389
1553370 389
1553380 390
1553390 390
1553400 391
1553410 392
1553420 392
1553430 393
1553440 394
1553450 394
1553460 395
1553470 395
1553480 395
1553490 396
1553500 397
1553510 397
1553520 398
1553530 399
1553540 399
1553550 399
1553560 400
1553570 400
1553580 400
1553590 400
1553600 400
1553610 401
1553620 401
1553630 401
1553640 402
1553650 402
1553660 402
1553670 402
1553680 403
1553690 403
1553700 403
1553710 403
1553720 403
1553730 403
1553740 404
1553750 404
1553760 404
1553770 404
1553780 404
1553790 404
1553800 404
1553810 404
1553820 404
1553830 404
1553840 404
1553850 404
1553860 404
1553870 404
1553880 404
1553890 405
1553900 405
1553910 404
1553920 404
1553930 404
1553940 404
1553950 403
1553960 403
1553970 403
1553980 402
1553990 402
1554000 402
1554010 401
1554020 401
1554030 401
1554040 400
1554050 400
1554060 399
1554070 398
1554080 398
1554090 398
1554100 397
1554110 397
1554120 396
1554130 395
1554140 395
1554150 394
1554160 394
1554170 394
1554180 393
1554190 393
1554200 393
1554210 392
1554220 391
1554230 391
1554240 390
1554250 390
1554260 390
1554270 389
1554280 388
1554290 388
1554300 387
1554310 387
1554320 387
1554330 386
1554340 385
1554350 385
1554360 385
1554370 384
1554380 384
1554390 384
1554400 383
1554410 383
1554420 382
1554430 381
1554440 381
1554450 381
1554460 380
1554470 380
1554480 379
1554490 379
1554500 379
1554510 378
1554520 378
1554530 378
1554540 377
1554550 377
1554560 377
1554570 377
1554580 376
1554590 376
1554600 376
1554610 376
1554620 376
1554630 375
1554640 375
1554650 375
1554660 375
1554670 374
1554680 374
1554690 374
1554700 374
1554710 374
1554720 374
1554730 373
1554740 373
1554750 373
1554760 373
1554770 373
1554780 373
1554790 372
1554800 372
1554810 371
1554820 371
1554830 371
1554840 370
1554850 369
1554860 369
1554870 369
1554880 369
1554890 369
1554900 369
1554910 368
1554920 368
1554930 368
1554940 368
1554950 368
1554960 367
1554970 367
1554980 367
1554990 366
1555000 366
1555010 366
1555020 365
1555030 365
1555040 365
1555050 364
1555060 363
1555070 363
1555080 363
1555090 363
1555100 363
1555110 362
1555120 362
1555130 362
1555140 361
1555150 361
1555160 361
1555170 360
1555180 360
1555190 360
1555200 359
1555210 358
1555220 358
1555230 358
1555240 357
1555250 357
1555260 355
1555270 354
1555280 354
1555290 353
1555300 351
1555310 351
1555320 350
1555330 349
1555340 349
1555350 348
1555360 346
1555370 346
1555380 345
1555390 344
1555400 344
1555410 343
1555420 342
1555430 342
1555440 342
1555450 343
1555460 343
1555470 342
1555480 342
1555490 342
1555500 342
1555510 342
1555520 342
1555530 342
1555540 342
1555550 342
1555560 342
1555570 342
1555580 342
1555590 342
1555600 342
1555610 342
1555620 342
1555630 341
1555640 341
1555650 341
1555660 340
1555670 340
1555680 339
1555690 338
1555700 338
1555710 335
1555720 333
1555730 333
1555740 330
1555750 328
1555760 328
1555770 328
1555780 327
1555790 327
1555800 326
1555810 324
1555820 324
1555830 323
1555840 322
1555850 322
1555860 321
1555870 320
1555880 320
1555890 318
1555900 317
1555910 317
1555920 316
1555930 315
1555940 315
1555950 314
1555960 312
1555970 312
1555980 311
1555990 310
1556000 310
1556010 309
1556020 308
1556030 308
1556040 306
1556050 305
1556060 305
1556070 304
1556080 303
1556090 303
1556100 302
1556110 301
1556120 301
1556130 300
1556140 299
1556150 299
1556160 298
1556170 297
1556180 297
1556190 296
1556200 295
1556210 295
1556220 294
1556230 294
1556240 294
1556250 293
1556260 292
1556270 292
1556280 291
1556290 290
1556300 290
1556310 289
1556320 288
1556330 288
1556340 287
1556350 286
1556360 286
1556370 285
1556380 284
1556390 284
1556400 283
1556410 282
1556420 282
1556430 281
1556440 281
1556450 281
1556460 281
1556470 281
1556480 281
1556490 281
1556500 281
1556510 281
1556520 281
1556530 280
1556540 280
1556550 280
1556560 280
1556570 280
1556580 280
1556590 280
1556600 280
1556610 280
1556620 280
1556630 280
1556640 280
1556650 280
1556660 280
1556670 280
1556680 280
1556690 280
1556700 280
1556710 280
1556720 280
1556730 280
1556740 280
1556750 280
1556760 280
1556770 280
1556780 280
1556790 280
1556800 280
1556810 280
1556820 280
1556830 280
1556840 280
1556850 280
1556860 280
1556870 280
1556880 280
1556890 280
1556900 280
1556910 280
1556920 280
1556930 280
1556940 280
1556950 280
1556960 280
1556970 280
1556980 280
1556990 280
1557000 280
1557010 280
1557020 280
1557030 280
1557040 280
1557050 280
1557060 280
1557070 280
1557080 280
1557090 280
1557100 279
1557110 279
1557120 279
1557130 279
1557140 279
1557150 279
1557160 279
1557170 279
1557180 279
1557190 279
1557200 279
1557210 279
1557220 279
1557230 279
1557240 279
1557250 279
1557260 279
1557270 279
1557280 279
1557290 279
1557300 279
1557310 279
1557320 279
1557330 279
1557340 279
1557350 279
1557360 279
1557370 279
1557380 279
1557390 278
1557400 278
1557410 278
1557420 278
1557430 278
1557440 278
1557450 278
1557460 278
1557470 278
1557480 279
1557490 279
1557500 279
1557510 279
1557520 279
1557530 279
1557540 279
1557550 279
1557560 279
1557570 278
1557580 278
1557590 278
1557600 278
1557610 278
1557620 278
1557630 278
1557640 277
1557650 277
1557660 277
1557670 278
1557680 278
1557690 278
1557700 278
1557710 278
1557720 278
1557730 278
1557740 278
1557750 279
1557760 279
1557770 279
1557780 279
1557790 279
1557800 279
1557810 279
1557820 279
1557830 279
1557840 279
1557850 280
1557860 280
1557870 279
1557880 279
1557890 279
1557900 279
1557910 279
1557920 279
1557930 279
1557940 279
1557950 279
1557960 279
1557970 279
1557980 279
1557990 279
1558000 279
1558010 279
1558020 279
1558030 279
1558040 279
1558050 279
1558060 279
1558070 279
1558080 280
1558090 280
1558100 280
1558110 280
1558120 281
1558130 281
1558140 281
1558150 282
1558160 282
1558170 283
1558180 284
1558190 284
1558200 284
1558210 285
1558220 285
1558230 285
1558240 286
1558250 286
1558260 287
1558270 288
1558280 288
1558290 289
1558300 290
1558310 290
1558320 291
1558330 292
1558340 292
1558350 293
1558360 294
1558370 294
1558380 296
1558390 297
1558400 297
1558410 298
1558420 299
1558430 299
1558440 301
1558450 302
1558460 302
1558470 303
1558480 303
1558490 303
1558500 304
1558510 305
1558520 305
1558530 306
1558540 307
1558550 307
1558560 308
1558570 309
1558580 309
1558590 311
1558600 312
1558610 312
1558620 312
1558630 313
1558640 313
1558650 313
1558660 313
1558670 313
1558680 314
1558690 314
1558700 314
1558710 315
1558720 316
1558730 316
1558740 317
1558750 318
1558760 318
1558770 319
1558780 321
1558790 321
1558800 321
1558810 321
1558820 321
1558830 323
1558840 324
1558850 324
1558860 325
1558870 326
1558880 326
1558890 327
1558900 328
1558910 328
1558920 329
1558930 330
1558940 330
1558950 331
1558960 332
1558970 332
1558980 333
1558990 334
1559000 334
1559010 336
1559020 338
1559030 338
1559040 340
1559050 342
1559060 342
1559070 344
1559080 345
1559090 345
1559100 346
1559110 347
1559120 347
1559130 348
1559140 349
1559150 349
1559160 349
1559170 350
1559180 350
1559190 351
1559200 352
1559210 352
1559220 352
1559230 353
1559240 353
1559250 354
1559260 354
1559270 354
1559280 355
1559290 355
1559300 355
1559310 355
1559320 355
1559330 355
1559340 355
1559350 355
1559360 355
1559370 355
1559380 355
1559390 355
1559400 355
1559410 355
1559420 355
1559430 355
1559440 355
1559450 355
1559460 355
1559470 355
1559480 355
1559490 355
1559500 355
1559510 355
1559520 355
1559530 355
1559540 355
1559550 355
1559560 355
1559570 355
1559580 355
1559590 354
1559600 354
1559610 354
1559620 354
1559630 354
1559640 354
1559650 354
1559660 354
1559670 354
1559680 353
1559690 353
1559700 353
1559710 353
1559720 353
1559730 352
1559740 352
1559750 352
1559760 351
1559770 350
1559780 350
1559790 350
1559800 350
1559810 350
1559820 349
1559830 348
1559840 348
1559850 348
1559860 347
1559870 347
1559880 346
1559890 346
1559900 346
1559910 345
1559920 343
1559930 343
1559940 341
1559950 339
1559960 339
1559970 337
1559980 335
1559990 335
