1540000 454
1540010 453
1540020 453
1540030 453
1540040 453
1540050 453
1540060 452
1540070 452
1540080 452
1540090 452
1540100 451
1540110 451
1540120 451
1540130 451
1540140 450
1540150 450
1540160 451
1540170 451
1540180 451
1540190 451
1540200 451
1540210 451
1540220 451
1540230 452
1540240 452
1540250 452
1540260 452
1540270 452
1540280 452
1540290 452
1540300 452
1540310 453
1540320 453
1540330 453
1540340 453
1540350 453
1540360 453
1540370 453
1540380 453
1540390 453
1540400 453
1540410 453
1540420 453
1540430 453
1540440 453
1540450 453
1540460 453
1540470 453
1540480 453
1540490 453
1540500 453
1540510 453
1540520 453
1540530 453
1540540 453
1540550 453
1540560 454
1540570 454
1540580 454
1540590 454
1540600 454
1540610 454
1540620 454
1540630 454
1540640 454
1540650 454
1540660 454
1540670 454
1540680 454
1540690 454
1540700 454
1540710 455
1540720 455
1540730 455
1540740 455
1540750 455
1540760 455
1540770 455
1540780 455
1540790 455
1540800 455
1540810 455
1540820 455
1540830 454
1540840 454
1540850 454
1540860 454
1540870 454
1540880 454
1540890 454
1540900 454
1540910 453
1540920 453
1540930 453
1540940 453
1540950 453
1540960 453
1540970 452
1540980 452
1540990 452
1541000 452
1541010 451
1541020 451
1541030 451
1541040 451
1541050 451
1541060 450
1541070 450
1541080 450
1541090 449
1541100 449
1541110 449
1541120 448
1541130 448
1541140 448
1541150 447
1541160 446
1541170 446
1541180 446
1541190 445
1541200 445
1541210 443
1541220 442
1541230 442
1541240 440
1541250 439
1541260 439
1541270 441
1541280 442
1541290 442
1541300 442
1541310 442
1541320 442
1541330 441
1541340 441
1541350 441
1541360 441
1541370 440
1541380 440
1541390 440
1541400 440
1541410 440
1541420 440
1541430 439
1541440 439
1541450 439
1541460 439
1541470 439
1541480 438
1541490 438
1541500 438
1541510 437
1541520 436
1541530 436
1541540 435
1541550 435
1541560 435
1541570 435
1541580 435
1541590 435
1541600 435
1541610 435
1541620 435
1541630 434
1541640 434
1541650 434
1541660 434
1541670 433
1541680 433
1541690 433
1541700 432
1541710 432
1541720 432
1541730 431
1541740 431
1541750 431
1541760 430
1541770 430
1541780 430
1541790 429
1541800 429
1541810 428
1541820 428
1541830 428
1541840 427
1541850 426
1541860 426
1541870 425
1541880 424
1541890 424
1541900 423
1541910 422
1541920 422
1541930 422
1541940 421
1541950 421
1541960 420
1541970 419
1541980 419
1541990 418
1542000 417
1542010 417
1542020 415
1542030 414
1542040 414
1542050 413
1542060 411
1542070 411
1542080 410
1542090 409
1542100 409
1542110 408
1542120 406
1542130 406
1542140 405
1542150 403
1542160 403
1542170 402
1542180 401
1542190 401
1542200 399
1542210 399
1542220 399
1542230 399
1542240 399
1542250 399
1542260 400
1542270 401
1542280 401
1542290 402
1542300 402
1542310 402
1542320 403
1542330 403
1542340 404
1542350 404
1542360 404
1542370 404
1542380 404
1542390 403
1542400 403
1542410 402
1542420 400
1542430 400
1542440 399
1542450 397
1542460 397
1542470 395
1542480 394
1542490 394
1542500 392
1542510 390
1542520 390
1542530 389
1542540 389
1542550 389
1542560 388
1542570 387
1542580 387
1542590 387
1542600 386
1542610 386
1542620 386
1542630 386
1542640 386
1542650 385
1542660 384
1542670 384
1542680 384
1542690 383
1542700 383
1542710 383
1542720 382
1542730 382
1542740 381
1542750 380
1542760 380
1542770 380
1542780 380
1542790 380
1542800 380
1542810 380
1542820 380
1542830 380
1542840 380
1542850 380
1542860 379
1542870 380
1542880 380
1542890 380
1542900 381
1542910 381
1542920 382
1542930 386
1542940 386
1542950 389
1542960 391
1542970 391
1542980 390
1542990 390
1543000 390
1543010 392
1543020 394
1543030 394
1543040 395
1543050 395
1543060 395
1543070 394
1543080 394
1543090 394
1543100 394
1543110 394
1543120 394
1543130 394
1543140 394
1543150 394
1543160 394
1543170 394
1543180 394
1543190 393
1543200 392
1543210 392
1543220 392
1543230 391
1543240 391
1543250 390
1543260 390
1543270 390
1543280 389
1543290 389
1543300 389
1543310 389
1543320 388
1543330 388
1543340 387
1543350 387
1543360 387
1543370 385
1543380 383
1543390 383
1543400 381
1543410 381
1543420 381
1543430 380
1543440 379
1543450 379
1543460 378
1543470 373
1543480 373
1543490 370
1543500 370
1543510 370
1543520 370
1543530 370
1543540 370
1543550 370
1543560 370
1543570 370
1543580 369
1543590 369
1543600 369
1543610 369
1543620 369
1543630 369
1543640 369
1543650 370
1543660 370
1543670 370
1543680 370
1543690 370
1543700 370
1543710 370
1543720 370
1543730 372
1543740 377
1543750 377
1543760 381
1543770 382
1543780 382
1543790 382
1543800 383
1543810 383
1543820 383
1543830 383
1543840 383
1543850 383
1543860 383
1543870 383
1543880 383
1543890 383
1543900 383
1543910 383
1543920 383
1543930 383
1543940 384
1543950 384
1543960 384
1543970 384
1543980 384
1543990 384
1544000 385
1544010 385
1544020 385
1544030 386
1544040 386
1544050 386
1544060 387
1544070 388
1544080 388
1544090 388
1544100 389
1544110 389
1544120 390
1544130 390
1544140 390
1544150 391
1544160 391
1544170 391
1544180 391
1544190 391
1544200 391
1544210 391
1544220 391
1544230 391
1544240 390
1544250 390
1544260 390
1544270 389
1544280 388
1544290 388
1544300 388
1544310 389
1544320 389
1544330 390
1544340 390
1544350 390
1544360 390
1544370 391
1544380 391
1544390 391
1544400 392
1544410 392
1544420 392
1544430 392
1544440 392
1544450 392
1544460 392
1544470 392
1544480 392
1544490 392
1544500 392
1544510 392
1544520 393
1544530 393
1544540 393
1544550 393
1544560 393
1544570 393
1544580 393
1544590 393
1544600 393
1544610 393
1544620 393
1544630 393
1544640 392
1544650 392
1544660 392
1544670 392
1544680 392
1544690 392
1544700 392
1544710 392
1544720 392
1544730 392
1544740 392
1544750 391
1544760 391
1544770 391
1544780 391
1544790 390
1544800 390
1544810 390
1544820 389
1544830 389
1544840 388
1544850 387
1544860 387
1544870 387
1544880 386
1544890 386
1544900 385
1544910 384
1544920 384
1544930 383
1544940 382
1544950 382
1544960 380
1544970 379
1544980 379
1544990 378
1545000 377
1545010 377
1545020 376
1545030 374
1545040 374
1545050 370
1545060 370
1545070 370
1545080 372
1545090 373
1545100 373
1545110 374
1545120 374
1545130 374
1545140 375
1545150 375
1545160 375
1545170 375
1545180 376
1545190 376
1545200 376
1545210 376
1545220 376
1545230 375
1545240 375
1545250 375
1545260 374
1545270 373
1545280 373
1545290 372
1545300 371
1545310 371
1545320 370
1545330 369
1545340 369
1545350 368
1545360 368
1545370 368
1545380 367
1545390 367
1545400 367
1545410 366
1545420 365
1545430 365
1545440 365
1545450 366
1545460 366
1545470 366
1545480 367
1545490 367
1545500 369
1545510 372
1545520 372
1545530 373
1545540 375
1545550 375
1545560 376
1545570 377
1545580 377
1545590 378
1545600 379
1545610 379
1545620 380
1545630 381
1545640 381
1545650 382
1545660 383
1545670 383
1545680 384
1545690 384
1545700 384
1545710 385
1545720 386
1545730 386
1545740 386
1545750 387
1545760 387
1545770 388
1545780 389
1545790 389
1545800 390
1545810 390
1545820 390
1545830 390
1545840 391
1545850 391
1545860 391
1545870 391
1545880 391
1545890 391
1545900 390
1545910 390
1545920 390
1545930 390
1545940 390
1545950 389
1545960 389
1545970 389
1545980 388
1545990 388
1546000 388
1546010 387
1546020 387
1546030 387
1546040 386
1546050 386
1546060 386
1546070 385
1546080 385
1546090 385
1546100 384
1546110 384
1546120 384
1546130 383
1546140 383
1546150 383
1546160 382
1546170 381
1546180 381
1546190 381
1546200 380
1546210 380
1546220 379
1546230 379
1546240 379
1546250 379
1546260 378
1546270 378
1546280 377
1546290 376
1546300 376
1546310 374
1546320 371
1546330 371
1546340 371
1546350 371
1546360 371
1546370 372
1546380 374
1546390 374
1546400 375
1546410 375
1546420 375
1546430 375
1546440 375
1546450 375
1546460 375
1546470 375
1546480 375
1546490 375
1546500 375
1546510 375
1546520 375
1546530 375
1546540 375
1546550 375
1546560 375
1546570 375
1546580 375
1546590 374
1546600 374
1546610 374
1546620 374
1546630 374
1546640 373
1546650 373
1546660 373
1546670 372
1546680 375
1546690 375
1546700 375
1546710 375
1546720 375
1546730 375
1546740 375
1546750 375
1546760 374
1546770 374
1546780 374
1546790 374
1546800 375
1546810 375
1546820 374
1546830 374
1546840 374
1546850 375
1546860 375
1546870 375
1546880 375
1546890 375
1546900 375
1546910 375
1546920 376
1546930 376
1546940 376
1546950 376
1546960 376
1546970 376
1546980 376
1546990 376
1547000 376
1547010 376
1547020 376
1547030 376
1547040 376
1547050 376
1547060 376
1547070 376
1547080 376
1547090 376
1547100 376
1547110 376
1547120 376
1547130 376
1547140 376
1547150 376
1547160 376
1547170 376
1547180 376
1547190 376
1547200 376
1547210 376
1547220 376
1547230 376
1547240 376
1547250 377
1547260 377
1547270 377
1547280 377
1547290 377
1547300 377
1547310 377
1547320 377
1547330 377
1547340 377
1547350 377
1547360 377
1547370 377
1547380 377
1547390 377
1547400 377
1547410 377
1547420 377
1547430 377
1547440 377
1547450 377
1547460 377
1547470 377
1547480 377
1547490 377
1547500 377
1547510 376
1547520 376
1547530 376
1547540 375
1547550 375
1547560 375
1547570 374
1547580 373
1547590 373
1547600 373
1547610 371
1547620 371
1547630 370
1547640 369
1547650 369
1547660 367
1547670 366
1547680 366
1547690 364
1547700 359
1547710 359
1547720 357
1547730 356
1547740 356
1547750 355
1547760 354
1547770 354
1547780 353
1547790 352
1547800 352
1547810 350
1547820 350
1547830 350
1547840 349
1547850 349
1547860 349
1547870 349
1547880 349
1547890 349
1547900 350
1547910 350
1547920 350
1547930 350
1547940 350
1547950 350
1547960 350
1547970 349
1547980 349
1547990 349
1548000 348
1548010 348
1548020 347
1548030 345
1548040 345
1548050 344
1548060 344
1548070 344
1548080 343
1548090 343
1548100 343
1548110 344
1548120 344
1548130 344
1548140 344
1548150 344
1548160 344
1548170 344
1548180 344
1548190 344
1548200 343
1548210 343
1548220 343
1548230 342
1548240 342
1548250 342
1548260 342
1548270 342
1548280 342
1548290 341
1548300 341
1548310 341
1548320 341
1548330 341
1548340 341
1548350 340
1548360 340
1548370 340
1548380 340
1548390 339
1548400 339
1548410 339
1548420 338
1548430 338
1548440 338
1548450 337
1548460 337
1548470 337
1548480 336
1548490 336
1548500 336
1548510 335
1548520 335
1548530 334
1548540 334
1548550 334
1548560 334
1548570 333
1548580 333
1548590 333
1548600 333
1548610 333
1548620 332
1548630 332
1548640 332
1548650 332
1548660 332
1548670 332
1548680 331
1548690 331
1548700 331
1548710 331
1548720 330
1548730 330
1548740 329
1548750 329
1548760 329
1548770 328
1548780 327
1548790 327
1548800 328
1548810 328
1548820 328
1548830 328
1548840 328
1548850 328
1548860 328
1548870 329
1548880 329
1548890 330
1548900 331
1548910 331
1548920 332
1548930 333
1548940 333
1548950 333
1548960 334
1548970 334
1548980 334
1548990 336
1549000 336
1549010 336
1549020 337
1549030 337
1549040 338
1549050 338
1549060 338
1549070 340
1549080 343
1549090 343
1549100 345
1549110 347
1549120 347
1549130 348
1549140 350
1549150 350
1549160 352
1549170 353
1549180 353
1549190 355
1549200 357
1549210 357
1549220 358
1549230 359
1549240 359
1549250 360
1549260 361
1549270 361
1549280 362
1549290 362
1549300 362
1549310 363
1549320 363
1549330 363
1549340 363
1549350 364
1549360 364
1549370 365
1549380 364
1549390 364
1549400 364
1549410 365
1549420 365
1549430 365
1549440 365
1549450 365
1549460 365
1549470 366
1549480 366
1549490 366
1549500 366
1549510 366
1549520 366
1549530 366
1549540 366
1549550 366
1549560 366
1549570 366
1549580 366
1549590 365
1549600 365
1549610 365
1549620 364
1549630 364
1549640 364
1549650 363
1549660 363
1549670 362
1549680 360
1549690 360
1549700 359
1549710 358
1549720 358
1549730 357
1549740 356
1549750 356
1549760 354
1549770 352
1549780 352
1549790 350
1549800 348
1549810 348
1549820 346
1549830 343
1549840 343
1549850 341
1549860 340
1549870 340
1549880 339
1549890 338
1549900 338
1549910 336
1549920 336
1549930 336
1549940 335
1549950 335
1549960 335
1549970 334
1549980 333
1549990 333
1550000 332
1550010 331
1550020 331
1550030 330
1550040 329
1550050 329
1550060 328
1550070 328
1550080 328
1550090 328
1550100 329
1550110 329
1550120 330
1550130 330
1550140 330
1550150 331
1550160 331
1550170 331
1550180 331
1550190 331
1550200 331
1550210 331
1550220 331
1550230 331
1550240 331
1550250 331
1550260 331
1550270 331
1550280 330
1550290 330
1550300 330
1550310 329
1550320 329
1550330 328
1550340 328
1550350 328
1550360 327
1550370 327
1550380 327
1550390 327
1550400 326
1550410 326
1550420 326
1550430 325
1550440 325
1550450 325
1550460 326
1550470 326
1550480 327
1550490 328
1550500 328
1550510 329
1550520 331
1550530 331
1550540 333
1550550 335
1550560 335
1550570 336
1550580 336
1550590 336
1550600 336
1550610 336
1550620 336
1550630 337
1550640 340
1550650 340
1550660 344
1550670 350
1550680 350
1550690 355
1550700 358
1550710 358
1550720 359
1550730 358
1550740 358
1550750 359
1550760 360
1550770 360
1550780 361
1550790 361
1550800 361
1550810 362
1550820 363
1550830 363
1550840 363
1550850 363
1550860 363
1550870 363
1550880 365
1550890 365
1550900 367
1550910 368
1550920 368
1550930 369
1550940 370
1550950 370
1550960 371
1550970 372
1550980 372
1550990 373
1551000 373
1551010 373
1551020 373
1551030 373
1551040 373
1551050 374
1551060 374
1551070 374
1551080 374
1551090 374
1551100 374
1551110 374
1551120 374
1551130 374
1551140 374
1551150 375
1551160 375
1551170 375
1551180 375
1551190 375
1551200 375
1551210 375
1551220 375
1551230 375
1551240 375
1551250 375
1551260 375
1551270 376
1551280 376
1551290 376
1551300 376
1551310 376
1551320 376
1551330 376
1551340 376
1551350 376
1551360 376
1551370 376
1551380 377
1551390 377
1551400 377
1551410 377
1551420 377
1551430 377
1551440 377
1551450 377
1551460 377
1551470 376
1551480 376
1551490 376
1551500 376
1551510 376
1551520 376
1551530 376
1551540 376
1551550 376
1551560 375
1551570 375
1551580 375
1551590 375
1551600 375
1551610 375
1551620 375
1551630 374
1551640 374
1551650 374
1551660 374
1551670 374
1551680 374
1551690 373
1551700 373
1551710 373
1551720 372
1551730 372
1551740 372
1551750 371
1551760 371
1551770 371
1551780 370
1551790 370
1551800 369
1551810 367
1551820 367
1551830 366
1551840 365
1551850 365
1551860 364
1551870 363
1551880 363
1551890 361
1551900 359
1551910 359
1551920 357
1551930 356
1551940 356
1551950 355
1551960 354
1551970 354
1551980 352
1551990 350
1552000 350
1552010 350
1552020 349
1552030 349
1552040 347
1552050 346
1552060 346
1552070 346
1552080 345
1552090 345
1552100 344
1552110 342
1552120 342
1552130 340
1552140 341
1552150 341
1552160 340
1552170 340
1552180 340
1552190 340
1552200 339
1552210 339
1552220 337
1552230 336
1552240 336
1552250 335
1552260 334
1552270 334
1552280 333
1552290 334
1552300 334
1552310 335
1552320 337
1552330 337
1552340 339
1552350 340
1552360 340
1552370 341
1552380 340
1552390 340
1552400 341
1552410 341
1552420 341
1552430 341
1552440 341
1552450 341
1552460 340
1552470 340
1552480 340
1552490 339
1552500 338
1552510 338
1552520 338
1552530 337
1552540 337
1552550 336
1552560 335
1552570 335
1552580 334
1552590 333
1552600 333
1552610 332
1552620 330
1552630 330
1552640 329
1552650 327
1552660 327
1552670 325
1552680 324
1552690 324
1552700 324
1552710 323
1552720 323
1552730 322
1552740 321
1552750 321
1552760 321
1552770 320
1552780 320
1552790 320
1552800 319
1552810 319
1552820 319
1552830 318
1552840 318
1552850 318
1552860 318
1552870 318
1552880 317
1552890 317
1552900 317
1552910 316
1552920 315
1552930 315
1552940 315
1552950 314
1552960 314
1552970 313
1552980 313
1552990 313
1553000 313
1553010 314
1553020 314
1553030 315
1553040 315
1553050 315
1553060 316
1553070 316
1553080 316
1553090 316
1553100 316
1553110 316
1553120 316
1553130 316
1553140 316
1553150 316
1553160 316
1553170 316
1553180 317
1553190 317
1553200 317
1553210 316
1553220 316
1553230 316
1553240 316
1553250 316
1553260 316
1553270 317
1553280 317
1553290 317
1553300 318
1553310 318
1553320 318
1553330 318
1553340 318
1553350 318
1553360 318
1553370 318
1553380 318
1553390 319
1553400 319
1553410 319
1553420 319
1553430 319
1553440 319
1553450 319
1553460 319
1553470 319
1553480 319
1553490 319
1553500 319
1553510 320
1553520 320
1553530 320
1553540 321
1553550 322
1553560 322
1553570 323
1553580 324
1553590 324
1553600 324
1553610 324
1553620 324
1553630 325
1553640 328
1553650 328
1553660 331
1553670 332
1553680 332
1553690 332
1553700 332
1553710 332
1553720 332
1553730 332
1553740 332
1553750 333
1553760 333
1553770 333
1553780 334
1553790 334
1553800 334
1553810 334
1553820 334
1553830 334
1553840 334
1553850 336
1553860 336
1553870 338
1553880 339
1553890 339
1553900 340
1553910 341
1553920 341
1553930 342
1553940 343
1553950 343
1553960 345
1553970 347
1553980 347
1553990 348
1554000 348
1554010 348
1554020 348
1554030 348
1554040 348
1554050 348
1554060 347
1554070 347
1554080 347
1554090 347
1554100 347
1554110 347
1554120 347
1554130 347
1554140 347
1554150 346
1554160 346
1554170 345
1554180 343
1554190 343
1554200 342
1554210 343
1554220 343
1554230 343
1554240 344
1554250 344
1554260 347
1554270 349
1554280 349
1554290 349
1554300 348
1554310 348
1554320 349
1554330 350
1554340 350
1554350 351
1554360 351
1554370 351
1554380 351
1554390 351
1554400 351
1554410 349
1554420 349
1554430 349
1554440 350
1554450 352
1554460 352
1554470 353
1554480 354
1554490 354
1554500 354
1554510 354
1554520 354
1554530 353
1554540 353
1554550 351
1554560 350
1554570 350
1554580 350
1554590 349
1554600 349
1554610 349
1554620 348
1554630 348
1554640 348
1554650 348
1554660 347
1554670 347
1554680 347
1554690 347
1554700 347
1554710 347
1554720 346
1554730 346
1554740 346
1554750 345
1554760 345
1554770 345
1554780 345
1554790 345
1554800 344
1554810 344
1554820 344
1554830 343
1554840 343
1554850 343
1554860 342
1554870 342
1554880 342
1554890 342
1554900 341
1554910 341
1554920 341
1554930 340
1554940 340
1554950 339
1554960 339
1554970 339
1554980 338
1554990 337
1555000 337
1555010 337
1555020 336
1555030 336
1555040 335
1555050 334
1555060 334
1555070 333
1555080 332
1555090 332
1555100 331
1555110 330
1555120 330
1555130 329
1555140 328
1555150 328
1555160 328
1555170 327
1555180 327
1555190 326
1555200 325
1555210 325
1555220 324
1555230 323
1555240 323
1555250 322
1555260 321
1555270 321
1555280 320
1555290 319
1555300 319
1555310 319
1555320 318
1555330 318
1555340 317
1555350 315
1555360 315
1555370 314
1555380 314
1555390 314
1555400 313
1555410 312
1555420 312
1555430 311
1555440 310
1555450 310
1555460 310
1555470 310
1555480 310
1555490 309
1555500 309
1555510 309
1555520 309
1555530 308
1555540 308
1555550 308
1555560 308
1555570 308
1555580 307
1555590 307
1555600 307
1555610 306
1555620 306
1555630 306
1555640 305
1555650 305
1555660 305
1555670 304
1555680 304
1555690 304
1555700 303
1555710 302
1555720 302
1555730 302
1555740 302
1555750 302
1555760 302
1555770 302
1555780 302
1555790 301
1555800 301
1555810 301
1555820 301
1555830 301
1555840 301
1555850 301
1555860 301
1555870 301
1555880 301
1555890 301
1555900 301
1555910 301
1555920 301
1555930 301
1555940 301
1555950 300
1555960 300
1555970 300
1555980 300
1555990 300
1556000 300
1556010 300
1556020 300
1556030 300
1556040 300
1556050 300
1556060 300
1556070 302
1556080 302
1556090 304
1556100 304
1556110 304
1556120 305
1556130 304
1556140 304
1556150 305
1556160 305
1556170 305
1556180 306
1556190 306
1556200 306
1556210 306
1556220 307
1556230 307
1556240 307
1556250 307
1556260 307
1556270 307
1556280 308
1556290 308
1556300 308
1556310 308
1556320 308
1556330 308
1556340 308
1556350 308
1556360 309
1556370 310
1556380 308
1556390 308
1556400 309
1556410 309
1556420 310
1556430 310
1556440 310
1556450 310
1556460 310
1556470 310
1556480 310
1556490 309
1556500 309
1556510 309
1556520 308
1556530 308
1556540 308
1556550 307
1556560 307
1556570 306
1556580 304
1556590 304
1556600 303
1556610 302
1556620 302
1556630 301
1556640 299
1556650 299
1556660 298
1556670 296
1556680 296
1556690 295
1556700 294
1556710 294
1556720 293
1556730 292
1556740 292
1556750 291
1556760 290
1556770 290
1556780 288
1556790 287
1556800 287
1556810 286
1556820 285
1556830 285
1556840 283
1556850 282
1556860 282
1556870 282
1556880 281
1556890 281
1556900 280
1556910 280
1556920 280
1556930 280
1556940 280
1556950 280
1556960 280
1556970 281
1556980 281
1556990 281
1557000 280
1557010 280
1557020 280
1557030 280
1557040 280
1557050 279
1557060 279
1557070 279
1557080 279
1557090 280
1557100 280
1557110 280
1557120 280
1557130 280
1557140 280
1557150 280
1557160 280
1557170 280
1557180 280
1557190 280
1557200 280
1557210 280
1557220 280
1557230 280
1557240 280
1557250 280
1557260 280
1557270 280
1557280 280
1557290 279
1557300 279
1557310 279
1557320 278
1557330 278
1557340 278
1557350 278
1557360 279
1557370 279
1557380 279
1557390 279
1557400 279
1557410 279
1557420 278
1557430 278
1557440 278
1557450 278
1557460 278
1557470 278
1557480 278
1557490 278
1557500 278
1557510 278
1557520 278
1557530 278
1557540 278
1557550 278
1557560 278
1557570 278
1557580 278
1557590 279
1557600 279
1557610 279
1557620 278
1557630 278
1557640 278
1557650 278
1557660 278
1557670 278
1557680 278
1557690 279
1557700 279
1557710 279
1557720 279
1557730 279
1557740 278
1557750 278
1557760 278
1557770 278
1557780 278
1557790 278
1557800 278
1557810 278
1557820 278
1557830 278
1557840 277
1557850 277
1557860 277
1557870 277
1557880 277
1557890 276
1557900 276
1557910 276
1557920 276
1557930 277
1557940 277
1557950 277
1557960 276
1557970 276
1557980 275
1557990 275
1558000 275
1558010 276
1558020 277
1558030 277
1558040 277
1558050 277
1558060 277
1558070 277
1558080 277
1558090 277
1558100 277
1558110 277
1558120 277
1558130 277
1558140 277
1558150 277
1558160 277
1558170 276
1558180 276
1558190 277
1558200 277
1558210 277
1558220 277
1558230 277
1558240 277
1558250 277
1558260 277
1558270 277
1558280 277
1558290 277
1558300 277
1558310 277
1558320 277
1558330 277
1558340 277
1558350 277
1558360 277
1558370 278
1558380 279
1558390 279
1558400 280
1558410 281
1558420 281
1558430 281
1558440 282
1558450 282
1558460 282
1558470 283
1558480 283
1558490 284
1558500 285
1558510 285
1558520 286
1558530 286
1558540 286
1558550 287
1558560 287
1558570 287
1558580 288
1558590 289
1558600 289
1558610 290
1558620 291
1558630 291
1558640 292
1558650 292
1558660 292
1558670 293
1558680 293
1558690 293
1558700 293
1558710 294
1558720 294
1558730 294
1558740 295
1558750 295
1558760 295
1558770 296
1558780 296
1558790 296
1558800 297
1558810 297
1558820 297
1558830 298
1558840 298
1558850 298
1558860 298
1558870 298
1558880 299
1558890 299
1558900 299
1558910 299
1558920 300
1558930 300
1558940 302
1558950 303
1558960 303
1558970 304
1558980 304
1558990 304
1559000 305
1559010 305
1559020 305
1559030 305
1559040 305
1559050 305
1559060 306
1559070 307
1559080 307
1559090 307
1559100 308
1559110 308
1559120 309
1559130 310
1559140 310
1559150 310
1559160 310
1559170 310
1559180 310
1559190 311
1559200 311
1559210 312
1559220 313
1559230 313
1559240 313
1559250 314
1559260 314
1559270 314
1559280 315
1559290 315
1559300 315
1559310 315
1559320 315
1559330 316
1559340 316
1559350 316
1559360 317
1559370 318
1559380 318
1559390 318
1559400 319
1559410 319
1559420 319
1559430 320
1559440 320
1559450 320
1559460 321
1559470 321
1559480 321
1559490 322
1559500 322
1559510 322
1559520 322
1559530 322
1559540 323
1559550 323
1559560 323
1559570 323
1559580 323
1559590 323
1559600 324
1559610 324
1559620 324
1559630 324
1559640 324
1559650 324
1559660 324
1559670 324
1559680 324
1559690 325
1559700 326
1559710 326
1559720 327
1559730 329
1559740 329
1559750 330
1559760 332
1559770 332
1559780 334
1559790 334
1559800 334
1559810 335
1559820 335
1559830 335
1559840 335
1559850 335
1559860 335
1559870 335
1559880 335
1559890 335
1559900 335
1559910 334
1559920 334
1559930 334
1559940 333
1559950 333
1559960 333
1559970 332
1559980 332
1559990 332
