1540000 369
1540010 369
1540020 368
1540030 368
1540040 368
1540050 368
1540060 368
1540070 368
1540080 368
1540090 368
1540100 368
1540110 368
1540120 367
1540130 367
1540140 367
1540150 367
1540160 367
1540170 367
1540180 367
1540190 367
1540200 366
1540210 367
1540220 367
1540230 367
1540240 367
1540250 367
1540260 368
1540270 369
1540280 369
1540290 370
1540300 371
1540310 371
1540320 372
1540330 372
1540340 372
1540350 372
1540360 373
1540370 373
1540380 374
1540390 376
1540400 376
1540410 378
1540420 380
1540430 380
1540440 381
1540450 383
1540460 383
1540470 384
1540480 386
1540490 386
1540500 388
1540510 389
1540520 389
1540530 391
1540540 393
1540550 393
1540560 394
1540570 396
1540580 396
1540590 397
1540600 398
1540610 398
1540620 400
1540630 401
1540640 401
1540650 402
1540660 402
1540670 402
1540680 403
1540690 403
1540700 404
1540710 404
1540720 404
1540730 405
1540740 405
1540750 405
1540760 406
1540770 406
1540780 406
1540790 406
1540800 407
1540810 407
1540820 407
1540830 407
1540840 407
1540850 407
1540860 407
1540870 407
1540880 407
1540890 407
1540900 407
1540910 408
1540920 408
1540930 408
1540940 408
1540950 409
1540960 409
1540970 409
1540980 409
1540990 409
1541000 410
1541010 410
1541020 410
1541030 410
1541040 410
1541050 410
1541060 410
1541070 411
1541080 411
1541090 411
1541100 411
1541110 411
1541120 411
1541130 411
1541140 411
1541150 411
1541160 411
1541170 411
1541180 411
1541190 411
1541200 411
1541210 410
1541220 410
1541230 410
1541240 409
1541250 409
1541260 409
1541270 408
1541280 407
1541290 407
1541300 407
1541310 406
1541320 406
1541330 405
1541340 404
1541350 404
1541360 403
1541370 402
1541380 402
1541390 402
1541400 401
1541410 401
1541420 400
1541430 399
1541440 399
1541450 399
1541460 398
1541470 398
1541480 397
1541490 396
1541500 396
1541510 396
1541520 395
1541530 395
1541540 395
1541550 394
1541560 394
1541570 394
1541580 393
1541590 393
1541600 393
1541610 393
1541620 393
1541630 392
1541640 392
1541650 392
1541660 392
1541670 391
1541680 391
1541690 391
1541700 392
1541710 392
1541720 392
1541730 392
1541740 392
1541750 392
1541760 391
1541770 391
1541780 391
1541790 391
1541800 391
1541810 391
1541820 391
1541830 391
1541840 391
1541850 391
1541860 391
1541870 391
1541880 391
1541890 391
1541900 391
1541910 391
1541920 391
1541930 391
1541940 391
1541950 391
1541960 391
1541970 392
1541980 392
1541990 391
1542000 391
1542010 391
1542020 391
1542030 391
1542040 391
1542050 391
1542060 391
1542070 391
1542080 391
1542090 390
1542100 390
1542110 390
1542120 389
1542130 389
1542140 388
1542150 388
1542160 388
1542170 387
1542180 387
1542190 387
1542200 386
1542210 384
1542220 384
1542230 383
1542240 383
1542250 383
1542260 383
1542270 383
1542280 383
1542290 382
1542300 383
1542310 383
1542320 384
1542330 385
1542340 385
1542350 386
1542360 387
1542370 387
1542380 388
1542390 389
1542400 389
1542410 390
1542420 391
1542430 391
1542440 392
1542450 393
1542460 393
1542470 394
1542480 395
1542490 395
1542500 396
1542510 397
1542520 397
1542530 397
1542540 398
1542550 398
1542560 399
1542570 400
1542580 400
1542590 401
1542600 402
1542610 402
1542620 403
1542630 404
1542640 405
1542650 406
1542660 407
1542670 407
1542680 408
1542690 409
1542700 409
1542710 410
1542720 411
1542730 411
1542740 411
1542750 411
1542760 411
1542770 412
1542780 412
1542790 412
1542800 413
1542810 414
1542820 414
1542830 415
1542840 416
1542850 416
1542860 416
1542870 417
1542880 417
1542890 417
1542900 417
1542910 417
1542920 418
1542930 418
1542940 418
1542950 418
1542960 419
1542970 419
1542980 419
1542990 419
1543000 419
1543010 419
1543020 419
1543030 419
1543040 419
1543050 419
1543060 419
1543070 420
1543080 420
1543090 420
1543100 419
1543110 420
1543120 420
1543130 420
1543140 420
1543150 420
1543160 420
1543170 420
1543180 420
1543190 420
1543200 420
1543210 420
1543220 420
1543230 420
1543240 420
1543250 420
1543260 420
1543270 420
1543280 420
1543290 420
1543300 420
1543310 419
1543320 419
1543330 419
1543340 419
1543350 419
1543360 419
1543370 419
1543380 418
1543390 418
1543400 418
1543410 418
1543420 418
1543430 417
1543440 417
1543450 417
1543460 417
1543470 417
1543480 417
1543490 416
1543500 416
1543510 416
1543520 416
1543530 415
1543540 415
1543550 415
1543560 414
1543570 414
1543580 414
1543590 414
1543600 414
1543610 412
1543620 411
1543630 411
1543640 413
1543650 413
1543660 413
1543670 413
1543680 413
1543690 413
1543700 413
1543710 414
1543720 414
1543730 414
1543740 414
1543750 414
1543760 414
1543770 414
1543780 414
1543790 414
1543800 414
1543810 414
1543820 414
1543830 414
1543840 414
1543850 414
1543860 414
1543870 414
1543880 414
1543890 414
1543900 414
1543910 413
1543920 413
1543930 413
1543940 413
1543950 413
1543960 413
1543970 413
1543980 413
1543990 413
1544000 413
1544010 412
1544020 412
1544030 412
1544040 412
1544050 412
1544060 412
1544070 412
1544080 412
1544090 412
1544100 411
1544110 411
1544120 411
1544130 411
1544140 411
1544150 410
1544160 410
1544170 410
1544180 409
1544190 408
1544200 408
1544210 408
1544220 407
1544230 407
1544240 407
1544250 406
1544260 406
1544270 405
1544280 405
1544290 405
1544300 405
1544310 404
1544320 404
1544330 404
1544340 404
1544350 404
1544360 403
1544370 402
1544380 402
1544390 401
1544400 401
1544410 401
1544420 401
1544430 401
1544440 401
1544450 401
1544460 402
1544470 402
1544480 402
1544490 402
1544500 402
1544510 403
1544520 403
1544530 403
1544540 404
1544550 404
1544560 404
1544570 405
1544580 405
1544590 405
1544600 405
1544610 406
1544620 406
1544630 406
1544640 406
1544650 406
1544660 406
1544670 406
1544680 406
1544690 406
1544700 406
1544710 406
1544720 406
1544730 406
1544740 406
1544750 406
1544760 406
1544770 406
1544780 407
1544790 407
1544800 407
1544810 407
1544820 407
1544830 407
1544840 407
1544850 406
1544860 406
1544870 406
1544880 406
1544890 406
1544900 406
1544910 406
1544920 406
1544930 406
1544940 406
1544950 406
1544960 406
1544970 406
1544980 406
1544990 406
1545000 405
1545010 405
1545020 405
1545030 405
1545040 405
1545050 404
1545060 404
1545070 404
1545080 404
1545090 403
1545100 403
1545110 403
1545120 402
1545130 402
1545140 401
1545150 401
1545160 401
1545170 400
1545180 400
1545190 400
1545200 400
1545210 399
1545220 399
1545230 399
1545240 399
1545250 399
1545260 399
1545270 399
1545280 399
1545290 399
1545300 400
1545310 400
1545320 400
1545330 400
1545340 400
1545350 400
1545360 400
1545370 400
1545380 400
1545390 400
1545400 400
1545410 400
1545420 399
1545430 399
1545440 399
1545450 399
1545460 399
1545470 399
1545480 398
1545490 398
1545500 398
1545510 398
1545520 398
1545530 398
1545540 397
1545550 397
1545560 397
1545570 396
1545580 396
1545590 396
1545600 395
1545610 395
1545620 395
1545630 395
1545640 395
1545650 394
1545660 394
1545670 394
1545680 393
1545690 393
1545700 393
1545710 392
1545720 392
1545730 392
1545740 391
1545750 391
1545760 391
1545770 392
1545780 392
1545790 392
1545800 392
1545810 392
1545820 392
1545830 392
1545840 392
1545850 392
1545860 392
1545870 392
1545880 392
1545890 392
1545900 392
1545910 392
1545920 392
1545930 392
1545940 392
1545950 392
1545960 392
1545970 392
1545980 392
1545990 392
1546000 392
1546010 392
1546020 392
1546030 392
1546040 392
1546050 392
1546060 392
1546070 392
1546080 392
1546090 392
1546100 392
1546110 391
1546120 391
1546130 391
1546140 391
1546150 391
1546160 391
1546170 390
1546180 390
1546190 390
1546200 390
1546210 390
1546220 390
1546230 390
1546240 390
1546250 391
1546260 391
1546270 391
1546280 391
1546290 391
1546300 391
1546310 391
1546320 391
1546330 391
1546340 392
1546350 392
1546360 392
1546370 392
1546380 392
1546390 392
1546400 392
1546410 392
1546420 392
1546430 392
1546440 392
1546450 392
1546460 392
1546470 392
1546480 392
1546490 392
1546500 392
1546510 392
1546520 392
1546530 391
1546540 391
1546550 391
1546560 391
1546570 391
1546580 391
1546590 391
1546600 391
1546610 390
1546620 390
1546630 390
1546640 390
1546650 390
1546660 390
1546670 390
1546680 390
1546690 390
1546700 389
1546710 389
1546720 389
1546730 389
1546740 389
1546750 389
1546760 389
1546770 389
1546780 389
1546790 388
1546800 388
1546810 388
1546820 388
1546830 388
1546840 388
1546850 388
1546860 388
1546870 388
1546880 387
1546890 387
1546900 387
1546910 387
1546920 387
1546930 387
1546940 387
1546950 387
1546960 386
1546970 386
1546980 386
1546990 386
1547000 386
1547010 386
1547020 386
1547030 385
1547040 385
1547050 385
1547060 385
1547070 385
1547080 385
1547090 385
1547100 385
1547110 385
1547120 384
1547130 384
1547140 384
1547150 384
1547160 384
1547170 384
1547180 383
1547190 383
1547200 383
1547210 383
1547220 383
1547230 383
1547240 382
1547250 382
1547260 382
1547270 382
1547280 382
1547290 381
1547300 381
1547310 381
1547320 381
1547330 380
1547340 380
1547350 380
1547360 379
1547370 379
1547380 379
1547390 378
1547400 378
1547410 378
1547420 378
1547430 378
1547440 377
1547450 377
1547460 377
1547470 376
1547480 376
1547490 376
1547500 375
1547510 375
1547520 375
1547530 374
1547540 374
1547550 374
1547560 373
1547570 373
1547580 373
1547590 372
1547600 372
1547610 372
1547620 372
1547630 371
1547640 371
1547650 371
1547660 371
1547670 371
1547680 370
1547690 370
1547700 370
1547710 370
1547720 370
1547730 370
1547740 370
1547750 370
1547760 370
1547770 370
1547780 370
1547790 370
1547800 369
1547810 369
1547820 369
1547830 369
1547840 368
1547850 368
1547860 368
1547870 368
1547880 368
1547890 368
1547900 368
1547910 368
1547920 368
1547930 368
1547940 368
1547950 368
1547960 368
1547970 368
1547980 368
1547990 367
1548000 367
1548010 367
1548020 367
1548030 367
1548040 367
1548050 367
1548060 367
1548070 368
1548080 368
1548090 368
1548100 368
1548110 368
1548120 368
1548130 369
1548140 369
1548150 369
1548160 370
1548170 371
1548180 371
1548190 372
1548200 373
1548210 373
1548220 373
1548230 374
1548240 374
1548250 375
1548260 375
1548270 375
1548280 376
1548290 377
1548300 377
1548310 377
1548320 378
1548330 378
1548340 378
1548350 379
1548360 379
1548370 379
1548380 379
1548390 379
1548400 379
1548410 379
1548420 379
1548430 378
1548440 378
1548450 378
1548460 378
1548470 378
1548480 378
1548490 379
1548500 379
1548510 379
1548520 379
1548530 380
1548540 380
1548550 380
1548560 382
1548570 382
1548580 383
1548590 383
1548600 383
1548610 384
1548620 384
1548630 384
1548640 384
1548650 384
1548660 384
1548670 384
1548680 385
1548690 385
1548700 385
1548710 385
1548720 385
1548730 385
1548740 385
1548750 385
1548760 386
1548770 386
1548780 386
1548790 386
1548800 386
1548810 386
1548820 386
1548830 386
1548840 386
1548850 385
1548860 385
1548870 385
1548880 384
1548890 383
1548900 383
1548910 381
1548920 379
1548930 379
1548940 376
1548950 374
1548960 374
1548970 373
1548980 372
1548990 372
1549000 372
1549010 373
1549020 373
1549030 373
1549040 374
1549050 374
1549060 375
1549070 375
1549080 375
1549090 376
1549100 376
1549110 376
1549120 376
1549130 376
1549140 376
1549150 376
1549160 376
1549170 376
1549180 377
1549190 378
1549200 378
1549210 379
1549220 379
1549230 379
1549240 378
1549250 377
1549260 377
1549270 375
1549280 374
1549290 374
1549300 373
1549310 372
1549320 372
1549330 371
1549340 370
1549350 370
1549360 369
1549370 368
1549380 368
1549390 367
1549400 367
1549410 367
1549420 366
1549430 364
1549440 364
1549450 364
1549460 364
1549470 364
1549480 364
1549490 364
1549500 364
1549510 365
1549520 366
1549530 366
1549540 368
1549550 370
1549560 370
1549570 374
1549580 376
1549590 376
1549600 377
1549610 378
1549620 378
1549630 379
1549640 380
1549650 380
1549660 381
1549670 382
1549680 382
1549690 383
1549700 383
1549710 383
1549720 384
1549730 385
1549740 385
1549750 386
1549760 387
1549770 387
1549780 387
1549790 388
1549800 388
1549810 389
1549820 389
1549830 389
1549840 390
1549850 391
1549860 391
1549870 391
1549880 392
1549890 392
1549900 393
1549910 394
1549920 394
1549930 394
1549940 394
1549950 394
1549960 394
1549970 394
1549980 394
1549990 394
1550000 394
1550010 394
1550020 394
1550030 393
1550040 393
1550050 391
1550060 389
1550070 389
1550080 387
1550090 386
1550100 386
1550110 385
1550120 384
1550130 384
1550140 384
1550150 383
1550160 383
1550170 383
1550180 383
1550190 383
1550200 383
1550210 383
1550220 383
1550230 384
1550240 384
1550250 384
1550260 384
1550270 384
1550280 384
1550290 383
1550300 383
1550310 383
1550320 385
1550330 386
1550340 386
1550350 387
1550360 387
1550370 387
1550380 387
1550390 387
1550400 387
1550410 387
1550420 387
1550430 387
1550440 387
1550450 388
1550460 388
1550470 388
1550480 388
1550490 388
1550500 389
1550510 390
1550520 390
1550530 391
1550540 392
1550550 392
1550560 393
1550570 394
1550580 394
1550590 395
1550600 396
1550610 396
1550620 397
1550630 398
1550640 398
1550650 399
1550660 399
1550670 399
1550680 400
1550690 400
1550700 400
1550710 400
1550720 400
1550730 400
1550740 398
1550750 397
1550760 397
1550770 395
1550780 393
1550790 393
1550800 391
1550810 389
1550820 389
1550830 387
1550840 385
1550850 385
1550860 384
1550870 383
1550880 383
1550890 383
1550900 382
1550910 382
1550920 381
1550930 380
1550940 380
1550950 379
1550960 377
1550970 377
1550980 377
1550990 376
1551000 377
1551010 376
1551020 375
1551030 375
1551040 374
1551050 373
1551060 373
1551070 373
1551080 372
1551090 372
1551100 372
1551110 371
1551120 371
1551130 371
1551140 371
1551150 371
1551160 372
1551170 372
1551180 372
1551190 371
1551200 370
1551210 370
1551220 369
1551230 368
1551240 368
1551250 367
1551260 368
1551270 368
1551280 368
1551290 369
1551300 369
1551310 368
1551320 367
1551330 367
1551340 367
1551350 368
1551360 368
1551370 369
1551380 371
1551390 371
1551400 372
1551410 373
1551420 373
1551430 373
1551440 372
1551450 372
1551460 373
1551470 374
1551480 374
1551490 377
1551500 380
1551510 380
1551520 381
1551530 382
1551540 382
1551550 383
1551560 383
1551570 383
1551580 384
1551590 385
1551600 385
1551610 386
1551620 387
1551630 387
1551640 388
1551650 389
1551660 389
1551670 390
1551680 390
1551690 390
1551700 390
1551710 391
1551720 391
1551730 392
1551740 393
1551750 393
1551760 394
1551770 395
1551780 395
1551790 396
1551800 396
1551810 396
1551820 396
1551830 397
1551840 397
1551850 398
1551860 398
1551870 398
1551880 399
1551890 399
1551900 399
1551910 398
1551920 397
1551930 397
1551940 395
1551950 397
1551960 397
1551970 399
1551980 400
1551990 400
1552000 402
1552010 403
1552020 403
1552030 404
1552040 405
1552050 405
1552060 407
1552070 409
1552080 409
1552090 410
1552100 411
1552110 411
1552120 413
1552130 415
1552140 415
1552150 416
1552160 418
1552170 418
1552180 421
1552190 423
1552200 423
1552210 424
1552220 427
1552230 427
1552240 428
1552250 427
1552260 427
1552270 433
1552280 444
1552290 444
1552300 448
1552310 449
1552320 449
1552330 450
1552340 451
1552350 451
1552360 453
1552370 454
1552380 454
1552390 456
1552400 457
1552410 457
1552420 458
1552430 459
1552440 459
1552450 460
1552460 461
1552470 461
1552480 462
1552490 463
1552500 463
1552510 464
1552520 466
1552530 466
1552540 467
1552550 468
1552560 468
1552570 470
1552580 470
1552590 470
1552600 468
1552610 472
1552620 472
1552630 473
1552640 474
1552650 474
1552660 474
1552670 474
1552680 474
1552690 473
1552700 472
1552710 472
1552720 471
1552730 470
1552740 470
1552750 469
1552760 467
1552770 467
1552780 466
1552790 464
1552800 464
1552810 463
1552820 461
1552830 461
1552840 460
1552850 458
1552860 458
1552870 455
1552880 452
1552890 452
1552900 448
1552910 443
1552920 443
1552930 439
1552940 435
1552950 435
1552960 433
1552970 431
1552980 431
1552990 430
1553000 429
1553010 429
1553020 427
1553030 425
1553040 425
1553050 424
1553060 421
1553070 421
1553080 418
1553090 415
1553100 415
1553110 413
1553120 411
1553130 411
1553140 409
1553150 408
1553160 408
1553170 407
1553180 406
1553190 406
1553200 404
1553210 402
1553220 402
1553230 399
1553240 397
1553250 397
1553260 398
1553270 397
1553280 397
1553290 396
1553300 396
1553310 396
1553320 395
1553330 395
1553340 395
1553350 395
1553360 395
1553370 395
1553380 395
1553390 395
1553400 395
1553410 394
1553420 394
1553430 394
1553440 394
1553450 394
1553460 393
1553470 392
1553480 392
1553490 391
1553500 390
1553510 390
1553520 389
1553530 389
1553540 389
1553550 388
1553560 387
1553570 387
1553580 386
1553590 385
1553600 385
1553610 383
1553620 382
1553630 382
1553640 381
1553650 380
1553660 380
1553670 380
1553680 379
1553690 379
1553700 378
1553710 378
1553720 378
1553730 377
1553740 377
1553750 377
1553760 376
1553770 376
1553780 376
1553790 375
1553800 375
1553810 375
1553820 374
1553830 374
1553840 374
1553850 374
1553860 374
1553870 374
1553880 373
1553890 373
1553900 373
1553910 373
1553920 372
1553930 372
1553940 371
1553950 370
1553960 370
1553970 370
1553980 370
1553990 370
1554000 369
1554010 368
1554020 368
1554030 367
1554040 367
1554050 367
1554060 366
1554070 365
1554080 365
1554090 364
1554100 362
1554110 362
1554120 361
1554130 360
1554140 360
1554150 360
1554160 359
1554170 359
1554180 359
1554190 358
1554200 358
1554210 358
1554220 357
1554230 357
1554240 356
1554250 355
1554260 355
1554270 355
1554280 355
1554290 355
1554300 354
1554310 354
1554320 354
1554330 354
1554340 353
1554350 353
1554360 352
1554370 352
1554380 352
1554390 351
1554400 350
1554410 350
1554420 350
1554430 349
1554440 349
1554450 348
1554460 347
1554470 347
1554480 346
1554490 345
1554500 345
1554510 345
1554520 344
1554530 344
1554540 343
1554550 342
1554560 342
1554570 341
1554580 340
1554590 340
1554600 339
1554610 338
1554620 338
1554630 337
1554640 337
1554650 337
1554660 336
1554670 336
1554680 336
1554690 335
1554700 334
1554710 334
1554720 332
1554730 330
1554740 330
1554750 327
1554760 325
1554770 325
1554780 323
1554790 321
1554800 320
1554810 318
1554820 316
1554830 316
1554840 316
1554850 316
1554860 316
1554870 317
1554880 317
1554890 317
1554900 318
1554910 319
1554920 319
1554930 319
1554940 320
1554950 320
1554960 321
1554970 322
1554980 322
1554990 322
1555000 323
1555010 323
1555020 323
1555030 323
1555040 323
1555050 323
1555060 323
1555070 323
1555080 322
1555090 322
1555100 322
1555110 321
1555120 321
1555130 321
1555140 320
1555150 320
1555160 320
1555170 320
1555180 320
1555190 320
1555200 320
1555210 319
1555220 319
1555230 319
1555240 319
1555250 319
1555260 318
1555270 318
1555280 318
1555290 318
1555300 317
1555310 317
1555320 317
1555330 316
1555340 316
1555350 315
1555360 315
1555370 315
1555380 314
1555390 313
1555400 313
1555410 312
1555420 311
1555430 311
1555440 311
1555450 310
1555460 310
1555470 309
1555480 308
1555490 308
1555500 307
1555510 306
1555520 306
1555530 305
1555540 304
1555550 304
1555560 304
1555570 303
1555580 303
1555590 302
1555600 302
1555610 302
1555620 302
1555630 301
1555640 301
1555650 301
1555660 300
1555670 300
1555680 299
1555690 298
1555700 298
1555710 298
1555720 297
1555730 297
1555740 296
1555750 295
1555760 295
1555770 294
1555780 293
1555790 293
1555800 293
1555810 292
1555820 292
1555830 292
1555840 291
1555850 291
1555860 291
1555870 291
1555880 291
1555890 291
1555900 290
1555910 290
1555920 290
1555930 290
1555940 290
1555950 290
1555960 289
1555970 289
1555980 289
1555990 289
1556000 289
1556010 288
1556020 288
1556030 288
1556040 288
1556050 288
1556060 288
1556070 287
1556080 287
1556090 287
1556100 287
1556110 287
1556120 287
1556130 286
1556140 286
1556150 286
1556160 286
1556170 286
1556180 286
1556190 285
1556200 285
1556210 285
1556220 285
1556230 285
1556240 285
1556250 285
1556260 285
1556270 285
1556280 285
1556290 284
1556300 284
1556310 284
1556320 284
1556330 284
1556340 284
1556350 284
1556360 284
1556370 284
1556380 283
1556390 283
1556400 283
1556410 283
1556420 283
1556430 283
1556440 283
1556450 283
1556460 283
1556470 283
1556480 283
1556490 282
1556500 282
1556510 282
1556520 282
1556530 282
1556540 282
1556550 282
1556560 281
1556570 281
1556580 281
1556590 281
1556600 281
1556610 281
1556620 281
1556630 281
1556640 281
1556650 281
1556660 281
1556670 281
1556680 281
1556690 281
1556700 281
1556710 280
1556720 280
1556730 280
1556740 279
1556750 279
1556760 279
1556770 278
1556780 278
1556790 278
1556800 278
1556810 278
1556820 278
1556830 277
1556840 277
1556850 277
1556860 277
1556870 277
1556880 277
1556890 276
1556900 276
1556910 276
1556920 276
1556930 276
1556940 275
1556950 275
1556960 275
1556970 276
1556980 276
1556990 276
1557000 276
1557010 277
1557020 277
1557030 277
1557040 277
1557050 277
1557060 277
1557070 278
1557080 278
1557090 278
1557100 278
1557110 278
1557120 278
1557130 278
1557140 278
1557150 278
1557160 279
1557170 279
1557180 279
1557190 279
1557200 279
1557210 279
1557220 280
1557230 280
1557240 280
1557250 280
1557260 280
1557270 280
1557280 281
1557290 281
1557300 281
1557310 282
1557320 282
1557330 283
1557340 284
1557350 284
1557360 286
1557370 288
1557380 288
1557390 290
1557400 291
1557410 291
1557420 293
1557430 295
1557440 295
1557450 297
1557460 299
1557470 299
1557480 300
1557490 302
1557500 302
1557510 304
1557520 305
1557530 305
1557540 307
1557550 308
1557560 308
1557570 309
1557580 310
1557590 310
1557600 311
1557610 311
1557620 311
1557630 312
1557640 312
1557650 312
1557660 312
1557670 312
1557680 312
1557690 313
1557700 313
1557710 313
1557720 313
1557730 314
1557740 314
1557750 314
1557760 314
1557770 314
1557780 315
1557790 315
1557800 315
1557810 316
1557820 316
1557830 316
1557840 316
1557850 317
1557860 317
1557870 317
1557880 317
1557890 317
1557900 318
1557910 318
1557920 318
1557930 318
1557940 317
1557950 317
1557960 317
1557970 316
1557980 316
1557990 314
1558000 312
1558010 312
1558020 311
1558030 310
1558040 310
1558050 309
1558060 308
1558070 308
1558080 307
1558090 306
1558100 306
1558110 305
1558120 305
1558130 305
1558140 305
1558150 304
1558160 304
1558170 304
1558180 304
1558190 304
1558200 304
1558210 304
1558220 304
1558230 304
1558240 304
1558250 304
1558260 304
1558270 303
1558280 303
1558290 303
1558300 303
1558310 303
1558320 302
1558330 301
1558340 301
1558350 300
1558360 299
1558370 299
1558380 299
1558390 298
1558400 298
1558410 298
1558420 297
1558430 297
1558440 296
1558450 295
1558460 295
1558470 294
1558480 293
1558490 293
1558500 292
1558510 292
1558520 292
1558530 291
1558540 290
1558550 290
1558560 289
1558570 287
1558580 287
1558590 282
1558600 279
1558610 279
1558620 277
1558630 276
1558640 276
1558650 274
1558660 273
1558670 273
1558680 272
1558690 272
1558700 272
1558710 272
1558720 272
1558730 272
1558740 272
1558750 271
1558760 271
1558770 271
1558780 270
1558790 270
1558800 270
1558810 270
1558820 270
1558830 269
1558840 268
1558850 268
1558860 267
1558870 267
1558880 267
1558890 266
1558900 266
1558910 266
1558920 266
1558930 266
1558940 266
1558950 266
1558960 266
1558970 266
1558980 266
1558990 266
1559000 266
1559010 266
1559020 266
1559030 266
1559040 266
1559050 266
1559060 266
1559070 266
1559080 266
1559090 266
1559100 266
1559110 266
1559120 266
1559130 266
1559140 266
1559150 266
1559160 266
1559170 266
1559180 266
1559190 266
1559200 266
1559210 266
1559220 266
1559230 266
1559240 266
1559250 267
1559260 267
1559270 267
1559280 267
1559290 267
1559300 267
1559310 267
1559320 267
1559330 267
1559340 267
1559350 267
1559360 267
1559370 266
1559380 266
1559390 266
1559400 266
1559410 266
1559420 266
1559430 266
1559440 266
1559450 266
1559460 266
1559470 266
1559480 266
1559490 266
1559500 266
1559510 266
1559520 266
1559530 266
1559540 266
1559550 266
1559560 266
1559570 266
1559580 265
1559590 265
1559600 265
1559610 265
1559620 265
1559630 265
1559640 265
1559650 265
1559660 265
1559670 265
1559680 265
1559690 265
1559700 265
1559710 265
1559720 265
1559730 265
1559740 265
1559750 265
1559760 265
1559770 265
1559780 265
1559790 265
1559800 265
1559810 265
1559820 265
1559830 265
1559840 266
1559850 266
1559860 266
1559870 265
1559880 265
1559890 265
1559900 265
1559910 265
1559920 265
1559930 265
1559940 265
1559950 265
1559960 265
1559970 265
1559980 265
1559990 265
