1540000 364
1540010 364
1540020 365
1540030 365
1540040 366
1540050 367
1540060 367
1540070 370
1540080 371
1540090 371
1540100 372
1540110 373
1540120 373
1540130 374
1540140 376
1540150 376
1540160 378
1540170 380
1540180 380
1540190 382
1540200 384
1540210 384
1540220 386
1540230 389
1540240 389
1540250 391
1540260 393
1540270 393
1540280 395
1540290 397
1540300 397
1540310 398
1540320 398
1540330 399
1540340 400
1540350 400
1540360 401
1540370 402
1540380 402
1540390 402
1540400 403
1540410 403
1540420 403
1540430 403
1540440 403
1540450 403
1540460 403
1540470 403
1540480 403
1540490 403
1540500 403
1540510 403
1540520 402
1540530 402
1540540 402
1540550 401
1540560 401
1540570 401
1540580 400
1540590 400
1540600 400
1540610 399
1540620 399
1540630 399
1540640 398
1540650 398
1540660 398
1540670 397
1540680 397
1540690 397
1540700 396
1540710 396
1540720 396
1540730 396
1540740 396
1540750 395
1540760 396
1540770 396
1540780 396
1540790 397
1540800 397
1540810 397
1540820 398
1540830 398
1540840 399
1540850 399
1540860 399
1540870 399
1540880 399
1540890 399
1540900 400
1540910 400
1540920 400
1540930 400
1540940 400
1540950 400
1540960 401
1540970 401
1540980 401
1540990 401
1541000 402
1541010 402
1541020 402
1541030 402
1541040 402
1541050 402
1541060 402
1541070 402
1541080 402
1541090 402
1541100 402
1541110 402
1541120 402
1541130 402
1541140 402
1541150 402
1541160 402
1541170 402
1541180 402
1541190 402
1541200 403
1541210 402
1541220 402
1541230 402
1541240 402
1541250 402
1541260 402
1541270 402
1541280 402
1541290 402
1541300 402
1541310 402
1541320 402
1541330 402
1541340 402
1541350 402
1541360 402
1541370 402
1541380 402
1541390 402
1541400 402
1541410 401
1541420 401
1541430 401
1541440 401
1541450 400
1541460 400
1541470 400
1541480 399
1541490 399
1541500 399
1541510 398
1541520 398
1541530 398
1541540 397
1541550 397
1541560 397
1541570 396
1541580 396
1541590 396
1541600 395
1541610 395
1541620 395
1541630 394
1541640 394
1541650 394
1541660 393
1541670 393
1541680 393
1541690 392
1541700 392
1541710 392
1541720 392
1541730 392
1541740 391
1541750 391
1541760 391
1541770 390
1541780 390
1541790 390
1541800 389
1541810 389
1541820 389
1541830 388
1541840 388
1541850 388
1541860 387
1541870 387
1541880 387
1541890 387
1541900 386
1541910 386
1541920 386
1541930 386
1541940 386
1541950 386
1541960 385
1541970 385
1541980 385
1541990 384
1542000 384
1542010 384
1542020 383
1542030 383
1542040 383
1542050 382
1542060 382
1542070 382
1542080 381
1542090 381
1542100 381
1542110 380
1542120 380
1542130 380
1542140 380
1542150 380
1542160 379
1542170 379
1542180 379
1542190 379
1542200 378
1542210 378
1542220 377
1542230 377
1542240 377
1542250 376
1542260 376
1542270 376
1542280 375
1542290 375
1542300 375
1542310 373
1542320 374
1542330 374
1542340 374
1542350 374
1542360 374
1542370 374
1542380 376
1542390 376
1542400 377
1542410 378
1542420 378
1542430 380
1542440 381
1542450 381
1542460 383
1542470 385
1542480 385
1542490 386
1542500 388
1542510 388
1542520 389
1542530 391
1542540 391
1542550 392
1542560 394
1542570 394
1542580 395
1542590 396
1542600 396
1542610 397
1542620 399
1542630 399
1542640 400
1542650 401
1542660 401
1542670 402
1542680 403
1542690 403
1542700 403
1542710 404
1542720 404
1542730 405
1542740 406
1542750 406
1542760 406
1542770 407
1542780 407
1542790 408
1542800 408
1542810 408
1542820 408
1542830 409
1542840 409
1542850 409
1542860 410
1542870 410
1542880 410
1542890 410
1542900 410
1542910 411
1542920 411
1542930 411
1542940 411
1542950 411
1542960 411
1542970 411
1542980 411
1542990 411
1543000 411
1543010 412
1543020 412
1543030 412
1543040 412
1543050 412
1543060 412
1543070 412
1543080 412
1543090 412
1543100 412
1543110 412
1543120 411
1543130 411
1543140 411
1543150 411
1543160 411
1543170 411
1543180 411
1543190 411
1543200 411
1543210 411
1543220 411
1543230 411
1543240 411
1543250 411
1543260 411
1543270 411
1543280 411
1543290 411
1543300 411
1543310 411
1543320 411
1543330 411
1543340 411
1543350 411
1543360 412
1543370 412
1543380 412
1543390 412
1543400 412
1543410 412
1543420 413
1543430 413
1543440 413
1543450 414
1543460 414
1543470 414
1543480 415
1543490 415
1543500 415
1543510 415
1543520 415
1543530 415
1543540 415
1543550 415
1543560 415
1543570 415
1543580 415
1543590 415
1543600 415
1543610 415
1543620 415
1543630 415
1543640 414
1543650 414
1543660 414
1543670 414
1543680 414
1543690 413
1543700 413
1543710 413
1543720 413
1543730 412
1543740 412
1543750 412
1543760 411
1543770 411
1543780 411
1543790 411
1543800 411
1543810 410
1543820 410
1543830 410
1543840 410
1543850 409
1543860 409
1543870 409
1543880 408
1543890 408
1543900 408
1543910 408
1543920 408
1543930 407
1543940 407
1543950 407
1543960 406
1543970 406
1543980 406
1543990 405
1544000 404
1544010 404
1544020 404
1544030 403
1544040 403
1544050 402
1544060 401
1544070 401
1544080 400
1544090 399
1544100 399
1544110 398
1544120 397
1544130 397
1544140 396
1544150 395
1544160 395
1544170 395
1544180 394
1544190 394
1544200 393
1544210 393
1544220 393
1544230 393
1544240 392
1544250 392
1544260 392
1544270 392
1544280 392
1544290 391
1544300 391
1544310 391
1544320 391
1544330 391
1544340 391
1544350 391
1544360 390
1544370 390
1544380 390
1544390 389
1544400 389
1544410 389
1544420 389
1544430 389
1544440 388
1544450 388
1544460 388
1544470 388
1544480 388
1544490 388
1544500 388
1544510 388
1544520 388
1544530 387
1544540 387
1544550 387
1544560 386
1544570 386
1544580 386
1544590 385
1544600 385
1544610 385
1544620 384
1544630 384
1544640 384
1544650 384
1544660 384
1544670 384
1544680 384
1544690 383
1544700 383
1544710 383
1544720 383
1544730 383
1544740 383
1544750 382
1544760 382
1544770 382
1544780 382
1544790 382
1544800 381
1544810 381
1544820 381
1544830 380
1544840 380
1544850 380
1544860 380
1544870 379
1544880 379
1544890 379
1544900 379
1544910 379
1544920 379
1544930 379
1544940 379
1544950 379
1544960 379
1544970 379
1544980 379
1544990 379
1545000 379
1545010 379
1545020 379
1545030 379
1545040 380
1545050 381
1545060 381
1545070 381
1545080 382
1545090 382
1545100 383
1545110 385
1545120 385
1545130 386
1545140 388
1545150 388
1545160 389
1545170 390
1545180 390
1545190 391
1545200 392
1545210 392
1545220 393
1545230 394
1545240 394
1545250 394
1545260 395
1545270 395
1545280 395
1545290 396
1545300 396
1545310 397
1545320 397
1545330 397
1545340 398
1545350 398
1545360 398
1545370 398
1545380 399
1545390 399
1545400 399
1545410 399
1545420 399
1545430 399
1545440 399
1545450 399
1545460 400
1545470 400
1545480 400
1545490 400
1545500 401
1545510 401
1545520 401
1545530 402
1545540 402
1545550 402
1545560 402
1545570 402
1545580 402
1545590 402
1545600 402
1545610 402
1545620 402
1545630 402
1545640 402
1545650 402
1545660 402
1545670 402
1545680 402
1545690 402
1545700 402
1545710 402
1545720 402
1545730 401
1545740 401
1545750 401
1545760 401
1545770 401
1545780 401
1545790 400
1545800 400
1545810 400
1545820 399
1545830 399
1545840 399
1545850 399
1545860 399
1545870 399
1545880 398
1545890 398
1545900 398
1545910 398
1545920 398
1545930 398
1545940 398
1545950 398
1545960 398
1545970 398
1545980 398
1545990 398
1546000 398
1546010 398
1546020 398
1546030 398
1546040 398
1546050 398
1546060 398
1546070 397
1546080 397
1546090 397
1546100 397
1546110 397
1546120 396
1546130 396
1546140 396
1546150 395
1546160 395
1546170 395
1546180 394
1546190 394
1546200 394
1546210 394
1546220 394
1546230 393
1546240 393
1546250 393
1546260 392
1546270 391
1546280 391
1546290 391
1546300 390
1546310 390
1546320 390
1546330 389
1546340 389
1546350 389
1546360 388
1546370 388
1546380 388
1546390 387
1546400 387
1546410 387
1546420 386
1546430 386
1546440 385
1546450 385
1546460 385
1546470 384
1546480 384
1546490 384
1546500 383
1546510 383
1546520 383
1546530 382
1546540 382
1546550 382
1546560 381
1546570 380
1546580 380
1546590 380
1546600 379
1546610 379
1546620 379
1546630 378
1546640 378
1546650 378
1546660 377
1546670 377
1546680 376
1546690 375
1546700 375
1546710 375
1546720 375
1546730 375
1546740 374
1546750 374
1546760 374
1546770 375
1546780 376
1546790 376
1546800 377
1546810 377
1546820 377
1546830 377
1546840 377
1546850 377
1546860 376
1546870 376
1546880 376
1546890 376
1546900 375
1546910 375
1546920 375
1546930 376
1546940 376
1546950 376
1546960 376
1546970 376
1546980 376
1546990 376
1547000 376
1547010 376
1547020 376
1547030 376
1547040 376
1547050 375
1547060 375
1547070 375
1547080 375
1547090 375
1547100 375
1547110 375
1547120 375
1547130 374
1547140 374
1547150 374
1547160 374
1547170 374
1547180 374
1547190 373
1547200 373
1547210 373
1547220 373
1547230 372
1547240 372
1547250 372
1547260 372
1547270 372
1547280 371
1547290 371
1547300 371
1547310 371
1547320 370
1547330 370
1547340 370
1547350 370
1547360 370
1547370 369
1547380 369
1547390 369
1547400 369
1547410 368
1547420 368
1547430 368
1547440 368
1547450 368
1547460 367
1547470 367
1547480 367
1547490 366
1547500 365
1547510 365
1547520 365
1547530 365
1547540 365
1547550 365
1547560 364
1547570 364
1547580 365
1547590 365
1547600 365
1547610 366
1547620 366
1547630 366
1547640 366
1547650 366
1547660 366
1547670 366
1547680 366
1547690 366
1547700 366
1547710 366
1547720 366
1547730 367
1547740 368
1547750 368
1547760 369
1547770 370
1547780 370
1547790 375
1547800 376
1547810 376
1547820 377
1547830 379
1547840 379
1547850 380
1547860 381
1547870 381
1547880 382
1547890 383
1547900 383
1547910 384
1547920 384
1547930 384
1547940 385
1547950 386
1547960 386
1547970 386
1547980 387
1547990 387
1548000 387
1548010 388
1548020 388
1548030 388
1548040 388
1548050 388
1548060 388
1548070 388
1548080 388
1548090 388
1548100 387
1548110 387
1548120 387
1548130 387
1548140 387
1548150 386
1548160 386
1548170 386
1548180 385
1548190 385
1548200 385
1548210 384
1548220 384
1548230 384
1548240 383
1548250 382
1548260 382
1548270 382
1548280 381
1548290 381
1548300 381
1548310 381
1548320 381
1548330 381
1548340 381
1548350 381
1548360 381
1548370 381
1548380 381
1548390 381
1548400 382
1548410 382
1548420 382
1548430 382
1548440 382
1548450 381
1548460 381
1548470 381
1548480 381
1548490 380
1548500 380
1548510 380
1548520 379
1548530 379
1548540 379
1548550 379
1548560 379
1548570 378
1548580 378
1548590 378
1548600 377
1548610 376
1548620 376
1548630 376
1548640 375
1548650 375
1548660 374
1548670 374
1548680 374
1548690 373
1548700 373
1548710 373
1548720 372
1548730 372
1548740 372
1548750 371
1548760 371
1548770 371
1548780 370
1548790 370
1548800 370
1548810 369
1548820 369
1548830 369
1548840 368
1548850 368
1548860 368
1548870 367
1548880 366
1548890 366
1548900 365
1548910 365
1548920 365
1548930 365
1548940 365
1548950 365
1548960 365
1548970 365
1548980 365
1548990 364
1549000 364
1549010 364
1549020 364
1549030 364
1549040 364
1549050 364
1549060 364
1549070 364
1549080 363
1549090 363
1549100 363
1549110 363
1549120 363
1549130 363
1549140 363
1549150 363
1549160 363
1549170 362
1549180 363
1549190 363
1549200 363
1549210 363
1549220 363
1549230 363
1549240 364
1549250 364
1549260 364
1549270 365
1549280 365
1549290 365
1549300 365
1549310 365
1549320 366
1549330 366
1549340 366
1549350 366
1549360 366
1549370 366
1549380 366
1549390 366
1549400 366
1549410 366
1549420 366
1549430 366
1549440 367
1549450 367
1549460 367
1549470 367
1549480 367
1549490 367
1549500 367
1549510 368
1549520 368
1549530 368
1549540 368
1549550 368
1549560 368
1549570 368
1549580 368
1549590 368
1549600 368
1549610 368
1549620 368
1549630 368
1549640 368
1549650 368
1549660 368
1549670 368
1549680 369
1549690 369
1549700 369
1549710 369
1549720 369
1549730 369
1549740 369
1549750 369
1549760 369
1549770 369
1549780 369
1549790 369
1549800 369
1549810 369
1549820 369
1549830 369
1549840 369
1549850 369
1549860 369
1549870 369
1549880 369
1549890 368
1549900 368
1549910 368
1549920 368
1549930 368
1549940 368
1549950 368
1549960 368
1549970 368
1549980 368
1549990 368
1550000 368
1550010 369
1550020 369
1550030 369
1550040 369
1550050 370
1550060 370
1550070 370
1550080 371
1550090 371
1550100 372
1550110 372
1550120 372
1550130 373
1550140 373
1550150 373
1550160 374
1550170 374
1550180 374
1550190 375
1550200 375
1550210 375
1550220 376
1550230 376
1550240 376
1550250 376
1550260 377
1550270 377
1550280 377
1550290 378
1550300 378
1550310 378
1550320 378
1550330 378
1550340 378
1550350 379
1550360 379
1550370 379
1550380 379
1550390 379
1550400 379
1550410 379
1550420 379
1550430 379
1550440 379
1550450 379
1550460 379
1550470 379
1550480 379
1550490 379
1550500 379
1550510 379
1550520 379
1550530 379
1550540 379
1550550 378
1550560 378
1550570 378
1550580 378
1550590 377
1550600 377
1550610 376
1550620 375
1550630 375
1550640 375
1550650 374
1550660 374
1550670 374
1550680 374
1550690 374
1550700 374
1550710 374
1550720 374
1550730 374
1550740 374
1550750 374
1550760 374
1550770 374
1550780 374
1550790 375
1550800 375
1550810 375
1550820 376
1550830 376
1550840 376
1550850 376
1550860 376
1550870 376
1550880 376
1550890 376
1550900 376
1550910 376
1550920 376
1550930 376
1550940 376
1550950 376
1550960 376
1550970 376
1550980 376
1550990 376
1551000 376
1551010 377
1551020 377
1551030 377
1551040 377
1551050 377
1551060 377
1551070 377
1551080 377
1551090 377
1551100 377
1551110 377
1551120 377
1551130 378
1551140 378
1551150 378
1551160 378
1551170 378
1551180 378
1551190 378
1551200 378
1551210 378
1551220 378
1551230 378
1551240 378
1551250 379
1551260 379
1551270 379
1551280 379
1551290 379
1551300 379
1551310 379
1551320 379
1551330 380
1551340 380
1551350 380
1551360 380
1551370 381
1551380 381
1551390 381
1551400 382
1551410 382
1551420 382
1551430 383
1551440 383
1551450 384
1551460 385
1551470 385
1551480 386
1551490 387
1551500 387
1551510 389
1551520 390
1551530 390
1551540 391
1551550 392
1551560 392
1551570 393
1551580 394
1551590 394
1551600 395
1551610 396
1551620 396
1551630 396
1551640 397
1551650 397
1551660 397
1551670 397
1551680 397
1551690 397
1551700 397
1551710 397
1551720 397
1551730 397
1551740 397
1551750 397
1551760 396
1551770 396
1551780 396
1551790 396
1551800 395
1551810 395
1551820 395
1551830 396
1551840 397
1551850 397
1551860 399
1551870 401
1551880 401
1551890 403
1551900 404
1551910 404
1551920 407
1551930 409
1551940 409
1551950 412
1551960 414
1551970 414
1551980 416
1551990 418
1552000 418
1552010 420
1552020 422
1552030 422
1552040 425
1552050 428
1552060 428
1552070 430
1552080 432
1552090 432
1552100 434
1552110 437
1552120 437
1552130 440
1552140 442
1552150 442
1552160 444
1552170 445
1552180 445
1552190 447
1552200 449
1552210 449
1552220 451
1552230 453
1552240 453
1552250 455
1552260 457
1552270 457
1552280 459
1552290 461
1552300 461
1552310 463
1552320 465
1552330 465
1552340 466
1552350 468
1552360 468
1552370 470
1552380 472
1552390 472
1552400 475
1552410 478
1552420 478
1552430 481
1552440 482
1552450 482
1552460 483
1552470 484
1552480 484
1552490 484
1552500 483
1552510 483
1552520 483
1552530 482
1552540 482
1552550 481
1552560 479
1552570 479
1552580 478
1552590 476
1552600 476
1552610 474
1552620 472
1552630 472
1552640 470
1552650 467
1552660 467
1552670 464
1552680 462
1552690 462
1552700 459
1552710 456
1552720 456
1552730 453
1552740 450
1552750 450
1552760 447
1552770 444
1552780 444
1552790 441
1552800 438
1552810 438
1552820 435
1552830 432
1552840 432
1552850 429
1552860 426
1552870 426
1552880 423
1552890 419
1552900 419
1552910 417
1552920 416
1552930 416
1552940 415
1552950 413
1552960 413
1552970 411
1552980 409
1552990 409
1553000 408
1553010 407
1553020 407
1553030 405
1553040 404
1553050 404
1553060 403
1553070 402
1553080 402
1553090 401
1553100 400
1553110 400
1553120 399
1553130 399
1553140 399
1553150 398
1553160 398
1553170 398
1553180 397
1553190 397
1553200 397
1553210 396
1553220 395
1553230 395
1553240 394
1553250 393
1553260 393
1553270 392
1553280 391
1553290 391
1553300 390
1553310 389
1553320 389
1553330 388
1553340 386
1553350 386
1553360 385
1553370 383
1553380 383
1553390 382
1553400 380
1553410 380
1553420 379
1553430 378
1553440 378
1553450 377
1553460 376
1553470 376
1553480 374
1553490 372
1553500 372
1553510 371
1553520 370
1553530 370
1553540 368
1553550 367
1553560 367
1553570 366
1553580 364
1553590 364
1553600 363
1553610 361
1553620 361
1553630 360
1553640 359
1553650 359
1553660 359
1553670 358
1553680 358
1553690 358
1553700 357
1553710 357
1553720 356
1553730 355
1553740 355
1553750 355
1553760 354
1553770 354
1553780 353
1553790 353
1553800 353
1553810 352
1553820 352
1553830 352
1553840 351
1553850 351
1553860 351
1553870 350
1553880 349
1553890 349
1553900 348
1553910 347
1553920 347
1553930 345
1553940 344
1553950 345
1553960 345
1553970 344
1553980 344
1553990 343
1554000 342
1554010 342
1554020 342
1554030 341
1554040 341
1554050 340
1554060 340
1554070 340
1554080 339
1554090 338
1554100 338
1554110 337
1554120 337
1554130 337
1554140 336
1554150 335
1554160 335
1554170 334
1554180 333
1554190 333
1554200 332
1554210 330
1554220 330
1554230 329
1554240 327
1554250 327
1554260 326
1554270 323
1554280 323
1554290 320
1554300 317
1554310 317
1554320 314
1554330 314
1554340 314
1554350 313
1554360 312
1554370 312
1554380 311
1554390 310
1554400 310
1554410 310
1554420 309
1554430 309
1554440 308
1554450 307
1554460 307
1554470 307
1554480 305
1554490 305
1554500 304
1554510 302
1554520 302
1554530 300
1554540 299
1554550 299
1554560 298
1554570 296
1554580 296
1554590 295
1554600 295
1554610 295
1554620 294
1554630 294
1554640 294
1554650 294
1554660 295
1554670 295
1554680 296
1554690 299
1554700 299
1554710 301
1554720 304
1554730 304
1554740 305
1554750 307
1554760 307
1554770 309
1554780 311
1554790 311
1554800 312
1554810 312
1554820 312
1554830 310
1554840 308
1554850 308
1554860 306
1554870 305
1554880 305
1554890 305
1554900 306
1554910 306
1554920 308
1554930 310
1554940 310
1554950 312
1554960 313
1554970 313
1554980 314
1554990 315
1555000 315
1555010 315
1555020 315
1555030 315
1555040 314
1555050 313
1555060 313
1555070 313
1555080 312
1555090 312
1555100 311
1555110 310
1555120 310
1555130 309
1555140 307
1555150 307
1555160 305
1555170 302
1555180 302
1555190 299
1555200 297
1555210 297
1555220 295
1555230 294
1555240 294
1555250 293
1555260 293
1555270 293
1555280 293
1555290 293
1555300 293
1555310 293
1555320 293
1555330 293
1555340 293
1555350 293
1555360 293
1555370 293
1555380 294
1555390 294
1555400 293
1555410 294
1555420 294
1555430 294
1555440 295
1555450 295
1555460 296
1555470 297
1555480 297
1555490 298
1555500 299
1555510 299
1555520 300
1555530 301
1555540 301
1555550 301
1555560 301
1555570 301
1555580 301
1555590 301
1555600 301
1555610 301
1555620 300
1555630 300
1555640 300
1555650 299
1555660 299
1555670 298
1555680 297
1555690 297
1555700 296
1555710 295
1555720 295
1555730 295
1555740 294
1555750 294
1555760 293
1555770 292
1555780 292
1555790 292
1555800 291
1555810 291
1555820 290
1555830 289
1555840 289
1555850 289
1555860 288
1555870 288
1555880 288
1555890 287
1555900 287
1555910 287
1555920 286
1555930 286
1555940 286
1555950 286
1555960 286
1555970 285
1555980 285
1555990 285
1556000 285
1556010 284
1556020 284
1556030 284
1556040 284
1556050 284
1556060 283
1556070 283
1556080 283
1556090 283
1556100 283
1556110 283
1556120 282
1556130 282
1556140 282
1556150 282
1556160 281
1556170 281
1556180 281
1556190 281
1556200 281
1556210 280
1556220 280
1556230 280
1556240 280
1556250 280
1556260 280
1556270 280
1556280 279
1556290 279
1556300 278
1556310 279
1556320 279
1556330 279
1556340 279
1556350 279
1556360 280
1556370 280
1556380 280
1556390 281
1556400 281
1556410 281
1556420 282
1556430 282
1556440 282
1556450 283
1556460 283
1556470 283
1556480 284
1556490 286
1556500 286
1556510 290
1556520 292
1556530 292
1556540 294
1556550 296
1556560 296
1556570 297
1556580 299
1556590 299
1556600 301
1556610 303
1556620 303
1556630 304
1556640 307
1556650 307
1556660 309
1556670 311
1556680 311
1556690 312
1556700 315
1556710 315
1556720 316
1556730 317
1556740 317
1556750 319
1556760 320
1556770 320
1556780 322
1556790 322
1556800 322
1556810 323
1556820 323
1556830 323
1556840 324
1556850 325
1556860 325
1556870 325
1556880 325
1556890 325
1556900 325
1556910 325
1556920 325
1556930 324
1556940 322
1556950 322
1556960 321
1556970 319
1556980 319
1556990 318
1557000 318
1557010 318
1557020 318
1557030 319
1557040 319
1557050 321
1557060 324
1557070 324
1557080 326
1557090 327
1557100 327
1557110 328
1557120 328
1557130 328
1557140 329
1557150 330
1557160 330
1557170 330
1557180 330
1557190 330
1557200 330
1557210 331
1557220 331
1557230 330
1557240 330
1557250 330
1557260 329
1557270 328
1557280 328
1557290 327
1557300 326
1557310 326
1557320 324
1557330 323
1557340 323
1557350 322
1557360 321
1557370 321
1557380 321
1557390 321
1557400 323
1557410 326
1557420 326
1557430 328
1557440 329
1557450 329
1557460 330
1557470 331
1557480 331
1557490 332
1557500 333
1557510 333
1557520 334
1557530 334
1557540 334
1557550 335
1557560 335
1557570 335
1557580 335
1557590 335
1557600 335
1557610 335
1557620 335
1557630 335
1557640 335
1557650 335
1557660 335
1557670 335
1557680 335
1557690 335
1557700 335
1557710 335
1557720 335
1557730 335
1557740 335
1557750 335
1557760 335
1557770 334
1557780 334
1557790 334
1557800 333
1557810 333
1557820 333
1557830 332
1557840 332
1557850 331
1557860 330
1557870 330
1557880 329
1557890 328
1557900 328
1557910 327
1557920 327
1557930 327
1557940 326
1557950 325
1557960 325
1557970 323
1557980 322
1557990 322
1558000 321
1558010 319
1558020 319
1558030 318
1558040 316
1558050 316
1558060 314
1558070 312
1558080 312
1558090 310
1558100 307
1558110 307
1558120 305
1558130 302
1558140 302
1558150 298
1558160 296
1558170 296
1558180 295
1558190 295
1558200 295
1558210 295
1558220 294
1558230 294
1558240 293
1558250 292
1558260 292
1558270 289
1558280 287
1558290 287
1558300 284
1558310 281
1558320 281
1558330 278
1558340 276
1558350 276
1558360 274
1558370 273
1558380 273
1558390 271
1558400 270
1558410 270
1558420 269
1558430 267
1558440 267
1558450 266
1558460 266
1558470 266
1558480 265
1558490 264
1558500 264
1558510 264
1558520 263
1558530 263
1558540 263
1558550 264
1558560 264
1558570 264
1558580 265
1558590 265
1558600 265
1558610 265
1558620 265
1558630 265
1558640 265
1558650 265
1558660 265
1558670 265
1558680 265
1558690 265
1558700 265
1558710 265
1558720 265
1558730 265
1558740 265
1558750 265
1558760 265
1558770 265
1558780 265
1558790 265
1558800 265
1558810 266
1558820 265
1558830 265
1558840 265
1558850 265
1558860 265
1558870 266
1558880 266
1558890 266
1558900 265
1558910 265
1558920 265
1558930 265
1558940 266
1558950 266
1558960 265
1558970 265
1558980 265
1558990 265
1559000 265
1559010 265
1559020 265
1559030 265
1559040 265
1559050 265
1559060 265
1559070 265
1559080 265
1559090 265
1559100 265
1559110 265
1559120 265
1559130 265
1559140 265
1559150 265
1559160 265
1559170 265
1559180 265
1559190 265
1559200 265
1559210 265
1559220 265
1559230 265
1559240 265
1559250 265
1559260 265
1559270 265
1559280 265
1559290 265
1559300 265
1559310 265
1559320 264
1559330 264
1559340 264
1559350 264
1559360 264
1559370 264
1559380 265
1559390 265
1559400 265
1559410 265
1559420 265
1559430 265
1559440 265
1559450 265
1559460 265
1559470 265
1559480 265
1559490 265
1559500 265
1559510 265
1559520 265
1559530 265
1559540 265
1559550 265
1559560 265
1559570 265
1559580 265
1559590 265
1559600 265
1559610 265
1559620 265
1559630 265
1559640 265
1559650 265
1559660 265
1559670 265
1559680 265
1559690 265
1559700 265
1559710 265
1559720 265
1559730 265
1559740 265
1559750 265
1559760 265
1559770 265
1559780 265
1559790 265
1559800 265
1559810 265
1559820 265
1559830 264
1559840 264
1559850 264
1559860 264
1559870 264
1559880 264
1559890 264
1559900 264
1559910 264
1559920 264
1559930 264
1559940 264
1559950 264
1559960 264
1559970 264
1559980 264
1559990 264
