1540000 361
1540010 361
1540020 361
1540030 361
1540040 361
1540050 361
1540060 361
1540070 361
1540080 361
1540090 361
1540100 361
1540110 361
1540120 361
1540130 361
1540140 361
1540150 362
1540160 362
1540170 362
1540180 362
1540190 362
1540200 362
1540210 362
1540220 362
1540230 362
1540240 362
1540250 362
1540260 362
1540270 363
1540280 363
1540290 363
1540300 363
1540310 363
1540320 363
1540330 363
1540340 363
1540350 363
1540360 363
1540370 363
1540380 363
1540390 363
1540400 363
1540410 363
1540420 363
1540430 363
1540440 363
1540450 363
1540460 363
1540470 364
1540480 364
1540490 364
1540500 364
1540510 364
1540520 364
1540530 364
1540540 364
1540550 364
1540560 364
1540570 363
1540580 363
1540590 363
1540600 363
1540610 363
1540620 364
1540630 365
1540640 365
1540650 365
1540660 365
1540670 365
1540680 365
1540690 365
1540700 365
1540710 365
1540720 365
1540730 365
1540740 365
1540750 366
1540760 366
1540770 366
1540780 366
1540790 366
1540800 366
1540810 367
1540820 367
1540830 367
1540840 367
1540850 367
1540860 367
1540870 368
1540880 368
1540890 368
1540900 368
1540910 368
1540920 368
1540930 368
1540940 368
1540950 369
1540960 369
1540970 369
1540980 369
1540990 369
1541000 369
1541010 369
1541020 369
1541030 369
1541040 369
1541050 369
1541060 369
1541070 370
1541080 370
1541090 370
1541100 370
1541110 371
1541120 371
1541130 371
1541140 372
1541150 372
1541160 372
1541170 372
1541180 372
1541190 372
1541200 372
1541210 372
1541220 373
1541230 373
1541240 373
1541250 373
1541260 374
1541270 374
1541280 374
1541290 374
1541300 374
1541310 375
1541320 375
1541330 375
1541340 375
1541350 376
1541360 376
1541370 376
1541380 377
1541390 377
1541400 377
1541410 378
1541420 378
1541430 377
1541440 377
1541450 377
1541460 378
1541470 378
1541480 378
1541490 378
1541500 378
1541510 378
1541520 377
1541530 378
1541540 378
1541550 378
1541560 378
1541570 378
1541580 378
1541590 377
1541600 377
1541610 377
1541620 377
1541630 377
1541640 377
1541650 376
1541660 376
1541670 376
1541680 376
1541690 376
1541700 375
1541710 375
1541720 375
1541730 374
1541740 374
1541750 374
1541760 373
1541770 373
1541780 373
1541790 372
1541800 372
1541810 372
1541820 371
1541830 371
1541840 371
1541850 370
1541860 368
1541870 368
1541880 366
1541890 366
1541900 366
1541910 365
1541920 365
1541930 365
1541940 365
1541950 365
1541960 365
1541970 364
1541980 365
1541990 365
1542000 365
1542010 364
1542020 364
1542030 365
1542040 365
1542050 365
1542060 366
1542070 367
1542080 367
1542090 368
1542100 371
1542110 371
1542120 372
1542130 373
1542140 373
1542150 375
1542160 376
1542170 376
1542180 379
1542190 381
1542200 381
1542210 383
1542220 385
1542230 385
1542240 386
1542250 387
1542260 387
1542270 389
1542280 390
1542290 390
1542300 391
1542310 391
1542320 391
1542330 392
1542340 393
1542350 393
1542360 393
1542370 394
1542380 394
1542390 394
1542400 394
1542410 394
1542420 394
1542430 394
1542440 394
1542450 394
1542460 393
1542470 393
1542480 393
1542490 392
1542500 392
1542510 391
1542520 391
1542530 391
1542540 390
1542550 389
1542560 389
1542570 388
1542580 387
1542590 387
1542600 386
1542610 385
1542620 385
1542630 384
1542640 383
1542650 383
1542660 382
1542670 382
1542680 382
1542690 382
1542700 382
1542710 382
1542720 384
1542730 385
1542740 385
1542750 386
1542760 388
1542770 388
1542780 389
1542790 390
1542800 390
1542810 391
1542820 392
1542830 392
1542840 394
1542850 395
1542860 395
1542870 396
1542880 397
1542890 397
1542900 398
1542910 398
1542920 398
1542930 399
1542940 400
1542950 400
1542960 400
1542970 401
1542980 401
1542990 401
1543000 402
1543010 402
1543020 402
1543030 403
1543040 403
1543050 403
1543060 403
1543070 403
1543080 404
1543090 404
1543100 404
1543110 404
1543120 404
1543130 404
1543140 405
1543150 405
1543160 405
1543170 405
1543180 406
1543190 406
1543200 406
1543210 406
1543220 406
1543230 407
1543240 407
1543250 407
1543260 407
1543270 408
1543280 408
1543290 408
1543300 408
1543310 408
1543320 408
1543330 408
1543340 408
1543350 408
1543360 408
1543370 408
1543380 408
1543390 408
1543400 408
1543410 408
1543420 407
1543430 407
1543440 407
1543450 407
1543460 407
1543470 407
1543480 407
1543490 407
1543500 407
1543510 407
1543520 407
1543530 407
1543540 407
1543550 407
1543560 407
1543570 407
1543580 407
1543590 407
1543600 407
1543610 407
1543620 408
1543630 408
1543640 408
1543650 408
1543660 408
1543670 408
1543680 407
1543690 407
1543700 407
1543710 407
1543720 407
1543730 407
1543740 407
1543750 406
1543760 406
1543770 406
1543780 405
1543790 405
1543800 405
1543810 404
1543820 404
1543830 404
1543840 403
1543850 403
1543860 403
1543870 402
1543880 402
1543890 401
1543900 401
1543910 401
1543920 401
1543930 402
1543940 402
1543950 402
1543960 402
1543970 402
1543980 403
1543990 404
1544000 404
1544010 404
1544020 405
1544030 405
1544040 405
1544050 406
1544060 406
1544070 406
1544080 406
1544090 406
1544100 406
1544110 406
1544120 406
1544130 406
1544140 406
1544150 407
1544160 407
1544170 407
1544180 407
1544190 407
1544200 407
1544210 407
1544220 407
1544230 407
1544240 407
1544250 407
1544260 407
1544270 407
1544280 408
1544290 408
1544300 408
1544310 408
1544320 408
1544330 408
1544340 408
1544350 408
1544360 408
1544370 408
1544380 408
1544390 408
1544400 408
1544410 408
1544420 408
1544430 408
1544440 408
1544450 408
1544460 408
1544470 408
1544480 407
1544490 407
1544500 407
1544510 407
1544520 407
1544530 407
1544540 406
1544550 406
1544560 406
1544570 406
1544580 405
1544590 405
1544600 405
1544610 405
1544620 405
1544630 404
1544640 404
1544650 404
1544660 404
1544670 403
1544680 403
1544690 403
1544700 403
1544710 403
1544720 402
1544730 402
1544740 402
1544750 402
1544760 402
1544770 402
1544780 401
1544790 401
1544800 401
1544810 401
1544820 400
1544830 400
1544840 400
1544850 399
1544860 399
1544870 399
1544880 399
1544890 399
1544900 399
1544910 398
1544920 398
1544930 398
1544940 398
1544950 398
1544960 397
1544970 396
1544980 396
1544990 396
1545000 395
1545010 395
1545020 395
1545030 395
1545040 395
1545050 394
1545060 394
1545070 394
1545080 394
1545090 393
1545100 393
1545110 392
1545120 392
1545130 392
1545140 392
1545150 391
1545160 391
1545170 390
1545180 390
1545190 390
1545200 389
1545210 389
1545220 389
1545230 388
1545240 388
1545250 388
1545260 387
1545270 387
1545280 387
1545290 387
1545300 387
1545310 387
1545320 387
1545330 386
1545340 386
1545350 386
1545360 386
1545370 386
1545380 385
1545390 385
1545400 385
1545410 384
1545420 384
1545430 384
1545440 383
1545450 382
1545460 382
1545470 382
1545480 382
1545490 382
1545500 381
1545510 380
1545520 380
1545530 380
1545540 379
1545550 379
1545560 378
1545570 378
1545580 378
1545590 377
1545600 377
1545610 377
1545620 376
1545630 376
1545640 376
1545650 375
1545660 374
1545670 374
1545680 374
1545690 373
1545700 373
1545710 372
1545720 372
1545730 372
1545740 371
1545750 370
1545760 370
1545770 370
1545780 369
1545790 369
1545800 369
1545810 368
1545820 368
1545830 368
1545840 367
1545850 367
1545860 367
1545870 367
1545880 367
1545890 367
1545900 367
1545910 367
1545920 367
1545930 368
1545940 368
1545950 368
1545960 368
1545970 368
1545980 369
1545990 369
1546000 369
1546010 369
1546020 371
1546030 371
1546040 375
1546050 380
1546060 380
1546070 386
1546080 388
1546090 388
1546100 388
1546110 389
1546120 389
1546130 389
1546140 388
1546150 388
1546160 388
1546170 388
1546180 388
1546190 387
1546200 386
1546210 386
1546220 386
1546230 385
1546240 385
1546250 384
1546260 383
1546270 383
1546280 383
1546290 382
1546300 382
1546310 382
1546320 381
1546330 381
1546340 381
1546350 380
1546360 380
1546370 380
1546380 379
1546390 379
1546400 379
1546410 379
1546420 379
1546430 379
1546440 380
1546450 380
1546460 380
1546470 380
1546480 380
1546490 380
1546500 380
1546510 380
1546520 380
1546530 379
1546540 379
1546550 379
1546560 378
1546570 378
1546580 378
1546590 378
1546600 378
1546610 377
1546620 377
1546630 377
1546640 377
1546650 376
1546660 376
1546670 376
1546680 375
1546690 375
1546700 375
1546710 375
1546720 375
1546730 374
1546740 374
1546750 374
1546760 374
1546770 373
1546780 373
1546790 373
1546800 372
1546810 372
1546820 372
1546830 371
1546840 371
1546850 371
1546860 370
1546870 370
1546880 370
1546890 370
1546900 370
1546910 369
1546920 368
1546930 368
1546940 367
1546950 367
1546960 367
1546970 367
1546980 366
1546990 366
1547000 365
1547010 365
1547020 365
1547030 365
1547040 364
1547050 364
1547060 364
1547070 364
1547080 364
1547090 363
1547100 363
1547110 363
1547120 363
1547130 363
1547140 363
1547150 363
1547160 363
1547170 363
1547180 363
1547190 363
1547200 363
1547210 363
1547220 363
1547230 363
1547240 365
1547250 366
1547260 366
1547270 366
1547280 367
1547290 367
1547300 367
1547310 367
1547320 367
1547330 367
1547340 368
1547350 368
1547360 368
1547370 368
1547380 368
1547390 368
1547400 368
1547410 368
1547420 369
1547430 370
1547440 370
1547450 370
1547460 371
1547470 371
1547480 372
1547490 373
1547500 373
1547510 373
1547520 375
1547530 375
1547540 376
1547550 378
1547560 378
1547570 379
1547580 381
1547590 381
1547600 383
1547610 385
1547620 385
1547630 386
1547640 388
1547650 388
1547660 390
1547670 391
1547680 391
1547690 392
1547700 394
1547710 394
1547720 395
1547730 396
1547740 396
1547750 396
1547760 397
1547770 397
1547780 397
1547790 397
1547800 397
1547810 397
1547820 396
1547830 396
1547840 396
1547850 395
1547860 395
1547870 394
1547880 393
1547890 393
1547900 392
1547910 392
1547920 392
1547930 391
1547940 390
1547950 390
1547960 389
1547970 388
1547980 388
1547990 387
1548000 387
1548010 387
1548020 386
1548030 386
1548040 386
1548050 385
1548060 385
1548070 385
1548080 384
1548090 384
1548100 384
1548110 384
1548120 383
1548130 383
1548140 383
1548150 383
1548160 383
1548170 382
1548180 382
1548190 382
1548200 381
1548210 381
1548220 381
1548230 381
1548240 380
1548250 380
1548260 380
1548270 380
1548280 380
1548290 379
1548300 379
1548310 379
1548320 378
1548330 378
1548340 378
1548350 378
1548360 377
1548370 377
1548380 377
1548390 376
1548400 376
1548410 376
1548420 376
1548430 376
1548440 375
1548450 375
1548460 375
1548470 375
1548480 374
1548490 374
1548500 374
1548510 374
1548520 374
1548530 373
1548540 373
1548550 373
1548560 373
1548570 372
1548580 372
1548590 372
1548600 372
1548610 372
1548620 372
1548630 372
1548640 372
1548650 371
1548660 371
1548670 371
1548680 371
1548690 370
1548700 370
1548710 370
1548720 370
1548730 370
1548740 369
1548750 369
1548760 369
1548770 369
1548780 369
1548790 369
1548800 368
1548810 368
1548820 368
1548830 368
1548840 367
1548850 367
1548860 366
1548870 366
1548880 366
1548890 365
1548900 365
1548910 365
1548920 364
1548930 364
1548940 364
1548950 363
1548960 363
1548970 363
1548980 362
1548990 362
1549000 362
1549010 362
1549020 361
1549030 361
1549040 361
1549050 361
1549060 361
1549070 361
1549080 361
1549090 361
1549100 361
1549110 361
1549120 361
1549130 362
1549140 362
1549150 362
1549160 362
1549170 362
1549180 362
1549190 362
1549200 362
1549210 362
1549220 362
1549230 362
1549240 363
1549250 362
1549260 362
1549270 362
1549280 363
1549290 363
1549300 363
1549310 363
1549320 363
1549330 364
1549340 364
1549350 364
1549360 364
1549370 364
1549380 364
1549390 365
1549400 365
1549410 365
1549420 366
1549430 366
1549440 366
1549450 366
1549460 366
1549470 366
1549480 367
1549490 367
1549500 367
1549510 367
1549520 368
1549530 368
1549540 368
1549550 368
1549560 368
1549570 369
1549580 369
1549590 369
1549600 369
1549610 370
1549620 370
1549630 370
1549640 370
1549650 370
1549660 371
1549670 371
1549680 371
1549690 371
1549700 371
1549710 371
1549720 371
1549730 371
1549740 371
1549750 371
1549760 371
1549770 371
1549780 371
1549790 371
1549800 371
1549810 371
1549820 371
1549830 371
1549840 372
1549850 372
1549860 372
1549870 372
1549880 372
1549890 372
1549900 373
1549910 373
1549920 373
1549930 373
1549940 374
1549950 374
1549960 374
1549970 375
1549980 375
1549990 375
1550000 375
1550010 375
1550020 376
1550030 376
1550040 376
1550050 377
1550060 378
1550070 378
1550080 378
1550090 379
1550100 379
1550110 380
1550120 380
1550130 380
1550140 381
1550150 382
1550160 382
1550170 383
1550180 383
1550190 383
1550200 384
1550210 385
1550220 385
1550230 386
1550240 386
1550250 386
1550260 387
1550270 388
1550280 388
1550290 389
1550300 390
1550310 390
1550320 391
1550330 392
1550340 392
1550350 394
1550360 395
1550370 395
1550380 396
1550390 397
1550400 397
1550410 399
1550420 402
1550430 402
1550440 404
1550450 406
1550460 406
1550470 408
1550480 409
1550490 409
1550500 411
1550510 413
1550520 413
1550530 414
1550540 416
1550550 416
1550560 418
1550570 420
1550580 420
1550590 421
1550600 423
1550610 425
1550620 427
1550630 429
1550640 429
1550650 431
1550660 433
1550670 433
1550680 435
1550690 437
1550700 437
1550710 439
1550720 441
1550730 441
1550740 444
1550750 446
1550760 446
1550770 448
1550780 451
1550790 451
1550800 453
1550810 456
1550820 456
1550830 459
1550840 460
1550850 460
1550860 460
1550870 461
1550880 461
1550890 461
1550900 461
1550910 461
1550920 462
1550930 462
1550940 462
1550950 462
1550960 463
1550970 463
1550980 463
1550990 463
1551000 463
1551010 464
1551020 464
1551030 464
1551040 465
1551050 466
1551060 466
1551070 466
1551080 467
1551090 467
1551100 467
1551110 468
1551120 468
1551130 468
1551140 468
1551150 468
1551160 469
1551170 469
1551180 469
1551190 470
1551200 471
1551210 471
1551220 472
1551230 473
1551240 473
1551250 473
1551260 474
1551270 474
1551280 474
1551290 475
1551300 475
1551310 476
1551320 476
1551330 476
1551340 475
1551350 474
1551360 474
1551370 474
1551380 474
1551390 474
1551400 474
1551410 473
1551420 473
1551430 471
1551440 467
1551450 467
1551460 463
1551470 459
1551480 459
1551490 456
1551500 454
1551510 454
1551520 452
1551530 452
1551540 452
1551550 454
1551560 455
1551570 455
1551580 456
1551590 457
1551600 457
1551610 457
1551620 458
1551630 458
1551640 459
1551650 460
1551660 460
1551670 461
1551680 461
1551690 461
1551700 462
1551710 463
1551720 463
1551730 464
1551740 464
1551750 464
1551760 465
1551770 465
1551780 465
1551790 465
1551800 466
1551810 466
1551820 466
1551830 466
1551840 466
1551850 466
1551860 466
1551870 466
1551880 466
1551890 466
1551900 466
1551910 466
1551920 466
1551930 466
1551940 466
1551950 466
1551960 466
1551970 466
1551980 465
1551990 465
1552000 465
1552010 464
1552020 464
1552030 463
1552040 461
1552050 461
1552060 461
1552070 461
1552080 461
1552090 461
1552100 461
1552110 461
1552120 461
1552130 462
1552140 462
1552150 462
1552160 463
1552170 463
1552180 464
1552190 465
1552200 465
1552210 465
1552220 466
1552230 466
1552240 466
1552250 467
1552260 467
1552270 469
1552280 470
1552290 470
1552300 471
1552310 471
1552320 471
1552330 469
1552340 468
1552350 468
1552360 466
1552370 465
1552380 465
1552390 464
1552400 463
1552410 463
1552420 461
1552430 459
1552440 459
1552450 457
1552460 454
1552470 454
1552480 452
1552490 450
1552500 450
1552510 448
1552520 446
1552530 446
1552540 442
1552550 437
1552560 437
1552570 434
1552580 430
1552590 430
1552600 426
1552610 423
1552620 423
1552630 419
1552640 416
1552650 416
1552660 414
1552670 412
1552680 412
1552690 412
1552700 414
1552710 414
1552720 416
1552730 417
1552740 417
1552750 419
1552760 420
1552770 420
1552780 422
1552790 422
1552800 422
1552810 423
1552820 423
1552830 423
1552840 422
1552850 422
1552860 422
1552870 421
1552880 420
1552890 420
1552900 419
1552910 418
1552920 418
1552930 417
1552940 415
1552950 415
1552960 414
1552970 412
1552980 412
1552990 410
1553000 409
1553010 409
1553020 408
1553030 407
1553040 407
1553050 406
1553060 405
1553070 405
1553080 403
1553090 401
1553100 401
1553110 399
1553120 398
1553130 398
1553140 396
1553150 394
1553160 394
1553170 393
1553180 391
1553190 391
1553200 389
1553210 387
1553220 387
1553230 385
1553240 382
1553250 382
1553260 380
1553270 378
1553280 378
1553290 375
1553300 373
1553310 373
1553320 371
1553330 368
1553340 368
1553350 366
1553360 364
1553370 364
1553380 361
1553390 359
1553400 359
1553410 356
1553420 354
1553430 354
1553440 351
1553450 350
1553460 350
1553470 348
1553480 348
1553490 348
1553500 346
1553510 345
1553520 345
1553530 345
1553540 344
1553550 344
1553560 343
1553570 342
1553580 342
1553590 341
1553600 339
1553610 339
1553620 337
1553630 335
1553640 335
1553650 334
1553660 333
1553670 333
1553680 331
1553690 329
1553700 329
1553710 329
1553720 329
1553730 329
1553740 328
1553750 329
1553760 329
1553770 329
1553780 328
1553790 328
1553800 327
1553810 325
1553820 325
1553830 324
1553840 323
1553850 323
1553860 321
1553870 320
1553880 320
1553890 319
1553900 318
1553910 318
1553920 318
1553930 316
1553940 316
1553950 315
1553960 314
1553970 314
1553980 313
1553990 311
1554000 311
1554010 310
1554020 309
1554030 309
1554040 307
1554050 305
1554060 305
1554070 304
1554080 303
1554090 303
1554100 302
1554110 302
1554120 302
1554130 302
1554140 302
1554150 301
1554160 301
1554170 301
1554180 301
1554190 300
1554200 300
1554210 300
1554220 299
1554230 299
1554240 299
1554250 298
1554260 298
1554270 298
1554280 298
1554290 298
1554300 297
1554310 297
1554320 297
1554330 296
1554340 296
1554350 296
1554360 295
1554370 295
1554380 295
1554390 295
1554400 294
1554410 294
1554420 294
1554430 294
1554440 294
1554450 294
1554460 293
1554470 293
1554480 293
1554490 293
1554500 293
1554510 293
1554520 293
1554530 293
1554540 293
1554550 293
1554560 293
1554570 293
1554580 293
1554590 293
1554600 293
1554610 293
1554620 293
1554630 293
1554640 293
1554650 293
1554660 294
1554670 294
1554680 294
1554690 295
1554700 295
1554710 295
1554720 295
1554730 294
1554740 294
1554750 294
1554760 294
1554770 294
1554780 293
1554790 292
1554800 292
1554810 291
1554820 292
1554830 292
1554840 292
1554850 292
1554860 292
1554870 292
1554880 292
1554890 292
1554900 292
1554910 292
1554920 292
1554930 292
1554940 292
1554950 292
1554960 292
1554970 292
1554980 292
1554990 292
1555000 292
1555010 292
1555020 292
1555030 292
1555040 292
1555050 292
1555060 292
1555070 292
1555080 292
1555090 292
1555100 292
1555110 292
1555120 292
1555130 292
1555140 292
1555150 293
1555160 293
1555170 295
1555180 295
1555190 295
1555200 296
1555210 296
1555220 296
1555230 296
1555240 296
1555250 296
1555260 296
1555270 295
1555280 295
1555290 295
1555300 296
1555310 296
1555320 296
1555330 297
1555340 297
1555350 299
1555360 302
1555370 302
1555380 306
1555390 309
1555400 309
1555410 313
1555420 316
1555430 316
1555440 319
1555450 319
1555460 319
1555470 319
1555480 319
1555490 319
1555500 321
1555510 324
1555520 324
1555530 325
1555540 327
1555550 327
1555560 328
1555570 330
1555580 330
1555590 332
1555600 334
1555610 334
1555620 335
1555630 336
1555640 336
1555650 337
1555660 337
1555670 337
1555680 337
1555690 336
1555700 336
1555710 336
1555720 335
1555730 335
1555740 332
1555750 328
1555760 328
1555770 324
1555780 320
1555790 320
1555800 317
1555810 314
1555820 314
1555830 313
1555840 314
1555850 314
1555860 316
1555870 317
1555880 317
1555890 320
1555900 323
1555910 323
1555920 326
1555930 329
1555940 329
1555950 333
1555960 336
1555970 336
1555980 339
1555990 340
1556000 340
1556010 341
1556020 341
1556030 341
1556040 341
1556050 341
1556060 341
1556070 341
1556080 341
1556090 341
1556100 340
1556110 339
1556120 339
1556130 339
1556140 338
1556150 338
1556160 337
1556170 336
1556180 336
1556190 335
1556200 335
1556210 335
1556220 334
1556230 333
1556240 333
1556250 333
1556260 332
1556270 331
1556280 330
1556290 329
1556300 329
1556310 329
1556320 328
1556330 328
1556340 327
1556350 327
1556360 327
1556370 326
1556380 326
1556390 326
1556400 325
1556410 325
1556420 325
1556430 323
1556440 323
1556450 323
1556460 322
1556470 321
1556480 321
1556490 321
1556500 320
1556510 320
1556520 319
1556530 319
1556540 319
1556550 318
1556560 317
1556570 317
1556580 316
1556590 315
1556600 315
1556610 314
1556620 314
1556630 314
1556640 313
1556650 313
1556660 313
1556670 312
1556680 312
1556690 312
1556700 311
1556710 311
1556720 311
1556730 310
1556740 310
1556750 310
1556760 309
1556770 309
1556780 309
1556790 308
1556800 308
1556810 308
1556820 308
1556830 308
1556840 308
1556850 307
1556860 307
1556870 307
1556880 307
1556890 307
1556900 307
1556910 307
1556920 306
1556930 306
1556940 306
1556950 305
1556960 305
1556970 305
1556980 305
1556990 305
1557000 305
1557010 305
1557020 305
1557030 305
1557040 306
1557050 306
1557060 306
1557070 306
1557080 306
1557090 305
1557100 305
1557110 305
1557120 303
1557130 300
1557140 300
1557150 298
1557160 297
1557170 297
1557180 296
1557190 296
1557200 296
1557210 295
1557220 295
1557230 295
1557240 293
1557250 292
1557260 292
1557270 292
1557280 293
1557290 293
1557300 293
1557310 293
1557320 293
1557330 293
1557340 293
1557350 293
1557360 293
1557370 292
1557380 292
1557390 291
1557400 292
1557410 292
1557420 291
1557430 290
1557440 290
1557450 290
1557460 293
1557470 293
1557480 297
1557490 299
1557500 299
1557510 301
1557520 303
1557530 303
1557540 307
1557550 311
1557560 311
1557570 315
1557580 319
1557590 319
1557600 323
1557610 325
1557620 325
1557630 326
1557640 328
1557650 328
1557660 328
1557670 328
1557680 328
1557690 327
1557700 326
1557710 326
1557720 326
1557730 325
1557740 325
1557750 324
1557760 323
1557770 323
1557780 322
1557790 321
1557800 321
1557810 320
1557820 318
1557830 318
1557840 316
1557850 313
1557860 313
1557870 311
1557880 308
1557890 308
1557900 304
1557910 299
1557920 299
1557930 293
1557940 286
1557950 286
1557960 280
1557970 277
1557980 277
1557990 275
1558000 275
1558010 275
1558020 274
1558030 273
1558040 273
1558050 273
1558060 273
1558070 273
1558080 273
1558090 273
1558100 273
1558110 272
1558120 272
1558130 272
1558140 272
1558150 272
1558160 272
1558170 272
1558180 272
1558190 272
1558200 272
1558210 271
1558220 271
1558230 271
1558240 270
1558250 270
1558260 269
1558270 269
1558280 269
1558290 269
1558300 269
1558310 269
1558320 270
1558330 270
1558340 270
1558350 270
1558360 270
1558370 270
1558380 270
1558390 269
1558400 269
1558410 269
1558420 268
1558430 268
1558440 268
1558450 267
1558460 267
1558470 267
1558480 267
1558490 267
1558500 267
1558510 267
1558520 267
1558530 266
1558540 266
1558550 266
1558560 267
1558570 267
1558580 267
1558590 266
1558600 266
1558610 266
1558620 266
1558630 266
1558640 266
1558650 267
1558660 266
1558670 266
1558680 266
1558690 265
1558700 265
1558710 265
1558720 265
1558730 265
1558740 265
1558750 265
1558760 265
1558770 265
1558780 266
1558790 266
1558800 265
1558810 265
1558820 265
1558830 265
1558840 265
1558850 265
1558860 265
1558870 266
1558880 266
1558890 265
1558900 265
1558910 265
1558920 265
1558930 265
1558940 265
1558950 265
1558960 265
1558970 265
1558980 265
1558990 265
1559000 265
1559010 265
1559020 265
1559030 265
1559040 265
1559050 265
1559060 265
1559070 265
1559080 265
1559090 265
1559100 265
1559110 265
1559120 265
1559130 265
1559140 265
1559150 265
1559160 265
1559170 265
1559180 265
1559190 265
1559200 265
1559210 265
1559220 265
1559230 265
1559240 265
1559250 264
1559260 264
1559270 264
1559280 264
1559290 264
1559300 264
1559310 264
1559320 264
1559330 264
1559340 264
1559350 264
1559360 264
1559370 264
1559380 264
1559390 264
1559400 264
1559410 264
1559420 264
1559430 264
1559440 264
1559450 264
1559460 264
1559470 264
1559480 265
1559490 265
1559500 265
1559510 265
1559520 265
1559530 265
1559540 265
1559550 265
1559560 265
1559570 265
1559580 265
1559590 265
1559600 265
1559610 265
1559620 265
1559630 265
1559640 265
1559650 265
1559660 265
1559670 265
1559680 265
1559690 265
1559700 265
1559710 265
1559720 265
1559730 265
1559740 265
1559750 265
1559760 265
1559770 265
1559780 265
1559790 265
1559800 265
1559810 265
1559820 264
1559830 264
1559840 264
1559850 264
1559860 264
1559870 265
1559880 265
1559890 265
1559900 265
1559910 265
1559920 265
1559930 263
1559940 264
1559950 264
1559960 264
1559970 264
1559980 264
1559990 264
