1540000 381
1540010 381
1540020 380
1540030 380
1540040 380
1540050 380
1540060 380
1540070 380
1540080 380
1540090 379
1540100 379
1540110 379
1540120 379
1540130 379
1540140 378
1540150 378
1540160 378
1540170 378
1540180 377
1540190 377
1540200 377
1540210 376
1540220 376
1540230 376
1540240 376
1540250 376
1540260 375
1540270 375
1540280 375
1540290 375
1540300 375
1540310 375
1540320 375
1540330 375
1540340 375
1540350 374
1540360 374
1540370 374
1540380 374
1540390 373
1540400 373
1540410 373
1540420 373
1540430 373
1540440 373
1540450 372
1540460 372
1540470 372
1540480 372
1540490 372
1540500 371
1540510 371
1540520 371
1540530 371
1540540 371
1540550 371
1540560 371
1540570 371
1540580 371
1540590 371
1540600 371
1540610 371
1540620 371
1540630 371
1540640 371
1540650 371
1540660 371
1540670 371
1540680 371
1540690 371
1540700 371
1540710 370
1540720 370
1540730 370
1540740 370
1540750 370
1540760 370
1540770 370
1540780 370
1540790 370
1540800 370
1540810 370
1540820 370
1540830 370
1540840 370
1540850 370
1540860 370
1540870 370
1540880 370
1540890 370
1540900 370
1540910 370
1540920 370
1540930 370
1540940 370
1540950 370
1540960 370
1540970 370
1540980 370
1540990 370
1541000 370
1541010 370
1541020 370
1541030 370
1541040 370
1541050 369
1541060 369
1541070 369
1541080 369
1541090 369
1541100 370
1541110 370
1541120 370
1541130 370
1541140 369
1541150 369
1541160 369
1541170 369
1541180 369
1541190 369
1541200 369
1541210 369
1541220 368
1541230 368
1541240 368
1541250 368
1541260 368
1541270 368
1541280 368
1541290 368
1541300 368
1541310 368
1541320 368
1541330 368
1541340 369
1541350 369
1541360 369
1541370 369
1541380 369
1541390 369
1541400 369
1541410 369
1541420 369
1541430 369
1541440 369
1541450 369
1541460 369
1541470 369
1541480 369
1541490 369
1541500 369
1541510 369
1541520 369
1541530 369
1541540 369
1541550 369
1541560 369
1541570 369
1541580 369
1541590 368
1541600 368
1541610 368
1541620 368
1541630 368
1541640 368
1541650 368
1541660 368
1541670 368
1541680 368
1541690 368
1541700 368
1541710 368
1541720 368
1541730 368
1541740 369
1541750 369
1541760 369
1541770 369
1541780 369
1541790 369
1541800 369
1541810 369
1541820 369
1541830 369
1541840 369
1541850 369
1541860 369
1541870 369
1541880 369
1541890 369
1541900 369
1541910 368
1541920 368
1541930 368
1541940 368
1541950 368
1541960 368
1541970 368
1541980 368
1541990 368
1542000 368
1542010 367
1542020 367
1542030 367
1542040 367
1542050 367
1542060 367
1542070 366
1542080 366
1542090 366
1542100 366
1542110 366
1542120 365
1542130 365
1542140 365
1542150 364
1542160 363
1542170 363
1542180 363
1542190 362
1542200 362
1542210 361
1542220 361
1542230 361
1542240 360
1542250 360
1542260 360
1542270 360
1542280 359
1542290 359
1542300 359
1542310 358
1542320 358
1542330 358
1542340 358
1542350 358
1542360 358
1542370 357
1542380 357
1542390 357
1542400 357
1542410 357
1542420 357
1542430 357
1542440 357
1542450 357
1542460 357
1542470 357
1542480 357
1542490 357
1542500 357
1542510 357
1542520 357
1542530 357
1542540 357
1542550 357
1542560 357
1542570 357
1542580 357
1542590 357
1542600 357
1542610 357
1542620 357
1542630 357
1542640 357
1542650 357
1542660 357
1542670 357
1542680 357
1542690 357
1542700 357
1542710 357
1542720 357
1542730 357
1542740 357
1542750 357
1542760 356
1542770 356
1542780 356
1542790 356
1542800 356
1542810 356
1542820 356
1542830 356
1542840 356
1542850 354
1542860 355
1542870 354
1542880 355
1542890 355
1542900 356
1542910 356
1542920 356
1542930 356
1542940 356
1542950 356
1542960 356
1542970 356
1542980 356
1542990 356
1543000 356
1543010 356
1543020 356
1543030 356
1543040 356
1543050 356
1543060 356
1543070 356
1543080 356
1543090 356
1543100 356
1543110 356
1543120 356
1543130 356
1543140 356
1543150 357
1543160 357
1543170 357
1543180 358
1543190 358
1543200 359
1543210 361
1543220 361
1543230 362
1543240 363
1543250 363
1543260 364
1543270 365
1543280 365
1543290 366
1543300 366
1543310 367
1543320 368
1543330 368
1543340 370
1543350 371
1543360 371
1543370 371
1543380 372
1543390 372
1543400 374
1543410 375
1543420 375
1543430 376
1543440 377
1543450 377
1543460 378
1543470 379
1543480 379
1543490 380
1543500 381
1543510 381
1543520 382
1543530 383
1543540 383
1543550 384
1543560 384
1543570 384
1543580 385
1543590 386
1543600 386
1543610 387
1543620 387
1543630 387
1543640 388
1543650 389
1543660 389
1543670 389
1543680 390
1543690 390
1543700 390
1543710 390
1543720 390
1543730 390
1543740 390
1543750 390
1543760 390
1543770 389
1543780 389
1543790 389
1543800 388
1543810 388
1543820 388
1543830 387
1543840 387
1543850 386
1543860 386
1543870 386
1543880 385
1543890 385
1543900 385
1543910 385
1543920 386
1543930 386
1543940 387
1543950 387
1543960 387
1543970 388
1543980 389
1543990 389
1544000 390
1544010 390
1544020 390
1544030 391
1544040 392
1544050 392
1544060 392
1544070 393
1544080 393
1544090 394
1544100 394
1544110 394
1544120 395
1544130 395
1544140 395
1544150 395
1544160 396
1544170 396
1544180 396
1544190 396
1544200 396
1544210 396
1544220 397
1544230 397
1544240 397
1544250 397
1544260 397
1544270 397
1544280 397
1544290 397
1544300 398
1544310 397
1544320 397
1544330 397
1544340 397
1544350 397
1544360 397
1544370 397
1544380 397
1544390 397
1544400 396
1544410 396
1544420 396
1544430 396
1544440 396
1544450 395
1544460 395
1544470 395
1544480 394
1544490 394
1544500 394
1544510 394
1544520 393
1544530 393
1544540 393
1544550 392
1544560 392
1544570 391
1544580 391
1544590 391
1544600 390
1544610 389
1544620 389
1544630 389
1544640 388
1544650 388
1544660 388
1544670 387
1544680 387
1544690 387
1544700 386
1544710 386
1544720 386
1544730 385
1544740 385
1544750 385
1544760 384
1544770 384
1544780 384
1544790 383
1544800 383
1544810 383
1544820 382
1544830 382
1544840 382
1544850 381
1544860 381
1544870 381
1544880 380
1544890 380
1544900 380
1544910 379
1544920 379
1544930 378
1544940 378
1544950 378
1544960 377
1544970 377
1544980 377
1544990 376
1545000 375
1545010 375
1545020 374
1545030 373
1545040 373
1545050 373
1545060 372
1545070 372
1545080 371
1545090 370
1545100 370
1545110 370
1545120 369
1545130 369
1545140 368
1545150 367
1545160 367
1545170 366
1545180 365
1545190 365
1545200 364
1545210 364
1545220 364
1545230 364
1545240 363
1545250 363
1545260 363
1545270 362
1545280 362
1545290 362
1545300 361
1545310 361
1545320 361
1545330 360
1545340 360
1545350 360
1545360 360
1545370 360
1545380 360
1545390 360
1545400 360
1545410 360
1545420 360
1545430 360
1545440 359
1545450 359
1545460 359
1545470 359
1545480 358
1545490 358
1545500 358
1545510 359
1545520 359
1545530 359
1545540 359
1545550 359
1545560 359
1545570 359
1545580 359
1545590 359
1545600 359
1545610 359
1545620 359
1545630 359
1545640 359
1545650 359
1545660 359
1545670 359
1545680 359
1545690 359
1545700 359
1545710 360
1545720 361
1545730 361
1545740 362
1545750 362
1545760 362
1545770 363
1545780 364
1545790 364
1545800 366
1545810 367
1545820 367
1545830 369
1545840 370
1545850 370
1545860 372
1545870 373
1545880 373
1545890 374
1545900 375
1545910 375
1545920 375
1545930 375
1545940 375
1545950 375
1545960 375
1545970 375
1545980 375
1545990 376
1546000 376
1546010 376
1546020 376
1546030 376
1546040 376
1546050 376
1546060 376
1546070 376
1546080 376
1546090 376
1546100 376
1546110 376
1546120 376
1546130 376
1546140 375
1546150 375
1546160 374
1546170 373
1546180 373
1546190 373
1546200 374
1546210 374
1546220 374
1546230 376
1546240 376
1546250 377
1546260 379
1546270 379
1546280 380
1546290 381
1546300 381
1546310 383
1546320 384
1546330 384
1546340 384
1546350 385
1546360 385
1546370 385
1546380 386
1546390 386
1546400 386
1546410 386
1546420 386
1546430 386
1546440 386
1546450 386
1546460 385
1546470 384
1546480 384
1546490 384
1546500 383
1546510 383
1546520 382
1546530 382
1546540 382
1546550 381
1546560 380
1546570 380
1546580 379
1546590 379
1546600 379
1546610 378
1546620 377
1546630 377
1546640 376
1546650 376
1546660 376
1546670 375
1546680 375
1546690 375
1546700 374
1546710 373
1546720 373
1546730 373
1546740 372
1546750 372
1546760 372
1546770 371
1546780 371
1546790 371
1546800 370
1546810 370
1546820 370
1546830 369
1546840 369
1546850 369
1546860 368
1546870 368
1546880 368
1546890 367
1546900 367
1546910 366
1546920 366
1546930 366
1546940 366
1546950 365
1546960 365
1546970 365
1546980 365
1546990 365
1547000 364
1547010 363
1547020 363
1547030 363
1547040 362
1547050 362
1547060 362
1547070 361
1547080 361
1547090 360
1547100 359
1547110 359
1547120 359
1547130 358
1547140 358
1547150 358
1547160 357
1547170 357
1547180 358
1547190 358
1547200 358
1547210 358
1547220 358
1547230 358
1547240 358
1547250 358
1547260 358
1547270 358
1547280 358
1547290 358
1547300 358
1547310 358
1547320 358
1547330 358
1547340 358
1547350 358
1547360 358
1547370 358
1547380 358
1547390 358
1547400 358
1547410 358
1547420 359
1547430 359
1547440 359
1547450 359
1547460 359
1547470 359
1547480 359
1547490 359
1547500 359
1547510 359
1547520 359
1547530 359
1547540 359
1547550 359
1547560 359
1547570 359
1547580 359
1547590 359
1547600 358
1547610 358
1547620 359
1547630 359
1547640 359
1547650 359
1547660 359
1547670 359
1547680 359
1547690 360
1547700 360
1547710 360
1547720 360
1547730 360
1547740 360
1547750 360
1547760 360
1547770 360
1547780 360
1547790 360
1547800 360
1547810 360
1547820 360
1547830 360
1547840 360
1547850 360
1547860 360
1547870 360
1547880 360
1547890 360
1547900 360
1547910 360
1547920 360
1547930 360
1547940 360
1547950 360
1547960 360
1547970 360
1547980 360
1547990 361
1548000 361
1548010 362
1548020 363
1548030 363
1548040 364
1548050 364
1548060 364
1548070 364
1548080 364
1548090 364
1548100 365
1548110 365
1548120 365
1548130 365
1548140 365
1548150 365
1548160 366
1548170 366
1548180 366
1548190 367
1548200 367
1548210 367
1548220 367
1548230 368
1548240 368
1548250 368
1548260 368
1548270 368
1548280 368
1548290 369
1548300 369
1548310 369
1548320 369
1548330 369
1548340 369
1548350 369
1548360 369
1548370 369
1548380 369
1548390 369
1548400 369
1548410 369
1548420 369
1548430 369
1548440 369
1548450 369
1548460 368
1548470 369
1548480 369
1548490 369
1548500 370
1548510 370
1548520 371
1548530 373
1548540 373
1548550 374
1548560 375
1548570 375
1548580 376
1548590 377
1548600 377
1548610 378
1548620 380
1548630 380
1548640 381
1548650 383
1548660 383
1548670 384
1548680 385
1548690 385
1548700 387
1548710 388
1548720 388
1548730 389
1548740 390
1548750 390
1548760 390
1548770 391
1548780 391
1548790 391
1548800 392
1548810 392
1548820 393
1548830 395
1548840 395
1548850 396
1548860 397
1548870 397
1548880 398
1548890 398
1548900 398
1548910 399
1548920 399
1548930 399
1548940 400
1548950 400
1548960 400
1548970 400
1548980 400
1548990 400
1549000 400
1549010 400
1549020 400
1549030 398
1549040 397
1549050 397
1549060 395
1549070 394
1549080 394
1549090 393
1549100 393
1549110 393
1549120 393
1549130 393
1549140 393
1549150 392
1549160 392
1549170 392
1549180 392
1549190 392
1549200 392
1549210 394
1549220 394
1549230 394
1549240 394
1549250 394
1549260 394
1549270 394
1549280 394
1549290 394
1549300 394
1549310 393
1549320 393
1549330 392
1549340 391
1549350 391
1549360 390
1549370 389
1549380 389
1549390 388
1549400 387
1549410 387
1549420 386
1549430 385
1549440 385
1549450 384
1549460 383
1549470 383
1549480 382
1549490 382
1549500 382
1549510 382
1549520 383
1549530 383
1549540 383
1549550 383
1549560 383
1549570 383
1549580 383
1549590 383
1549600 383
1549610 382
1549620 382
1549630 382
1549640 381
1549650 381
1549660 382
1549670 383
1549680 383
1549690 384
1549700 385
1549710 385
1549720 386
1549730 388
1549740 388
1549750 389
1549760 391
1549770 391
1549780 394
1549790 397
1549800 397
1549810 399
1549820 401
1549830 401
1549840 403
1549850 404
1549860 404
1549870 407
1549880 410
1549890 410
1549900 413
1549910 415
1549920 415
1549930 417
1549940 418
1549950 418
1549960 420
1549970 422
1549980 422
1549990 425
1550000 426
1550010 426
1550020 428
1550030 430
1550040 430
1550050 431
1550060 432
1550070 432
1550080 433
1550090 434
1550100 434
1550110 435
1550120 435
1550130 435
1550140 436
1550150 436
1550160 436
1550170 437
1550180 438
1550190 438
1550200 439
1550210 440
1550220 440
1550230 442
1550240 443
1550250 443
1550260 444
1550270 445
1550280 445
1550290 446
1550300 447
1550310 447
1550320 448
1550330 449
1550340 449
1550350 450
1550360 452
1550370 452
1550380 453
1550390 454
1550400 454
1550410 455
1550420 456
1550430 456
1550440 457
1550450 457
1550460 457
1550470 458
1550480 458
1550490 458
1550500 459
1550510 459
1550520 459
1550530 459
1550540 459
1550550 459
1550560 460
1550570 460
1550580 460
1550590 460
1550600 460
1550610 460
1550620 461
1550630 461
1550640 461
1550650 461
1550660 461
1550670 461
1550680 462
1550690 462
1550700 462
1550710 462
1550720 462
1550730 462
1550740 461
1550750 460
1550760 460
1550770 459
1550780 457
1550790 457
1550800 455
1550810 452
1550820 452
1550830 448
1550840 445
1550850 445
1550860 441
1550870 437
1550880 437
1550890 434
1550900 431
1550910 431
1550920 429
1550930 426
1550940 426
1550950 424
1550960 422
1550970 422
1550980 420
1550990 419
1551000 419
1551010 418
1551020 416
1551030 416
1551040 414
1551050 413
1551060 413
1551070 411
1551080 410
1551090 410
1551100 409
1551110 407
1551120 407
1551130 406
1551140 405
1551150 405
1551160 405
1551170 404
1551180 404
1551190 404
1551200 402
1551210 402
1551220 401
1551230 401
1551240 401
1551250 400
1551260 400
1551270 399
1551280 399
1551290 399
1551300 399
1551310 399
1551320 399
1551330 400
1551340 402
1551350 402
1551360 404
1551370 404
1551380 404
1551390 405
1551400 406
1551410 406
1551420 406
1551430 406
1551440 406
1551450 407
1551460 407
1551470 407
1551480 408
1551490 408
1551500 408
1551510 408
1551520 409
1551530 409
1551540 408
1551550 406
1551560 406
1551570 404
1551580 402
1551590 402
1551600 401
1551610 401
1551620 401
1551630 401
1551640 402
1551650 402
1551660 402
1551670 403
1551680 403
1551690 403
1551700 403
1551710 403
1551720 404
1551730 404
1551740 404
1551750 404
1551760 404
1551770 404
1551780 405
1551790 406
1551800 406
1551810 407
1551820 409
1551830 409
1551840 411
1551850 413
1551860 413
1551870 415
1551880 416
1551890 416
1551900 418
1551910 419
1551920 419
1551930 420
1551940 421
1551950 421
1551960 422
1551970 424
1551980 424
1551990 424
1552000 424
1552010 424
1552020 420
1552030 417
1552040 417
1552050 416
1552060 421
1552070 421
1552080 426
1552090 431
1552100 431
1552110 435
1552120 438
1552130 438
1552140 440
1552150 441
1552160 441
1552170 443
1552180 444
1552190 444
1552200 445
1552210 446
1552220 446
1552230 446
1552240 446
1552250 446
1552260 445
1552270 444
1552280 444
1552290 444
1552300 444
1552310 444
1552320 444
1552330 444
1552340 444
1552350 444
1552360 445
1552370 445
1552380 445
1552390 446
1552400 446
1552410 446
1552420 447
1552430 447
1552440 447
1552450 448
1552460 448
1552470 449
1552480 450
1552490 450
1552500 451
1552510 452
1552520 452
1552530 452
1552540 453
1552550 453
1552560 453
1552570 452
1552580 452
1552590 452
1552600 453
1552610 453
1552620 454
1552630 455
1552640 455
1552650 455
1552660 457
1552670 457
1552680 460
1552690 462
1552700 462
1552710 464
1552720 465
1552730 465
1552740 466
1552750 468
1552760 468
1552770 469
1552780 471
1552790 471
1552800 472
1552810 473
1552820 473
1552830 474
1552840 476
1552850 476
1552860 477
1552870 478
1552880 478
1552890 479
1552900 480
1552910 480
1552920 480
1552930 481
1552940 481
1552950 482
1552960 483
1552970 483
1552980 485
1552990 486
1553000 486
1553010 487
1553020 488
1553030 488
1553040 488
1553050 488
1553060 488
1553070 487
1553080 487
1553090 487
1553100 487
1553110 487
1553120 487
1553130 486
1553140 485
1553150 485
1553160 485
1553170 484
1553180 484
1553190 484
1553200 483
1553210 483
1553220 482
1553230 481
1553240 481
1553250 480
1553260 480
1553270 480
1553280 478
1553290 477
1553300 477
1553310 475
1553320 474
1553330 474
1553340 471
1553350 469
1553360 469
1553370 467
1553380 465
1553390 465
1553400 463
1553410 461
1553420 461
1553430 458
1553440 458
1553450 458
1553460 458
1553470 458
1553480 458
1553490 456
1553500 457
1553510 457
1553520 459
1553530 461
1553540 461
1553550 464
1553560 466
1553570 466
1553580 470
1553590 473
1553600 473
1553610 476
1553620 478
1553630 478
1553640 479
1553650 480
1553660 480
1553670 481
1553680 482
1553690 482
1553700 482
1553710 482
1553720 482
1553730 483
1553740 482
1553750 482
1553760 482
1553770 482
1553780 482
1553790 480
1553800 478
1553810 478
1553820 480
1553830 479
1553840 479
1553850 479
1553860 478
1553870 478
1553880 478
1553890 477
1553900 477
1553910 477
1553920 477
1553930 477
1553940 477
1553950 477
1553960 477
1553970 477
1553980 477
1553990 477
1554000 476
1554010 476
1554020 476
1554030 475
1554040 474
1554050 474
1554060 474
1554070 473
1554080 473
1554090 472
1554100 471
1554110 471
1554120 470
1554130 468
1554140 468
1554150 466
1554160 464
1554170 464
1554180 462
1554190 460
1554200 460
1554210 458
1554220 456
1554230 456
1554240 454
1554250 451
1554260 451
1554270 447
1554280 443
1554290 443
1554300 442
1554310 444
1554320 444
1554330 444
1554340 443
1554350 443
1554360 442
1554370 442
1554380 442
1554390 442
1554400 441
1554410 441
1554420 440
1554430 441
1554440 441
1554450 443
1554460 444
1554470 444
1554480 446
1554490 449
1554500 449
1554510 452
1554520 455
1554530 455
1554540 457
1554550 459
1554560 459
1554570 462
1554580 464
1554590 464
1554600 466
1554610 468
1554620 468
1554630 469
1554640 471
1554650 471
1554660 472
1554670 473
1554680 473
1554690 474
1554700 475
1554710 475
1554720 476
1554730 477
1554740 477
1554750 477
1554760 477
1554770 477
1554780 478
1554790 479
1554800 479
1554810 479
1554820 479
1554830 479
1554840 479
1554850 480
1554860 480
1554870 480
1554880 480
1554890 480
1554900 480
1554910 481
1554920 481
1554930 481
1554940 481
1554950 481
1554960 481
1554970 481
1554980 481
1554990 481
1555000 481
1555010 481
1555020 481
1555030 481
1555040 481
1555050 481
1555060 481
1555070 481
1555080 481
1555090 481
1555100 481
1555110 481
1555120 481
1555130 481
1555140 481
1555150 481
1555160 481
1555170 481
1555180 481
1555190 481
1555200 481
1555210 481
1555220 481
1555230 480
1555240 480
1555250 480
1555260 480
1555270 480
1555280 480
1555290 479
1555300 479
1555310 479
1555320 479
1555330 479
1555340 479
1555350 479
1555360 479
1555370 479
1555380 478
1555390 478
1555400 478
1555410 478
1555420 478
1555430 477
1555440 477
1555450 477
1555460 477
1555470 477
1555480 477
1555490 477
1555500 476
1555510 476
1555520 476
1555530 476
1555540 476
1555550 475
1555560 475
1555570 475
1555580 474
1555590 473
1555600 473
1555610 472
1555620 471
1555630 471
1555640 470
1555650 469
1555660 469
1555670 467
1555680 466
1555690 466
1555700 464
1555710 463
1555720 463
1555730 461
1555740 458
1555750 458
1555760 456
1555770 455
1555780 455
1555790 455
1555800 454
1555810 454
1555820 453
1555830 453
1555840 453
1555850 453
1555860 452
1555870 452
1555880 452
1555890 451
1555900 451
1555910 450
1555920 449
1555930 449
1555940 448
1555950 447
1555960 447
1555970 445
1555980 444
1555990 444
1556000 442
1556010 440
1556020 440
1556030 436
1556040 432
1556050 432
1556060 429
1556070 425
1556080 425
1556090 424
1556100 424
1556110 424
1556120 424
1556130 423
1556140 423
1556150 423
1556160 423
1556170 423
1556180 422
1556190 421
1556200 421
1556210 420
1556220 419
1556230 419
1556240 418
1556250 417
1556260 417
1556270 416
1556280 414
1556290 414
1556300 413
1556310 411
1556320 411
1556330 408
1556340 406
1556350 406
1556360 403
1556370 400
1556380 400
1556390 396
1556400 393
1556410 393
1556420 390
1556430 387
1556440 387
1556450 383
1556460 380
1556470 380
1556480 377
1556490 373
1556500 373
1556510 369
1556520 365
1556530 365
1556540 361
1556550 355
1556560 355
1556570 349
1556580 343
1556590 343
1556600 337
1556610 330
1556620 330
1556630 324
1556640 318
1556650 318
1556660 311
1556670 305
1556680 305
1556690 299
1556700 293
1556710 293
1556720 289
1556730 285
1556740 285
1556750 283
1556760 280
1556770 280
1556780 277
1556790 275
1556800 275
1556810 273
1556820 272
1556830 272
1556840 271
1556850 270
1556860 270
1556870 270
1556880 269
1556890 269
1556900 269
1556910 269
1556920 269
1556930 269
1556940 269
1556950 269
1556960 269
1556970 269
1556980 269
1556990 269
1557000 269
1557010 269
1557020 269
1557030 269
1557040 269
1557050 269
1557060 269
1557070 269
1557080 269
1557090 269
1557100 269
1557110 269
1557120 269
1557130 269
1557140 269
1557150 269
1557160 269
1557170 269
1557180 269
1557190 269
1557200 269
1557210 269
1557220 269
1557230 269
1557240 269
1557250 269
1557260 269
1557270 269
1557280 269
1557290 270
1557300 270
1557310 270
1557320 270
1557330 270
1557340 270
1557350 270
1557360 269
1557370 269
1557380 269
1557390 269
1557400 269
1557410 269
1557420 269
1557430 269
1557440 269
1557450 268
1557460 268
1557470 268
1557480 268
1557490 268
1557500 268
1557510 269
1557520 269
1557530 269
1557540 269
1557550 269
1557560 269
1557570 269
1557580 269
1557590 269
1557600 270
1557610 270
1557620 270
1557630 270
1557640 270
1557650 270
1557660 270
1557670 270
1557680 270
1557690 270
1557700 270
1557710 270
1557720 270
1557730 270
1557740 270
1557750 270
1557760 270
1557770 270
1557780 270
1557790 270
1557800 270
1557810 270
1557820 270
1557830 270
1557840 270
1557850 270
1557860 270
1557870 270
1557880 270
1557890 270
1557900 270
1557910 270
1557920 270
1557930 270
1557940 270
1557950 270
1557960 270
1557970 270
1557980 270
1557990 270
1558000 270
1558010 270
1558020 270
1558030 270
1558040 270
1558050 270
1558060 270
1558070 270
1558080 270
1558090 270
1558100 270
1558110 269
1558120 269
1558130 269
1558140 269
1558150 269
1558160 269
1558170 269
1558180 269
1558190 269
1558200 269
1558210 269
1558220 269
1558230 269
1558240 269
1558250 270
1558260 270
1558270 270
1558280 269
1558290 269
1558300 269
1558310 269
1558320 269
1558330 269
1558340 269
1558350 269
1558360 269
1558370 269
1558380 269
1558390 269
1558400 269
1558410 269
1558420 269
1558430 269
1558440 269
1558450 269
1558460 269
1558470 268
1558480 268
1558490 267
1558500 266
1558510 266
1558520 265
1558530 265
1558540 265
1558550 265
1558560 265
1558570 265
1558580 265
1558590 265
1558600 266
1558610 266
1558620 266
1558630 266
1558640 265
1558650 265
1558660 265
1558670 265
1558680 265
1558690 265
1558700 265
1558710 265
1558720 265
1558730 265
1558740 265
1558750 265
1558760 265
1558770 265
1558780 265
1558790 265
1558800 265
1558810 265
1558820 265
1558830 265
1558840 265
1558850 265
1558860 265
1558870 265
1558880 265
1558890 265
1558900 265
1558910 265
1558920 264
1558930 264
1558940 264
1558950 264
1558960 264
1558970 264
1558980 264
1558990 264
1559000 264
1559010 264
1559020 264
1559030 264
1559040 264
1559050 264
1559060 264
1559070 264
1559080 264
1559090 264
1559100 264
1559110 264
1559120 264
1559130 264
1559140 264
1559150 264
1559160 264
1559170 264
1559180 264
1559190 264
1559200 264
1559210 264
1559220 264
1559230 264
1559240 265
1559250 265
1559260 265
1559270 265
1559280 265
1559290 265
1559300 265
1559310 265
1559320 265
1559330 265
1559340 265
1559350 265
1559360 265
1559370 265
1559380 265
1559390 265
1559400 265
1559410 265
1559420 265
1559430 265
1559440 265
1559450 265
1559460 265
1559470 265
1559480 265
1559490 265
1559500 265
1559510 265
1559520 265
1559530 265
1559540 265
1559550 265
1559560 265
1559570 265
1559580 265
1559590 265
1559600 265
1559610 265
1559620 265
1559630 265
1559640 265
1559650 265
1559660 265
1559670 265
1559680 265
1559690 265
1559700 265
1559710 266
1559720 265
1559730 265
1559740 265
1559750 265
1559760 265
1559770 265
1559780 265
1559790 265
1559800 265
1559810 265
1559820 265
1559830 265
1559840 265
1559850 265
1559860 265
1559870 265
1559880 265
1559890 265
1559900 264
1559910 264
1559920 264
1559930 264
1559940 264
1559950 263
1559960 263
1559970 263
1559980 264
1559990 264
