1540000 361
1540010 361
1540020 361
1540030 361
1540040 361
1540050 361
1540060 361
1540070 361
1540080 361
1540090 361
1540100 361
1540110 361
1540120 361
1540130 361
1540140 361
1540150 361
1540160 361
1540170 361
1540180 361
1540190 361
1540200 361
1540210 361
1540220 361
1540230 361
1540240 361
1540250 361
1540260 361
1540270 361
1540280 361
1540290 361
1540300 360
1540310 360
1540320 360
1540330 360
1540340 360
1540350 360
1540360 360
1540370 360
1540380 360
1540390 360
1540400 360
1540410 360
1540420 360
1540430 360
1540440 360
1540450 360
1540460 361
1540470 361
1540480 361
1540490 362
1540500 362
1540510 363
1540520 364
1540530 364
1540540 364
1540550 364
1540560 364
1540570 365
1540580 365
1540590 365
1540600 366
1540610 366
1540620 366
1540630 366
1540640 366
1540650 366
1540660 366
1540670 365
1540680 365
1540690 365
1540700 365
1540710 365
1540720 365
1540730 364
1540740 364
1540750 364
1540760 364
1540770 364
1540780 365
1540790 365
1540800 365
1540810 365
1540820 364
1540830 364
1540840 364
1540850 365
1540860 365
1540870 365
1540880 366
1540890 366
1540900 366
1540910 367
1540920 367
1540930 368
1540940 369
1540950 369
1540960 370
1540970 372
1540980 372
1540990 373
1541000 374
1541010 374
1541020 375
1541030 376
1541040 376
1541050 377
1541060 379
1541070 379
1541080 380
1541090 381
1541100 381
1541110 382
1541120 383
1541130 383
1541140 385
1541150 386
1541160 386
1541170 386
1541180 387
1541190 387
1541200 388
1541210 389
1541220 389
1541230 390
1541240 391
1541250 391
1541260 391
1541270 392
1541280 392
1541290 392
1541300 392
1541310 392
1541320 393
1541330 393
1541340 393
1541350 393
1541360 394
1541370 394
1541380 394
1541390 394
1541400 394
1541410 394
1541420 394
1541430 394
1541440 394
1541450 394
1541460 394
1541470 394
1541480 393
1541490 393
1541500 393
1541510 393
1541520 393
1541530 392
1541540 392
1541550 392
1541560 391
1541570 390
1541580 390
1541590 389
1541600 387
1541610 387
1541620 386
1541630 384
1541640 384
1541650 383
1541660 382
1541670 382
1541680 381
1541690 380
1541700 380
1541710 379
1541720 378
1541730 378
1541740 377
1541750 377
1541760 377
1541770 379
1541780 379
1541790 379
1541800 380
1541810 380
1541820 380
1541830 380
1541840 381
1541850 381
1541860 383
1541870 385
1541880 385
1541890 387
1541900 388
1541910 388
1541920 388
1541930 389
1541940 389
1541950 389
1541960 390
1541970 390
1541980 390
1541990 391
1542000 391
1542010 392
1542020 392
1542030 392
1542040 393
1542050 394
1542060 394
1542070 395
1542080 395
1542090 395
1542100 396
1542110 397
1542120 397
1542130 397
1542140 398
1542150 398
1542160 399
1542170 400
1542180 400
1542190 401
1542200 402
1542210 402
1542220 402
1542230 403
1542240 403
1542250 404
1542260 404
1542270 404
1542280 405
1542290 405
1542300 405
1542310 406
1542320 406
1542330 406
1542340 405
1542350 404
1542360 404
1542370 403
1542380 402
1542390 402
1542400 401
1542410 402
1542420 402
1542430 404
1542440 407
1542450 407
1542460 408
1542470 410
1542480 410
1542490 411
1542500 412
1542510 412
1542520 414
1542530 415
1542540 415
1542550 415
1542560 416
1542570 416
1542580 416
1542590 417
1542600 417
1542610 418
1542620 418
1542630 418
1542640 419
1542650 419
1542660 419
1542670 419
1542680 419
1542690 419
1542700 419
1542710 419
1542720 419
1542730 419
1542740 418
1542750 418
1542760 417
1542770 417
1542780 416
1542790 415
1542800 415
1542810 418
1542820 421
1542830 421
1542840 424
1542850 426
1542860 426
1542870 428
1542880 429
1542890 429
1542900 431
1542910 432
1542920 432
1542930 433
1542940 434
1542950 434
1542960 435
1542970 436
1542980 436
1542990 437
1543000 439
1543010 439
1543020 440
1543030 442
1543040 442
1543050 443
1543060 444
1543070 444
1543080 446
1543090 447
1543100 447
1543110 448
1543120 449
1543130 449
1543140 450
1543150 451
1543160 451
1543170 452
1543180 453
1543190 453
1543200 454
1543210 455
1543220 455
1543230 455
1543240 456
1543250 456
1543260 454
1543270 450
1543280 450
1543290 444
1543300 437
1543310 437
1543320 430
1543330 424
1543340 424
1543350 418
1543360 414
1543370 414
1543380 410
1543390 407
1543400 407
1543410 405
1543420 407
1543430 407
1543440 411
1543450 416
1543460 416
1543470 420
1543480 425
1543490 425
1543500 429
1543510 433
1543520 433
1543530 437
1543540 441
1543550 441
1543560 446
1543570 450
1543580 450
1543590 454
1543600 458
1543610 458
1543620 460
1543630 462
1543640 462
1543650 463
1543660 463
1543670 463
1543680 463
1543690 462
1543700 462
1543710 461
1543720 460
1543730 460
1543740 458
1543750 457
1543760 457
1543770 455
1543780 453
1543790 453
1543800 451
1543810 449
1543820 449
1543830 447
1543840 445
1543850 445
1543860 443
1543870 441
1543880 441
1543890 439
1543900 437
1543910 437
1543920 435
1543930 433
1543940 433
1543950 431
1543960 429
1543970 429
1543980 426
1543990 423
1544000 425
1544010 427
1544020 428
1544030 428
1544040 429
1544050 429
1544060 429
1544070 429
1544080 428
1544090 428
1544100 425
1544110 423
1544120 423
1544130 423
1544140 425
1544150 425
1544160 428
1544170 432
1544180 432
1544190 435
1544200 438
1544210 438
1544220 440
1544230 442
1544240 442
1544250 445
1544260 447
1544270 447
1544280 450
1544290 452
1544300 452
1544310 455
1544320 457
1544330 457
1544340 460
1544350 462
1544360 462
1544370 464
1544380 466
1544390 466
1544400 468
1544410 470
1544420 470
1544430 472
1544440 474
1544450 474
1544460 475
1544470 477
1544480 477
1544490 479
1544500 480
1544510 480
1544520 482
1544530 483
1544540 483
1544550 485
1544560 486
1544570 486
1544580 487
1544590 488
1544600 488
1544610 489
1544620 489
1544630 489
1544640 490
1544650 491
1544660 491
1544670 492
1544680 493
1544690 493
1544700 494
1544710 495
1544720 495
1544730 496
1544740 497
1544750 497
1544760 498
1544770 499
1544780 499
1544790 500
1544800 501
1544810 501
1544820 501
1544830 502
1544840 502
1544850 503
1544860 504
1544870 504
1544880 505
1544890 506
1544900 506
1544910 507
1544920 507
1544930 507
1544940 508
1544950 508
1544960 508
1544970 509
1544980 510
1544990 510
1545000 511
1545010 512
1545020 512
1545030 513
1545040 513
1545050 513
1545060 514
1545070 515
1545080 515
1545090 516
1545100 516
1545110 516
1545120 517
1545130 517
1545140 517
1545150 518
1545160 519
1545170 519
1545180 520
1545190 520
1545200 520
1545210 521
1545220 521
1545230 521
1545240 522
1545250 522
1545260 522
1545270 523
1545280 523
1545290 523
1545300 524
1545310 524
1545320 524
1545330 524
1545340 524
1545350 525
1545360 525
1545370 525
1545380 525
1545390 526
1545400 526
1545410 526
1545420 526
1545430 526
1545440 526
1545450 526
1545460 526
1545470 526
1545480 526
1545490 526
1545500 525
1545510 525
1545520 525
1545530 524
1545540 523
1545550 523
1545560 521
1545570 519
1545580 519
1545590 517
1545600 515
1545610 515
1545620 515
1545630 515
1545640 515
1545650 515
1545660 516
1545670 516
1545680 517
1545690 518
1545700 518
1545710 519
1545720 520
1545730 520
1545740 520
1545750 520
1545760 520
1545770 520
1545780 520
1545790 520
1545800 520
1545810 520
1545820 520
1545830 520
1545840 519
1545850 519
1545860 519
1545870 518
1545880 518
1545890 518
1545900 517
1545910 517
1545920 516
1545930 515
1545940 515
1545950 515
1545960 513
1545970 513
1545980 512
1545990 511
1546000 511
1546010 510
1546020 508
1546030 508
1546040 507
1546050 506
1546060 506
1546070 505
1546080 504
1546090 504
1546100 503
1546110 502
1546120 502
1546130 501
1546140 501
1546150 501
1546160 502
1546170 501
1546180 501
1546190 500
1546200 499
1546210 499
1546220 498
1546230 497
1546240 497
1546250 496
1546260 495
1546270 495
1546280 494
1546290 492
1546300 492
1546310 491
1546320 490
1546330 490
1546340 488
1546350 487
1546360 487
1546370 485
1546380 483
1546390 483
1546400 482
1546410 480
1546420 480
1546430 477
1546440 471
1546450 471
1546460 465
1546470 457
1546480 457
1546490 450
1546500 443
1546510 443
1546520 437
1546530 430
1546540 430
1546550 424
1546560 418
1546570 418
1546580 411
1546590 405
1546600 405
1546610 399
1546620 393
1546630 393
1546640 387
1546650 382
1546660 382
1546670 377
1546680 374
1546690 374
1546700 372
1546710 370
1546720 370
1546730 367
1546740 365
1546750 365
1546760 363
1546770 362
1546780 362
1546790 362
1546800 362
1546810 362
1546820 364
1546830 366
1546840 366
1546850 367
1546860 366
1546870 366
1546880 364
1546890 361
1546900 361
1546910 358
1546920 357
1546930 357
1546940 357
1546950 357
1546960 357
1546970 357
1546980 355
1546990 355
1547000 355
1547010 354
1547020 354
1547030 353
1547040 354
1547050 354
1547060 355
1547070 356
1547080 356
1547090 355
1547100 355
1547110 355
1547120 354
1547130 353
1547140 353
1547150 353
1547160 353
1547170 353
1547180 352
1547190 352
1547200 352
1547210 351
1547220 351
1547230 351
1547240 351
1547250 351
1547260 351
1547270 351
1547280 352
1547290 352
1547300 352
1547310 352
1547320 352
1547330 352
1547340 353
1547350 353
1547360 353
1547370 353
1547380 353
1547390 352
1547400 351
1547410 351
1547420 351
1547430 350
1547440 350
1547450 350
1547460 348
1547470 348
1547480 348
1547490 348
1547500 348
1547510 348
1547520 347
1547530 347
1547540 347
1547550 347
1547560 347
1547570 347
1547580 346
1547590 346
1547600 346
1547610 346
1547620 346
1547630 346
1547640 347
1547650 347
1547660 346
1547670 345
1547680 345
1547690 345
1547700 345
1547710 345
1547720 344
1547730 344
1547740 344
1547750 343
1547760 343
1547770 343
1547780 344
1547790 344
1547800 344
1547810 346
1547820 347
1547830 347
1547840 348
1547850 352
1547860 352
1547870 356
1547880 356
1547890 360
1547900 363
1547910 363
1547920 367
1547930 370
1547940 370
1547950 374
1547960 377
1547970 377
1547980 380
1547990 383
1548000 383
1548010 387
1548020 390
1548030 390
1548040 392
1548050 397
1548060 397
1548070 401
1548080 405
1548090 405
1548100 409
1548110 414
1548120 414
1548130 419
1548140 424
1548150 424
1548160 429
1548170 434
1548180 434
1548190 438
1548200 443
1548210 443
1548220 448
1548230 453
1548240 449
1548250 455
1548260 460
1548270 460
1548280 465
1548290 469
1548300 469
1548310 473
1548320 477
1548330 477
1548340 482
1548350 486
1548360 486
1548370 491
1548380 495
1548390 495
1548400 499
1548410 503
1548420 503
1548430 507
1548440 510
1548450 510
1548460 515
1548470 520
1548480 520
1548490 525
1548500 529
1548510 529
1548520 534
1548530 539
1548540 539
1548550 544
1548560 549
1548570 549
1548580 553
1548590 556
1548600 556
1548610 560
1548620 565
1548630 565
1548640 567
1548650 569
1548660 569
1548670 570
1548680 571
1548690 571
1548700 572
1548710 572
1548720 572
1548730 573
1548740 573
1548750 573
1548760 574
1548770 574
1548780 574
1548790 575
1548800 576
1548810 576
1548820 577
1548830 578
1548840 578
1548850 579
1548860 580
1548870 580
1548880 581
1548890 582
1548900 582
1548910 582
1548920 583
1548930 583
1548940 584
1548950 585
1548960 585
1548970 585
1548980 586
1548990 586
1549000 587
1549010 587
1549020 587
1549030 588
1549040 588
1549050 588
1549060 589
1549070 589
1549080 589
1549090 589
1549100 590
1549110 590
1549120 591
1549130 591
1549140 591
1549150 592
1549160 592
1549170 592
1549180 593
1549190 593
1549200 593
1549210 594
1549220 594
1549230 594
1549240 595
1549250 595
1549260 595
1549270 596
1549280 597
1549290 597
1549300 597
1549310 598
1549320 598
1549330 598
1549340 598
1549350 598
1549360 599
1549370 599
1549380 599
1549390 600
1549400 600
1549410 600
1549420 601
1549430 601
1549440 601
1549450 602
1549460 602
1549470 602
1549480 603
1549490 604
1549500 604
1549510 605
1549520 606
1549530 606
1549540 607
1549550 607
1549560 607
1549570 608
1549580 609
1549590 609
1549600 610
1549610 610
1549620 610
1549630 611
1549640 612
1549650 612
1549660 613
1549670 614
1549680 614
1549690 615
1549700 616
1549710 616
1549720 617
1549730 618
1549740 618
1549750 619
1549760 620
1549770 620
1549780 621
1549790 621
1549800 621
1549810 623
1549820 624
1549830 624
1549840 625
1549850 626
1549860 626
1549870 626
1549880 627
1549890 627
1549900 628
1549910 629
1549920 629
1549930 630
1549940 630
1549950 630
1549960 631
1549970 632
1549980 632
1549990 633
1550000 633
1550010 633
1550020 634
1550030 635
1550040 635
1550050 636
1550060 637
1550070 637
1550080 638
1550090 639
1550100 639
1550110 640
1550120 641
1550130 641
1550140 641
1550150 642
1550160 642
1550170 642
1550180 643
1550190 643
1550200 642
1550210 642
1550220 642
1550230 642
1550240 642
1550250 642
1550260 641
1550270 641
1550280 641
1550290 641
1550300 640
1550310 640
1550320 640
1550330 640
1550340 640
1550350 640
1550360 640
1550370 640
1550380 640
1550390 640
1550400 640
1550410 640
1550420 639
1550430 639
1550440 638
1550450 638
1550460 634
1550470 629
1550480 629
1550490 625
1550500 621
1550510 621
1550520 618
1550530 615
1550540 615
1550550 614
1550560 614
1550570 614
1550580 615
1550590 615
1550600 615
1550610 615
1550620 612
1550630 612
1550640 609
1550650 606
1550660 606
1550670 603
1550680 600
1550690 600
1550700 597
1550710 594
1550720 594
1550730 592
1550740 590
1550750 590
1550760 589
1550770 588
1550780 588
1550790 588
1550800 588
1550810 588
1550820 588
1550830 588
1550840 588
1550850 589
1550860 590
1550870 590
1550880 591
1550890 589
1550900 589
1550910 587
1550920 586
1550930 586
1550940 587
1550950 587
1550960 587
1550970 586
1550980 585
1550990 585
1551000 584
1551010 583
1551020 583
1551030 581
1551040 578
1551050 578
1551060 575
1551070 572
1551080 572
1551090 570
1551100 567
1551110 567
1551120 566
1551130 565
1551140 565
1551150 564
1551160 562
1551170 562
1551180 562
1551190 561
1551200 561
1551210 559
1551220 557
1551230 557
1551240 555
1551250 553
1551260 553
1551270 552
1551280 550
1551290 550
1551300 548
1551310 546
1551320 546
1551330 544
1551340 540
1551350 540
1551360 537
1551370 534
1551380 534
1551390 531
1551400 527
1551410 527
1551420 522
1551430 516
1551440 516
1551450 510
1551460 505
1551470 505
1551480 500
1551490 495
1551500 495
1551510 490
1551520 483
1551530 483
1551540 479
1551550 486
1551560 486
1551570 490
1551580 492
1551590 492
1551600 494
1551610 495
1551620 495
1551630 497
1551640 495
1551650 495
1551660 492
1551670 486
1551680 486
1551690 480
1551700 475
1551710 475
1551720 471
1551730 467
1551740 467
1551750 463
1551760 459
1551770 459
1551780 454
1551790 450
1551800 450
1551810 445
1551820 440
1551830 440
1551840 436
1551850 431
1551860 431
1551870 427
1551880 423
1551890 423
1551900 420
1551910 417
1551920 417
1551930 413
1551940 410
1551950 410
1551960 407
1551970 404
1551980 404
1551990 402
1552000 400
1552010 400
1552020 398
1552030 395
1552040 395
1552050 393
1552060 390
1552070 390
1552080 388
1552090 386
1552100 386
1552110 385
1552120 383
1552130 383
1552140 381
1552150 382
1552160 382
1552170 382
1552180 382
1552190 382
1552200 383
1552210 377
1552220 377
1552230 377
1552240 376
1552250 376
1552260 376
1552270 376
1552280 376
1552290 377
1552300 378
1552310 378
1552320 378
1552330 378
1552340 378
1552350 379
1552360 380
1552370 380
1552380 381
1552390 382
1552400 382
1552410 383
1552420 384
1552430 384
1552440 385
1552450 386
1552460 386
1552470 388
1552480 391
1552490 391
1552500 395
1552510 397
1552520 397
1552530 398
1552540 398
1552550 398
1552560 396
1552570 394
1552580 394
1552590 392
1552600 391
1552610 391
1552620 391
1552630 393
1552640 393
1552650 398
1552660 403
1552670 403
1552680 408
1552690 411
1552700 411
1552710 412
1552720 412
1552730 412
1552740 411
1552750 410
1552760 410
1552770 406
1552780 401
1552790 401
1552800 396
1552810 390
1552820 390
1552830 385
1552840 381
1552850 381
1552860 377
1552870 373
1552880 373
1552890 369
1552900 364
1552910 364
1552920 360
1552930 356
1552940 356
1552950 353
1552960 351
1552970 351
1552980 349
1552990 349
1553000 347
1553010 346
1553020 346
1553030 345
1553040 344
1553050 344
1553060 344
1553070 344
1553080 344
1553090 344
1553100 345
1553110 345
1553120 345
1553130 347
1553140 347
1553150 348
1553160 349
1553170 349
1553180 351
1553190 352
1553200 352
1553210 353
1553220 353
1553230 353
1553240 353
1553250 351
1553260 351
1553270 349
1553280 345
1553290 345
1553300 342
1553310 340
1553320 340
1553330 337
1553340 336
1553350 336
1553360 334
1553370 333
1553380 333
1553390 332
1553400 331
1553410 331
1553420 329
1553430 328
1553440 328
1553450 327
1553460 326
1553470 326
1553480 326
1553490 326
1553500 326
1553510 326
1553520 326
1553530 326
1553540 327
1553550 329
1553560 329
1553570 331
1553580 333
1553590 333
1553600 335
1553610 336
1553620 336
1553630 334
1553640 331
1553650 331
1553660 327
1553670 322
1553680 322
1553690 318
1553700 313
1553710 313
1553720 309
1553730 303
1553740 303
1553750 297
1553760 291
1553770 291
1553780 284
1553790 280
1553800 280
1553810 278
1553820 278
1553830 278
1553840 278
1553850 278
1553860 278
1553870 278
1553880 278
1553890 278
1553900 277
1553910 277
1553920 277
1553930 277
1553940 277
1553950 277
1553960 275
1553970 274
1553980 274
1553990 274
1554000 275
1554010 275
1554020 276
1554030 276
1554040 276
1554050 276
1554060 276
1554070 276
1554080 276
1554090 276
1554100 276
1554110 277
1554120 277
1554130 277
1554140 278
1554150 278
1554160 278
1554170 279
1554180 279
1554190 279
1554200 279
1554210 279
1554220 279
1554230 279
1554240 279
1554250 279
1554260 279
1554270 279
1554280 279
1554290 279
1554300 279
1554310 279
1554320 278
1554330 278
1554340 278
1554350 278
1554360 277
1554370 277
1554380 277
1554390 276
1554400 276
1554410 275
1554420 275
1554430 275
1554440 274
1554450 274
1554460 274
1554470 274
1554480 274
1554490 274
1554500 274
1554510 274
1554520 274
1554530 274
1554540 274
1554550 274
1554560 273
1554570 273
1554580 273
1554590 273
1554600 273
1554610 273
1554620 274
1554630 274
1554640 274
1554650 273
1554660 273
1554670 273
1554680 273
1554690 273
1554700 273
1554710 273
1554720 273
1554730 273
1554740 274
1554750 274
1554760 274
1554770 274
1554780 273
1554790 273
1554800 273
1554810 273
1554820 273
1554830 273
1554840 273
1554850 273
1554860 273
1554870 273
1554880 273
1554890 274
1554900 275
1554910 275
1554920 275
1554930 275
1554940 275
1554950 275
1554960 275
1554970 275
1554980 275
1554990 275
1555000 275
1555010 274
1555020 274
1555030 274
1555040 274
1555050 274
1555060 274
1555070 274
1555080 273
1555090 273
1555100 271
1555110 271
1555120 271
1555130 271
1555140 272
1555150 272
1555160 272
1555170 272
1555180 272
1555190 271
1555200 272
1555210 272
1555220 272
1555230 273
1555240 273
1555250 273
1555260 273
1555270 273
1555280 273
1555290 273
1555300 273
1555310 273
1555320 273
1555330 273
1555340 273
1555350 273
1555360 273
1555370 273
1555380 272
1555390 272
1555400 272
1555410 272
1555420 272
1555430 273
1555440 273
1555450 273
1555460 273
1555470 273
1555480 273
1555490 274
1555500 274
1555510 274
1555520 274
1555530 274
1555540 274
1555550 274
1555560 274
1555570 275
1555580 275
1555590 275
1555600 275
1555610 275
1555620 275
1555630 275
1555640 275
1555650 275
1555660 275
1555670 275
1555680 275
1555690 275
1555700 274
1555710 274
1555720 274
1555730 274
1555740 274
1555750 274
1555760 274
1555770 274
1555780 274
1555790 274
1555800 274
1555810 274
1555820 274
1555830 274
1555840 274
1555850 274
1555860 274
1555870 274
1555880 274
1555890 274
1555900 274
1555910 274
1555920 274
1555930 274
1555940 274
1555950 274
1555960 274
1555970 274
1555980 274
1555990 274
1556000 274
1556010 274
1556020 274
1556030 274
1556040 274
1556050 274
1556060 274
1556070 274
1556080 274
1556090 274
1556100 274
1556110 274
1556120 274
1556130 274
1556140 274
1556150 273
1556160 273
1556170 273
1556180 273
1556190 273
1556200 273
1556210 273
1556220 273
1556230 273
1556240 273
1556250 273
1556260 273
1556270 273
1556280 273
1556290 273
1556300 273
1556310 273
1556320 273
1556330 273
1556340 273
1556350 273
1556360 273
1556370 273
1556380 273
1556390 273
1556400 273
1556410 274
1556420 274
1556430 274
1556440 274
1556450 274
1556460 274
1556470 274
1556480 274
1556490 274
1556500 274
1556510 274
1556520 274
1556530 274
1556540 274
1556550 274
1556560 274
1556570 274
1556580 274
1556590 274
1556600 274
1556610 274
1556620 275
1556630 275
1556640 275
1556650 275
1556660 275
1556670 275
1556680 275
1556690 275
1556700 275
1556710 275
1556720 275
1556730 275
1556740 276
1556750 276
1556760 276
1556770 276
1556780 276
1556790 276
1556800 276
1556810 276
1556820 276
1556830 276
1556840 276
1556850 276
1556860 276
1556870 276
1556880 276
1556890 276
1556900 276
1556910 276
1556920 276
1556930 277
1556940 277
1556950 277
1556960 277
1556970 277
1556980 277
1556990 277
1557000 277
1557010 277
1557020 277
1557030 277
1557040 277
1557050 277
1557060 277
1557070 277
1557080 277
1557090 277
1557100 277
1557110 277
1557120 277
1557130 277
1557140 277
1557150 277
1557160 278
1557170 278
1557180 278
1557190 278
1557200 278
1557210 278
1557220 278
1557230 279
1557240 279
1557250 278
1557260 278
1557270 278
1557280 278
1557290 278
1557300 278
1557310 278
1557320 278
1557330 278
1557340 278
1557350 278
1557360 278
1557370 279
1557380 279
1557390 279
1557400 279
1557410 279
1557420 279
1557430 279
1557440 279
1557450 279
1557460 279
1557470 279
1557480 279
1557490 279
1557500 279
1557510 279
1557520 279
1557530 279
1557540 279
1557550 279
1557560 279
1557570 279
1557580 279
1557590 279
1557600 279
1557610 279
1557620 279
1557630 279
1557640 279
1557650 279
1557660 279
1557670 279
1557680 279
1557690 279
1557700 279
1557710 279
1557720 279
1557730 279
1557740 279
1557750 279
1557760 279
1557770 279
1557780 279
1557790 279
1557800 279
1557810 279
1557820 279
1557830 279
1557840 279
1557850 280
1557860 280
1557870 280
1557880 280
1557890 280
1557900 280
1557910 280
1557920 280
1557930 280
1557940 280
1557950 280
1557960 280
1557970 280
1557980 280
1557990 280
1558000 280
1558010 280
1558020 280
1558030 280
1558040 280
1558050 280
1558060 280
1558070 280
1558080 280
1558090 280
1558100 280
1558110 280
1558120 281
1558130 281
1558140 280
1558150 281
1558160 281
1558170 281
1558180 281
1558190 281
1558200 281
1558210 281
1558220 281
1558230 281
1558240 281
1558250 281
1558260 281
1558270 281
1558280 281
1558290 281
1558300 281
1558310 281
1558320 281
1558330 281
1558340 281
1558350 281
1558360 282
1558370 282
1558380 282
1558390 281
1558400 281
1558410 282
1558420 282
1558430 282
1558440 282
1558450 282
1558460 282
1558470 282
1558480 282
1558490 282
1558500 282
1558510 282
1558520 282
1558530 281
1558540 281
1558550 281
1558560 281
1558570 281
1558580 281
1558590 281
1558600 281
1558610 281
1558620 281
1558630 281
1558640 281
1558650 281
1558660 281
1558670 281
1558680 281
1558690 282
1558700 282
1558710 282
1558720 282
1558730 282
1558740 282
1558750 282
1558760 282
1558770 282
1558780 282
1558790 282
1558800 282
1558810 283
1558820 283
1558830 283
1558840 283
1558850 283
1558860 283
1558870 283
1558880 283
1558890 283
1558900 283
1558910 283
1558920 283
1558930 283
1558940 283
1558950 283
1558960 283
1558970 283
1558980 283
1558990 284
1559000 284
1559010 284
1559020 284
1559030 284
1559040 285
1559050 285
1559060 285
1559070 285
1559080 285
1559090 285
1559100 285
1559110 285
1559120 285
1559130 286
1559140 286
1559150 286
1559160 286
1559170 286
1559180 286
1559190 286
1559200 287
1559210 287
1559220 287
1559230 287
1559240 287
1559250 287
1559260 287
1559270 287
1559280 287
1559290 288
1559300 288
1559310 288
1559320 288
1559330 288
1559340 288
1559350 289
1559360 289
1559370 289
1559380 289
1559390 289
1559400 289
1559410 289
1559420 289
1559430 290
1559440 290
1559450 290
1559460 290
1559470 290
1559480 290
1559490 291
1559500 291
1559510 291
1559520 292
1559530 292
1559540 292
1559550 292
1559560 292
1559570 292
1559580 293
1559590 293
1559600 293
1559610 293
1559620 293
1559630 293
1559640 293
1559650 293
1559660 293
1559670 293
1559680 293
1559690 293
1559700 293
1559710 294
1559720 294
1559730 293
1559740 293
1559750 293
1559760 293
1559770 293
1559780 293
1559790 293
1559800 292
1559810 292
1559820 292
1559830 292
1559840 292
1559850 292
1559860 292
1559870 292
1559880 292
1559890 293
1559900 293
1559910 293
1559920 293
1559930 293
1559940 293
1559950 293
1559960 293
1559970 294
1559980 294
1559990 294
