1540000 526
1540010 527
1540020 527
1540030 528
1540040 528
1540050 528
1540060 529
1540070 529
1540080 529
1540090 529
1540100 529
1540110 529
1540120 529
1540130 529
1540140 529
1540150 529
1540160 529
1540170 529
1540180 530
1540190 530
1540200 530
1540210 530
1540220 530
1540230 530
1540240 530
1540250 531
1540260 531
1540270 531
1540280 532
1540290 532
1540300 532
1540310 533
1540320 533
1540330 534
1540340 534
1540350 534
1540360 535
1540370 536
1540380 536
1540390 537
1540400 538
1540410 538
1540420 539
1540430 539
1540440 539
1540450 540
1540460 541
1540470 541
1540480 541
1540490 542
1540500 542
1540510 542
1540520 544
1540530 544
1540540 544
1540550 544
1540560 544
1540570 545
1540580 545
1540590 545
1540600 545
1540610 545
1540620 545
1540630 545
1540640 545
1540650 545
1540660 545
1540670 544
1540680 544
1540690 543
1540700 542
1540710 542
1540720 541
1540730 541
1540740 541
1540750 540
1540760 539
1540770 539
1540780 538
1540790 537
1540800 537
1540810 535
1540820 533
1540830 533
1540840 530
1540850 526
1540860 526
1540870 524
1540880 524
1540890 522
1540900 522
1540910 522
1540920 521
1540930 520
1540940 520
1540950 519
1540960 517
1540970 517
1540980 516
1540990 514
1541000 514
1541010 511
1541020 508
1541030 508
1541040 506
1541050 504
1541060 504
1541070 503
1541080 502
1541090 502
1541100 502
1541110 501
1541120 501
1541130 500
1541140 499
1541150 499
1541160 498
1541170 497
1541180 497
1541190 496
1541200 494
1541210 494
1541220 492
1541230 490
1541240 490
1541250 486
1541260 483
1541270 483
1541280 480
1541290 479
1541300 479
1541310 480
1541320 484
1541330 484
1541340 489
1541350 492
1541360 492
1541370 494
1541380 495
1541390 495
1541400 495
1541410 495
1541420 495
1541430 496
1541440 496
1541450 496
1541460 496
1541470 497
1541480 497
1541490 497
1541500 497
1541510 497
1541520 498
1541530 499
1541540 499
1541550 501
1541560 502
1541570 502
1541580 504
1541590 505
1541600 505
1541610 507
1541620 508
1541630 508
1541640 509
1541650 510
1541660 510
1541670 512
1541680 513
1541690 513
1541700 514
1541710 515
1541720 516
1541730 517
1541740 518
1541750 518
1541760 519
1541770 520
1541780 520
1541790 520
1541800 521
1541810 521
1541820 522
1541830 522
1541840 522
1541850 523
1541860 524
1541870 524
1541880 525
1541890 526
1541900 526
1541910 527
1541920 527
1541930 527
1541940 528
1541950 529
1541960 529
1541970 529
1541980 530
1541990 530
1542000 530
1542010 531
1542020 531
1542030 532
1542040 533
1542050 533
1542060 533
1542070 534
1542080 534
1542090 535
1542100 536
1542110 536
1542120 536
1542130 537
1542140 537
1542150 537
1542160 538
1542170 538
1542180 538
1542190 539
1542200 539
1542210 540
1542220 540
1542230 540
1542240 540
1542250 541
1542260 541
1542270 541
1542280 542
1542290 542
1542300 542
1542310 542
1542320 542
1542330 542
1542340 542
1542350 542
1542360 541
1542370 540
1542380 540
1542390 537
1542400 534
1542410 534
1542420 531
1542430 528
1542440 528
1542450 526
1542460 523
1542470 523
1542480 521
1542490 519
1542500 519
1542510 519
1542520 519
1542530 519
1542540 518
1542550 518
1542560 518
1542570 521
1542580 527
1542590 527
1542600 531
1542610 533
1542620 533
1542630 536
1542640 537
1542650 537
1542660 538
1542670 539
1542680 539
1542690 539
1542700 538
1542710 538
1542720 538
1542730 538
1542740 538
1542750 538
1542760 540
1542770 540
1542780 541
1542790 541
1542800 541
1542810 542
1542820 542
1542830 542
1542840 543
1542850 544
1542860 544
1542870 545
1542880 546
1542890 546
1542900 547
1542910 548
1542920 548
1542930 549
1542940 550
1542950 550
1542960 551
1542970 552
1542980 552
1542990 554
1543000 554
1543010 554
1543020 555
1543030 556
1543040 556
1543050 557
1543060 557
1543070 557
1543080 558
1543090 558
1543100 558
1543110 559
1543120 559
1543130 559
1543140 560
1543150 560
1543160 560
1543170 561
1543180 561
1543190 561
1543200 562
1543210 562
1543220 562
1543230 563
1543240 563
1543250 563
1543260 564
1543270 564
1543280 564
1543290 565
1543300 565
1543310 566
1543320 567
1543330 567
1543340 568
1543350 568
1543360 568
1543370 569
1543380 570
1543390 570
1543400 570
1543410 571
1543420 571
1543430 572
1543440 572
1543450 572
1543460 573
1543470 574
1543480 574
1543490 575
1543500 575
1543510 575
1543520 576
1543530 576
1543540 576
1543550 577
1543560 577
1543570 577
1543580 578
1543590 578
1543600 578
1543610 578
1543620 579
1543630 579
1543640 579
1543650 579
1543660 579
1543670 580
1543680 580
1543690 580
1543700 581
1543710 581
1543720 581
1543730 582
1543740 582
1543750 582
1543760 583
1543770 583
1543780 583
1543790 583
1543800 584
1543810 584
1543820 584
1543830 584
1543840 584
1543850 585
1543860 585
1543870 585
1543880 585
1543890 586
1543900 586
1543910 586
1543920 586
1543930 586
1543940 587
1543950 588
1543960 588
1543970 588
1543980 588
1543990 588
1544000 589
1544010 589
1544020 589
1544030 589
1544040 590
1544050 590
1544060 590
1544070 590
1544080 590
1544090 590
1544100 590
1544110 590
1544120 591
1544130 591
1544140 591
1544150 591
1544160 591
1544170 591
1544180 590
1544190 589
1544200 589
1544210 588
1544220 587
1544230 587
1544240 586
1544250 586
1544260 586
1544270 586
1544280 588
1544290 588
1544300 589
1544310 590
1544320 590
1544330 592
1544340 594
1544350 594
1544360 594
1544370 594
1544380 594
1544390 595
1544400 595
1544410 595
1544420 595
1544430 595
1544440 595
1544450 595
1544460 595
1544470 595
1544480 595
1544490 596
1544500 596
1544510 596
1544520 598
1544530 598
1544540 599
1544550 600
1544560 600
1544570 601
1544580 601
1544590 601
1544600 601
1544610 602
1544620 602
1544630 604
1544640 605
1544650 605
1544660 606
1544670 607
1544680 607
1544690 608
1544700 610
1544710 610
1544720 611
1544730 613
1544740 613
1544750 613
1544760 614
1544770 614
1544780 615
1544790 616
1544800 616
1544810 617
1544820 618
1544830 618
1544840 619
1544850 620
1544860 620
1544870 620
1544880 621
1544890 621
1544900 621
1544910 622
1544920 622
1544930 622
1544940 622
1544950 622
1544960 622
1544970 621
1544980 621
1544990 621
1545000 621
1545010 621
1545020 620
1545030 620
1545040 620
1545050 620
1545060 619
1545070 619
1545080 619
1545090 618
1545100 618
1545110 618
1545120 617
1545130 617
1545140 616
1545150 615
1545160 615
1545170 615
1545180 613
1545190 613
1545200 612
1545210 611
1545220 611
1545230 609
1545240 607
1545250 607
1545260 605
1545270 605
1545280 604
1545290 603
1545300 603
1545310 602
1545320 601
1545330 601
1545340 601
1545350 600
1545360 600
1545370 599
1545380 598
1545390 598
1545400 597
1545410 595
1545420 595
1545430 594
1545440 593
1545450 593
1545460 591
1545470 590
1545480 590
1545490 589
1545500 588
1545510 588
1545520 588
1545530 588
1545540 588
1545550 588
1545560 588
1545570 588
1545580 588
1545590 588
1545600 588
1545610 588
1545620 588
1545630 588
1545640 588
1545650 589
1545660 589
1545670 589
1545680 589
1545690 589
1545700 589
1545710 589
1545720 589
1545730 590
1545740 590
1545750 590
1545760 590
1545770 590
1545780 590
1545790 589
1545800 589
1545810 589
1545820 589
1545830 589
1545840 589
1545850 589
1545860 588
1545870 588
1545880 588
1545890 588
1545900 588
1545910 587
1545920 587
1545930 587
1545940 586
1545950 585
1545960 585
1545970 584
1545980 583
1545990 583
1546000 581
1546010 580
1546020 580
1546030 581
1546040 581
1546050 581
1546060 582
1546070 583
1546080 583
1546090 583
1546100 583
1546110 584
1546120 584
1546130 584
1546140 584
1546150 585
1546160 585
1546170 585
1546180 586
1546190 586
1546200 586
1546210 587
1546220 587
1546230 587
1546240 587
1546250 588
1546260 588
1546270 588
1546280 588
1546290 588
1546300 588
1546310 588
1546320 588
1546330 588
1546340 588
1546350 588
1546360 588
1546370 588
1546380 588
1546390 588
1546400 587
1546410 587
1546420 587
1546430 586
1546440 586
1546450 586
1546460 585
1546470 585
1546480 585
1546490 586
1546500 586
1546510 586
1546520 587
1546530 587
1546540 587
1546550 588
1546560 588
1546570 588
1546580 589
1546590 589
1546600 590
1546610 591
1546620 591
1546630 591
1546640 591
1546650 591
1546660 591
1546670 592
1546680 592
1546690 592
1546700 592
1546710 592
1546720 593
1546730 593
1546740 593
1546750 594
1546760 594
1546770 594
1546780 594
1546790 595
1546800 595
1546810 595
1546820 595
1546830 595
1546840 595
1546850 595
1546860 595
1546870 596
1546880 596
1546890 596
1546900 596
1546910 596
1546920 596
1546930 596
1546940 596
1546950 596
1546960 596
1546970 596
1546980 596
1546990 596
1547000 596
1547010 596
1547020 596
1547030 595
1547040 595
1547050 595
1547060 595
1547070 595
1547080 595
1547090 594
1547100 594
1547110 594
1547120 593
1547130 593
1547140 592
1547150 591
1547160 591
1547170 591
1547180 590
1547190 590
1547200 590
1547210 590
1547220 590
1547230 589
1547240 588
1547250 588
1547260 587
1547270 587
1547280 587
1547290 586
1547300 586
1547310 586
1547320 585
1547330 585
1547340 585
1547350 584
1547360 584
1547370 584
1547380 584
1547390 584
1547400 584
1547410 583
1547420 583
1547430 583
1547440 582
1547450 582
1547460 582
1547470 583
1547480 583
1547490 583
1547500 584
1547510 584
1547520 585
1547530 586
1547540 586
1547550 586
1547560 587
1547570 587
1547580 588
1547590 588
1547600 588
1547610 589
1547620 589
1547630 589
1547640 590
1547650 590
1547660 590
1547670 590
1547680 590
1547690 590
1547700 591
1547710 591
1547720 591
1547730 591
1547740 592
1547750 592
1547760 592
1547770 592
1547780 592
1547790 592
1547800 592
1547810 592
1547820 592
1547830 591
1547840 591
1547850 591
1547860 591
1547870 591
1547880 590
1547890 590
1547900 590
1547910 589
1547920 589
1547930 589
1547940 588
1547950 588
1547960 588
1547970 587
1547980 586
1547990 586
1548000 586
1548010 586
1548020 586
1548030 586
1548040 586
1548050 586
1548060 586
1548070 586
1548080 586
1548090 585
1548100 585
1548110 585
1548120 585
1548130 585
1548140 585
1548150 585
1548160 585
1548170 585
1548180 585
1548190 587
1548200 587
1548210 587
1548220 586
1548230 586
1548240 586
1548250 585
1548260 585
1548270 584
1548280 582
1548290 582
1548300 580
1548310 576
1548320 576
1548330 571
1548340 565
1548350 565
1548360 559
1548370 555
1548380 555
1548390 548
1548400 542
1548410 542
1548420 536
1548430 531
1548440 531
1548450 525
1548460 519
1548470 519
1548480 513
1548490 508
1548500 508
1548510 502
1548520 497
1548530 497
1548540 492
1548550 487
1548560 487
1548570 481
1548580 477
1548590 477
1548600 471
1548610 466
1548620 466
1548630 461
1548640 456
1548650 456
1548660 450
1548670 443
1548680 443
1548690 437
1548700 431
1548710 431
1548720 425
1548730 419
1548740 419
1548750 413
1548760 407
1548770 407
1548780 402
1548790 396
1548800 396
1548810 391
1548820 388
1548830 388
1548840 386
1548850 384
1548860 384
1548870 381
1548880 378
1548890 378
1548900 375
1548910 373
1548920 373
1548930 370
1548940 367
1548950 367
1548960 366
1548970 364
1548980 364
1548990 362
1549000 359
1549010 359
1549020 356
1549030 353
1549040 353
1549050 349
1549060 347
1549070 347
1549080 344
1549090 340
1549100 340
1549110 337
1549120 334
1549130 334
1549140 332
1549150 331
1549160 331
1549170 331
1549180 331
1549190 331
1549200 330
1549210 329
1549220 329
1549230 329
1549240 328
1549250 328
1549260 329
1549270 328
1549280 328
1549290 325
1549300 325
1549310 325
1549320 323
1549330 322
1549340 322
1549350 321
1549360 320
1549370 320
1549380 319
1549390 319
1549400 319
1549410 319
1549420 319
1549430 319
1549440 319
1549450 319
1549460 319
1549470 319
1549480 319
1549490 319
1549500 318
1549510 319
1549520 319
1549530 324
1549540 331
1549550 331
1549560 338
1549570 345
1549580 345
1549590 353
1549600 359
1549610 359
1549620 365
1549630 365
1549640 371
1549650 377
1549660 377
1549670 384
1549680 392
1549690 392
1549700 398
1549710 403
1549720 403
1549730 408
1549740 414
1549750 414
1549760 420
1549770 427
1549780 427
1549790 434
1549800 440
1549810 440
1549820 443
1549830 446
1549840 446
1549850 448
1549860 452
1549870 452
1549880 455
1549890 458
1549900 458
1549910 461
1549920 464
1549930 464
1549940 466
1549950 467
1549960 467
1549970 469
1549980 472
1549990 472
1550000 474
1550010 477
1550020 477
1550030 480
1550040 482
1550050 482
1550060 485
1550070 487
1550080 487
1550090 489
1550100 491
1550110 491
1550120 491
1550130 490
1550140 490
1550150 490
1550160 490
1550170 490
1550180 490
1550190 490
1550200 488
1550210 487
1550220 485
1550230 485
1550240 483
1550250 481
1550260 481
1550270 478
1550280 475
1550290 475
1550300 473
1550310 470
1550320 470
1550330 467
1550340 465
1550350 465
1550360 463
1550370 460
1550380 460
1550390 458
1550400 455
1550410 455
1550420 453
1550430 450
1550440 450
1550450 448
1550460 446
1550470 446
1550480 444
1550490 442
1550500 442
1550510 440
1550520 438
1550530 438
1550540 436
1550550 434
1550560 434
1550570 432
1550580 430
1550590 430
1550600 428
1550610 426
1550620 426
1550630 424
1550640 422
1550650 422
1550660 419
1550670 417
1550680 417
1550690 415
1550700 414
1550710 414
1550720 412
1550730 410
1550740 410
1550750 408
1550760 407
1550770 407
1550780 404
1550790 401
1550800 401
1550810 398
1550820 395
1550830 395
1550840 392
1550850 389
1550860 389
1550870 387
1550880 385
1550890 385
1550900 383
1550910 383
1550920 383
1550930 382
1550940 382
1550950 382
1550960 380
1550970 379
1550980 379
1550990 375
1551000 371
1551010 371
1551020 368
1551030 367
1551040 367
1551050 368
1551060 369
1551070 369
1551080 371
1551090 374
1551100 374
1551110 378
1551120 379
1551130 379
1551140 383
1551150 385
1551160 385
1551170 388
1551180 391
1551190 391
1551200 394
1551210 396
1551220 396
1551230 399
1551240 403
1551250 403
1551260 407
1551270 410
1551280 410
1551290 414
1551300 420
1551310 420
1551320 427
1551330 433
1551340 433
1551350 437
1551360 441
1551370 441
1551380 444
1551390 448
1551400 448
1551410 450
1551420 450
1551430 450
1551440 449
1551450 448
1551460 448
1551470 447
1551480 446
1551490 446
1551500 444
1551510 442
1551520 442
1551530 440
1551540 438
1551550 438
1551560 436
1551570 434
1551580 434
1551590 431
1551600 428
1551610 428
1551620 424
1551630 421
1551640 421
1551650 416
1551660 414
1551670 414
1551680 416
1551690 417
1551700 417
1551710 418
1551720 420
1551730 420
1551740 422
1551750 424
1551760 424
1551770 427
1551780 429
1551790 429
1551800 430
1551810 431
1551820 431
1551830 432
1551840 432
1551850 432
1551860 431
1551870 431
1551880 430
1551890 428
1551900 428
1551910 424
1551920 420
1551930 420
1551940 414
1551950 408
1551960 408
1551970 401
1551980 395
1551990 395
1552000 389
1552010 384
1552020 384
1552030 379
1552040 373
1552050 373
1552060 368
1552070 365
1552080 365
1552090 366
1552100 368
1552110 368
1552120 368
1552130 368
1552140 368
1552150 368
1552160 370
1552170 370
1552180 372
1552190 376
1552200 376
1552210 380
1552220 384
1552230 384
1552240 388
1552250 393
1552260 393
1552270 398
1552280 402
1552290 402
1552300 407
1552310 410
1552320 410
1552330 412
1552340 413
1552350 413
1552360 414
1552370 415
1552380 415
1552390 416
1552400 416
1552410 416
1552420 417
1552430 418
1552440 418
1552450 418
1552460 418
1552470 418
1552480 418
1552490 418
1552500 418
1552510 418
1552520 418
1552530 418
1552540 419
1552550 420
1552560 420
1552570 421
1552580 423
1552590 423
1552600 425
1552610 426
1552620 426
1552630 428
1552640 430
1552650 430
1552660 432
1552670 434
1552680 434
1552690 436
1552700 438
1552710 438
1552720 440
1552730 442
1552740 442
1552750 444
1552760 446
1552770 446
1552780 447
1552790 449
1552800 449
1552810 450
1552820 451
1552830 451
1552840 452
1552850 453
1552860 453
1552870 455
1552880 456
1552890 456
1552900 457
1552910 458
1552920 458
1552930 459
1552940 460
1552950 460
1552960 462
1552970 464
1552980 464
1552990 465
1553000 467
1553010 467
1553020 469
1553030 470
1553040 470
1553050 471
1553060 473
1553070 473
1553080 474
1553090 476
1553100 476
1553110 477
1553120 479
1553130 479
1553140 480
1553150 482
1553160 482
1553170 483
1553180 485
1553190 485
1553200 487
1553210 488
1553220 488
1553230 490
1553240 491
1553250 491
1553260 493
1553270 494
1553280 494
1553290 496
1553300 497
1553310 497
1553320 499
1553330 500
1553340 500
1553350 502
1553360 503
1553370 503
1553380 504
1553390 505
1553400 505
1553410 506
1553420 507
1553430 507
1553440 508
1553450 509
1553460 509
1553470 510
1553480 511
1553490 511
1553500 511
1553510 511
1553520 511
1553530 511
1553540 512
1553550 512
1553560 512
1553570 512
1553580 512
1553590 513
1553600 513
1553610 513
1553620 513
1553630 513
1553640 513
1553650 513
1553660 513
1553670 513
1553680 513
1553690 512
1553700 512
1553710 512
1553720 511
1553730 511
1553740 511
1553750 510
1553760 510
1553770 509
1553780 509
1553790 509
1553800 508
1553810 508
1553820 508
1553830 507
1553840 506
1553850 506
1553860 505
1553870 503
1553880 503
1553890 502
1553900 499
1553910 499
1553920 498
1553930 496
1553940 496
1553950 494
1553960 492
1553970 492
1553980 490
1553990 489
1554000 489
1554010 488
1554020 488
1554030 487
1554040 487
1554050 487
1554060 485
1554070 486
1554080 486
1554090 487
1554100 487
1554110 487
1554120 488
1554130 488
1554140 488
1554150 489
1554160 490
1554170 490
1554180 491
1554190 492
1554200 492
1554210 493
1554220 493
1554230 493
1554240 493
1554250 493
1554260 493
1554270 493
1554280 492
1554290 492
1554300 492
1554310 491
1554320 491
1554330 491
1554340 491
1554350 491
1554360 490
1554370 490
1554380 490
1554390 490
1554400 490
1554410 490
1554420 490
1554430 490
1554440 490
1554450 490
1554460 490
1554470 490
1554480 490
1554490 489
1554500 489
1554510 489
1554520 489
1554530 489
1554540 488
1554550 488
1554560 488
1554570 487
1554580 486
1554590 486
1554600 484
1554610 482
1554620 482
1554630 480
1554640 478
1554650 478
1554660 476
1554670 475
1554680 475
1554690 474
1554700 473
1554710 473
1554720 474
1554730 475
1554740 475
1554750 476
1554760 478
1554770 478
1554780 480
1554790 482
1554800 482
1554810 483
1554820 485
1554830 485
1554840 487
1554850 488
1554860 488
1554870 489
1554880 490
1554890 490
1554900 491
1554910 491
1554920 491
1554930 491
1554940 491
1554950 491
1554960 491
1554970 490
1554980 490
1554990 490
1555000 490
1555010 490
1555020 489
1555030 489
1555040 489
1555050 489
1555060 489
1555070 489
1555080 488
1555090 487
1555100 487
1555110 487
1555120 487
1555130 487
1555140 487
1555150 486
1555160 486
1555170 486
1555180 485
1555190 485
1555200 484
1555210 481
1555220 481
1555230 478
1555240 474
1555250 474
1555260 471
1555270 470
1555280 470
1555290 468
1555300 466
1555310 466
1555320 464
1555330 461
1555340 461
1555350 459
1555360 456
1555370 456
1555380 453
1555390 450
1555400 450
1555410 446
1555420 443
1555430 443
1555440 441
1555450 440
1555460 440
1555470 438
1555480 438
1555490 438
1555500 438
1555510 439
1555520 439
1555530 441
1555540 442
1555550 442
1555560 444
1555570 445
1555580 445
1555590 446
1555600 447
1555610 447
1555620 448
1555630 449
1555640 449
1555650 450
1555660 450
1555670 450
1555680 450
1555690 450
1555700 450
1555710 450
1555720 450
1555730 450
1555740 449
1555750 448
1555760 448
1555770 448
1555780 447
1555790 447
1555800 446
1555810 445
1555820 445
1555830 445
1555840 444
1555850 444
1555860 443
1555870 442
1555880 442
1555890 440
1555900 439
1555910 439
1555920 436
1555930 434
1555940 434
1555950 431
1555960 429
1555970 429
1555980 426
1555990 423
1556000 423
1556010 420
1556020 418
1556030 418
1556040 415
1556050 412
1556060 412
1556070 409
1556080 406
1556090 406
1556100 403
1556110 400
1556120 400
1556130 397
1556140 394
1556150 394
1556160 391
1556170 388
1556180 388
1556190 385
1556200 385
1556210 382
1556220 379
1556230 379
1556240 375
1556250 371
1556260 371
1556270 368
1556280 365
1556290 365
1556300 362
1556310 360
1556320 360
1556330 359
1556340 357
1556350 357
1556360 355
1556370 354
1556380 354
1556390 353
1556400 353
1556410 353
1556420 353
1556430 352
1556440 352
1556450 351
1556460 349
1556470 349
1556480 347
1556490 346
1556500 346
1556510 345
1556520 344
1556530 344
1556540 345
1556550 346
1556560 346
1556570 346
1556580 347
1556590 347
1556600 348
1556610 349
1556620 349
1556630 351
1556640 354
1556650 354
1556660 356
1556670 357
1556680 357
1556690 360
1556700 362
1556710 362
1556720 365
1556730 367
1556740 367
1556750 370
1556760 373
1556770 373
1556780 376
1556790 379
1556800 379
1556810 382
1556820 384
1556830 384
1556840 388
1556850 391
1556860 391
1556870 393
1556880 395
1556890 395
1556900 398
1556910 400
1556920 400
1556930 401
1556940 403
1556950 403
1556960 404
1556970 405
1556980 405
1556990 407
1557000 408
1557010 408
1557020 409
1557030 410
1557040 410
1557050 411
1557060 412
1557070 412
1557080 412
1557090 413
1557100 413
1557110 413
1557120 413
1557130 413
1557140 412
1557150 412
1557160 412
1557170 411
1557180 411
1557190 411
1557200 410
1557210 410
1557220 410
1557230 409
1557240 407
1557250 407
1557260 406
1557270 405
1557280 405
1557290 403
1557300 402
1557310 402
1557320 400
1557330 398
1557340 398
1557350 396
1557360 392
1557370 392
1557380 389
1557390 385
1557400 385
1557410 382
1557420 382
1557430 382
1557440 384
1557450 386
1557460 386
1557470 388
1557480 389
1557490 389
1557500 391
1557510 392
1557520 392
1557530 393
1557540 394
1557550 394
1557560 394
1557570 394
1557580 394
1557590 392
1557600 390
1557610 390
1557620 387
1557630 384
1557640 384
1557650 381
1557660 378
1557670 378
1557680 375
1557690 371
1557700 371
1557710 372
1557720 374
1557730 374
1557740 375
1557750 376
1557760 376
1557770 377
1557780 377
1557790 377
1557800 376
1557810 376
1557820 376
1557830 374
1557840 372
1557850 372
1557860 367
1557870 363
1557880 363
1557890 360
1557900 361
1557910 361
1557920 364
1557930 365
1557940 365
1557950 368
1557960 377
1557970 377
1557980 383
1557990 385
1558000 385
1558010 386
1558020 387
1558030 387
1558040 388
1558050 389
1558060 389
1558070 389
1558080 390
1558090 390
1558100 390
1558110 390
1558120 390
1558130 391
1558140 391
1558150 391
1558160 392
1558170 393
1558180 393
1558190 394
1558200 395
1558210 395
1558220 395
1558230 396
1558240 396
1558250 396
1558260 396
1558270 396
1558280 397
1558290 397
1558300 397
1558310 397
1558320 396
1558330 396
1558340 395
1558350 395
1558360 395
1558370 395
1558380 395
1558390 395
1558400 394
1558410 394
1558420 393
1558430 392
1558440 392
1558450 391
1558460 390
1558470 390
1558480 388
1558490 387
1558500 387
1558510 385
1558520 383
1558530 383
1558540 382
1558550 380
1558560 380
1558570 379
1558580 377
1558590 377
1558600 375
1558610 373
1558620 373
1558630 371
1558640 369
1558650 369
1558660 368
1558670 369
1558680 369
1558690 372
1558700 375
1558710 375
1558720 378
1558730 379
1558740 379
1558750 381
1558760 382
1558770 382
1558780 383
1558790 383
1558800 383
1558810 384
1558820 385
1558830 385
1558840 385
1558850 385
1558860 385
1558870 385
1558880 384
1558890 384
1558900 383
1558910 383
1558920 383
1558930 382
1558940 381
1558950 381
1558960 381
1558970 380
1558980 380
1558990 380
1559000 379
1559010 379
1559020 378
1559030 376
1559040 376
1559050 374
1559060 372
1559070 372
1559080 372
1559090 372
1559100 372
1559110 373
1559120 374
1559130 374
1559140 376
1559150 377
1559160 377
1559170 378
1559180 379
1559190 379
1559200 379
1559210 380
1559220 380
1559230 380
1559240 380
1559250 380
1559260 380
1559270 380
1559280 380
1559290 379
1559300 379
1559310 379
1559320 379
1559330 379
1559340 379
1559350 378
1559360 377
1559370 377
1559380 376
1559390 375
1559400 375
1559410 373
1559420 372
1559430 372
1559440 371
1559450 370
1559460 367
1559470 366
1559480 365
1559490 365
1559500 363
1559510 361
1559520 361
1559530 360
1559540 359
1559550 359
1559560 357
1559570 356
1559580 356
1559590 354
1559600 353
1559610 353
1559620 351
1559630 348
1559640 348
1559650 346
1559660 347
1559670 347
1559680 348
1559690 349
1559700 349
1559710 349
1559720 348
1559730 348
1559740 348
1559750 348
1559760 348
1559770 348
1559780 348
1559790 348
1559800 349
1559810 349
1559820 349
1559830 350
1559840 350
1559850 350
1559860 351
1559870 349
1559880 349
1559890 346
1559900 341
1559910 341
1559920 335
1559930 330
1559940 330
1559950 324
1559960 320
1559970 320
1559980 315
1559990 311
