1540000 463
1540010 466
1540020 469
1540030 469
1540040 472
1540050 475
1540060 475
1540070 477
1540080 479
1540090 479
1540100 481
1540110 483
1540120 483
1540130 485
1540140 487
1540150 487
1540160 489
1540170 491
1540180 491
1540190 492
1540200 494
1540210 494
1540220 495
1540230 495
1540240 495
1540250 495
1540260 496
1540270 496
1540280 496
1540290 496
1540300 496
1540310 496
1540320 496
1540330 496
1540340 496
1540350 495
1540360 495
1540370 492
1540380 490
1540390 490
1540400 487
1540410 486
1540420 486
1540430 486
1540440 486
1540450 486
1540460 487
1540470 489
1540480 489
1540490 490
1540500 492
1540510 492
1540520 493
1540530 495
1540540 495
1540550 496
1540560 498
1540570 498
1540580 499
1540590 500
1540600 500
1540610 502
1540620 503
1540630 503
1540640 504
1540650 505
1540660 505
1540670 506
1540680 506
1540690 506
1540700 507
1540710 507
1540720 507
1540730 508
1540740 508
1540750 508
1540760 509
1540770 509
1540780 509
1540790 509
1540800 509
1540810 509
1540820 509
1540830 509
1540840 509
1540850 508
1540860 508
1540870 508
1540880 508
1540890 508
1540900 507
1540910 506
1540920 506
1540930 505
1540940 504
1540950 504
1540960 502
1540970 499
1540980 499
1540990 495
1541000 492
1541010 492
1541020 489
1541030 487
1541040 487
1541050 486
1541060 484
1541070 484
1541080 483
1541090 481
1541100 481
1541110 479
1541120 475
1541130 475
1541140 472
1541150 470
1541160 470
1541170 468
1541180 466
1541190 466
1541200 464
1541210 464
1541220 464
1541230 464
1541240 465
1541250 465
1541260 467
1541270 468
1541280 468
1541290 469
1541300 470
1541310 470
1541320 470
1541330 469
1541340 469
1541350 467
1541360 466
1541370 466
1541380 464
1541390 462
1541400 462
1541410 460
1541420 457
1541430 457
1541440 455
1541450 453
1541460 453
1541470 451
1541480 450
1541490 450
1541500 449
1541510 451
1541520 451
1541530 454
1541540 459
1541550 459
1541560 463
1541570 467
1541580 467
1541590 470
1541600 473
1541610 473
1541620 476
1541630 480
1541640 480
1541650 483
1541660 486
1541670 486
1541680 487
1541690 489
1541700 489
1541710 490
1541720 491
1541730 491
1541740 491
1541750 492
1541760 492
1541770 492
1541780 492
1541790 492
1541800 492
1541810 492
1541820 492
1541830 492
1541840 493
1541850 493
1541860 493
1541870 493
1541880 493
1541890 492
1541900 492
1541910 492
1541920 492
1541930 492
1541940 492
1541950 491
1541960 491
1541970 491
1541980 490
1541990 490
1542000 490
1542010 489
1542020 488
1542030 488
1542040 486
1542050 483
1542060 483
1542070 481
1542080 482
1542090 482
1542100 485
1542110 487
1542120 487
1542130 489
1542140 491
1542150 491
1542160 494
1542170 496
1542180 496
1542190 499
1542200 501
1542210 501
1542220 504
1542230 506
1542240 506
1542250 507
1542260 509
1542270 509
1542280 511
1542290 512
1542300 512
1542310 513
1542320 514
1542330 514
1542340 515
1542350 516
1542360 516
1542370 517
1542380 518
1542390 518
1542400 519
1542410 520
1542420 520
1542430 521
1542440 522
1542450 522
1542460 522
1542470 523
1542480 523
1542490 524
1542500 525
1542510 525
1542520 525
1542530 526
1542540 526
1542550 527
1542560 528
1542570 528
1542580 528
1542590 529
1542600 529
1542610 529
1542620 529
1542630 530
1542640 530
1542650 531
1542660 531
1542670 531
1542680 532
1542690 532
1542700 532
1542710 532
1542720 532
1542730 533
1542740 533
1542750 533
1542760 533
1542770 533
1542780 533
1542790 534
1542800 534
1542810 534
1542820 534
1542830 534
1542840 534
1542850 534
1542860 534
1542870 534
1542880 534
1542890 534
1542900 534
1542910 534
1542920 532
1542930 532
1542940 532
1542950 532
1542960 532
1542970 531
1542980 528
1542990 528
1543000 526
1543010 526
1543020 526
1543030 526
1543040 527
1543050 527
1543060 528
1543070 529
1543080 529
1543090 530
1543100 531
1543110 531
1543120 532
1543130 532
1543140 532
1543150 532
1543160 532
1543170 533
1543180 533
1543190 533
1543200 533
1543210 534
1543220 534
1543230 534
1543240 535
1543250 535
1543260 536
1543270 537
1543280 537
1543290 538
1543300 538
1543310 538
1543320 538
1543330 539
1543340 539
1543350 539
1543360 540
1543370 540
1543380 540
1543390 541
1543400 541
1543410 541
1543420 541
1543430 541
1543440 540
1543450 539
1543460 539
1543470 539
1543480 540
1543490 540
1543500 541
1543510 542
1543520 542
1543530 543
1543540 544
1543550 544
1543560 544
1543570 545
1543580 545
1543590 545
1543600 545
1543610 545
1543620 546
1543630 546
1543640 546
1543650 546
1543660 545
1543670 545
1543680 545
1543690 544
1543700 544
1543710 542
1543720 541
1543730 541
1543740 541
1543750 541
1543760 541
1543770 542
1543780 542
1543790 542
1543800 543
1543810 544
1543820 544
1543830 544
1543840 544
1543850 544
1543860 544
1543870 545
1543880 545
1543890 547
1543900 549
1543910 549
1543920 550
1543930 551
1543940 551
1543950 552
1543960 553
1543970 553
1543980 554
1543990 555
1544000 555
1544010 556
1544020 558
1544030 558
1544040 559
1544050 560
1544060 560
1544070 561
1544080 562
1544090 562
1544100 563
1544110 564
1544120 564
1544130 565
1544140 565
1544150 565
1544160 565
1544170 566
1544180 566
1544190 567
1544200 567
1544210 567
1544220 568
1544230 569
1544240 569
1544250 570
1544260 570
1544270 570
1544280 571
1544290 572
1544300 572
1544310 572
1544320 573
1544330 573
1544340 575
1544350 575
1544360 575
1544370 576
1544380 577
1544390 577
1544400 577
1544410 578
1544420 578
1544430 579
1544440 580
1544450 580
1544460 581
1544470 582
1544480 582
1544490 582
1544500 583
1544510 583
1544520 583
1544530 584
1544540 584
1544550 585
1544560 586
1544570 586
1544580 587
1544590 588
1544600 588
1544610 588
1544620 589
1544630 589
1544640 590
1544650 591
1544660 591
1544670 592
1544680 592
1544690 592
1544700 593
1544710 594
1544720 594
1544730 595
1544740 595
1544750 595
1544760 595
1544770 596
1544780 596
1544790 596
1544800 596
1544810 596
1544820 597
1544830 598
1544840 598
1544850 599
1544860 599
1544870 599
1544880 600
1544890 599
1544900 599
1544910 600
1544920 599
1544930 599
1544940 599
1544950 599
1544960 599
1544970 598
1544980 598
1544990 598
1545000 596
1545010 595
1545020 595
1545030 593
1545040 591
1545050 591
1545060 589
1545070 587
1545080 587
1545090 586
1545100 585
1545110 585
1545120 583
1545130 582
1545140 582
1545150 582
1545160 580
1545170 580
1545180 579
1545190 580
1545200 580
1545210 580
1545220 580
1545230 580
1545240 579
1545250 579
1545260 579
1545270 580
1545280 580
1545290 580
1545300 579
1545310 579
1545320 579
1545330 578
1545340 578
1545350 578
1545360 578
1545370 578
1545380 578
1545390 578
1545400 578
1545410 579
1545420 578
1545430 578
1545440 578
1545450 577
1545460 577
1545470 577
1545480 577
1545490 577
1545500 576
1545510 574
1545520 574
1545530 573
1545540 573
1545550 573
1545560 574
1545570 575
1545580 575
1545590 576
1545600 577
1545610 577
1545620 577
1545630 579
1545640 579
1545650 579
1545660 580
1545670 580
1545680 580
1545690 581
1545700 581
1545710 581
1545720 581
1545730 581
1545740 581
1545750 581
1545760 581
1545770 581
1545780 581
1545790 581
1545800 581
1545810 580
1545820 580
1545830 580
1545840 580
1545850 580
1545860 579
1545870 578
1545880 578
1545890 578
1545900 577
1545910 577
1545920 576
1545930 576
1545940 576
1545950 575
1545960 575
1545970 575
1545980 574
1545990 573
1546000 573
1546010 572
1546020 572
1546030 572
1546040 571
1546050 570
1546060 570
1546070 569
1546080 568
1546090 568
1546100 568
1546110 567
1546120 567
1546130 567
1546140 566
1546150 566
1546160 565
1546170 564
1546180 564
1546190 563
1546200 562
1546210 562
1546220 561
1546230 559
1546240 559
1546250 558
1546260 557
1546270 557
1546280 555
1546290 554
1546300 554
1546310 553
1546320 553
1546330 553
1546340 553
1546350 554
1546360 554
1546370 554
1546380 555
1546390 555
1546400 557
1546410 558
1546420 558
1546430 559
1546440 559
1546450 559
1546460 560
1546470 560
1546480 560
1546490 561
1546500 561
1546510 561
1546520 562
1546530 562
1546540 562
1546550 563
1546560 563
1546570 563
1546580 563
1546590 564
1546600 564
1546610 564
1546620 565
1546630 565
1546640 565
1546650 566
1546660 566
1546670 566
1546680 566
1546690 566
1546700 566
1546710 566
1546720 566
1546730 567
1546740 567
1546750 567
1546760 567
1546770 567
1546780 567
1546790 567
1546800 568
1546810 568
1546820 568
1546830 568
1546840 568
1546850 568
1546860 569
1546870 569
1546880 569
1546890 569
1546900 569
1546910 569
1546920 569
1546930 569
1546940 569
1546950 569
1546960 569
1546970 570
1546980 570
1546990 570
1547000 570
1547010 570
1547020 570
1547030 570
1547040 570
1547050 570
1547060 570
1547070 570
1547080 570
1547090 569
1547100 569
1547110 569
1547120 568
1547130 568
1547140 568
1547150 567
1547160 567
1547170 567
1547180 566
1547190 565
1547200 565
1547210 564
1547220 562
1547230 562
1547240 562
1547250 563
1547260 563
1547270 563
1547280 563
1547290 563
1547300 563
1547310 563
1547320 563
1547330 563
1547340 563
1547350 563
1547360 564
1547370 564
1547380 564
1547390 564
1547400 564
1547410 564
1547420 565
1547430 565
1547440 565
1547450 565
1547460 565
1547470 565
1547480 564
1547490 564
1547500 564
1547510 564
1547520 564
1547530 564
1547540 563
1547550 563
1547560 563
1547570 563
1547580 563
1547590 563
1547600 563
1547610 562
1547620 562
1547630 562
1547640 560
1547650 560
1547660 558
1547670 556
1547680 556
1547690 555
1547700 555
1547710 557
1547720 559
1547730 559
1547740 561
1547750 563
1547760 563
1547770 564
1547780 565
1547790 565
1547800 565
1547810 565
1547820 565
1547830 566
1547840 566
1547850 566
1547860 566
1547870 566
1547880 566
1547890 567
1547900 567
1547910 567
1547920 567
1547930 565
1547940 565
1547950 560
1547960 554
1547970 554
1547980 548
1547990 541
1548000 541
1548010 534
1548020 527
1548030 527
1548040 521
1548050 516
1548060 516
1548070 511
1548080 505
1548090 505
1548100 499
1548110 494
1548120 494
1548130 488
1548140 481
1548150 481
1548160 474
1548170 468
1548180 468
1548190 462
1548200 456
1548210 456
1548220 450
1548230 446
1548240 446
1548250 441
1548260 434
1548270 434
1548280 428
1548290 423
1548300 423
1548310 419
1548320 416
1548330 416
1548340 414
1548350 412
1548360 412
1548370 410
1548380 408
1548390 408
1548400 405
1548410 402
1548420 402
1548430 399
1548440 397
1548450 397
1548460 397
1548470 397
1548480 397
1548490 393
1548500 388
1548510 388
1548520 383
1548530 378
1548540 378
1548550 374
1548560 369
1548570 369
1548580 364
1548590 359
1548600 359
1548610 353
1548620 349
1548630 349
1548640 345
1548650 340
1548660 340
1548670 337
1548680 334
1548690 334
1548700 331
1548710 329
1548720 329
1548730 328
1548740 327
1548750 327
1548760 326
1548770 326
1548780 326
1548790 325
1548800 325
1548810 325
1548820 325
1548830 325
1548840 325
1548850 328
1548860 332
1548870 332
1548880 336
1548890 342
1548900 342
1548910 346
1548920 349
1548930 349
1548940 351
1548950 355
1548960 355
1548970 357
1548980 360
1548990 360
1549000 363
1549010 365
1549020 365
1549030 369
1549040 374
1549050 374
1549060 379
1549070 384
1549080 384
1549090 389
1549100 395
1549110 395
1549120 401
1549130 407
1549140 407
1549150 413
1549160 419
1549170 419
1549180 424
1549190 429
1549200 429
1549210 434
1549220 439
1549230 439
1549240 446
1549250 453
1549260 453
1549270 457
1549280 462
1549290 462
1549300 466
1549310 469
1549320 469
1549330 471
1549340 475
1549350 475
1549360 477
1549370 478
1549380 478
1549390 477
1549400 474
1549410 474
1549420 472
1549430 469
1549440 469
1549450 467
1549460 465
1549470 465
1549480 462
1549490 460
1549500 460
1549510 457
1549520 455
1549530 455
1549540 452
1549550 449
1549560 449
1549570 445
1549580 442
1549590 442
1549600 439
1549610 438
1549620 438
1549630 436
1549640 434
1549650 434
1549660 433
1549670 431
1549680 431
1549690 429
1549700 426
1549710 426
1549720 423
1549730 420
1549740 420
1549750 416
1549760 412
1549770 412
1549780 408
1549790 405
1549800 405
1549810 401
1549820 397
1549830 397
1549840 393
1549850 390
1549860 390
1549870 387
1549880 384
1549890 384
1549900 380
1549910 377
1549920 377
1549930 373
1549940 373
1549950 370
1549960 366
1549970 366
1549980 363
1549990 359
1550000 359
1550010 355
1550020 350
1550030 350
1550040 345
1550050 339
1550060 339
1550070 333
1550080 327
1550090 327
1550100 323
1550110 319
1550120 319
1550130 317
1550140 314
1550150 314
1550160 312
1550170 312
1550180 312
1550190 312
1550200 314
1550210 314
1550220 317
1550230 321
1550240 321
1550250 327
1550260 334
1550270 334
1550280 342
1550290 347
1550300 347
1550310 352
1550320 356
1550330 356
1550340 361
1550350 365
1550360 365
1550370 369
1550380 374
1550390 374
1550400 379
1550410 385
1550420 385
1550430 389
1550440 393
1550450 393
1550460 398
1550470 404
1550480 404
1550490 410
1550500 417
1550510 417
1550520 424
1550530 430
1550540 430
1550550 436
1550560 443
1550570 443
1550580 449
1550590 455
1550600 455
1550610 462
1550620 468
1550630 468
1550640 471
1550650 471
1550660 471
1550670 473
1550680 477
1550690 477
1550700 482
1550710 486
1550720 486
1550730 492
1550740 499
1550750 499
1550760 506
1550770 511
1550780 511
1550790 515
1550800 520
1550810 520
1550820 525
1550830 531
1550840 531
1550850 537
1550860 540
1550870 540
1550880 537
1550890 533
1550900 533
1550910 531
1550920 530
1550930 530
1550940 529
1550950 526
1550960 526
1550970 524
1550980 522
1550990 522
1551000 516
1551010 514
1551020 514
1551030 511
1551040 509
1551050 509
1551060 507
1551070 505
1551080 505
1551090 502
1551100 499
1551110 499
1551120 495
1551130 492
1551140 492
1551150 488
1551160 484
1551170 484
1551180 481
1551190 477
1551200 477
1551210 473
1551220 469
1551230 469
1551240 467
1551250 463
1551260 463
1551270 460
1551280 457
1551290 457
1551300 455
1551310 452
1551320 452
1551330 450
1551340 448
1551350 448
1551360 447
1551370 445
1551380 445
1551390 443
1551400 441
1551410 441
1551420 439
1551430 435
1551440 435
1551450 431
1551460 427
1551470 427
1551480 424
1551490 420
1551500 420
1551510 417
1551520 414
1551530 414
1551540 411
1551550 406
1551560 406
1551570 404
1551580 401
1551590 401
1551600 398
1551610 395
1551620 395
1551630 392
1551640 389
1551650 389
1551660 386
1551670 384
1551680 384
1551690 381
1551700 379
1551710 379
1551720 376
1551730 373
1551740 373
1551750 370
1551760 368
1551770 368
1551780 364
1551790 361
1551800 361
1551810 357
1551820 353
1551830 353
1551840 348
1551850 344
1551860 344
1551870 340
1551880 336
1551890 336
1551900 333
1551910 331
1551920 331
1551930 331
1551940 332
1551950 332
1551960 334
1551970 338
1551980 338
1551990 345
1552000 352
1552010 352
1552020 360
1552030 367
1552040 367
1552050 375
1552060 382
1552070 382
1552080 388
1552090 394
1552100 394
1552110 399
1552120 402
1552130 402
1552140 404
1552150 405
1552160 405
1552170 406
1552180 407
1552190 407
1552200 408
1552210 408
1552220 408
1552230 410
1552240 410
1552250 410
1552260 411
1552270 411
1552280 412
1552290 413
1552300 413
1552310 413
1552320 414
1552330 414
1552340 415
1552350 415
1552360 415
1552370 416
1552380 417
1552390 417
1552400 417
1552410 418
1552420 418
1552430 419
1552440 420
1552450 420
1552460 420
1552470 421
1552480 421
1552490 422
1552500 422
1552510 422
1552520 423
1552530 423
1552540 423
1552550 423
1552560 423
1552570 423
1552580 423
1552590 424
1552600 424
1552610 424
1552620 425
1552630 425
1552640 426
1552650 427
1552660 427
1552670 429
1552680 431
1552690 431
1552700 433
1552710 435
1552720 435
1552730 438
1552740 441
1552750 441
1552760 443
1552770 445
1552780 445
1552790 447
1552800 449
1552810 449
1552820 452
1552830 454
1552840 454
1552850 457
1552860 460
1552870 460
1552880 463
1552890 466
1552900 466
1552910 468
1552920 471
1552930 471
1552940 473
1552950 475
1552960 475
1552970 477
1552980 478
1552990 478
1553000 480
1553010 481
1553020 481
1553030 481
1553040 482
1553050 482
1553060 483
1553070 483
1553080 483
1553090 483
1553100 483
1553110 483
1553120 483
1553130 483
1553140 483
1553150 483
1553160 482
1553170 482
1553180 482
1553190 482
1553200 482
1553210 482
1553220 482
1553230 482
1553240 482
1553250 481
1553260 481
1553270 481
1553280 481
1553290 481
1553300 481
1553310 480
1553320 480
1553330 480
1553340 480
1553350 480
1553360 480
1553370 479
1553380 479
1553390 479
1553400 479
1553410 479
1553420 478
1553430 478
1553440 478
1553450 478
1553460 478
1553470 478
1553480 478
1553490 478
1553500 478
1553510 478
1553520 478
1553530 478
1553540 478
1553550 477
1553560 477
1553570 477
1553580 477
1553590 477
1553600 478
1553610 478
1553620 478
1553630 477
1553640 477
1553650 477
1553660 477
1553670 477
1553680 477
1553690 477
1553700 477
1553710 477
1553720 477
1553730 477
1553740 477
1553750 477
1553760 477
1553770 477
1553780 477
1553790 477
1553800 477
1553810 477
1553820 477
1553830 477
1553840 476
1553850 476
1553860 476
1553870 476
1553880 475
1553890 475
1553900 475
1553910 474
1553920 474
1553930 472
1553940 471
1553950 471
1553960 469
1553970 467
1553980 467
1553990 466
1554000 464
1554010 464
1554020 461
1554030 458
1554040 458
1554050 458
1554060 461
1554070 461
1554080 462
1554090 463
1554100 463
1554110 464
1554120 465
1554130 465
1554140 466
1554150 467
1554160 467
1554170 468
1554180 470
1554190 470
1554200 472
1554210 473
1554220 473
1554230 474
1554240 475
1554250 475
1554260 476
1554270 476
1554280 476
1554290 476
1554300 475
1554310 475
1554320 474
1554330 472
1554340 472
1554350 470
1554360 467
1554370 467
1554380 464
1554390 460
1554400 460
1554410 456
1554420 451
1554430 451
1554440 447
1554450 442
1554460 442
1554470 439
1554480 439
1554490 437
1554500 435
1554510 435
1554520 433
1554530 431
1554540 431
1554550 432
1554560 432
1554570 432
1554580 433
1554590 433
1554600 433
1554610 434
1554620 434
1554630 434
1554640 434
1554650 435
1554660 435
1554670 435
1554680 435
1554690 435
1554700 434
1554710 432
1554720 432
1554730 428
1554740 422
1554750 422
1554760 416
1554770 410
1554780 410
1554790 405
1554800 400
1554810 403
1554820 400
1554830 402
1554840 402
1554850 406
1554860 409
1554870 409
1554880 412
1554890 414
1554900 414
1554910 415
1554920 415
1554930 415
1554940 414
1554950 412
1554960 412
1554970 410
1554980 408
1554990 408
1555000 407
1555010 405
1555020 405
1555030 403
1555040 402
1555050 402
1555060 400
1555070 398
1555080 398
1555090 396
1555100 393
1555110 393
1555120 390
1555130 387
1555140 387
1555150 386
1555160 384
1555170 384
1555180 387
1555190 389
1555200 389
1555210 391
1555220 392
1555230 392
1555240 394
1555250 395
1555260 395
1555270 397
1555280 399
1555290 399
1555300 400
1555310 402
1555320 402
1555330 403
1555340 405
1555350 405
1555360 407
1555370 408
1555380 408
1555390 409
1555400 409
1555410 409
1555420 408
1555430 408
1555440 408
1555450 407
1555460 406
1555470 406
1555480 405
1555490 404
1555500 404
1555510 403
1555520 402
1555530 402
1555540 401
1555550 400
1555560 400
1555570 399
1555580 399
1555590 399
1555600 398
1555610 398
1555620 398
1555630 398
1555640 398
1555650 398
1555660 398
1555670 398
1555680 398
1555690 398
1555700 397
1555710 397
1555720 397
1555730 397
1555740 397
1555750 397
1555760 397
1555770 397
1555780 397
1555790 398
1555800 398
1555810 397
1555820 397
1555830 397
1555840 396
1555850 396
1555860 396
1555870 395
1555880 394
1555890 394
1555900 392
1555910 390
1555920 390
1555930 389
1555940 387
1555950 387
1555960 385
1555970 384
1555980 384
1555990 383
1556000 381
1556010 381
1556020 380
1556030 378
1556040 378
1556050 376
1556060 374
1556070 374
1556080 372
1556090 369
1556100 369
1556110 367
1556120 364
1556130 364
1556140 360
1556150 357
1556160 357
1556170 353
1556180 350
1556190 350
1556200 347
1556210 343
1556220 343
1556230 340
1556240 341
1556250 341
1556260 345
1556270 347
1556280 347
1556290 348
1556300 346
1556310 346
1556320 342
1556330 338
1556340 338
1556350 335
1556360 332
1556370 332
1556380 330
1556390 331
1556400 331
1556410 333
1556420 334
1556430 334
1556440 335
1556450 334
1556460 334
1556470 333
1556480 333
1556490 333
1556500 334
1556510 335
1556520 335
1556530 335
1556540 335
1556550 335
1556560 335
1556570 335
1556580 335
1556590 335
1556600 334
1556610 334
1556620 335
1556630 335
1556640 335
1556650 335
1556660 335
1556670 335
1556680 335
1556690 335
1556700 335
1556710 336
1556720 337
1556730 337
1556740 337
1556750 337
1556760 337
1556770 337
1556780 337
1556790 337
1556800 338
1556810 338
1556820 338
1556830 339
1556840 339
1556850 339
1556860 341
1556870 341
1556880 343
1556890 345
1556900 345
1556910 346
1556920 347
1556930 347
1556940 348
1556950 349
1556960 349
1556970 350
1556980 351
1556990 351
1557000 352
1557010 352
1557020 352
1557030 352
1557040 353
1557050 353
1557060 353
1557070 353
1557080 353
1557090 353
1557100 352
1557110 352
1557120 351
1557130 351
1557140 351
1557150 350
1557160 349
1557170 349
1557180 348
1557190 346
1557200 346
1557210 345
1557220 343
1557230 343
1557240 341
1557250 337
1557260 337
1557270 336
1557280 336
1557290 336
1557300 336
1557310 337
1557320 337
1557330 338
1557340 339
1557350 339
1557360 340
1557370 340
1557380 340
1557390 339
1557400 337
1557410 337
1557420 340
1557430 344
1557440 344
1557450 347
1557460 349
1557470 349
1557480 351
1557490 352
1557500 352
1557510 353
1557520 354
1557530 354
1557540 355
1557550 355
1557560 355
1557570 356
1557580 356
1557590 356
1557600 356
1557610 355
1557620 355
1557630 354
1557640 353
1557650 353
1557660 352
1557670 351
1557680 351
1557690 350
1557700 348
1557710 348
1557720 346
1557730 344
1557740 344
1557750 343
1557760 341
1557770 341
1557780 339
1557790 338
1557800 338
1557810 336
1557820 335
1557830 335
1557840 334
1557850 334
1557860 334
1557870 333
1557880 332
1557890 332
1557900 332
1557910 331
1557920 331
1557930 330
1557940 328
1557950 328
1557960 327
1557970 325
1557980 325
1557990 323
1558000 321
1558010 321
1558020 320
1558030 318
1558040 318
1558050 316
1558060 314
1558070 314
1558080 313
1558090 312
1558100 312
1558110 312
1558120 311
1558130 311
1558140 312
1558150 312
1558160 312
1558170 312
1558180 314
1558190 314
1558200 316
1558210 317
1558220 317
1558230 317
1558240 319
1558250 319
1558260 320
1558270 322
1558280 322
1558290 324
1558300 325
1558310 325
1558320 327
1558330 328
1558340 328
1558350 329
1558360 330
1558370 330
1558380 331
1558390 332
1558400 332
1558410 333
1558420 335
1558430 335
1558440 336
1558450 337
1558460 337
1558470 337
1558480 338
1558490 338
1558500 339
1558510 339
1558520 339
1558530 340
1558540 340
1558550 340
1558560 340
1558570 339
1558580 339
1558590 339
1558600 338
1558610 338
1558620 337
1558630 336
1558640 336
1558650 337
1558660 339
1558670 339
1558680 339
1558690 339
1558700 339
1558710 339
1558720 340
1558730 340
1558740 340
1558750 340
1558760 340
1558770 341
1558780 342
1558790 342
1558800 344
1558810 345
1558820 345
1558830 346
1558840 347
1558850 347
1558860 348
1558870 350
1558880 350
1558890 351
1558900 352
1558910 352
1558920 353
1558930 354
1558940 354
1558950 355
1558960 356
1558970 356
1558980 357
1558990 358
1559000 358
1559010 359
1559020 360
1559030 360
1559040 361
1559050 361
1559060 363
1559070 364
1559080 364
1559090 364
1559100 363
1559110 363
1559120 362
1559130 362
1559140 362
1559150 361
1559160 361
1559170 361
1559180 361
1559190 361
1559200 361
1559210 360
1559220 360
1559230 360
1559240 360
1559250 359
1559260 359
1559270 358
1559280 356
1559290 356
1559300 355
1559310 353
1559320 353
1559330 350
1559340 346
1559350 346
1559360 345
1559370 343
1559380 343
1559390 342
1559400 338
1559410 338
1559420 334
1559430 328
1559440 328
1559450 327
1559460 327
1559470 327
1559480 327
1559490 328
1559500 328
1559510 328
1559520 328
1559530 328
1559540 328
1559550 326
1559560 326
1559570 324
1559580 324
1559590 324
1559600 323
1559610 323
1559620 323
1559630 325
1559640 327
1559650 327
1559660 329
1559670 331
1559680 331
1559690 332
1559700 333
1559710 333
1559720 335
1559730 336
1559740 336
1559750 337
1559760 339
1559770 339
1559780 340
1559790 342
1559800 342
1559810 343
1559820 344
1559830 344
1559840 346
1559850 347
1559860 347
1559870 347
1559880 348
1559890 348
1559900 348
1559910 348
1559920 348
1559930 348
1559940 348
1559950 348
1559960 347
1559970 347
1559980 347
1559990 346
