1540000 518
1540010 518
1540020 518
1540030 519
1540040 519
1540050 519
1540060 519
1540070 519
1540080 519
1540090 519
1540100 519
1540110 519
1540120 519
1540130 519
1540140 519
1540150 518
1540160 517
1540170 517
1540180 516
1540190 517
1540200 517
1540210 518
1540220 519
1540230 519
1540240 520
1540250 521
1540260 521
1540270 521
1540280 521
1540290 521
1540300 522
1540310 523
1540320 523
1540330 524
1540340 524
1540350 524
1540360 525
1540370 525
1540380 525
1540390 526
1540400 527
1540410 527
1540420 527
1540430 528
1540440 528
1540450 529
1540460 530
1540470 530
1540480 530
1540490 531
1540500 531
1540510 532
1540520 532
1540530 532
1540540 533
1540550 534
1540560 534
1540570 535
1540580 536
1540590 536
1540600 537
1540610 538
1540620 538
1540630 539
1540640 540
1540650 540
1540660 541
1540670 542
1540680 542
1540690 543
1540700 544
1540710 544
1540720 544
1540730 544
1540740 544
1540750 544
1540760 543
1540770 543
1540780 542
1540790 541
1540800 541
1540810 539
1540820 538
1540830 538
1540840 537
1540850 536
1540860 536
1540870 535
1540880 534
1540890 534
1540900 533
1540910 532
1540920 532
1540930 531
1540940 530
1540950 530
1540960 529
1540970 528
1540980 528
1540990 527
1541000 526
1541010 526
1541020 525
1541030 523
1541040 523
1541050 522
1541060 520
1541070 520
1541080 518
1541090 517
1541100 517
1541110 515
1541120 513
1541130 513
1541140 510
1541150 507
1541160 507
1541170 504
1541180 500
1541190 500
1541200 497
1541210 494
1541220 494
1541230 492
1541240 490
1541250 490
1541260 488
1541270 486
1541280 486
1541290 483
1541300 480
1541310 480
1541320 476
1541330 474
1541340 474
1541350 474
1541360 474
1541370 476
1541380 480
1541390 480
1541400 484
1541410 488
1541420 488
1541430 490
1541440 493
1541450 493
1541460 494
1541470 495
1541480 495
1541490 494
1541500 492
1541510 492
1541520 490
1541530 488
1541540 488
1541550 488
1541560 489
1541570 489
1541580 489
1541590 490
1541600 490
1541610 491
1541620 493
1541630 493
1541640 495
1541650 497
1541660 497
1541670 499
1541680 500
1541690 500
1541700 501
1541710 502
1541720 502
1541730 503
1541740 504
1541750 504
1541760 504
1541770 505
1541780 505
1541790 506
1541800 506
1541810 506
1541820 507
1541830 507
1541840 507
1541850 508
1541860 509
1541870 509
1541880 509
1541890 510
1541900 510
1541910 510
1541920 511
1541930 511
1541940 511
1541950 512
1541960 512
1541970 513
1541980 514
1541990 514
1542000 516
1542010 517
1542020 517
1542030 518
1542040 519
1542050 519
1542060 520
1542070 521
1542080 521
1542090 522
1542100 524
1542110 524
1542120 525
1542130 526
1542140 526
1542150 527
1542160 527
1542170 527
1542180 528
1542190 529
1542200 529
1542210 529
1542220 530
1542230 530
1542240 530
1542250 531
1542260 531
1542270 531
1542280 532
1542290 532
1542300 533
1542310 533
1542320 533
1542330 533
1542340 533
1542350 533
1542360 532
1542370 531
1542380 531
1542390 529
1542400 529
1542410 529
1542420 528
1542430 526
1542440 526
1542450 524
1542460 520
1542470 520
1542480 517
1542490 513
1542500 513
1542510 510
1542520 510
1542530 510
1542540 514
1542550 519
1542560 519
1542570 523
1542580 527
1542590 527
1542600 530
1542610 532
1542620 532
1542630 534
1542640 536
1542650 536
1542660 538
1542670 539
1542680 539
1542690 540
1542700 541
1542710 541
1542720 542
1542730 543
1542740 543
1542750 544
1542760 545
1542770 545
1542780 546
1542790 547
1542800 547
1542810 548
1542820 549
1542830 549
1542840 550
1542850 550
1542860 550
1542870 551
1542880 552
1542890 552
1542900 553
1542910 553
1542920 553
1542930 554
1542940 555
1542950 555
1542960 556
1542970 556
1542980 556
1542990 556
1543000 557
1543010 557
1543020 558
1543030 558
1543040 558
1543050 559
1543060 560
1543070 560
1543080 560
1543090 561
1543100 561
1543110 562
1543120 562
1543130 562
1543140 563
1543150 564
1543160 564
1543170 564
1543180 565
1543190 565
1543200 566
1543210 566
1543220 566
1543230 567
1543240 568
1543250 568
1543260 568
1543270 569
1543280 569
1543290 570
1543300 570
1543310 570
1543320 571
1543330 572
1543340 572
1543350 572
1543360 573
1543370 573
1543380 574
1543390 574
1543400 574
1543410 575
1543420 576
1543430 576
1543440 576
1543450 577
1543460 577
1543470 578
1543480 578
1543490 578
1543500 579
1543510 580
1543520 580
1543530 580
1543540 581
1543550 581
1543560 581
1543570 581
1543580 582
1543590 582
1543600 582
1543610 583
1543620 583
1543630 583
1543640 584
1543650 584
1543660 584
1543670 584
1543680 584
1543690 584
1543700 584
1543710 585
1543720 585
1543730 585
1543740 585
1543750 585
1543760 585
1543770 585
1543780 585
1543790 585
1543800 585
1543810 585
1543820 585
1543830 585
1543840 585
1543850 585
1543860 584
1543870 584
1543880 584
1543890 584
1543900 584
1543910 584
1543920 583
1543930 583
1543940 583
1543950 582
1543960 582
1543970 581
1543980 580
1543990 580
1544000 579
1544010 578
1544020 578
1544030 578
1544040 578
1544050 578
1544060 578
1544070 578
1544080 578
1544090 578
1544100 578
1544110 578
1544120 578
1544130 579
1544140 579
1544150 579
1544160 581
1544170 581
1544180 582
1544190 583
1544200 583
1544210 584
1544220 585
1544230 585
1544240 586
1544250 587
1544260 587
1544270 587
1544280 587
1544290 587
1544300 587
1544310 588
1544320 588
1544330 588
1544340 588
1544350 588
1544360 588
1544370 589
1544380 589
1544390 588
1544400 588
1544410 588
1544420 587
1544430 585
1544440 585
1544450 584
1544460 585
1544470 585
1544480 586
1544490 586
1544500 586
1544510 587
1544520 588
1544530 588
1544540 589
1544550 590
1544560 590
1544570 591
1544580 592
1544590 592
1544600 592
1544610 593
1544620 593
1544630 594
1544640 595
1544650 595
1544660 596
1544670 597
1544680 597
1544690 598
1544700 599
1544710 599
1544720 600
1544730 600
1544740 600
1544750 601
1544760 602
1544770 602
1544780 603
1544790 604
1544800 604
1544810 606
1544820 607
1544830 607
1544840 608
1544850 608
1544860 608
1544870 609
1544880 611
1544890 611
1544900 612
1544910 613
1544920 613
1544930 614
1544940 615
1544950 615
1544960 616
1544970 616
1544980 616
1544990 617
1545000 618
1545010 618
1545020 618
1545030 618
1545040 618
1545050 618
1545060 618
1545070 618
1545080 618
1545090 617
1545100 617
1545110 617
1545120 617
1545130 617
1545140 616
1545150 616
1545160 616
1545170 615
1545180 615
1545190 615
1545200 612
1545210 609
1545220 609
1545230 607
1545240 605
1545250 605
1545260 605
1545270 604
1545280 604
1545290 603
1545300 603
1545310 603
1545320 603
1545330 603
1545340 603
1545350 603
1545360 603
1545370 603
1545380 603
1545390 602
1545400 602
1545410 602
1545420 601
1545430 601
1545440 601
1545450 599
1545460 599
1545470 598
1545480 597
1545490 597
1545500 596
1545510 595
1545520 595
1545530 594
1545540 593
1545550 593
1545560 592
1545570 592
1545580 592
1545590 592
1545600 591
1545610 591
1545620 591
1545630 590
1545640 590
1545650 589
1545660 589
1545670 589
1545680 588
1545690 587
1545700 587
1545710 586
1545720 585
1545730 585
1545740 584
1545750 583
1545760 583
1545770 582
1545780 582
1545790 581
1545800 581
1545810 581
1545820 580
1545830 579
1545840 579
1545850 579
1545860 578
1545870 578
1545880 578
1545890 578
1545900 578
1545910 578
1545920 578
1545930 578
1545940 578
1545950 578
1545960 578
1545970 577
1545980 577
1545990 577
1546000 577
1546010 576
1546020 576
1546030 575
1546040 574
1546050 574
1546060 574
1546070 574
1546080 574
1546090 575
1546100 576
1546110 576
1546120 577
1546130 578
1546140 578
1546150 579
1546160 580
1546170 580
1546180 580
1546190 581
1546200 581
1546210 581
1546220 581
1546230 581
1546240 581
1546250 581
1546260 581
1546270 582
1546280 583
1546290 583
1546300 583
1546310 584
1546320 584
1546330 584
1546340 584
1546350 584
1546360 584
1546370 585
1546380 585
1546390 585
1546400 584
1546410 584
1546420 584
1546430 584
1546440 584
1546450 584
1546460 585
1546470 585
1546480 585
1546490 586
1546500 586
1546510 586
1546520 586
1546530 586
1546540 587
1546550 587
1546560 587
1546570 587
1546580 588
1546590 588
1546600 588
1546610 588
1546620 588
1546630 588
1546640 588
1546650 588
1546660 589
1546670 589
1546680 589
1546690 589
1546700 588
1546710 588
1546720 588
1546730 588
1546740 588
1546750 588
1546760 588
1546770 588
1546780 589
1546790 589
1546800 589
1546810 589
1546820 588
1546830 588
1546840 588
1546850 588
1546860 588
1546870 588
1546880 588
1546890 588
1546900 588
1546910 588
1546920 588
1546930 588
1546940 588
1546950 588
1546960 588
1546970 588
1546980 588
1546990 587
1547000 587
1547010 587
1547020 587
1547030 587
1547040 587
1547050 586
1547060 585
1547070 585
1547080 585
1547090 584
1547100 584
1547110 584
1547120 583
1547130 583
1547140 582
1547150 581
1547160 581
1547170 580
1547180 580
1547190 580
1547200 580
1547210 581
1547220 581
1547230 581
1547240 581
1547250 581
1547260 582
1547270 582
1547280 582
1547290 582
1547300 582
1547310 582
1547320 582
1547330 583
1547340 583
1547350 583
1547360 583
1547370 583
1547380 583
1547390 585
1547400 585
1547410 585
1547420 585
1547430 585
1547440 585
1547450 585
1547460 585
1547470 585
1547480 584
1547490 584
1547500 584
1547510 585
1547520 585
1547530 585
1547540 585
1547550 585
1547560 586
1547570 586
1547580 586
1547590 587
1547600 587
1547610 587
1547620 588
1547630 588
1547640 588
1547650 589
1547660 589
1547670 589
1547680 590
1547690 590
1547700 590
1547710 591
1547720 591
1547730 591
1547740 591
1547750 590
1547760 590
1547770 590
1547780 589
1547790 589
1547800 589
1547810 588
1547820 588
1547830 587
1547840 586
1547850 586
1547860 585
1547870 583
1547880 583
1547890 582
1547900 581
1547910 581
1547920 580
1547930 579
1547940 579
1547950 580
1547960 580
1547970 582
1547980 583
1547990 583
1548000 584
1548010 584
1548020 584
1548030 585
1548040 585
1548050 585
1548060 585
1548070 586
1548080 586
1548090 586
1548100 586
1548110 586
1548120 586
1548130 587
1548140 587
1548150 587
1548160 587
1548170 587
1548180 587
1548190 587
1548200 587
1548210 586
1548220 586
1548230 586
1548240 586
1548250 586
1548260 586
1548270 585
1548280 584
1548290 584
1548300 579
1548310 573
1548320 573
1548330 567
1548340 562
1548350 562
1548360 556
1548370 551
1548380 551
1548390 545
1548400 540
1548410 540
1548420 534
1548430 529
1548440 529
1548450 524
1548460 518
1548470 518
1548480 513
1548490 508
1548500 508
1548510 503
1548520 497
1548530 497
1548540 491
1548550 486
1548560 486
1548570 481
1548580 475
1548590 475
1548600 470
1548610 464
1548620 464
1548630 458
1548640 453
1548650 453
1548660 447
1548670 442
1548680 442
1548690 437
1548700 431
1548710 431
1548720 426
1548730 421
1548740 421
1548750 417
1548760 412
1548770 412
1548780 408
1548790 404
1548800 404
1548810 399
1548820 394
1548830 394
1548840 390
1548850 385
1548860 385
1548870 381
1548880 377
1548890 377
1548900 373
1548910 369
1548920 369
1548930 365
1548940 362
1548950 362
1548960 358
1548970 354
1548980 354
1548990 351
1549000 348
1549010 348
1549020 344
1549030 340
1549040 340
1549050 336
1549060 333
1549070 333
1549080 332
1549090 331
1549100 331
1549110 330
1549120 329
1549130 329
1549140 328
1549150 327
1549160 327
1549170 326
1549180 324
1549190 324
1549200 322
1549210 321
1549220 321
1549230 321
1549240 320
1549250 320
1549260 320
1549270 321
1549280 321
1549290 325
1549300 331
1549310 331
1549320 334
1549330 334
1549340 334
1549350 333
1549360 332
1549370 332
1549380 331
1549390 329
1549400 329
1549410 328
1549420 326
1549430 324
1549440 323
1549450 322
1549460 322
1549470 321
1549480 320
1549490 320
1549500 319
1549510 319
1549520 319
1549530 319
1549540 319
1549550 319
1549560 318
1549570 318
1549580 318
1549590 317
1549600 318
1549610 318
1549620 320
1549630 323
1549640 323
1549650 328
1549660 334
1549670 334
1549680 341
1549690 349
1549700 349
1549710 356
1549720 363
1549730 363
1549740 369
1549750 375
1549760 375
1549770 381
1549780 386
1549790 386
1549800 388
1549810 390
1549820 390
1549830 393
1549840 396
1549850 396
1549860 399
1549870 402
1549880 402
1549890 405
1549900 408
1549910 408
1549920 412
1549930 415
1549940 415
1549950 419
1549960 422
1549970 422
1549980 425
1549990 428
1550000 428
1550010 431
1550020 435
1550030 435
1550040 439
1550050 443
1550060 443
1550070 446
1550080 446
1550090 446
1550100 447
1550110 448
1550120 448
1550130 452
1550140 459
1550150 459
1550160 464
1550170 464
1550180 468
1550190 469
1550200 469
1550210 472
1550220 477
1550230 477
1550240 483
1550250 488
1550260 488
1550270 490
1550280 492
1550290 492
1550300 493
1550310 493
1550320 493
1550330 492
1550340 489
1550350 489
1550360 486
1550370 483
1550380 483
1550390 480
1550400 478
1550410 478
1550420 475
1550430 473
1550440 473
1550450 471
1550460 470
1550470 470
1550480 468
1550490 467
1550500 467
1550510 465
1550520 463
1550530 463
1550540 461
1550550 459
1550560 459
1550570 456
1550580 454
1550590 454
1550600 452
1550610 449
1550620 449
1550630 447
1550640 446
1550650 446
1550660 444
1550670 442
1550680 442
1550690 440
1550700 437
1550710 437
1550720 435
1550730 433
1550740 433
1550750 430
1550760 426
1550770 426
1550780 424
1550790 422
1550800 422
1550810 420
1550820 419
1550830 419
1550840 417
1550850 416
1550860 416
1550870 414
1550880 412
1550890 412
1550900 411
1550910 409
1550920 409
1550930 407
1550940 406
1550950 406
1550960 404
1550970 402
1550980 402
1550990 400
1551000 398
1551010 398
1551020 395
1551030 392
1551040 392
1551050 390
1551060 387
1551070 387
1551080 385
1551090 383
1551100 383
1551110 380
1551120 377
1551130 377
1551140 372
1551150 367
1551160 367
1551170 362
1551180 361
1551190 361
1551200 361
1551210 360
1551220 360
1551230 360
1551240 360
1551250 360
1551260 361
1551270 362
1551280 362
1551290 364
1551300 367
1551310 367
1551320 368
1551330 369
1551340 369
1551350 372
1551360 374
1551370 374
1551380 377
1551390 380
1551400 385
1551410 390
1551420 395
1551430 395
1551440 401
1551450 407
1551460 407
1551470 414
1551480 420
1551490 420
1551500 425
1551510 429
1551520 429
1551530 431
1551540 432
1551550 432
1551560 431
1551570 429
1551580 429
1551590 427
1551600 424
1551610 424
1551620 420
1551630 417
1551640 417
1551650 413
1551660 411
1551670 411
1551680 409
1551690 408
1551700 408
1551710 404
1551720 399
1551730 399
1551740 392
1551750 388
1551760 388
1551770 392
1551780 396
1551790 396
1551800 399
1551810 402
1551820 402
1551830 405
1551840 407
1551850 407
1551860 407
1551870 403
1551880 403
1551890 398
1551900 392
1551910 392
1551920 386
1551930 380
1551940 380
1551950 376
1551960 371
1551970 371
1551980 367
1551990 363
1552000 363
1552010 360
1552020 358
1552030 358
1552040 357
1552050 358
1552060 358
1552070 359
1552080 363
1552090 363
1552100 367
1552110 372
1552120 372
1552130 376
1552140 381
1552150 381
1552160 386
1552170 389
1552180 389
1552190 392
1552200 396
1552210 396
1552220 399
1552230 403
1552240 403
1552250 407
1552260 410
1552270 410
1552280 414
1552290 417
1552300 417
1552310 419
1552320 421
1552330 421
1552340 424
1552350 427
1552360 427
1552370 429
1552380 429
1552390 431
1552400 433
1552410 433
1552420 434
1552430 436
1552440 436
1552450 437
1552460 439
1552470 439
1552480 440
1552490 440
1552500 440
1552510 441
1552520 442
1552530 442
1552540 442
1552550 442
1552560 442
1552570 442
1552580 442
1552590 442
1552600 442
1552610 441
1552620 441
1552630 441
1552640 442
1552650 442
1552660 442
1552670 443
1552680 443
1552690 443
1552700 444
1552710 444
1552720 445
1552730 447
1552740 447
1552750 447
1552760 448
1552770 448
1552780 449
1552790 450
1552800 450
1552810 451
1552820 452
1552830 452
1552840 453
1552850 454
1552860 454
1552870 455
1552880 457
1552890 457
1552900 458
1552910 459
1552920 459
1552930 460
1552940 461
1552950 461
1552960 462
1552970 463
1552980 463
1552990 465
1553000 466
1553010 466
1553020 467
1553030 468
1553040 468
1553050 470
1553060 471
1553070 471
1553080 473
1553090 474
1553100 474
1553110 476
1553120 477
1553130 477
1553140 479
1553150 480
1553160 480
1553170 482
1553180 483
1553190 483
1553200 484
1553210 486
1553220 486
1553230 487
1553240 488
1553250 488
1553260 489
1553270 491
1553280 491
1553290 492
1553300 493
1553310 493
1553320 494
1553330 496
1553340 496
1553350 497
1553360 498
1553370 498
1553380 499
1553390 499
1553400 499
1553410 500
1553420 501
1553430 501
1553440 502
1553450 503
1553460 503
1553470 503
1553480 503
1553490 503
1553500 504
1553510 504
1553520 504
1553530 505
1553540 505
1553550 505
1553560 506
1553570 506
1553580 506
1553590 505
1553600 505
1553610 505
1553620 505
1553630 504
1553640 504
1553650 504
1553660 504
1553670 504
1553680 503
1553690 501
1553700 501
1553710 500
1553720 499
1553730 499
1553740 498
1553750 496
1553760 496
1553770 495
1553780 495
1553790 495
1553800 494
1553810 494
1553820 494
1553830 493
1553840 493
1553850 493
1553860 493
1553870 492
1553880 492
1553890 492
1553900 491
1553910 491
1553920 491
1553930 490
1553940 490
1553950 490
1553960 490
1553970 490
1553980 490
1553990 490
1554000 490
1554010 490
1554020 490
1554030 490
1554040 491
1554050 491
1554060 491
1554070 492
1554080 493
1554090 493
1554100 493
1554110 494
1554120 494
1554130 494
1554140 495
1554150 495
1554160 495
1554170 495
1554180 495
1554190 496
1554200 496
1554210 496
1554220 497
1554230 497
1554240 497
1554250 497
1554260 497
1554270 497
1554280 496
1554290 495
1554300 495
1554310 494
1554320 494
1554330 494
1554340 493
1554350 492
1554360 492
1554370 491
1554380 490
1554390 490
1554400 489
1554410 488
1554420 488
1554430 487
1554440 486
1554450 486
1554460 484
1554470 483
1554480 483
1554490 482
1554500 480
1554510 480
1554520 479
1554530 478
1554540 478
1554550 476
1554560 476
1554570 475
1554580 475
1554590 475
1554600 474
1554610 472
1554620 472
1554630 471
1554640 470
1554650 470
1554660 467
1554670 465
1554680 465
1554690 464
1554700 463
1554710 463
1554720 461
1554730 460
1554740 460
1554750 458
1554760 456
1554770 456
1554780 458
1554790 460
1554800 460
1554810 463
1554820 465
1554830 465
1554840 467
1554850 469
1554860 469
1554870 470
1554880 472
1554890 472
1554900 473
1554910 473
1554920 473
1554930 474
1554940 474
1554950 474
1554960 474
1554970 473
1554980 473
1554990 473
1555000 472
1555010 472
1555020 470
1555030 467
1555040 467
1555050 463
1555060 460
1555070 460
1555080 458
1555090 457
1555100 457
1555110 456
1555120 456
1555130 456
1555140 457
1555150 457
1555160 457
1555170 458
1555180 460
1555190 460
1555200 463
1555210 463
1555220 463
1555230 463
1555240 463
1555250 463
1555260 462
1555270 462
1555280 462
1555290 461
1555300 461
1555310 461
1555320 460
1555330 460
1555340 460
1555350 458
1555360 456
1555370 456
1555380 454
1555390 451
1555400 451
1555410 447
1555420 443
1555430 443
1555440 440
1555450 437
1555460 437
1555470 434
1555480 431
1555490 431
1555500 428
1555510 426
1555520 426
1555530 423
1555540 421
1555550 421
1555560 419
1555570 418
1555580 418
1555590 418
1555600 418
1555610 418
1555620 419
1555630 419
1555640 419
1555650 419
1555660 419
1555670 419
1555680 418
1555690 418
1555700 418
1555710 417
1555720 416
1555730 416
1555740 416
1555750 416
1555760 416
1555770 415
1555780 415
1555790 415
1555800 414
1555810 414
1555820 414
1555830 413
1555840 412
1555850 412
1555860 412
1555870 413
1555880 413
1555890 413
1555900 414
1555910 414
1555920 414
1555930 415
1555940 415
1555950 415
1555960 416
1555970 416
1555980 416
1555990 416
1556000 416
1556010 415
1556020 414
1556030 414
1556040 413
1556050 412
1556060 412
1556070 411
1556080 409
1556090 409
1556100 407
1556110 405
1556120 405
1556130 402
1556140 398
1556150 398
1556160 395
1556170 391
1556180 391
1556190 388
1556200 384
1556210 384
1556220 381
1556230 378
1556240 378
1556250 375
1556260 372
1556270 372
1556280 369
1556290 367
1556300 367
1556310 365
1556320 363
1556330 363
1556340 362
1556350 361
1556360 361
1556370 360
1556380 360
1556390 360
1556400 360
1556410 360
1556420 360
1556430 360
1556440 359
1556450 359
1556460 358
1556470 355
1556480 355
1556490 349
1556500 343
1556510 343
1556520 343
1556530 343
1556540 343
1556550 343
1556560 343
1556570 343
1556580 343
1556590 343
1556600 343
1556610 343
1556620 343
1556630 343
1556640 343
1556650 344
1556660 344
1556670 346
1556680 348
1556690 348
1556700 350
1556710 352
1556720 352
1556730 354
1556740 357
1556750 357
1556760 359
1556770 361
1556780 361
1556790 363
1556800 363
1556810 365
1556820 368
1556830 368
1556840 371
1556850 373
1556860 373
1556870 376
1556880 378
1556890 378
1556900 378
1556910 381
1556920 381
1556930 383
1556940 384
1556950 384
1556960 386
1556970 387
1556980 387
1556990 388
1557000 390
1557010 392
1557020 393
1557030 394
1557040 394
1557050 395
1557060 395
1557070 395
1557080 396
1557090 397
1557100 397
1557110 397
1557120 398
1557130 398
1557140 398
1557150 399
1557160 399
1557170 398
1557180 398
1557190 398
1557200 398
1557210 397
1557220 397
1557230 396
1557240 396
1557250 396
1557260 395
1557270 394
1557280 394
1557290 393
1557300 392
1557310 392
1557320 391
1557330 389
1557340 389
1557350 387
1557360 385
1557370 385
1557380 382
1557390 379
1557400 379
1557410 376
1557420 374
1557430 374
1557440 372
1557450 371
1557460 371
1557470 373
1557480 375
1557490 375
1557500 377
1557510 378
1557520 378
1557530 379
1557540 379
1557550 379
1557560 380
1557570 380
1557580 380
1557590 380
1557600 381
1557610 381
1557620 381
1557630 381
1557640 381
1557650 380
1557660 380
1557670 380
1557680 378
1557690 376
1557700 376
1557710 374
1557720 371
1557730 371
1557740 369
1557750 366
1557760 366
1557770 362
1557780 359
1557790 359
1557800 356
1557810 354
1557820 354
1557830 351
1557840 348
1557850 348
1557860 348
1557870 350
1557880 350
1557890 353
1557900 355
1557910 355
1557920 361
1557930 363
1557940 363
1557950 365
1557960 366
1557970 366
1557980 366
1557990 366
1558000 366
1558010 365
1558020 365
1558030 365
1558040 365
1558050 367
1558060 367
1558070 369
1558080 371
1558090 371
1558100 373
1558110 374
1558120 374
1558130 375
1558140 377
1558150 377
1558160 378
1558170 379
1558180 379
1558190 380
1558200 381
1558210 381
1558220 382
1558230 383
1558240 383
1558250 383
1558260 384
1558270 384
1558280 385
1558290 385
1558300 385
1558310 385
1558320 386
1558330 386
1558340 386
1558350 385
1558360 385
1558370 385
1558380 385
1558390 385
1558400 385
1558410 385
1558420 385
1558430 385
1558440 384
1558450 384
1558460 384
1558470 383
1558480 383
1558490 383
1558500 382
1558510 382
1558520 380
1558530 379
1558540 379
1558550 377
1558560 375
1558570 375
1558580 371
1558590 369
1558600 369
1558610 366
1558620 365
1558630 365
1558640 364
1558650 363
1558660 363
1558670 361
1558680 360
1558690 360
1558700 363
1558710 366
1558720 366
1558730 368
1558740 370
1558750 370
1558760 372
1558770 373
1558780 375
1558790 376
1558800 377
1558810 377
1558820 377
1558830 378
1558840 378
1558850 378
1558860 378
1558870 378
1558880 378
1558890 377
1558900 377
1558910 377
1558920 376
1558930 376
1558940 375
1558950 375
1558960 375
1558970 373
1558980 373
1558990 372
1559000 369
1559010 369
1559020 365
1559030 366
1559040 366
1559050 365
1559060 361
1559070 361
1559080 361
1559090 362
1559100 362
1559110 364
1559120 366
1559130 366
1559140 368
1559150 370
1559160 370
1559170 372
1559180 373
1559190 373
1559200 374
1559210 375
1559220 375
1559230 376
1559240 376
1559250 376
1559260 377
1559270 378
1559280 378
1559290 378
1559300 378
1559310 378
1559320 378
1559330 379
1559340 379
1559350 379
1559360 378
1559370 378
1559380 378
1559390 378
1559400 378
1559410 378
1559420 378
1559430 378
1559440 378
1559450 377
1559460 377
1559470 376
1559480 375
1559490 375
1559500 375
1559510 374
1559520 374
1559530 373
1559540 372
1559550 372
1559560 371
1559570 370
1559580 370
1559590 369
1559600 368
1559610 368
1559620 367
1559630 366
1559640 366
1559650 365
1559660 364
1559670 364
1559680 363
1559690 362
1559700 362
1559710 361
1559720 359
1559730 359
1559740 357
1559750 356
1559760 356
1559770 354
1559780 352
1559790 352
1559800 350
1559810 347
1559820 347
1559830 343
1559840 337
1559850 337
1559860 332
1559870 328
1559880 328
1559890 324
1559900 320
1559910 320
1559920 315
1559930 311
1559940 311
1559950 309
1559960 308
1559970 308
1559980 308
1559990 307
