1540000 526
1540010 526
1540020 528
1540030 529
1540040 529
1540050 530
1540060 531
1540070 531
1540080 532
1540090 533
1540100 533
1540110 534
1540120 535
1540130 535
1540140 536
1540150 537
1540160 537
1540170 537
1540180 538
1540190 538
1540200 538
1540210 538
1540220 538
1540230 538
1540240 539
1540250 539
1540260 539
1540270 540
1540280 540
1540290 540
1540300 540
1540310 540
1540320 540
1540330 541
1540340 541
1540350 541
1540360 541
1540370 541
1540380 542
1540390 542
1540400 542
1540410 542
1540420 543
1540430 543
1540440 543
1540450 543
1540460 543
1540470 543
1540480 543
1540490 543
1540500 543
1540510 543
1540520 543
1540530 542
1540540 542
1540550 542
1540560 542
1540570 542
1540580 542
1540590 542
1540600 543
1540610 543
1540620 543
1540630 543
1540640 543
1540650 542
1540660 542
1540670 542
1540680 541
1540690 541
1540700 541
1540710 540
1540720 540
1540730 540
1540740 539
1540750 538
1540760 538
1540770 537
1540780 536
1540790 536
1540800 534
1540810 533
1540820 533
1540830 531
1540840 530
1540850 530
1540860 529
1540870 528
1540880 528
1540890 527
1540900 525
1540910 525
1540920 523
1540930 521
1540940 521
1540950 520
1540960 518
1540970 518
1540980 516
1540990 513
1541000 513
1541010 511
1541020 508
1541030 508
1541040 503
1541050 501
1541060 501
1541070 501
1541080 502
1541090 502
1541100 503
1541110 504
1541120 504
1541130 506
1541140 507
1541150 507
1541160 508
1541170 509
1541180 509
1541190 510
1541200 511
1541210 511
1541220 511
1541230 511
1541240 511
1541250 511
1541260 509
1541270 509
1541280 505
1541290 502
1541300 502
1541310 501
1541320 500
1541330 500
1541340 500
1541350 503
1541360 503
1541370 505
1541380 508
1541390 508
1541400 510
1541410 511
1541420 511
1541430 513
1541440 515
1541450 515
1541460 516
1541470 518
1541480 518
1541490 520
1541500 522
1541510 522
1541520 523
1541530 525
1541540 525
1541550 527
1541560 528
1541570 528
1541580 530
1541590 531
1541600 531
1541610 532
1541620 533
1541630 533
1541640 534
1541650 536
1541660 536
1541670 537
1541680 538
1541690 538
1541700 539
1541710 539
1541720 539
1541730 540
1541740 541
1541750 541
1541760 542
1541770 543
1541780 543
1541790 544
1541800 545
1541810 545
1541820 545
1541830 545
1541840 546
1541850 547
1541860 547
1541870 547
1541880 548
1541890 548
1541900 549
1541910 549
1541920 549
1541930 550
1541940 550
1541950 550
1541960 551
1541970 551
1541980 551
1541990 551
1542000 552
1542010 552
1542020 552
1542030 553
1542040 553
1542050 553
1542060 553
1542070 553
1542080 553
1542090 554
1542100 554
1542110 554
1542120 554
1542130 554
1542140 555
1542150 555
1542160 555
1542170 555
1542180 555
1542190 555
1542200 555
1542210 555
1542220 555
1542230 555
1542240 555
1542250 555
1542260 554
1542270 553
1542280 553
1542290 550
1542300 547
1542310 547
1542320 546
1542330 544
1542340 544
1542350 542
1542360 541
1542370 541
1542380 542
1542390 545
1542400 545
1542410 548
1542420 550
1542430 550
1542440 551
1542450 553
1542460 553
1542470 553
1542480 554
1542490 554
1542500 554
1542510 555
1542520 555
1542530 555
1542540 556
1542550 556
1542560 556
1542570 556
1542580 556
1542590 557
1542600 557
1542610 557
1542620 557
1542630 557
1542640 557
1542650 557
1542660 557
1542670 557
1542680 557
1542690 556
1542700 556
1542710 554
1542720 551
1542730 551
1542740 549
1542750 550
1542760 550
1542770 551
1542780 552
1542790 552
1542800 552
1542810 552
1542820 552
1542830 552
1542840 552
1542850 552
1542860 552
1542870 552
1542880 552
1542890 552
1542900 552
1542910 552
1542920 552
1542930 552
1542940 552
1542950 553
1542960 553
1542970 553
1542980 552
1542990 553
1543000 553
1543010 555
1543020 555
1543030 555
1543040 556
1543050 557
1543060 557
1543070 557
1543080 558
1543090 558
1543100 558
1543110 559
1543120 559
1543130 559
1543140 560
1543150 560
1543160 560
1543170 561
1543180 561
1543190 562
1543200 563
1543210 563
1543220 563
1543230 564
1543240 564
1543250 565
1543260 565
1543270 565
1543280 566
1543290 567
1543300 567
1543310 568
1543320 568
1543330 568
1543340 569
1543350 569
1543360 569
1543370 570
1543380 570
1543390 570
1543400 571
1543410 571
1543420 571
1543430 572
1543440 572
1543450 572
1543460 573
1543470 573
1543480 573
1543490 574
1543500 574
1543510 574
1543520 574
1543530 575
1543540 575
1543550 576
1543560 576
1543570 576
1543580 577
1543590 577
1543600 577
1543610 577
1543620 578
1543630 578
1543640 579
1543650 579
1543660 579
1543670 580
1543680 581
1543690 581
1543700 582
1543710 583
1543720 583
1543730 583
1543740 584
1543750 584
1543760 584
1543770 585
1543780 585
1543790 586
1543800 586
1543810 586
1543820 587
1543830 588
1543840 588
1543850 589
1543860 589
1543870 589
1543880 590
1543890 591
1543900 591
1543910 591
1543920 592
1543930 592
1543940 592
1543950 592
1543960 593
1543970 593
1543980 593
1543990 594
1544000 594
1544010 594
1544020 594
1544030 595
1544040 595
1544050 596
1544060 596
1544070 596
1544080 597
1544090 598
1544100 598
1544110 598
1544120 598
1544130 598
1544140 599
1544150 599
1544160 599
1544170 600
1544180 600
1544190 600
1544200 601
1544210 601
1544220 601
1544230 602
1544240 602
1544250 602
1544260 603
1544270 603
1544280 603
1544290 603
1544300 604
1544310 604
1544320 604
1544330 605
1544340 605
1544350 605
1544360 606
1544370 606
1544380 606
1544390 607
1544400 607
1544410 607
1544420 608
1544430 608
1544440 609
1544450 609
1544460 609
1544470 610
1544480 610
1544490 610
1544500 611
1544510 612
1544520 612
1544530 613
1544540 613
1544550 613
1544560 613
1544570 613
1544580 613
1544590 614
1544600 614
1544610 614
1544620 615
1544630 615
1544640 615
1544650 615
1544660 615
1544670 615
1544680 615
1544690 615
1544700 615
1544710 616
1544720 616
1544730 616
1544740 616
1544750 616
1544760 616
1544770 617
1544780 617
1544790 617
1544800 617
1544810 617
1544820 617
1544830 616
1544840 616
1544850 616
1544860 616
1544870 616
1544880 616
1544890 616
1544900 616
1544910 616
1544920 616
1544930 616
1544940 616
1544950 616
1544960 616
1544970 616
1544980 617
1544990 617
1545000 617
1545010 618
1545020 618
1545030 618
1545040 618
1545050 618
1545060 618
1545070 618
1545080 618
1545090 618
1545100 618
1545110 618
1545120 618
1545130 618
1545140 618
1545150 618
1545160 618
1545170 617
1545180 617
1545190 617
1545200 617
1545210 617
1545220 617
1545230 616
1545240 616
1545250 616
1545260 615
1545270 615
1545280 614
1545290 612
1545300 612
1545310 611
1545320 609
1545330 609
1545340 608
1545350 606
1545360 606
1545370 605
1545380 602
1545390 602
1545400 600
1545410 599
1545420 599
1545430 597
1545440 596
1545450 596
1545460 595
1545470 595
1545480 595
1545490 593
1545500 592
1545510 592
1545520 592
1545530 591
1545540 591
1545550 591
1545560 590
1545570 590
1545580 590
1545590 589
1545600 589
1545610 589
1545620 589
1545630 589
1545640 589
1545650 589
1545660 589
1545670 590
1545680 591
1545690 591
1545700 591
1545710 592
1545720 592
1545730 593
1545740 593
1545750 593
1545760 594
1545770 594
1545780 594
1545790 595
1545800 595
1545810 595
1545820 595
1545830 596
1545840 596
1545850 596
1545860 596
1545870 596
1545880 596
1545890 596
1545900 596
1545910 597
1545920 597
1545930 597
1545940 597
1545950 597
1545960 597
1545970 597
1545980 597
1545990 597
1546000 597
1546010 597
1546020 597
1546030 597
1546040 597
1546050 597
1546060 597
1546070 597
1546080 597
1546090 597
1546100 597
1546110 597
1546120 597
1546130 597
1546140 597
1546150 597
1546160 597
1546170 598
1546180 598
1546190 598
1546200 599
1546210 599
1546220 599
1546230 600
1546240 601
1546250 601
1546260 601
1546270 602
1546280 602
1546290 602
1546300 603
1546310 603
1546320 603
1546330 604
1546340 604
1546350 604
1546360 605
1546370 605
1546380 605
1546390 605
1546400 605
1546410 606
1546420 606
1546430 606
1546440 607
1546450 607
1546460 607
1546470 608
1546480 609
1546490 609
1546500 609
1546510 610
1546520 610
1546530 610
1546540 610
1546550 610
1546560 611
1546570 611
1546580 611
1546590 611
1546600 611
1546610 611
1546620 611
1546630 611
1546640 611
1546650 611
1546660 611
1546670 611
1546680 611
1546690 611
1546700 611
1546710 611
1546720 610
1546730 610
1546740 610
1546750 609
1546760 609
1546770 609
1546780 608
1546790 608
1546800 608
1546810 607
1546820 607
1546830 606
1546840 606
1546850 606
1546860 605
1546870 604
1546880 604
1546890 603
1546900 602
1546910 602
1546920 601
1546930 600
1546940 600
1546950 598
1546960 597
1546970 597
1546980 596
1546990 595
1547000 595
1547010 593
1547020 591
1547030 591
1547040 591
1547050 591
1547060 591
1547070 591
1547080 592
1547090 592
1547100 591
1547110 590
1547120 590
1547130 590
1547140 590
1547150 590
1547160 591
1547170 591
1547180 591
1547190 591
1547200 592
1547210 592
1547220 592
1547230 592
1547240 592
1547250 592
1547260 592
1547270 592
1547280 592
1547290 592
1547300 592
1547310 592
1547320 591
1547330 591
1547340 591
1547350 591
1547360 591
1547370 591
1547380 590
1547390 590
1547400 590
1547410 589
1547420 589
1547430 589
1547440 587
1547450 587
1547460 586
1547470 584
1547480 584
1547490 582
1547500 579
1547510 579
1547520 576
1547530 573
1547540 573
1547550 569
1547560 567
1547570 567
1547580 565
1547590 563
1547600 563
1547610 563
1547620 566
1547630 566
1547640 570
1547650 571
1547660 571
1547670 572
1547680 574
1547690 574
1547700 577
1547710 579
1547720 579
1547730 580
1547740 582
1547750 582
1547760 582
1547770 583
1547780 583
1547790 584
1547800 584
1547810 584
1547820 583
1547830 583
1547840 583
1547850 582
1547860 581
1547870 581
1547880 580
1547890 579
1547900 579
1547910 578
1547920 577
1547930 577
1547940 576
1547950 576
1547960 576
1547970 576
1547980 576
1547990 576
1548000 576
1548010 575
1548020 575
1548030 575
1548040 575
1548050 575
1548060 575
1548070 575
1548080 575
1548090 574
1548100 574
1548110 574
1548120 574
1548130 574
1548140 574
1548150 574
1548160 574
1548170 574
1548180 573
1548190 573
1548200 573
1548210 573
1548220 573
1548230 572
1548240 571
1548250 571
1548260 571
1548270 570
1548280 570
1548290 570
1548300 570
1548310 570
1548320 569
1548330 569
1548340 569
1548350 569
1548360 569
1548370 569
1548380 569
1548390 569
1548400 569
1548410 570
1548420 570
1548430 570
1548440 570
1548450 570
1548460 570
1548470 570
1548480 569
1548490 569
1548500 569
1548510 568
1548520 568
1548530 566
1548540 565
1548550 565
1548560 564
1548570 564
1548580 564
1548590 562
1548600 560
1548610 560
1548620 558
1548630 555
1548640 555
1548650 553
1548660 550
1548670 550
1548680 547
1548690 544
1548700 544
1548710 541
1548720 539
1548730 539
1548740 536
1548750 532
1548760 532
1548770 529
1548780 526
1548790 526
1548800 524
1548810 521
1548820 521
1548830 518
1548840 515
1548850 515
1548860 511
1548870 507
1548880 507
1548890 504
1548900 500
1548910 500
1548920 497
1548930 494
1548940 494
1548950 490
1548960 485
1548970 485
1548980 479
1548990 475
1549000 475
1549010 471
1549020 469
1549030 469
1549040 468
1549050 468
1549060 468
1549070 466
1549080 464
1549090 464
1549100 460
1549110 457
1549120 457
1549130 455
1549140 455
1549150 455
1549160 454
1549170 452
1549180 452
1549190 450
1549200 448
1549210 448
1549220 447
1549230 448
1549240 448
1549250 447
1549260 447
1549270 447
1549280 447
1549290 449
1549300 449
1549310 453
1549320 457
1549330 457
1549340 460
1549350 464
1549360 464
1549370 468
1549380 472
1549390 472
1549400 476
1549410 479
1549420 479
1549430 482
1549440 485
1549450 485
1549460 487
1549470 489
1549480 489
1549490 492
1549500 494
1549510 494
1549520 496
1549530 499
1549540 499
1549550 500
1549560 503
1549570 503
1549580 505
1549590 506
1549600 506
1549610 508
1549620 509
1549630 509
1549640 510
1549650 511
1549660 511
1549670 511
1549680 509
1549690 509
1549700 507
1549710 503
1549720 503
1549730 500
1549740 498
1549750 498
1549760 495
1549770 492
1549780 492
1549790 489
1549800 486
1549810 486
1549820 483
1549830 480
1549840 480
1549850 475
1549860 473
1549870 473
1549880 470
1549890 467
1549900 467
1549910 465
1549920 462
1549930 462
1549940 460
1549950 457
1549960 457
1549970 453
1549980 452
1549990 452
1550000 451
1550010 449
1550020 449
1550030 446
1550040 444
1550050 444
1550060 441
1550070 439
1550080 439
1550090 437
1550100 434
1550110 434
1550120 431
1550130 428
1550140 428
1550150 425
1550160 421
1550170 421
1550180 417
1550190 414
1550200 414
1550210 410
1550220 406
1550230 406
1550240 403
1550250 402
1550260 402
1550270 402
1550280 402
1550290 402
1550300 401
1550310 399
1550320 399
1550330 396
1550340 394
1550350 394
1550360 392
1550370 392
1550380 390
1550390 390
1550400 390
1550410 389
1550420 389
1550430 389
1550440 388
1550450 388
1550460 388
1550470 388
1550480 389
1550490 389
1550500 391
1550510 394
1550520 394
1550530 396
1550540 399
1550550 399
1550560 403
1550570 406
1550580 406
1550590 409
1550600 411
1550610 411
1550620 414
1550630 416
1550640 416
1550650 418
1550660 417
1550670 417
1550680 414
1550690 410
1550700 410
1550710 404
1550720 399
1550730 399
1550740 398
1550750 398
1550760 398
1550770 398
1550780 399
1550790 399
1550800 400
1550810 403
1550820 403
1550830 407
1550840 412
1550850 412
1550860 417
1550870 422
1550880 422
1550890 427
1550900 431
1550910 431
1550920 435
1550930 439
1550940 439
1550950 441
1550960 444
1550970 444
1550980 446
1550990 447
1551000 447
1551010 450
1551020 452
1551030 452
1551040 455
1551050 457
1551060 457
1551070 458
1551080 460
1551090 460
1551100 462
1551110 464
1551120 464
1551130 466
1551140 468
1551150 468
1551160 470
1551170 471
1551180 471
1551190 473
1551200 474
1551210 474
1551220 476
1551230 477
1551240 477
1551250 479
1551260 480
1551270 480
1551280 482
1551290 483
1551300 483
1551310 484
1551320 486
1551330 486
1551340 487
1551350 487
1551360 487
1551370 488
1551380 489
1551390 489
1551400 489
1551410 489
1551420 489
1551430 489
1551440 490
1551450 490
1551460 489
1551470 487
1551480 487
1551490 487
1551500 486
1551510 486
1551520 485
1551530 483
1551540 483
1551550 482
1551560 480
1551570 480
1551580 478
1551590 477
1551600 477
1551610 475
1551620 473
1551630 473
1551640 471
1551650 469
1551660 469
1551670 467
1551680 465
1551690 465
1551700 463
1551710 461
1551720 461
1551730 458
1551740 456
1551750 456
1551760 454
1551770 451
1551780 451
1551790 448
1551800 445
1551810 445
1551820 441
1551830 437
1551840 437
1551850 432
1551860 427
1551870 427
1551880 422
1551890 417
1551900 417
1551910 411
1551920 405
1551930 405
1551940 400
1551950 396
1551960 396
1551970 392
1551980 390
1551990 390
1552000 394
1552010 401
1552020 401
1552030 410
1552040 416
1552050 416
1552060 422
1552070 428
1552080 428
1552090 433
1552100 439
1552110 439
1552120 443
1552130 447
1552140 447
1552150 450
1552160 452
1552170 452
1552180 453
1552190 454
1552200 454
1552210 455
1552220 455
1552230 455
1552240 455
1552250 455
1552260 455
1552270 455
1552280 454
1552290 454
1552300 454
1552310 454
1552320 454
1552330 454
1552340 455
1552350 455
1552360 457
1552370 458
1552380 458
1552390 459
1552400 461
1552410 461
1552420 462
1552430 463
1552440 463
1552450 465
1552460 466
1552470 466
1552480 468
1552490 469
1552500 469
1552510 470
1552520 470
1552530 471
1552540 472
1552550 472
1552560 473
1552570 474
1552580 474
1552590 475
1552600 476
1552610 476
1552620 477
1552630 477
1552640 477
1552650 478
1552660 479
1552670 479
1552680 479
1552690 480
1552700 480
1552710 480
1552720 480
1552730 480
1552740 480
1552750 480
1552760 480
1552770 480
1552780 480
1552790 480
1552800 480
1552810 480
1552820 480
1552830 479
1552840 479
1552850 479
1552860 478
1552870 477
1552880 477
1552890 476
1552900 475
1552910 475
1552920 474
1552930 473
1552940 473
1552950 471
1552960 470
1552970 470
1552980 469
1552990 467
1553000 467
1553010 466
1553020 465
1553030 465
1553040 464
1553050 461
1553060 461
1553070 461
1553080 463
1553090 463
1553100 465
1553110 467
1553120 467
1553130 469
1553140 470
1553150 470
1553160 471
1553170 472
1553180 472
1553190 474
1553200 475
1553210 475
1553220 476
1553230 478
1553240 478
1553250 479
1553260 481
1553270 481
1553280 484
1553290 484
1553300 484
1553310 485
1553320 487
1553330 487
1553340 490
1553350 492
1553360 492
1553370 494
1553380 496
1553390 496
1553400 498
1553410 500
1553420 500
1553430 502
1553440 504
1553450 504
1553460 506
1553470 508
1553480 508
1553490 510
1553500 511
1553510 511
1553520 513
1553530 513
1553540 513
1553550 514
1553560 514
1553570 514
1553580 514
1553590 515
1553600 515
1553610 515
1553620 515
1553630 515
1553640 515
1553650 515
1553660 515
1553670 516
1553680 516
1553690 516
1553700 516
1553710 515
1553720 514
1553730 514
1553740 512
1553750 512
1553760 511
1553770 510
1553780 510
1553790 508
1553800 505
1553810 505
1553820 501
1553830 497
1553840 497
1553850 494
1553860 491
1553870 491
1553880 489
1553890 487
1553900 487
1553910 484
1553920 482
1553930 482
1553940 481
1553950 478
1553960 478
1553970 477
1553980 475
1553990 475
1554000 472
1554010 470
1554020 470
1554030 468
1554040 466
1554050 466
1554060 464
1554070 464
1554080 464
1554090 466
1554100 467
1554110 467
1554120 467
1554130 468
1554140 468
1554150 469
1554160 469
1554170 469
1554180 470
1554190 471
1554200 471
1554210 472
1554220 473
1554230 473
1554240 475
1554250 476
1554260 476
1554270 478
1554280 480
1554290 480
1554300 481
1554310 483
1554320 483
1554330 485
1554340 487
1554350 487
1554360 488
1554370 490
1554380 490
1554390 492
1554400 494
1554410 494
1554420 496
1554430 498
1554440 498
1554450 500
1554460 502
1554470 502
1554480 504
1554490 506
1554500 506
1554510 508
1554520 510
1554530 510
1554540 512
1554550 514
1554560 514
1554570 516
1554580 517
1554590 517
1554600 519
1554610 520
1554620 520
1554630 521
1554640 521
1554650 522
1554660 523
1554670 523
1554680 524
1554690 525
1554700 525
1554710 525
1554720 525
1554730 525
1554740 525
1554750 524
1554760 524
1554770 524
1554780 524
1554790 524
1554800 523
1554810 523
1554820 523
1554830 523
1554840 523
1554850 523
1554860 523
1554870 523
1554880 523
1554890 523
1554900 523
1554910 523
1554920 523
1554930 523
1554940 523
1554950 523
1554960 522
1554970 522
1554980 521
1554990 520
1555000 520
1555010 520
1555020 520
1555030 520
1555040 521
1555050 522
1555060 522
1555070 523
1555080 525
1555090 525
1555100 526
1555110 526
1555120 526
1555130 527
1555140 527
1555150 527
1555160 526
1555170 525
1555180 525
1555190 524
1555200 523
1555210 523
1555220 521
1555230 520
1555240 520
1555250 518
1555260 516
1555270 516
1555280 514
1555290 513
1555300 513
1555310 511
1555320 510
1555330 510
1555340 510
1555350 509
1555360 509
1555370 508
1555380 508
1555390 508
1555400 508
1555410 507
1555420 507
1555430 507
1555440 507
1555450 507
1555460 507
1555470 506
1555480 506
1555490 506
1555500 504
1555510 504
1555520 502
1555530 500
1555540 500
1555550 497
1555560 493
1555570 493
1555580 491
1555590 487
1555600 487
1555610 483
1555620 480
1555630 480
1555640 477
1555650 476
1555660 476
1555670 475
1555680 474
1555690 474
1555700 474
1555710 474
1555720 474
1555730 475
1555740 474
1555750 474
1555760 474
1555770 473
1555780 473
1555790 473
1555800 472
1555810 472
1555820 471
1555830 470
1555840 470
1555850 470
1555860 469
1555870 469
1555880 468
1555890 466
1555900 466
1555910 464
1555920 462
1555930 462
1555940 458
1555950 455
1555960 455
1555970 450
1555980 446
1555990 446
1556000 441
1556010 435
1556020 435
1556030 431
1556040 427
1556050 427
1556060 424
1556070 421
1556080 421
1556090 419
1556100 417
1556110 417
1556120 414
1556130 412
1556140 412
1556150 410
1556160 408
1556170 408
1556180 405
1556190 403
1556200 403
1556210 401
1556220 398
1556230 398
1556240 397
1556250 396
1556260 396
1556270 396
1556280 397
1556290 397
1556300 397
1556310 398
1556320 398
1556330 399
1556340 400
1556350 400
1556360 400
1556370 400
1556380 400
1556390 400
1556400 400
1556410 400
1556420 398
1556430 396
1556440 396
1556450 394
1556460 391
1556470 391
1556480 388
1556490 385
1556500 385
1556510 382
1556520 379
1556530 379
1556540 376
1556550 373
1556560 373
1556570 370
1556580 367
1556590 367
1556600 364
1556610 361
1556620 361
1556630 360
1556640 362
1556650 362
1556660 366
1556670 370
1556680 370
1556690 373
1556700 375
1556710 375
1556720 377
1556730 379
1556740 379
1556750 380
1556760 381
1556770 381
1556780 382
1556790 384
1556800 384
1556810 385
1556820 385
1556830 387
1556840 391
1556850 391
1556860 395
1556870 397
1556880 397
1556890 399
1556900 402
1556910 402
1556920 405
1556930 408
1556940 408
1556950 410
1556960 413
1556970 413
1556980 416
1556990 418
1557000 418
1557010 421
1557020 422
1557030 422
1557040 424
1557050 426
1557060 426
1557070 428
1557080 429
1557090 429
1557100 430
1557110 431
1557120 431
1557130 432
1557140 433
1557150 433
1557160 434
1557170 435
1557180 435
1557190 436
1557200 437
1557210 437
1557220 437
1557230 437
1557240 437
1557250 437
1557260 437
1557270 437
1557280 437
1557290 437
1557300 437
1557310 435
1557320 433
1557330 433
1557340 432
1557350 430
1557360 430
1557370 428
1557380 428
1557390 430
1557400 430
1557410 430
1557420 430
1557430 430
1557440 431
1557450 431
1557460 433
1557470 434
1557480 434
1557490 436
1557500 439
1557510 439
1557520 441
1557530 442
1557540 442
1557550 443
1557560 443
1557570 443
1557580 443
1557590 444
1557600 444
1557610 445
1557620 445
1557630 445
1557640 445
1557650 446
1557660 446
1557670 446
1557680 447
1557690 447
1557700 447
1557710 448
1557720 448
1557730 448
1557740 448
1557750 448
1557760 448
1557770 448
1557780 448
1557790 447
1557800 446
1557810 446
1557820 445
1557830 443
1557840 443
1557850 439
1557860 434
1557870 434
1557880 430
1557890 428
1557900 428
1557910 427
1557920 426
1557930 426
1557940 424
1557950 422
1557960 422
1557970 424
1557980 426
1557990 426
1558000 428
1558010 431
1558020 431
1558030 433
1558040 434
1558050 434
1558060 434
1558070 433
1558080 433
1558090 433
1558100 433
1558110 433
1558120 431
1558130 429
1558140 429
1558150 425
1558160 420
1558170 420
1558180 415
1558190 410
1558200 410
1558210 406
1558220 403
1558230 403
1558240 401
1558250 398
1558260 398
1558270 396
1558280 394
1558290 394
1558300 396
1558310 399
1558320 399
1558330 401
1558340 403
1558350 403
1558360 405
1558370 407
1558380 407
1558390 408
1558400 410
1558410 410
1558420 411
1558430 412
1558440 412
1558450 412
1558460 412
1558470 412
1558480 411
1558490 409
1558500 409
1558510 408
1558520 406
1558530 406
1558540 404
1558550 401
1558560 401
1558570 398
1558580 394
1558590 394
1558600 397
1558610 400
1558620 400
1558630 401
1558640 402
1558650 402
1558660 403
1558670 405
1558680 405
1558690 406
1558700 408
1558710 408
1558720 409
1558730 410
1558740 410
1558750 411
1558760 412
1558770 412
1558780 413
1558790 413
1558800 413
1558810 414
1558820 415
1558830 415
1558840 416
1558850 416
1558860 416
1558870 417
1558880 417
1558890 417
1558900 418
1558910 418
1558920 418
1558930 419
1558940 419
1558950 419
1558960 419
1558970 419
1558980 419
1558990 419
1559000 419
1559010 419
1559020 419
1559030 419
1559040 419
1559050 419
1559060 419
1559070 418
1559080 417
1559090 417
1559100 417
1559110 416
1559120 416
1559130 415
1559140 415
1559150 414
1559160 413
1559170 413
1559180 413
1559190 412
1559200 411
1559210 411
1559220 410
1559230 409
1559240 409
1559250 408
1559260 407
1559270 407
1559280 406
1559290 404
1559300 404
1559310 403
1559320 402
1559330 402
1559340 402
1559350 401
1559360 401
1559370 401
1559380 400
1559390 400
1559400 400
1559410 399
1559420 399
1559430 399
1559440 398
1559450 398
1559460 398
1559470 397
1559480 397
1559490 396
1559500 396
1559510 396
1559520 395
1559530 394
1559540 394
1559550 393
1559560 392
1559570 392
1559580 391
1559590 390
1559600 390
1559610 388
1559620 386
1559630 386
1559640 385
1559650 383
1559660 383
1559670 381
1559680 379
1559690 379
1559700 376
1559710 372
1559720 372
1559730 368
1559740 364
1559750 364
1559760 360
1559770 354
1559780 354
1559790 349
1559800 343
1559810 343
1559820 338
1559830 333
1559840 333
1559850 328
1559860 323
1559870 323
1559880 319
1559890 315
1559900 315
1559910 311
1559920 308
1559930 308
1559940 306
1559950 303
1559960 303
1559970 300
1559980 296
1559990 296
