1540000 539
1540010 540
1540020 540
1540030 541
1540040 542
1540050 542
1540060 542
1540070 543
1540080 543
1540090 543
1540100 544
1540110 544
1540120 545
1540130 545
1540140 545
1540150 546
1540160 547
1540170 547
1540180 548
1540190 548
1540200 548
1540210 549
1540220 549
1540230 549
1540240 550
1540250 550
1540260 550
1540270 551
1540280 552
1540290 552
1540300 552
1540310 553
1540320 553
1540330 553
1540340 554
1540350 554
1540360 554
1540370 554
1540380 554
1540390 555
1540400 555
1540410 555
1540420 555
1540430 555
1540440 555
1540450 556
1540460 556
1540470 556
1540480 556
1540490 556
1540500 556
1540510 556
1540520 556
1540530 556
1540540 556
1540550 556
1540560 556
1540570 556
1540580 556
1540590 556
1540600 556
1540610 557
1540620 557
1540630 557
1540640 557
1540650 557
1540660 557
1540670 557
1540680 557
1540690 558
1540700 558
1540710 558
1540720 559
1540730 559
1540740 559
1540750 559
1540760 560
1540770 560
1540780 560
1540790 560
1540800 560
1540810 560
1540820 561
1540830 561
1540840 561
1540850 562
1540860 562
1540870 563
1540880 563
1540890 563
1540900 563
1540910 564
1540920 564
1540930 564
1540940 565
1540950 565
1540960 565
1540970 566
1540980 566
1540990 566
1541000 566
1541010 566
1541020 567
1541030 567
1541040 567
1541050 567
1541060 568
1541070 568
1541080 568
1541090 569
1541100 569
1541110 569
1541120 569
1541130 569
1541140 570
1541150 570
1541160 570
1541170 570
1541180 571
1541190 571
1541200 571
1541210 572
1541220 572
1541230 572
1541240 572
1541250 572
1541260 573
1541270 573
1541280 573
1541290 573
1541300 573
1541310 573
1541320 573
1541330 574
1541340 574
1541350 574
1541360 575
1541370 575
1541380 575
1541390 575
1541400 575
1541410 576
1541420 576
1541430 576
1541440 575
1541450 575
1541460 575
1541470 576
1541480 576
1541490 577
1541500 577
1541510 577
1541520 578
1541530 578
1541540 578
1541550 579
1541560 579
1541570 579
1541580 579
1541590 579
1541600 579
1541610 579
1541620 579
1541630 579
1541640 580
1541650 580
1541660 580
1541670 580
1541680 580
1541690 580
1541700 581
1541710 581
1541720 581
1541730 581
1541740 581
1541750 581
1541760 582
1541770 582
1541780 582
1541790 582
1541800 582
1541810 582
1541820 581
1541830 580
1541840 580
1541850 579
1541860 577
1541870 577
1541880 575
1541890 573
1541900 573
1541910 572
1541920 572
1541930 572
1541940 572
1541950 572
1541960 572
1541970 572
1541980 573
1541990 573
1542000 575
1542010 576
1542020 576
1542030 578
1542040 579
1542050 579
1542060 580
1542070 580
1542080 580
1542090 581
1542100 582
1542110 582
1542120 582
1542130 583
1542140 583
1542150 584
1542160 584
1542170 584
1542180 584
1542190 585
1542200 585
1542210 585
1542220 586
1542230 586
1542240 586
1542250 586
1542260 586
1542270 587
1542280 587
1542290 587
1542300 588
1542310 588
1542320 588
1542330 588
1542340 589
1542350 589
1542360 589
1542370 588
1542380 588
1542390 588
1542400 588
1542410 588
1542420 588
1542430 587
1542440 587
1542450 586
1542460 586
1542470 586
1542480 586
1542490 586
1542500 586
1542510 587
1542520 588
1542530 588
1542540 589
1542550 589
1542560 589
1542570 590
1542580 590
1542590 590
1542600 590
1542610 590
1542620 590
1542630 591
1542640 591
1542650 591
1542660 591
1542670 590
1542680 590
1542690 590
1542700 589
1542710 589
1542720 588
1542730 587
1542740 587
1542750 587
1542760 587
1542770 587
1542780 588
1542790 589
1542800 589
1542810 589
1542820 590
1542830 590
1542840 591
1542850 592
1542860 592
1542870 593
1542880 594
1542890 594
1542900 596
1542910 597
1542920 597
1542930 598
1542940 600
1542950 600
1542960 601
1542970 602
1542980 602
1542990 603
1543000 604
1543010 604
1543020 605
1543030 606
1543040 606
1543050 607
1543060 608
1543070 608
1543080 609
1543090 609
1543100 609
1543110 610
1543120 611
1543130 611
1543140 612
1543150 612
1543160 612
1543170 613
1543180 613
1543190 613
1543200 614
1543210 614
1543220 614
1543230 615
1543240 615
1543250 615
1543260 615
1543270 615
1543280 615
1543290 615
1543300 616
1543310 616
1543320 616
1543330 616
1543340 616
1543350 616
1543360 616
1543370 616
1543380 616
1543390 617
1543400 616
1543410 617
1543420 617
1543430 617
1543440 617
1543450 617
1543460 616
1543470 616
1543480 616
1543490 616
1543500 616
1543510 616
1543520 616
1543530 617
1543540 617
1543550 617
1543560 618
1543570 618
1543580 618
1543590 619
1543600 619
1543610 619
1543620 619
1543630 619
1543640 620
1543650 620
1543660 620
1543670 620
1543680 621
1543690 621
1543700 622
1543710 622
1543720 622
1543730 623
1543740 623
1543750 623
1543760 623
1543770 624
1543780 624
1543790 624
1543800 624
1543810 624
1543820 625
1543830 626
1543840 626
1543850 626
1543860 627
1543870 627
1543880 627
1543890 627
1543900 627
1543910 628
1543920 628
1543930 628
1543940 629
1543950 629
1543960 629
1543970 629
1543980 629
1543990 629
1544000 629
1544010 629
1544020 629
1544030 629
1544040 629
1544050 629
1544060 629
1544070 629
1544080 629
1544090 629
1544100 629
1544110 629
1544120 628
1544130 628
1544140 628
1544150 627
1544160 626
1544170 626
1544180 625
1544190 624
1544200 624
1544210 622
1544220 621
1544230 621
1544240 620
1544250 619
1544260 619
1544270 618
1544280 617
1544290 617
1544300 616
1544310 614
1544320 614
1544330 613
1544340 612
1544350 612
1544360 612
1544370 611
1544380 611
1544390 610
1544400 609
1544410 609
1544420 608
1544430 607
1544440 607
1544450 606
1544460 604
1544470 604
1544480 603
1544490 602
1544500 602
1544510 601
1544520 600
1544530 600
1544540 599
1544550 598
1544560 598
1544570 597
1544580 595
1544590 595
1544600 593
1544610 591
1544620 591
1544630 590
1544640 588
1544650 588
1544660 586
1544670 585
1544680 585
1544690 584
1544700 582
1544710 582
1544720 580
1544730 578
1544740 578
1544750 576
1544760 573
1544770 573
1544780 569
1544790 565
1544800 565
1544810 563
1544820 561
1544830 561
1544840 560
1544850 559
1544860 559
1544870 559
1544880 560
1544890 560
1544900 560
1544910 560
1544920 560
1544930 560
1544940 560
1544950 560
1544960 559
1544970 558
1544980 558
1544990 557
1545000 556
1545010 556
1545020 555
1545030 554
1545040 554
1545050 553
1545060 552
1545070 552
1545080 551
1545090 549
1545100 549
1545110 547
1545120 543
1545130 543
1545140 539
1545150 536
1545160 536
1545170 535
1545180 537
1545190 537
1545200 540
1545210 543
1545220 543
1545230 544
1545240 544
1545250 544
1545260 542
1545270 540
1545280 540
1545290 538
1545300 536
1545310 536
1545320 534
1545330 532
1545340 532
1545350 529
1545360 526
1545370 526
1545380 523
1545390 521
1545400 521
1545410 518
1545420 518
1545430 515
1545440 512
1545450 512
1545460 508
1545470 505
1545480 505
1545490 501
1545500 495
1545510 495
1545520 488
1545530 481
1545540 481
1545550 473
1545560 467
1545570 469
1545580 463
1545590 457
1545600 457
1545610 452
1545620 450
1545630 450
1545640 452
1545650 453
1545660 453
1545670 453
1545680 452
1545690 452
1545700 450
1545710 452
1545720 452
1545730 454
1545740 456
1545750 456
1545760 458
1545770 460
1545780 460
1545790 462
1545800 465
1545810 465
1545820 467
1545830 470
1545840 470
1545850 474
1545860 476
1545870 476
1545880 479
1545890 481
1545900 481
1545910 482
1545920 483
1545930 483
1545940 482
1545950 479
1545960 479
1545970 475
1545980 471
1545990 471
1546000 468
1546010 465
1546020 465
1546030 462
1546040 462
1546050 462
1546060 467
1546070 473
1546080 473
1546090 478
1546100 484
1546110 484
1546120 490
1546130 495
1546140 495
1546150 500
1546160 504
1546170 504
1546180 508
1546190 512
1546200 512
1546210 514
1546220 515
1546230 515
1546240 515
1546250 516
1546260 516
1546270 516
1546280 516
1546290 516
1546300 516
1546310 515
1546320 515
1546330 513
1546340 511
1546350 511
1546360 508
1546370 504
1546380 504
1546390 502
1546400 498
1546410 498
1546420 496
1546430 493
1546440 493
1546450 491
1546460 489
1546470 489
1546480 487
1546490 485
1546500 485
1546510 483
1546520 482
1546530 482
1546540 480
1546550 478
1546560 478
1546570 475
1546580 473
1546590 473
1546600 470
1546610 467
1546620 467
1546630 464
1546640 460
1546650 460
1546660 456
1546670 452
1546680 452
1546690 448
1546700 444
1546710 444
1546720 440
1546730 435
1546740 435
1546750 432
1546760 429
1546770 429
1546780 428
1546790 426
1546800 426
1546810 424
1546820 423
1546830 423
1546840 422
1546850 421
1546860 421
1546870 420
1546880 420
1546890 420
1546900 419
1546910 417
1546920 417
1546930 415
1546940 414
1546950 414
1546960 412
1546970 411
1546980 411
1546990 409
1547000 408
1547010 408
1547020 407
1547030 406
1547040 406
1547050 405
1547060 405
1547070 405
1547080 405
1547090 404
1547100 404
1547110 403
1547120 402
1547130 402
1547140 401
1547150 401
1547160 401
1547170 400
1547180 400
1547190 400
1547200 399
1547210 399
1547220 399
1547230 400
1547240 400
1547250 400
1547260 401
1547270 401
1547280 401
1547290 401
1547300 403
1547310 403
1547320 404
1547330 406
1547340 406
1547350 407
1547360 409
1547370 409
1547380 410
1547390 410
1547400 411
1547410 413
1547420 413
1547430 414
1547440 415
1547450 415
1547460 417
1547470 417
1547480 417
1547490 417
1547500 417
1547510 417
1547520 418
1547530 419
1547540 419
1547550 420
1547560 421
1547570 421
1547580 421
1547590 421
1547600 421
1547610 421
1547620 421
1547630 421
1547640 421
1547650 421
1547660 421
1547670 419
1547680 418
1547690 418
1547700 417
1547710 416
1547720 416
1547730 413
1547740 408
1547750 408
1547760 407
1547770 407
1547780 407
1547790 408
1547800 409
1547810 409
1547820 410
1547830 413
1547840 413
1547850 417
1547860 422
1547870 422
1547880 426
1547890 429
1547900 429
1547910 432
1547920 434
1547930 434
1547940 437
1547950 439
1547960 439
1547970 441
1547980 443
1547990 443
1548000 445
1548010 447
1548020 447
1548030 449
1548040 450
1548050 450
1548060 452
1548070 453
1548080 453
1548090 455
1548100 456
1548110 456
1548120 457
1548130 458
1548140 458
1548150 459
1548160 460
1548170 460
1548180 461
1548190 462
1548200 462
1548210 462
1548220 463
1548230 463
1548240 464
1548250 464
1548260 464
1548270 465
1548280 465
1548290 465
1548300 466
1548310 466
1548320 466
1548330 466
1548340 467
1548350 467
1548360 467
1548370 467
1548380 467
1548390 467
1548400 467
1548410 467
1548420 468
1548430 468
1548440 468
1548450 468
1548460 468
1548470 468
1548480 468
1548490 468
1548500 468
1548510 468
1548520 468
1548530 468
1548540 468
1548550 468
1548560 468
1548570 468
1548580 468
1548590 468
1548600 469
1548610 469
1548620 469
1548630 470
1548640 471
1548650 471
1548660 473
1548670 474
1548680 474
1548690 476
1548700 477
1548710 477
1548720 478
1548730 480
1548740 480
1548750 481
1548760 482
1548770 482
1548780 483
1548790 484
1548800 484
1548810 485
1548820 485
1548830 485
1548840 486
1548850 486
1548860 486
1548870 487
1548880 487
1548890 487
1548900 487
1548910 487
1548920 487
1548930 486
1548940 486
1548950 486
1548960 486
1548970 487
1548980 487
1548990 491
1549000 494
1549010 494
1549020 496
1549030 499
1549040 499
1549050 502
1549060 505
1549070 505
1549080 507
1549090 511
1549100 511
1549110 513
1549120 515
1549130 515
1549140 517
1549150 519
1549160 519
1549170 520
1549180 522
1549190 522
1549200 524
1549210 525
1549220 525
1549230 527
1549240 529
1549250 529
1549260 530
1549270 532
1549280 532
1549290 533
1549300 535
1549310 535
1549320 536
1549330 537
1549340 537
1549350 538
1549360 538
1549370 540
1549380 541
1549390 541
1549400 542
1549410 543
1549420 543
1549430 543
1549440 544
1549450 544
1549460 545
1549470 546
1549480 546
1549490 546
1549500 547
1549510 547
1549520 548
1549530 548
1549540 548
1549550 548
1549560 548
1549570 548
1549580 549
1549590 549
1549600 549
1549610 549
1549620 549
1549630 549
1549640 548
1549650 548
1549660 548
1549670 548
1549680 548
1549690 548
1549700 547
1549710 546
1549720 546
1549730 545
1549740 544
1549750 544
1549760 543
1549770 543
1549780 543
1549790 542
1549800 541
1549810 541
1549820 541
1549830 540
1549840 540
1549850 540
1549860 539
1549870 539
1549880 538
1549890 538
1549900 538
1549910 537
1549920 536
1549930 536
1549940 535
1549950 534
1549960 534
1549970 533
1549980 532
1549990 532
1550000 532
1550010 532
1550020 532
1550030 531
1550040 531
1550050 531
1550060 530
1550070 529
1550080 529
1550090 529
1550100 528
1550110 528
1550120 528
1550130 528
1550140 528
1550150 528
1550160 528
1550170 528
1550180 528
1550190 528
1550200 528
1550210 529
1550220 529
1550230 529
1550240 529
1550250 529
1550260 529
1550270 529
1550280 529
1550290 529
1550300 528
1550310 528
1550320 528
1550330 528
1550340 528
1550350 528
1550360 527
1550370 527
1550380 527
1550390 526
1550400 525
1550410 525
1550420 525
1550430 524
1550440 524
1550450 524
1550460 523
1550470 523
1550480 523
1550490 522
1550500 522
1550510 521
1550520 521
1550530 521
1550540 520
1550550 520
1550560 520
1550570 520
1550580 519
1550590 519
1550600 519
1550610 519
1550620 519
1550630 518
1550640 517
1550650 517
1550660 514
1550670 509
1550680 509
1550690 506
1550700 503
1550710 503
1550720 501
1550730 500
1550740 500
1550750 498
1550760 499
1550770 499
1550780 498
1550790 497
1550800 497
1550810 496
1550820 495
1550830 495
1550840 493
1550850 491
1550860 491
1550870 489
1550880 487
1550890 487
1550900 484
1550910 481
1550920 481
1550930 478
1550940 473
1550950 473
1550960 468
1550970 464
1550980 464
1550990 461
1551000 457
1551010 457
1551020 454
1551030 451
1551040 451
1551050 449
1551060 445
1551070 445
1551080 440
1551090 436
1551100 436
1551110 432
1551120 427
1551130 427
1551140 422
1551150 416
1551160 416
1551170 411
1551180 407
1551190 407
1551200 403
1551210 399
1551220 399
1551230 395
1551240 391
1551250 391
1551260 388
1551270 384
1551280 384
1551290 379
1551300 374
1551310 374
1551320 370
1551330 370
1551340 366
1551350 361
1551360 361
1551370 357
1551380 354
1551390 354
1551400 350
1551410 347
1551420 347
1551430 344
1551440 341
1551450 341
1551460 337
1551470 334
1551480 334
1551490 330
1551500 328
1551510 328
1551520 325
1551530 323
1551540 323
1551550 322
1551560 321
1551570 321
1551580 321
1551590 319
1551600 319
1551610 316
1551620 311
1551630 311
1551640 307
1551650 301
1551660 301
1551670 296
1551680 287
1551690 287
1551700 284
1551710 283
1551720 283
1551730 282
1551740 282
1551750 282
1551760 282
1551770 282
1551780 282
1551790 282
1551800 281
1551810 281
1551820 281
1551830 281
1551840 281
1551850 280
1551860 280
1551870 280
1551880 280
1551890 280
1551900 280
1551910 280
1551920 280
1551930 280
1551940 280
1551950 280
1551960 280
1551970 280
1551980 280
1551990 280
1552000 280
1552010 280
1552020 280
1552030 280
1552040 280
1552050 280
1552060 280
1552070 280
1552080 280
1552090 280
1552100 280
1552110 280
1552120 280
1552130 280
1552140 280
1552150 280
1552160 280
1552170 280
1552180 280
1552190 280
1552200 280
1552210 281
1552220 282
1552230 282
1552240 282
1552250 283
1552260 283
1552270 284
1552280 286
1552290 286
1552300 289
1552310 292
1552320 292
1552330 293
1552340 295
1552350 295
1552360 299
1552370 303
1552380 303
1552390 306
1552400 308
1552410 308
1552420 311
1552430 314
1552440 314
1552450 315
1552460 318
1552470 318
1552480 319
1552490 321
1552500 321
1552510 323
1552520 325
1552530 325
1552540 328
1552550 331
1552560 331
1552570 333
1552580 336
1552590 336
1552600 338
1552610 341
1552620 341
1552630 343
1552640 345
1552650 345
1552660 348
1552670 350
1552680 350
1552690 353
1552700 355
1552710 355
1552720 358
1552730 360
1552740 360
1552750 363
1552760 365
1552770 365
1552780 367
1552790 369
1552800 369
1552810 370
1552820 372
1552830 372
1552840 374
1552850 376
1552860 376
1552870 379
1552880 382
1552890 382
1552900 384
1552910 386
1552920 386
1552930 388
1552940 390
1552950 390
1552960 393
1552970 396
1552980 396
1552990 400
1553000 403
1553010 403
1553020 407
1553030 411
1553040 411
1553050 415
1553060 419
1553070 419
1553080 423
1553090 427
1553100 427
1553110 431
1553120 435
1553130 435
1553140 440
1553150 446
1553160 446
1553170 452
1553180 461
1553190 461
1553200 472
1553210 477
1553220 477
1553230 482
1553240 488
1553250 488
1553260 494
1553270 500
1553280 500
1553290 504
1553300 504
1553310 504
1553320 503
1553330 503
1553340 502
1553350 500
1553360 500
1553370 498
1553380 496
1553390 496
1553400 498
1553410 499
1553420 499
1553430 500
1553440 500
1553450 500
1553460 500
1553470 500
1553480 500
1553490 500
1553500 500
1553510 500
1553520 500
1553530 500
1553540 500
1553550 500
1553560 499
1553570 499
1553580 499
1553590 499
1553600 498
1553610 498
1553620 498
1553630 498
1553640 498
1553650 498
1553660 498
1553670 499
1553680 499
1553690 499
1553700 500
1553710 501
1553720 501
1553730 501
1553740 502
1553750 502
1553760 503
1553770 504
1553780 504
1553790 505
1553800 506
1553810 506
1553820 507
1553830 508
1553840 508
1553850 509
1553860 511
1553870 511
1553880 512
1553890 513
1553900 513
1553910 514
1553920 516
1553930 516
1553940 517
1553950 518
1553960 518
1553970 519
1553980 521
1553990 521
1554000 522
1554010 524
1554020 524
1554030 525
1554040 525
1554050 525
1554060 527
1554070 528
1554080 528
1554090 529
1554100 530
1554110 530
1554120 531
1554130 532
1554140 532
1554150 532
1554160 533
1554170 533
1554180 533
1554190 532
1554200 532
1554210 532
1554220 530
1554230 530
1554240 529
1554250 528
1554260 528
1554270 527
1554280 526
1554290 526
1554300 526
1554310 525
1554320 525
1554330 525
1554340 524
1554350 524
1554360 524
1554370 524
1554380 524
1554390 524
1554400 524
1554410 524
1554420 525
1554430 525
1554440 525
1554450 525
1554460 525
1554470 525
1554480 525
1554490 524
1554500 524
1554510 523
1554520 523
1554530 523
1554540 522
1554550 522
1554560 522
1554570 522
1554580 522
1554590 522
1554600 521
1554610 521
1554620 521
1554630 521
1554640 521
1554650 521
1554660 521
1554670 521
1554680 521
1554690 522
1554700 523
1554710 523
1554720 524
1554730 524
1554740 524
1554750 525
1554760 526
1554770 526
1554780 527
1554790 528
1554800 528
1554810 529
1554820 530
1554830 530
1554840 530
1554850 531
1554860 531
1554870 530
1554880 530
1554890 530
1554900 529
1554910 529
1554920 529
1554930 528
1554940 528
1554950 528
1554960 527
1554970 527
1554980 527
1554990 526
1555000 525
1555010 525
1555020 523
1555030 521
1555040 521
1555050 518
1555060 516
1555070 516
1555080 514
1555090 512
1555100 512
1555110 510
1555120 509
1555130 509
1555140 508
1555150 507
1555160 507
1555170 506
1555180 505
1555190 505
1555200 505
1555210 505
1555220 505
1555230 504
1555240 504
1555250 504
1555260 505
1555270 505
1555280 505
1555290 505
1555300 505
1555310 505
1555320 505
1555330 505
1555340 505
1555350 505
1555360 505
1555370 504
1555380 503
1555390 503
1555400 501
1555410 500
1555420 500
1555430 499
1555440 498
1555450 496
1555460 495
1555470 494
1555480 494
1555490 493
1555500 493
1555510 493
1555520 491
1555530 490
1555540 490
1555550 488
1555560 487
1555570 487
1555580 486
1555590 484
1555600 484
1555610 482
1555620 481
1555630 481
1555640 479
1555650 477
1555660 477
1555670 475
1555680 472
1555690 472
1555700 470
1555710 467
1555720 467
1555730 464
1555740 461
1555750 461
1555760 457
1555770 454
1555780 454
1555790 450
1555800 446
1555810 446
1555820 443
1555830 440
1555840 440
1555850 436
1555860 433
1555870 433
1555880 429
1555890 427
1555900 427
1555910 426
1555920 427
1555930 427
1555940 426
1555950 423
1555960 423
1555970 419
1555980 416
1555990 416
1556000 418
1556010 421
1556020 421
1556030 425
1556040 428
1556050 428
1556060 431
1556070 433
1556080 433
1556090 436
1556100 439
1556110 439
1556120 441
1556130 443
1556140 443
1556150 445
1556160 447
1556170 447
1556180 449
1556190 451
1556200 451
1556210 453
1556220 455
1556230 455
1556240 457
1556250 458
1556260 458
1556270 460
1556280 461
1556290 461
1556300 463
1556310 464
1556320 464
1556330 465
1556340 466
1556350 466
1556360 466
1556370 467
1556380 467
1556390 467
1556400 468
1556410 468
1556420 468
1556430 469
1556440 469
1556450 469
1556460 469
1556470 469
1556480 469
1556490 470
1556500 470
1556510 470
1556520 470
1556530 470
1556540 470
1556550 469
1556560 469
1556570 468
1556580 468
1556590 468
1556600 467
1556610 466
1556620 466
1556630 465
1556640 466
1556650 466
1556660 468
1556670 470
1556680 470
1556690 471
1556700 474
1556710 474
1556720 476
1556730 478
1556740 478
1556750 479
1556760 480
1556770 480
1556780 481
1556790 481
1556800 481
1556810 482
1556820 482
1556830 482
1556840 482
1556850 483
1556860 483
1556870 483
1556880 484
1556890 484
1556900 484
1556910 484
1556920 484
1556930 483
1556940 483
1556950 483
1556960 483
1556970 483
1556980 483
1556990 482
1557000 482
1557010 482
1557020 481
1557030 481
1557040 481
1557050 480
1557060 479
1557070 479
1557080 479
1557090 479
1557100 479
1557110 478
1557120 478
1557130 478
1557140 478
1557150 479
1557160 479
1557170 479
1557180 479
1557190 479
1557200 478
1557210 478
1557220 478
1557230 477
1557240 477
1557250 477
1557260 479
1557270 479
1557280 479
1557290 479
1557300 479
1557310 478
1557320 478
1557330 478
1557340 478
1557350 478
1557360 478
1557370 478
1557380 478
1557390 478
1557400 478
1557410 477
1557420 477
1557430 477
1557440 476
1557450 476
1557460 476
1557470 475
1557480 475
1557490 474
1557500 474
1557510 474
1557520 472
1557530 470
1557540 470
1557550 469
1557560 468
1557570 468
1557580 467
1557590 466
1557600 466
1557610 466
1557620 466
1557630 466
1557640 467
1557650 468
1557660 468
1557670 468
1557680 468
1557690 468
1557700 468
1557710 468
1557720 468
1557730 468
1557740 468
1557750 468
1557760 469
1557770 469
1557780 469
1557790 469
1557800 469
1557810 469
1557820 469
1557830 469
1557840 469
1557850 468
1557860 468
1557870 468
1557880 468
1557890 468
1557900 468
1557910 468
1557920 468
1557930 468
1557940 467
1557950 467
1557960 467
1557970 466
1557980 466
1557990 466
1558000 465
1558010 464
1558020 464
1558030 464
1558040 463
1558050 463
1558060 462
1558070 460
1558080 460
1558090 459
1558100 458
1558110 458
1558120 456
1558130 454
1558140 454
1558150 453
1558160 451
1558170 451
1558180 449
1558190 446
1558200 446
1558210 443
1558220 441
1558230 441
1558240 438
1558250 437
1558260 437
1558270 435
1558280 433
1558290 433
1558300 431
1558310 429
1558320 429
1558330 427
1558340 425
1558350 425
1558360 423
1558370 420
1558380 420
1558390 416
1558400 412
1558410 412
1558420 407
1558430 400
1558440 400
1558450 394
1558460 389
1558470 389
1558480 388
1558490 389
1558500 389
1558510 391
1558520 392
1558530 392
1558540 394
1558550 396
1558560 396
1558570 399
1558580 401
1558590 401
1558600 402
1558610 401
1558620 401
1558630 399
1558640 398
1558650 398
1558660 397
1558670 396
1558680 396
1558690 395
1558700 393
1558710 393
1558720 390
1558730 386
1558740 386
1558750 382
1558760 377
1558770 377
1558780 371
1558790 366
1558800 366
1558810 361
1558820 356
1558830 356
1558840 351
1558850 345
1558860 345
1558870 339
1558880 334
1558890 334
1558900 327
1558910 320
1558920 320
1558930 315
1558940 309
1558950 309
1558960 304
1558970 298
1558980 298
1558990 294
1559000 289
1559010 289
1559020 282
1559030 280
1559040 280
1559050 280
1559060 280
1559070 280
1559080 280
1559090 280
1559100 280
1559110 280
1559120 280
1559130 280
1559140 280
1559150 280
1559160 280
1559170 280
1559180 280
1559190 280
1559200 280
1559210 280
1559220 280
1559230 280
1559240 280
1559250 280
1559260 280
1559270 280
1559280 280
1559290 280
1559300 280
1559310 280
1559320 280
1559330 280
1559340 280
1559350 280
1559360 280
1559370 280
1559380 280
1559390 280
1559400 280
1559410 280
1559420 280
1559430 280
1559440 280
1559450 280
1559460 280
1559470 280
1559480 280
1559490 280
1559500 280
1559510 280
1559520 280
1559530 280
1559540 280
1559550 280
1559560 280
1559570 280
1559580 280
1559590 280
1559600 280
1559610 280
1559620 280
1559630 280
1559640 280
1559650 280
1559660 280
1559670 281
1559680 282
1559690 282
1559700 284
1559710 288
1559720 288
1559730 293
1559740 299
1559750 299
1559760 305
1559770 310
1559780 310
1559790 315
1559800 320
1559810 320
1559820 326
1559830 332
1559840 332
1559850 338
1559860 344
1559870 344
1559880 349
1559890 354
1559900 354
1559910 358
1559920 361
1559930 361
1559940 364
1559950 366
1559960 366
1559970 368
1559980 367
1559990 367
