1540000 557
1540010 557
1540020 558
1540030 560
1540040 560
1540050 561
1540060 563
1540070 563
1540080 564
1540090 566
1540100 566
1540110 567
1540120 569
1540130 569
1540140 570
1540150 571
1540160 571
1540170 572
1540180 573
1540190 573
1540200 574
1540210 575
1540220 575
1540230 576
1540240 577
1540250 577
1540260 578
1540270 579
1540280 579
1540290 580
1540300 581
1540310 581
1540320 582
1540330 584
1540340 584
1540350 585
1540360 586
1540370 586
1540380 587
1540390 588
1540400 588
1540410 590
1540420 591
1540430 591
1540440 592
1540450 592
1540460 592
1540470 593
1540480 594
1540490 594
1540500 586
1540510 584
1540520 584
1540530 588
1540540 588
1540550 588
1540560 584
1540570 581
1540580 581
1540590 580
1540600 579
1540610 579
1540620 579
1540630 579
1540640 579
1540650 578
1540660 578
1540670 578
1540680 579
1540690 581
1540700 581
1540710 583
1540720 584
1540730 584
1540740 586
1540750 587
1540760 587
1540770 588
1540780 590
1540790 590
1540800 591
1540810 593
1540820 593
1540830 594
1540840 596
1540850 596
1540860 597
1540870 598
1540880 598
1540890 599
1540900 600
1540910 600
1540920 601
1540930 602
1540940 602
1540950 602
1540960 603
1540970 603
1540980 604
1540990 604
1541000 604
1541010 604
1541020 604
1541030 604
1541040 603
1541050 602
1541060 602
1541070 600
1541080 599
1541090 599
1541100 598
1541110 597
1541120 597
1541130 595
1541140 595
1541150 594
1541160 592
1541170 592
1541180 591
1541190 590
1541200 590
1541210 589
1541220 589
1541230 589
1541240 589
1541250 590
1541260 590
1541270 590
1541280 591
1541290 591
1541300 591
1541310 591
1541320 591
1541330 590
1541340 590
1541350 590
1541360 590
1541370 590
1541380 590
1541390 590
1541400 590
1541410 590
1541420 591
1541430 591
1541440 591
1541450 591
1541460 592
1541470 592
1541480 592
1541490 592
1541500 592
1541510 593
1541520 593
1541530 593
1541540 593
1541550 593
1541560 593
1541570 592
1541580 592
1541590 592
1541600 592
1541610 592
1541620 592
1541630 592
1541640 592
1541650 592
1541660 591
1541670 591
1541680 591
1541690 591
1541700 591
1541710 591
1541720 591
1541730 591
1541740 591
1541750 590
1541760 590
1541770 590
1541780 589
1541790 588
1541800 588
1541810 588
1541820 587
1541830 587
1541840 586
1541850 585
1541860 585
1541870 584
1541880 583
1541890 583
1541900 583
1541910 582
1541920 582
1541930 581
1541940 580
1541950 580
1541960 578
1541970 575
1541980 575
1541990 572
1542000 569
1542010 569
1542020 567
1542030 566
1542040 566
1542050 566
1542060 567
1542070 567
1542080 567
1542090 566
1542100 566
1542110 565
1542120 563
1542130 563
1542140 561
1542150 557
1542160 557
1542170 554
1542180 553
1542190 553
1542200 552
1542210 550
1542220 550
1542230 549
1542240 549
1542250 549
1542260 550
1542270 550
1542280 550
1542290 550
1542300 550
1542310 550
1542320 549
1542330 548
1542340 548
1542350 547
1542360 545
1542370 545
1542380 544
1542390 543
1542400 543
1542410 542
1542420 541
1542430 541
1542440 540
1542450 538
1542460 538
1542470 536
1542480 534
1542490 534
1542500 532
1542510 529
1542520 529
1542530 527
1542540 525
1542550 525
1542560 522
1542570 519
1542580 519
1542590 516
1542600 513
1542610 513
1542620 510
1542630 507
1542640 507
1542650 503
1542660 500
1542670 500
1542680 497
1542690 493
1542700 493
1542710 488
1542720 485
1542730 485
1542740 482
1542750 479
1542760 479
1542770 476
1542780 474
1542790 474
1542800 472
1542810 470
1542820 470
1542830 468
1542840 466
1542850 466
1542860 464
1542870 464
1542880 461
1542890 458
1542900 458
1542910 454
1542920 448
1542930 448
1542940 441
1542950 434
1542960 434
1542970 427
1542980 420
1542990 420
1543000 413
1543010 407
1543020 407
1543030 400
1543040 394
1543050 394
1543060 388
1543070 383
1543080 383
1543090 379
1543100 380
1543110 380
1543120 377
1543130 379
1543140 379
1543150 381
1543160 382
1543170 382
1543180 383
1543190 383
1543200 383
1543210 382
1543220 381
1543230 381
1543240 379
1543250 377
1543260 377
1543270 376
1543280 375
1543290 375
1543300 373
1543310 371
1543320 371
1543330 368
1543340 367
1543350 367
1543360 366
1543370 365
1543380 365
1543390 364
1543400 362
1543410 362
1543420 360
1543430 358
1543440 358
1543450 356
1543460 354
1543470 354
1543480 352
1543490 351
1543500 351
1543510 348
1543520 345
1543530 345
1543540 340
1543550 335
1543560 335
1543570 331
1543580 329
1543590 329
1543600 327
1543610 328
1543620 328
1543630 331
1543640 338
1543650 338
1543660 346
1543670 352
1543680 352
1543690 353
1543700 353
1543710 353
1543720 352
1543730 350
1543740 350
1543750 349
1543760 349
1543770 349
1543780 350
1543790 351
1543800 351
1543810 353
1543820 356
1543830 356
1543840 359
1543850 361
1543860 361
1543870 362
1543880 363
1543890 363
1543900 363
1543910 364
1543920 364
1543930 364
1543940 363
1543950 363
1543960 363
1543970 357
1543980 357
1543990 350
1544000 344
1544010 344
1544020 339
1544030 335
1544040 335
1544050 332
1544060 329
1544070 329
1544080 326
1544090 325
1544100 325
1544110 324
1544120 321
1544130 321
1544140 318
1544150 315
1544160 315
1544170 312
1544180 308
1544190 308
1544200 306
1544210 303
1544220 303
1544230 300
1544240 296
1544250 296
1544260 292
1544270 291
1544280 291
1544290 291
1544300 291
1544310 291
1544320 291
1544330 292
1544340 292
1544350 293
1544360 297
1544370 297
1544380 302
1544390 307
1544400 307
1544410 313
1544420 321
1544430 321
1544440 329
1544450 338
1544460 338
1544470 347
1544480 353
1544490 353
1544500 357
1544510 360
1544520 360
1544530 364
1544540 368
1544550 368
1544560 373
1544570 379
1544580 379
1544590 385
1544600 385
1544610 392
1544620 400
1544630 400
1544640 406
1544650 412
1544660 412
1544670 415
1544680 419
1544690 419
1544700 423
1544710 428
1544720 428
1544730 434
1544740 441
1544750 441
1544760 447
1544770 453
1544780 453
1544790 458
1544800 462
1544810 462
1544820 468
1544830 472
1544840 472
1544850 476
1544860 478
1544870 478
1544880 481
1544890 483
1544900 483
1544910 485
1544920 487
1544930 487
1544940 488
1544950 489
1544960 489
1544970 491
1544980 492
1544990 492
1545000 493
1545010 493
1545020 493
1545030 494
1545040 494
1545050 494
1545060 493
1545070 493
1545080 493
1545090 492
1545100 491
1545110 491
1545120 491
1545130 491
1545140 491
1545150 490
1545160 489
1545170 489
1545180 487
1545190 486
1545200 486
1545210 485
1545220 484
1545230 484
1545240 484
1545250 484
1545260 484
1545270 483
1545280 483
1545290 483
1545300 480
1545310 478
1545320 478
1545330 477
1545340 476
1545350 476
1545360 475
1545370 475
1545380 475
1545390 474
1545400 473
1545410 473
1545420 473
1545430 473
1545440 473
1545450 473
1545460 474
1545470 474
1545480 474
1545490 474
1545500 474
1545510 474
1545520 474
1545530 474
1545540 475
1545550 475
1545560 475
1545570 476
1545580 477
1545590 477
1545600 477
1545610 479
1545620 479
1545630 480
1545640 481
1545650 481
1545660 482
1545670 484
1545680 484
1545690 485
1545700 486
1545710 486
1545720 488
1545730 489
1545740 489
1545750 490
1545760 491
1545770 491
1545780 491
1545790 492
1545800 492
1545810 493
1545820 494
1545830 494
1545840 495
1545850 496
1545860 496
1545870 496
1545880 497
1545890 497
1545900 498
1545910 498
1545920 498
1545930 499
1545940 500
1545950 500
1545960 500
1545970 500
1545980 500
1545990 501
1546000 501
1546010 501
1546020 501
1546030 501
1546040 501
1546050 501
1546060 501
1546070 501
1546080 501
1546090 500
1546100 500
1546110 500
1546120 500
1546130 500
1546140 499
1546150 499
1546160 499
1546170 498
1546180 498
1546190 498
1546200 497
1546210 497
1546220 497
1546230 496
1546240 495
1546250 495
1546260 495
1546270 494
1546280 494
1546290 493
1546300 493
1546310 493
1546320 492
1546330 492
1546340 492
1546350 492
1546360 492
1546370 492
1546380 492
1546390 492
1546400 492
1546410 492
1546420 492
1546430 493
1546440 493
1546450 493
1546460 494
1546470 494
1546480 494
1546490 494
1546500 495
1546510 495
1546520 495
1546530 495
1546540 495
1546550 495
1546560 496
1546570 496
1546580 496
1546590 496
1546600 496
1546610 496
1546620 496
1546630 496
1546640 496
1546650 497
1546660 497
1546670 497
1546680 497
1546690 497
1546700 497
1546710 497
1546720 497
1546730 497
1546740 497
1546750 497
1546760 496
1546770 496
1546780 496
1546790 496
1546800 496
1546810 496
1546820 495
1546830 495
1546840 495
1546850 495
1546860 494
1546870 494
1546880 494
1546890 494
1546900 494
1546910 493
1546920 492
1546930 492
1546940 492
1546950 492
1546960 492
1546970 491
1546980 491
1546990 491
1547000 490
1547010 490
1547020 490
1547030 490
1547040 489
1547050 489
1547060 489
1547070 488
1547080 488
1547090 488
1547100 487
1547110 487
1547120 487
1547130 486
1547140 486
1547150 485
1547160 485
1547170 485
1547180 484
1547190 483
1547200 483
1547210 482
1547220 481
1547230 481
1547240 481
1547250 480
1547260 480
1547270 480
1547280 480
1547290 480
1547300 479
1547310 479
1547320 479
1547330 479
1547340 479
1547350 479
1547360 478
1547370 478
1547380 478
1547390 478
1547400 477
1547410 477
1547420 476
1547430 476
1547440 476
1547450 475
1547460 475
1547470 475
1547480 474
1547490 474
1547500 474
1547510 474
1547520 473
1547530 473
1547540 473
1547550 472
1547560 472
1547570 472
1547580 472
1547590 472
1547600 472
1547610 472
1547620 472
1547630 473
1547640 472
1547650 472
1547660 472
1547670 470
1547680 470
1547690 468
1547700 466
1547710 466
1547720 465
1547730 463
1547740 463
1547750 463
1547760 465
1547770 465
1547780 467
1547790 469
1547800 469
1547810 471
1547820 472
1547830 472
1547840 472
1547850 472
1547860 472
1547870 469
1547880 466
1547890 466
1547900 464
1547910 465
1547920 465
1547930 469
1547940 472
1547950 472
1547960 475
1547970 478
1547980 478
1547990 480
1548000 481
1548010 481
1548020 482
1548030 482
1548040 483
1548050 483
1548060 483
1548070 483
1548080 482
1548090 482
1548100 482
1548110 482
1548120 482
1548130 483
1548140 483
1548150 483
1548160 483
1548170 483
1548180 483
1548190 484
1548200 484
1548210 484
1548220 484
1548230 485
1548240 485
1548250 485
1548260 486
1548270 486
1548280 486
1548290 487
1548300 487
1548310 487
1548320 488
1548330 488
1548340 488
1548350 489
1548360 489
1548370 489
1548380 490
1548390 490
1548400 490
1548410 491
1548420 491
1548430 491
1548440 492
1548450 492
1548460 492
1548470 493
1548480 493
1548490 493
1548500 494
1548510 494
1548520 494
1548530 495
1548540 495
1548550 495
1548560 496
1548570 496
1548580 496
1548590 497
1548600 497
1548610 497
1548620 498
1548630 498
1548640 499
1548650 499
1548660 499
1548670 500
1548680 500
1548690 500
1548700 501
1548710 501
1548720 501
1548730 502
1548740 503
1548750 503
1548760 503
1548770 504
1548780 504
1548790 504
1548800 505
1548810 505
1548820 505
1548830 506
1548840 506
1548850 507
1548860 507
1548870 507
1548880 508
1548890 508
1548900 508
1548910 509
1548920 509
1548930 509
1548940 510
1548950 510
1548960 510
1548970 511
1548980 511
1548990 511
1549000 512
1549010 512
1549020 512
1549030 512
1549040 513
1549050 513
1549060 513
1549070 513
1549080 513
1549090 513
1549100 513
1549110 513
1549120 513
1549130 512
1549140 512
1549150 512
1549160 511
1549170 511
1549180 510
1549190 508
1549200 508
1549210 507
1549220 506
1549230 506
1549240 504
1549250 502
1549260 502
1549270 500
1549280 498
1549290 498
1549300 496
1549310 492
1549320 492
1549330 487
1549340 484
1549350 484
1549360 479
1549370 475
1549380 475
1549390 470
1549400 466
1549410 466
1549420 462
1549430 458
1549440 458
1549450 456
1549460 453
1549470 453
1549480 450
1549490 446
1549500 446
1549510 441
1549520 435
1549530 435
1549540 430
1549550 425
1549560 425
1549570 420
1549580 414
1549590 414
1549600 407
1549610 398
1549620 398
1549630 389
1549640 383
1549650 383
1549660 377
1549670 371
1549680 371
1549690 364
1549700 357
1549710 357
1549720 351
1549730 345
1549740 345
1549750 338
1549760 338
1549770 332
1549780 326
1549790 326
1549800 319
1549810 312
1549820 312
1549830 305
1549840 299
1549850 299
1549860 295
1549870 290
1549880 290
1549890 287
1549900 283
1549910 283
1549920 282
1549930 282
1549940 282
1549950 282
1549960 281
1549970 281
1549980 280
1549990 280
1550000 280
1550010 280
1550020 280
1550030 280
1550040 280
1550050 280
1550060 280
1550070 280
1550080 280
1550090 280
1550100 280
1550110 280
1550120 280
1550130 280
1550140 280
1550150 280
1550160 280
1550170 280
1550180 280
1550190 280
1550200 280
1550210 280
1550220 280
1550230 280
1550240 280
1550250 280
1550260 280
1550270 280
1550280 280
1550290 280
1550300 280
1550310 280
1550320 280
1550330 280
1550340 280
1550350 280
1550360 280
1550370 281
1550380 285
1550390 285
1550400 293
1550410 300
1550420 300
1550430 307
1550440 316
1550450 316
1550460 324
1550470 333
1550480 333
1550490 341
1550500 349
1550510 349
1550520 356
1550530 363
1550540 363
1550550 369
1550560 375
1550570 375
1550580 381
1550590 389
1550600 389
1550610 396
1550620 404
1550630 404
1550640 412
1550650 421
1550660 421
1550670 429
1550680 437
1550690 437
1550700 446
1550710 456
1550720 456
1550730 466
1550740 476
1550750 476
1550760 486
1550770 499
1550780 499
1550790 509
1550800 516
1550810 516
1550820 520
1550830 524
1550840 524
1550850 526
1550860 528
1550870 528
1550880 529
1550890 530
1550900 530
1550910 530
1550920 530
1550930 530
1550940 530
1550950 529
1550960 529
1550970 529
1550980 529
1550990 529
1551000 528
1551010 528
1551020 528
1551030 528
1551040 528
1551050 528
1551060 527
1551070 527
1551080 527
1551090 527
1551100 528
1551110 528
1551120 528
1551130 528
1551140 528
1551150 529
1551160 529
1551170 529
1551180 529
1551190 529
1551200 529
1551210 529
1551220 529
1551230 529
1551240 529
1551250 529
1551260 529
1551270 529
1551280 529
1551290 529
1551300 529
1551310 529
1551320 529
1551330 528
1551340 528
1551350 528
1551360 528
1551370 528
1551380 528
1551390 527
1551400 527
1551410 527
1551420 526
1551430 526
1551440 526
1551450 525
1551460 525
1551470 525
1551480 524
1551490 524
1551500 523
1551510 523
1551520 523
1551530 522
1551540 522
1551550 522
1551560 521
1551570 521
1551580 521
1551590 520
1551600 520
1551610 520
1551620 519
1551630 519
1551640 519
1551650 518
1551660 518
1551670 518
1551680 517
1551690 517
1551700 517
1551710 516
1551720 515
1551730 515
1551740 515
1551750 514
1551760 514
1551770 513
1551780 511
1551790 511
1551800 510
1551810 509
1551820 509
1551830 508
1551840 508
1551850 508
1551860 507
1551870 506
1551880 506
1551890 505
1551900 504
1551910 504
1551920 503
1551930 502
1551940 502
1551950 501
1551960 500
1551970 500
1551980 499
1551990 498
1552000 498
1552010 496
1552020 495
1552030 495
1552040 493
1552050 492
1552060 492
1552070 490
1552080 489
1552090 489
1552100 488
1552110 486
1552120 486
1552130 484
1552140 483
1552150 483
1552160 481
1552170 479
1552180 479
1552190 475
1552200 472
1552210 472
1552220 469
1552230 466
1552240 466
1552250 463
1552260 460
1552270 460
1552280 457
1552290 453
1552300 453
1552310 449
1552320 446
1552330 446
1552340 443
1552350 440
1552360 440
1552370 438
1552380 436
1552390 436
1552400 433
1552410 430
1552420 430
1552430 428
1552440 427
1552450 427
1552460 425
1552470 423
1552480 423
1552490 422
1552500 422
1552510 422
1552520 422
1552530 419
1552540 419
1552550 414
1552560 409
1552570 409
1552580 404
1552590 398
1552600 398
1552610 393
1552620 386
1552630 386
1552640 380
1552650 374
1552660 374
1552670 370
1552680 367
1552690 367
1552700 365
1552710 363
1552720 363
1552730 360
1552740 362
1552750 362
1552760 366
1552770 368
1552780 368
1552790 371
1552800 373
1552810 373
1552820 375
1552830 378
1552840 378
1552850 382
1552860 384
1552870 384
1552880 387
1552890 389
1552900 389
1552910 392
1552920 393
1552930 393
1552940 394
1552950 389
1552960 389
1552970 383
1552980 380
1552990 380
1553000 378
1553010 380
1553020 380
1553030 382
1553040 383
1553050 383
1553060 387
1553070 392
1553080 392
1553090 397
1553100 403
1553110 403
1553120 409
1553130 416
1553140 416
1553150 422
1553160 427
1553170 427
1553180 433
1553190 437
1553200 437
1553210 440
1553220 440
1553230 438
1553240 433
1553250 433
1553260 428
1553270 423
1553280 423
1553290 419
1553300 415
1553310 415
1553320 412
1553330 409
1553340 409
1553350 408
1553360 410
1553370 410
1553380 410
1553390 413
1553400 413
1553410 416
1553420 419
1553430 419
1553440 424
1553450 430
1553460 430
1553470 434
1553480 436
1553490 436
1553500 436
1553510 435
1553520 435
1553530 434
1553540 431
1553550 431
1553560 428
1553570 425
1553580 425
1553590 425
1553600 429
1553610 429
1553620 434
1553630 440
1553640 440
1553650 445
1553660 450
1553670 450
1553680 454
1553690 458
1553700 458
1553710 458
1553720 455
1553730 455
1553740 452
1553750 450
1553760 450
1553770 449
1553780 450
1553790 450
1553800 450
1553810 452
1553820 452
1553830 453
1553840 451
1553850 451
1553860 449
1553870 449
1553880 449
1553890 448
1553900 447
1553910 447
1553920 447
1553930 448
1553940 448
1553950 449
1553960 449
1553970 449
1553980 450
1553990 450
1554000 450
1554010 450
1554020 450
1554030 450
1554040 450
1554050 449
1554060 449
1554070 445
1554080 439
1554090 439
1554100 433
1554110 427
1554120 427
1554130 424
1554140 424
1554150 424
1554160 427
1554170 432
1554180 432
1554190 436
1554200 440
1554210 440
1554220 443
1554230 446
1554240 446
1554250 449
1554260 453
1554270 453
1554280 456
1554290 458
1554300 458
1554310 461
1554320 464
1554330 464
1554340 466
1554350 468
1554360 468
1554370 470
1554380 472
1554390 472
1554400 473
1554410 473
1554420 473
1554430 473
1554440 473
1554450 473
1554460 472
1554470 471
1554480 471
1554490 467
1554500 463
1554510 463
1554520 460
1554530 457
1554540 457
1554550 454
1554560 449
1554570 449
1554580 444
1554590 440
1554600 440
1554610 437
1554620 439
1554630 439
1554640 443
1554650 447
1554660 447
1554670 452
1554680 455
1554690 455
1554700 458
1554710 461
1554720 461
1554730 463
1554740 465
1554750 465
1554760 467
1554770 469
1554780 469
1554790 470
1554800 470
1554810 470
1554820 471
1554830 473
1554840 473
1554850 474
1554860 476
1554870 476
1554880 479
1554890 480
1554900 480
1554910 481
1554920 482
1554930 482
1554940 483
1554950 483
1554960 483
1554970 483
1554980 483
1554990 484
1555000 483
1555010 483
1555020 483
1555030 482
1555040 482
1555050 480
1555060 477
1555070 477
1555080 475
1555090 473
1555100 473
1555110 471
1555120 469
1555130 469
1555140 467
1555150 466
1555160 466
1555170 465
1555180 463
1555190 463
1555200 460
1555210 456
1555220 456
1555230 449
1555240 448
1555250 448
1555260 446
1555270 445
1555280 445
1555290 444
1555300 439
1555310 439
1555320 438
1555330 437
1555340 437
1555350 429
1555360 425
1555370 425
1555380 422
1555390 419
1555400 419
1555410 416
1555420 410
1555430 410
1555440 404
1555450 397
1555460 397
1555470 390
1555480 382
1555490 382
1555500 373
1555510 368
1555520 368
1555530 364
1555540 359
1555550 359
1555560 356
1555570 351
1555580 351
1555590 344
1555600 339
1555610 339
1555620 333
1555630 325
1555640 325
1555650 319
1555660 315
1555670 315
1555680 311
1555690 306
1555700 306
1555710 299
1555720 292
1555730 292
1555740 287
1555750 284
1555760 284
1555770 282
1555780 282
1555790 282
1555800 282
1555810 282
1555820 282
1555830 282
1555840 282
1555850 282
1555860 282
1555870 282
1555880 282
1555890 281
1555900 280
1555910 280
1555920 280
1555930 280
1555940 280
1555950 280
1555960 280
1555970 280
1555980 280
1555990 280
1556000 280
1556010 280
1556020 280
1556030 280
1556040 280
1556050 280
1556060 280
1556070 280
1556080 280
1556090 280
1556100 280
1556110 280
1556120 280
1556130 280
1556140 280
1556150 280
1556160 280
1556170 280
1556180 280
1556190 280
1556200 280
1556210 280
1556220 280
1556230 280
1556240 280
1556250 280
1556260 280
1556270 280
1556280 280
1556290 280
1556300 280
1556310 280
1556320 280
1556330 280
1556340 280
1556350 280
1556360 280
1556370 280
1556380 280
1556390 280
1556400 280
1556410 280
1556420 280
1556430 280
1556440 280
1556450 280
1556460 280
1556470 280
1556480 280
1556490 280
1556500 280
1556510 280
1556520 280
1556530 280
1556540 280
1556550 280
1556560 280
1556570 280
1556580 280
1556590 280
1556600 280
1556610 280
1556620 280
1556630 280
1556640 280
1556650 280
1556660 280
1556670 280
1556680 280
1556690 280
1556700 280
1556710 280
1556720 280
1556730 280
1556740 280
1556750 280
1556760 280
1556770 280
1556780 280
1556790 280
1556800 280
1556810 280
1556820 280
1556830 280
1556840 280
1556850 280
1556860 280
1556870 280
1556880 280
1556890 280
1556900 280
1556910 280
1556920 280
1556930 280
1556940 280
1556950 280
1556960 280
1556970 280
1556980 280
1556990 280
1557000 280
1557010 280
1557020 280
1557030 280
1557040 280
1557050 280
1557060 280
1557070 280
1557080 280
1557090 280
1557100 280
1557110 280
1557120 280
1557130 280
1557140 280
1557150 280
1557160 280
1557170 280
1557180 280
1557190 280
1557200 280
1557210 280
1557220 280
1557230 280
1557240 280
1557250 280
1557260 280
1557270 280
1557280 280
1557290 280
1557300 280
1557310 280
1557320 280
1557330 280
1557340 280
1557350 281
1557360 287
1557370 287
1557380 300
1557390 312
1557400 312
1557410 320
1557420 325
1557430 325
1557440 327
1557450 333
1557460 333
1557470 340
1557480 346
1557490 346
1557500 350
1557510 354
1557520 354
1557530 358
1557540 363
1557550 363
1557560 366
1557570 370
1557580 370
1557590 373
1557600 375
1557610 375
1557620 377
1557630 379
1557640 379
1557650 380
1557660 381
1557670 381
1557680 382
1557690 382
1557700 382
1557710 379
1557720 377
1557730 377
1557740 374
1557750 370
1557760 370
1557770 373
1557780 378
1557790 378
1557800 382
1557810 385
1557820 385
1557830 387
1557840 388
1557850 388
1557860 387
1557870 387
1557880 387
1557890 385
1557900 381
1557910 381
1557920 377
1557930 374
1557940 374
1557950 374
1557960 373
1557970 373
1557980 372
1557990 370
1558000 370
1558010 371
1558020 374
1558030 374
1558040 377
1558050 379
1558060 379
1558070 381
1558080 383
1558090 383
1558100 385
1558110 386
1558120 386
1558130 385
1558140 385
1558150 385
1558160 386
1558170 386
1558180 386
1558190 386
1558200 386
1558210 386
1558220 385
1558230 383
1558240 383
1558250 382
1558260 379
1558270 379
1558280 375
1558290 370
1558300 370
1558310 364
1558320 358
1558330 358
1558340 353
1558350 348
1558360 348
1558370 346
1558380 346
1558390 346
1558400 347
1558410 347
1558420 349
1558430 354
1558440 354
1558450 360
1558460 365
1558470 365
1558480 367
1558490 368
1558500 368
1558510 368
1558520 371
1558530 371
1558540 378
1558550 384
1558560 384
1558570 390
1558580 395
1558590 395
1558600 399
1558610 404
1558620 404
1558630 408
1558640 412
1558650 412
1558660 417
1558670 421
1558680 421
1558690 426
1558700 429
1558710 429
1558720 433
1558730 435
1558740 435
1558750 437
1558760 439
1558770 439
1558780 440
1558790 441
1558800 441
1558810 442
1558820 440
1558830 440
1558840 439
1558850 438
1558860 438
1558870 436
1558880 434
1558890 434
1558900 433
1558910 432
1558920 432
1558930 431
1558940 430
1558950 430
1558960 430
1558970 430
1558980 430
1558990 430
1559000 431
1559010 431
1559020 431
1559030 431
1559040 431
1559050 432
1559060 432
1559070 432
1559080 432
1559090 432
1559100 432
1559110 432
1559120 431
1559130 431
1559140 431
1559150 431
1559160 431
1559170 430
1559180 430
1559190 430
1559200 429
1559210 429
1559220 429
1559230 430
1559240 431
1559250 431
1559260 432
1559270 434
1559280 434
1559290 436
1559300 438
1559310 438
1559320 440
1559330 442
1559340 442
1559350 445
1559360 447
1559370 447
1559380 450
1559390 453
1559400 453
1559410 455
1559420 456
1559430 456
1559440 458
1559450 459
1559460 459
1559470 460
1559480 461
1559490 461
1559500 462
1559510 462
1559520 462
1559530 463
1559540 464
1559550 464
1559560 464
1559570 464
1559580 464
1559590 464
1559600 465
1559610 465
1559620 465
1559630 466
1559640 466
1559650 466
1559660 467
1559670 467
1559680 468
1559690 468
1559700 468
1559710 469
1559720 470
1559730 470
1559740 470
1559750 471
1559760 471
1559770 471
1559780 472
1559790 472
1559800 472
1559810 473
1559820 473
1559830 473
1559840 473
1559850 473
1559860 473
1559870 473
1559880 473
1559890 473
1559900 473
1559910 473
1559920 473
1559930 473
1559940 473
1559950 473
1559960 473
1559970 473
1559980 473
1559990 472
