1540000 568
1540010 569
1540020 569
1540030 569
1540040 570
1540050 570
1540060 570
1540070 570
1540080 570
1540090 571
1540100 571
1540110 571
1540120 571
1540130 572
1540140 572
1540150 572
1540160 573
1540170 573
1540180 573
1540190 574
1540200 574
1540210 574
1540220 574
1540230 574
1540240 575
1540250 576
1540260 576
1540270 576
1540280 577
1540290 577
1540300 578
1540310 579
1540320 579
1540330 579
1540340 580
1540350 580
1540360 581
1540370 582
1540380 582
1540390 583
1540400 584
1540410 584
1540420 585
1540430 586
1540440 586
1540450 587
1540460 587
1540470 587
1540480 587
1540490 586
1540500 586
1540510 585
1540520 583
1540530 583
1540540 582
1540550 580
1540560 580
1540570 578
1540580 575
1540590 575
1540600 572
1540610 570
1540620 570
1540630 568
1540640 566
1540650 566
1540660 564
1540670 560
1540680 560
1540690 557
1540700 554
1540710 554
1540720 550
1540730 544
1540740 544
1540750 536
1540760 529
1540770 529
1540780 524
1540790 518
1540800 518
1540810 514
1540820 508
1540830 508
1540840 503
1540850 497
1540860 497
1540870 492
1540880 489
1540890 489
1540900 486
1540910 484
1540920 484
1540930 482
1540940 479
1540950 479
1540960 476
1540970 474
1540980 474
1540990 472
1541000 470
1541010 470
1541020 467
1541030 464
1541040 464
1541050 461
1541060 457
1541070 457
1541080 453
1541090 449
1541100 449
1541110 445
1541120 441
1541130 441
1541140 438
1541150 434
1541160 434
1541170 431
1541180 427
1541190 427
1541200 423
1541210 420
1541220 420
1541230 416
1541240 416
1541250 412
1541260 409
1541270 409
1541280 405
1541290 401
1541300 401
1541310 398
1541320 394
1541330 394
1541340 391
1541350 387
1541360 387
1541370 384
1541380 380
1541390 380
1541400 376
1541410 373
1541420 373
1541430 369
1541440 367
1541450 367
1541460 363
1541470 360
1541480 360
1541490 356
1541500 353
1541510 353
1541520 350
1541530 346
1541540 346
1541550 343
1541560 340
1541570 340
1541580 337
1541590 334
1541600 334
1541610 329
1541620 325
1541630 325
1541640 321
1541650 318
1541660 318
1541670 315
1541680 311
1541690 311
1541700 309
1541710 306
1541720 306
1541730 302
1541740 299
1541750 299
1541760 295
1541770 291
1541780 291
1541790 286
1541800 283
1541810 283
1541820 281
1541830 281
1541840 281
1541850 280
1541860 280
1541870 280
1541880 280
1541890 280
1541900 280
1541910 280
1541920 280
1541930 280
1541940 280
1541950 280
1541960 280
1541970 280
1541980 280
1541990 280
1542000 280
1542010 280
1542020 280
1542030 280
1542040 280
1542050 280
1542060 280
1542070 280
1542080 280
1542090 280
1542100 280
1542110 280
1542120 280
1542130 280
1542140 280
1542150 280
1542160 280
1542170 280
1542180 280
1542190 280
1542200 280
1542210 280
1542220 280
1542230 280
1542240 280
1542250 280
1542260 280
1542270 280
1542280 280
1542290 280
1542300 280
1542310 280
1542320 280
1542330 280
1542340 280
1542350 280
1542360 280
1542370 280
1542380 280
1542390 280
1542400 280
1542410 280
1542420 280
1542430 280
1542440 280
1542450 280
1542460 280
1542470 280
1542480 280
1542490 280
1542500 280
1542510 280
1542520 280
1542530 280
1542540 280
1542550 280
1542560 280
1542570 280
1542580 280
1542590 280
1542600 280
1542610 280
1542620 280
1542630 280
1542640 280
1542650 280
1542660 280
1542670 280
1542680 280
1542690 281
1542700 282
1542710 282
1542720 283
1542730 286
1542740 286
1542750 291
1542760 295
1542770 295
1542780 299
1542790 303
1542800 303
1542810 306
1542820 309
1542830 309
1542840 314
1542850 319
1542860 319
1542870 323
1542880 323
1542890 326
1542900 329
1542910 329
1542920 333
1542930 337
1542940 337
1542950 341
1542960 345
1542970 345
1542980 348
1542990 350
1543000 350
1543010 354
1543020 361
1543030 361
1543040 367
1543050 374
1543060 374
1543070 382
1543080 388
1543090 388
1543100 391
1543110 393
1543120 393
1543130 396
1543140 403
1543150 403
1543160 410
1543170 413
1543180 413
1543190 415
1543200 416
1543210 416
1543220 418
1543230 417
1543240 417
1543250 415
1543260 413
1543270 413
1543280 411
1543290 409
1543300 409
1543310 407
1543320 405
1543330 405
1543340 403
1543350 402
1543360 402
1543370 401
1543380 401
1543390 401
1543400 400
1543410 396
1543420 396
1543430 393
1543440 390
1543450 390
1543460 387
1543470 385
1543480 385
1543490 383
1543500 381
1543510 381
1543520 380
1543530 379
1543540 379
1543550 378
1543560 376
1543570 376
1543580 374
1543590 372
1543600 372
1543610 370
1543620 367
1543630 367
1543640 365
1543650 363
1543660 363
1543670 360
1543680 358
1543690 358
1543700 356
1543710 353
1543720 353
1543730 350
1543740 347
1543750 347
1543760 344
1543770 341
1543780 341
1543790 338
1543800 335
1543810 335
1543820 333
1543830 330
1543840 330
1543850 327
1543860 323
1543870 323
1543880 320
1543890 317
1543900 317
1543910 314
1543920 311
1543930 311
1543940 308
1543950 306
1543960 306
1543970 303
1543980 301
1543990 301
1544000 299
1544010 297
1544020 297
1544030 296
1544040 295
1544050 295
1544060 293
1544070 292
1544080 292
1544090 291
1544100 290
1544110 290
1544120 290
1544130 289
1544140 289
1544150 288
1544160 288
1544170 288
1544180 288
1544190 288
1544200 288
1544210 285
1544220 283
1544230 283
1544240 282
1544250 282
1544260 282
1544270 281
1544280 281
1544290 281
1544300 281
1544310 280
1544320 280
1544330 280
1544340 280
1544350 280
1544360 280
1544370 280
1544380 280
1544390 280
1544400 280
1544410 280
1544420 280
1544430 280
1544440 280
1544450 280
1544460 280
1544470 280
1544480 280
1544490 280
1544500 280
1544510 280
1544520 280
1544530 280
1544540 280
1544550 280
1544560 280
1544570 280
1544580 280
1544590 280
1544600 280
1544610 280
1544620 280
1544630 280
1544640 280
1544650 280
1544660 280
1544670 280
1544680 280
1544690 281
1544700 281
1544710 284
1544720 291
1544730 291
1544740 303
1544750 312
1544760 312
1544770 318
1544780 325
1544790 325
1544800 331
1544810 337
1544820 337
1544830 344
1544840 351
1544850 351
1544860 358
1544870 365
1544880 365
1544890 372
1544900 378
1544910 378
1544920 385
1544930 392
1544940 392
1544950 399
1544960 406
1544970 406
1544980 413
1544990 421
1545000 421
1545010 427
1545020 434
1545030 434
1545040 440
1545050 447
1545060 447
1545070 453
1545080 460
1545090 460
1545100 467
1545110 473
1545120 473
1545130 479
1545140 485
1545150 485
1545160 491
1545170 496
1545180 496
1545190 500
1545200 503
1545210 503
1545220 505
1545230 505
1545240 505
1545250 506
1545260 506
1545270 506
1545280 506
1545290 506
1545300 506
1545310 506
1545320 506
1545330 506
1545340 506
1545350 506
1545360 506
1545370 506
1545380 506
1545390 506
1545400 506
1545410 506
1545420 506
1545430 506
1545440 506
1545450 506
1545460 506
1545470 506
1545480 506
1545490 506
1545500 506
1545510 506
1545520 506
1545530 506
1545540 506
1545550 506
1545560 505
1545570 505
1545580 505
1545590 505
1545600 505
1545610 505
1545620 505
1545630 505
1545640 505
1545650 505
1545660 505
1545670 505
1545680 505
1545690 505
1545700 505
1545710 504
1545720 504
1545730 504
1545740 504
1545750 504
1545760 504
1545770 503
1545780 503
1545790 503
1545800 502
1545810 502
1545820 502
1545830 502
1545840 502
1545850 501
1545860 501
1545870 501
1545880 500
1545890 500
1545900 500
1545910 500
1545920 500
1545930 500
1545940 499
1545950 499
1545960 499
1545970 498
1545980 498
1545990 498
1546000 497
1546010 497
1546020 497
1546030 497
1546040 496
1546050 496
1546060 496
1546070 496
1546080 496
1546090 496
1546100 496
1546110 496
1546120 495
1546130 495
1546140 495
1546150 495
1546160 495
1546170 495
1546180 495
1546190 495
1546200 495
1546210 495
1546220 495
1546230 495
1546240 495
1546250 495
1546260 495
1546270 495
1546280 495
1546290 495
1546300 494
1546310 494
1546320 494
1546330 494
1546340 494
1546350 494
1546360 494
1546370 494
1546380 494
1546390 494
1546400 494
1546410 494
1546420 494
1546430 494
1546440 494
1546450 494
1546460 494
1546470 494
1546480 494
1546490 494
1546500 495
1546510 495
1546520 495
1546530 495
1546540 495
1546550 495
1546560 495
1546570 496
1546580 496
1546590 497
1546600 497
1546610 497
1546620 497
1546630 498
1546640 498
1546650 498
1546660 499
1546670 499
1546680 499
1546690 499
1546700 499
1546710 500
1546720 500
1546730 500
1546740 501
1546750 501
1546760 501
1546770 501
1546780 501
1546790 501
1546800 500
1546810 501
1546820 501
1546830 501
1546840 501
1546850 501
1546860 501
1546870 500
1546880 500
1546890 500
1546900 500
1546910 500
1546920 500
1546930 500
1546940 500
1546950 500
1546960 501
1546970 501
1546980 501
1546990 501
1547000 501
1547010 501
1547020 501
1547030 501
1547040 501
1547050 501
1547060 501
1547070 501
1547080 500
1547090 500
1547100 500
1547110 500
1547120 500
1547130 500
1547140 500
1547150 500
1547160 500
1547170 500
1547180 500
1547190 499
1547200 498
1547210 498
1547220 497
1547230 497
1547240 497
1547250 496
1547260 495
1547270 495
1547280 495
1547290 494
1547300 494
1547310 494
1547320 494
1547330 494
1547340 495
1547350 496
1547360 496
1547370 497
1547380 498
1547390 498
1547400 498
1547410 499
1547420 499
1547430 500
1547440 500
1547450 500
1547460 501
1547470 501
1547480 501
1547490 502
1547500 503
1547510 503
1547520 503
1547530 504
1547540 504
1547550 504
1547560 504
1547570 504
1547580 505
1547590 505
1547600 505
1547610 505
1547620 505
1547630 505
1547640 505
1547650 504
1547660 504
1547670 503
1547680 503
1547690 503
1547700 502
1547710 501
1547720 501
1547730 499
1547740 499
1547750 498
1547760 497
1547770 497
1547780 496
1547790 496
1547800 496
1547810 497
1547820 499
1547830 499
1547840 500
1547850 501
1547860 501
1547870 501
1547880 502
1547890 502
1547900 502
1547910 503
1547920 503
1547930 503
1547940 504
1547950 504
1547960 505
1547970 505
1547980 505
1547990 506
1548000 507
1548010 507
1548020 508
1548030 509
1548040 509
1548050 509
1548060 509
1548070 509
1548080 510
1548090 510
1548100 510
1548110 511
1548120 512
1548130 512
1548140 512
1548150 513
1548160 513
1548170 513
1548180 513
1548190 513
1548200 513
1548210 513
1548220 513
1548230 514
1548240 514
1548250 514
1548260 514
1548270 514
1548280 514
1548290 514
1548300 514
1548310 514
1548320 514
1548330 514
1548340 514
1548350 514
1548360 514
1548370 514
1548380 514
1548390 514
1548400 514
1548410 514
1548420 514
1548430 514
1548440 514
1548450 514
1548460 514
1548470 514
1548480 514
1548490 514
1548500 514
1548510 513
1548520 513
1548530 513
1548540 513
1548550 513
1548560 513
1548570 513
1548580 513
1548590 513
1548600 513
1548610 513
1548620 513
1548630 513
1548640 513
1548650 512
1548660 511
1548670 511
1548680 511
1548690 510
1548700 510
1548710 509
1548720 508
1548730 508
1548740 507
1548750 507
1548760 507
1548770 506
1548780 505
1548790 505
1548800 505
1548810 505
1548820 505
1548830 504
1548840 504
1548850 504
1548860 504
1548870 503
1548880 503
1548890 502
1548900 501
1548910 501
1548920 501
1548930 500
1548940 500
1548950 498
1548960 497
1548970 497
1548980 496
1548990 494
1549000 494
1549010 492
1549020 490
1549030 490
1549040 488
1549050 486
1549060 486
1549070 484
1549080 482
1549090 482
1549100 480
1549110 478
1549120 478
1549130 476
1549140 473
1549150 473
1549160 471
1549170 469
1549180 469
1549190 466
1549200 464
1549210 464
1549220 462
1549230 459
1549240 459
1549250 456
1549260 454
1549270 454
1549280 450
1549290 448
1549300 448
1549310 445
1549320 442
1549330 442
1549340 439
1549350 436
1549360 436
1549370 434
1549380 434
1549390 431
1549400 428
1549410 428
1549420 426
1549430 424
1549440 424
1549450 422
1549460 419
1549470 419
1549480 416
1549490 414
1549500 414
1549510 411
1549520 408
1549530 408
1549540 405
1549550 401
1549560 401
1549570 398
1549580 395
1549590 395
1549600 391
1549610 387
1549620 387
1549630 383
1549640 379
1549650 379
1549660 375
1549670 371
1549680 371
1549690 367
1549700 363
1549710 363
1549720 359
1549730 355
1549740 355
1549750 351
1549760 347
1549770 347
1549780 342
1549790 337
1549800 337
1549810 332
1549820 327
1549830 327
1549840 324
1549850 320
1549860 320
1549870 316
1549880 312
1549890 312
1549900 308
1549910 305
1549920 305
1549930 301
1549940 297
1549950 297
1549960 292
1549970 284
1549980 284
1549990 281
1550000 280
1550010 280
1550020 280
1550030 280
1550040 280
1550050 280
1550060 280
1550070 280
1550080 280
1550090 280
1550100 280
1550110 280
1550120 280
1550130 280
1550140 280
1550150 280
1550160 280
1550170 280
1550180 280
1550190 280
1550200 280
1550210 280
1550220 280
1550230 280
1550240 280
1550250 280
1550260 280
1550270 280
1550280 280
1550290 280
1550300 280
1550310 280
1550320 280
1550330 280
1550340 280
1550350 280
1550360 280
1550370 280
1550380 280
1550390 280
1550400 280
1550410 280
1550420 280
1550430 280
1550440 281
1550450 283
1550460 283
1550470 287
1550480 294
1550490 294
1550500 302
1550510 310
1550520 310
1550530 317
1550540 324
1550550 324
1550560 331
1550570 338
1550580 338
1550590 345
1550600 352
1550610 352
1550620 359
1550630 366
1550640 367
1550650 374
1550660 382
1550670 382
1550680 389
1550690 396
1550700 396
1550710 405
1550720 417
1550730 417
1550740 426
1550750 432
1550760 432
1550770 439
1550780 446
1550790 446
1550800 455
1550810 462
1550820 462
1550830 468
1550840 474
1550850 474
1550860 481
1550870 486
1550880 486
1550890 492
1550900 498
1550910 498
1550920 502
1550930 507
1550940 507
1550950 509
1550960 510
1550970 510
1550980 511
1550990 511
1551000 511
1551010 511
1551020 511
1551030 511
1551040 511
1551050 511
1551060 511
1551070 511
1551080 511
1551090 511
1551100 510
1551110 510
1551120 509
1551130 509
1551140 509
1551150 508
1551160 508
1551170 508
1551180 507
1551190 507
1551200 507
1551210 506
1551220 506
1551230 506
1551240 505
1551250 505
1551260 505
1551270 505
1551280 504
1551290 504
1551300 504
1551310 504
1551320 504
1551330 503
1551340 502
1551350 502
1551360 502
1551370 501
1551380 501
1551390 501
1551400 500
1551410 500
1551420 500
1551430 500
1551440 500
1551450 500
1551460 500
1551470 500
1551480 501
1551490 501
1551500 501
1551510 501
1551520 501
1551530 501
1551540 501
1551550 501
1551560 501
1551570 501
1551580 501
1551590 501
1551600 501
1551610 502
1551620 502
1551630 502
1551640 502
1551650 502
1551660 503
1551670 503
1551680 503
1551690 503
1551700 504
1551710 504
1551720 504
1551730 504
1551740 504
1551750 505
1551760 505
1551770 505
1551780 505
1551790 506
1551800 506
1551810 506
1551820 507
1551830 507
1551840 507
1551850 507
1551860 507
1551870 508
1551880 508
1551890 508
1551900 508
1551910 508
1551920 508
1551930 508
1551940 508
1551950 508
1551960 507
1551970 507
1551980 507
1551990 505
1552000 503
1552010 503
1552020 499
1552030 494
1552040 494
1552050 490
1552060 488
1552070 488
1552080 485
1552090 482
1552100 482
1552110 478
1552120 476
1552130 476
1552140 477
1552150 477
1552160 477
1552170 479
1552180 483
1552190 483
1552200 487
1552210 492
1552220 492
1552230 497
1552240 500
1552250 500
1552260 501
1552270 502
1552280 502
1552290 503
1552300 503
1552310 503
1552320 503
1552330 502
1552340 502
1552350 500
1552360 497
1552370 497
1552380 492
1552390 487
1552400 487
1552410 482
1552420 479
1552430 479
1552440 484
1552450 489
1552460 489
1552470 493
1552480 496
1552490 496
1552500 499
1552510 502
1552520 502
1552530 504
1552540 507
1552550 507
1552560 509
1552570 511
1552580 512
1552590 514
1552600 516
1552610 516
1552620 517
1552630 519
1552640 519
1552650 520
1552660 520
1552670 521
1552680 522
1552690 522
1552700 521
1552710 521
1552720 521
1552730 520
1552740 518
1552750 518
1552760 517
1552770 514
1552780 514
1552790 510
1552800 506
1552810 506
1552820 501
1552830 497
1552840 497
1552850 494
1552860 492
1552870 492
1552880 490
1552890 487
1552900 487
1552910 485
1552920 488
1552930 488
1552940 492
1552950 497
1552960 497
1552970 501
1552980 505
1552990 505
1553000 507
1553010 510
1553020 510
1553030 512
1553040 515
1553050 515
1553060 517
1553070 520
1553080 520
1553090 522
1553100 524
1553110 524
1553120 526
1553130 528
1553140 528
1553150 530
1553160 531
1553170 531
1553180 533
1553190 535
1553200 535
1553210 537
1553220 538
1553230 538
1553240 540
1553250 541
1553260 541
1553270 541
1553280 542
1553290 542
1553300 542
1553310 543
1553320 543
1553330 543
1553340 543
1553350 543
1553360 544
1553370 545
1553380 545
1553390 545
1553400 546
1553410 546
1553420 546
1553430 547
1553440 547
1553450 547
1553460 547
1553470 547
1553480 548
1553490 548
1553500 548
1553510 548
1553520 548
1553530 548
1553540 548
1553550 547
1553560 547
1553570 547
1553580 547
1553590 547
1553600 547
1553610 546
1553620 546
1553630 546
1553640 546
1553650 546
1553660 546
1553670 546
1553680 546
1553690 546
1553700 546
1553710 546
1553720 546
1553730 546
1553740 546
1553750 545
1553760 545
1553770 545
1553780 545
1553790 545
1553800 545
1553810 545
1553820 544
1553830 544
1553840 544
1553850 544
1553860 544
1553870 544
1553880 543
1553890 543
1553900 543
1553910 542
1553920 542
1553930 542
1553940 541
1553950 541
1553960 541
1553970 541
1553980 541
1553990 541
1554000 540
1554010 540
1554020 540
1554030 539
1554040 539
1554050 539
1554060 539
1554070 539
1554080 539
1554090 539
1554100 539
1554110 539
1554120 539
1554130 539
1554140 539
1554150 539
1554160 539
1554170 539
1554180 538
1554190 538
1554200 538
1554210 538
1554220 538
1554230 538
1554240 538
1554250 538
1554260 538
1554270 538
1554280 538
1554290 537
1554300 537
1554310 537
1554320 537
1554330 537
1554340 536
1554350 535
1554360 535
1554370 534
1554380 532
1554390 532
1554400 530
1554410 529
1554420 529
1554430 529
1554440 530
1554450 530
1554460 529
1554470 530
1554480 530
1554490 530
1554500 530
1554510 530
1554520 529
1554530 528
1554540 528
1554550 527
1554560 527
1554570 527
1554580 526
1554590 524
1554600 524
1554610 523
1554620 522
1554630 522
1554640 520
1554650 519
1554660 519
1554670 518
1554680 517
1554690 517
1554700 516
1554710 515
1554720 515
1554730 513
1554740 512
1554750 512
1554760 511
1554770 510
1554780 510
1554790 509
1554800 509
1554810 509
1554820 508
1554830 508
1554840 508
1554850 508
1554860 508
1554870 508
1554880 507
1554890 506
1554900 506
1554910 505
1554920 502
1554930 502
1554940 498
1554950 494
1554960 494
1554970 490
1554980 488
1554990 488
1555000 485
1555010 482
1555020 482
1555030 477
1555040 471
1555050 471
1555060 465
1555070 459
1555080 459
1555090 453
1555100 446
1555110 446
1555120 441
1555130 434
1555140 434
1555150 428
1555160 423
1555170 423
1555180 418
1555190 412
1555200 412
1555210 407
1555220 401
1555230 401
1555240 396
1555250 391
1555260 391
1555270 386
1555280 380
1555290 380
1555300 372
1555310 368
1555320 368
1555330 366
1555340 365
1555350 365
1555360 361
1555370 354
1555380 354
1555390 349
1555400 346
1555410 346
1555420 344
1555430 342
1555440 342
1555450 341
1555460 342
1555470 342
1555480 343
1555490 347
1555500 347
1555510 352
1555520 356
1555530 356
1555540 360
1555550 365
1555560 365
1555570 369
1555580 372
1555590 372
1555600 374
1555610 375
1555620 375
1555630 378
1555640 382
1555650 382
1555660 387
1555670 394
1555680 394
1555690 400
1555700 405
1555710 405
1555720 410
1555730 415
1555740 415
1555750 419
1555760 424
1555770 424
1555780 428
1555790 432
1555800 432
1555810 437
1555820 441
1555830 441
1555840 445
1555850 448
1555860 448
1555870 452
1555880 456
1555890 456
1555900 459
1555910 459
1555920 463
1555930 466
1555940 466
1555950 468
1555960 471
1555970 471
1555980 473
1555990 474
1556000 474
1556010 474
1556020 475
1556030 475
1556040 475
1556050 475
1556060 475
1556070 474
1556080 471
1556090 471
1556100 468
1556110 465
1556120 465
1556130 463
1556140 461
1556150 461
1556160 460
1556170 458
1556180 458
1556190 454
1556200 448
1556210 448
1556220 443
1556230 441
1556240 441
1556250 438
1556260 435
1556270 435
1556280 431
1556290 426
1556300 426
1556310 422
1556320 415
1556330 415
1556340 408
1556350 401
1556360 401
1556370 394
1556380 387
1556390 387
1556400 380
1556410 373
1556420 373
1556430 366
1556440 359
1556450 359
1556460 352
1556470 345
1556480 345
1556490 339
1556500 333
1556510 333
1556520 327
1556530 322
1556540 322
1556550 316
1556560 311
1556570 311
1556580 305
1556590 300
1556600 300
1556610 295
1556620 289
1556630 289
1556640 284
1556650 282
1556660 282
1556670 281
1556680 280
1556690 280
1556700 280
1556710 282
1556720 282
1556730 284
1556740 288
1556750 288
1556760 292
1556770 295
1556780 295
1556790 298
1556800 301
1556810 301
1556820 306
1556830 315
1556840 315
1556850 322
1556860 322
1556870 322
1556880 322
1556890 323
1556900 323
1556910 325
1556920 329
1556930 329
1556940 333
1556950 336
1556960 336
1556970 339
1556980 343
1556990 343
1557000 347
1557010 352
1557020 352
1557030 357
1557040 363
1557050 363
1557060 369
1557070 375
1557080 375
1557090 381
1557100 387
1557110 387
1557120 393
1557130 398
1557140 398
1557150 404
1557160 411
1557170 411
1557180 417
1557190 422
1557200 422
1557210 427
1557220 432
1557230 432
1557240 437
1557250 442
1557260 442
1557270 447
1557280 452
1557290 452
1557300 457
1557310 461
1557320 461
1557330 461
1557340 462
1557350 462
1557360 463
1557370 464
1557380 464
1557390 468
1557400 471
1557410 471
1557420 474
1557430 476
1557440 476
1557450 479
1557460 480
1557470 480
1557480 481
1557490 481
1557500 481
1557510 480
1557520 479
1557530 479
1557540 478
1557550 478
1557560 476
1557570 474
1557580 474
1557590 472
1557600 470
1557610 470
1557620 468
1557630 466
1557640 466
1557650 464
1557660 461
1557670 461
1557680 459
1557690 457
1557700 457
1557710 455
1557720 453
1557730 453
1557740 451
1557750 449
1557760 449
1557770 447
1557780 445
1557790 445
1557800 443
1557810 441
1557820 441
1557830 439
1557840 438
1557850 438
1557860 436
1557870 435
1557880 435
1557890 434
1557900 433
1557910 433
1557920 434
1557930 434
1557940 434
1557950 435
1557960 436
1557970 436
1557980 437
1557990 439
1558000 439
1558010 440
1558020 441
1558030 441
1558040 442
1558050 443
1558060 443
1558070 444
1558080 445
1558090 445
1558100 445
1558110 446
1558120 446
1558130 447
1558140 447
1558150 447
1558160 446
1558170 446
1558180 446
1558190 444
1558200 441
1558210 441
1558220 439
1558230 437
1558240 437
1558250 436
1558260 435
1558270 435
1558280 439
1558290 443
1558300 443
1558310 449
1558320 454
1558330 454
1558340 457
1558350 459
1558360 459
1558370 461
1558380 462
1558390 462
1558400 463
1558410 464
1558420 464
1558430 465
1558440 466
1558450 466
1558460 467
1558470 467
1558480 467
1558490 468
1558500 469
1558510 469
1558520 470
1558530 470
1558540 470
1558550 471
1558560 471
1558570 471
1558580 472
1558590 472
1558600 472
1558610 473
1558620 473
1558630 473
1558640 473
1558650 473
1558660 473
1558670 473
1558680 473
1558690 473
1558700 473
1558710 473
1558720 473
1558730 475
1558740 476
1558750 476
1558760 477
1558770 478
1558780 478
1558790 479
1558800 480
1558810 480
1558820 481
1558830 481
1558840 481
1558850 482
1558860 483
1558870 483
1558880 484
1558890 485
1558900 485
1558910 486
1558920 486
1558930 486
1558940 487
1558950 488
1558960 488
1558970 489
1558980 489
1558990 489
1559000 489
1559010 489
1559020 489
1559030 490
1559040 490
1559050 490
1559060 491
1559070 491
1559080 491
1559090 491
1559100 491
1559110 491
1559120 491
1559130 491
1559140 491
1559150 492
1559160 492
1559170 492
1559180 493
1559190 493
1559200 494
1559210 495
1559220 495
1559230 496
1559240 497
1559250 497
1559260 497
1559270 498
1559280 498
1559290 499
1559300 500
1559310 500
1559320 500
1559330 501
1559340 501
1559350 502
1559360 503
1559370 503
1559380 503
1559390 504
1559400 504
1559410 504
1559420 504
1559430 504
1559440 504
1559450 504
1559460 504
1559470 504
1559480 503
1559490 503
1559500 503
1559510 502
1559520 502
1559530 501
1559540 500
1559550 500
1559560 499
1559570 497
1559580 497
1559590 495
1559600 492
1559610 492
1559620 490
1559630 487
1559640 487
1559650 486
1559660 485
1559670 485
1559680 484
1559690 483
1559700 483
1559710 482
1559720 482
1559730 482
1559740 482
1559750 483
1559760 483
1559770 484
1559780 484
1559790 484
1559800 484
1559810 484
1559820 484
1559830 484
1559840 485
1559850 483
1559860 483
1559870 483
1559880 483
1559890 483
1559900 484
1559910 484
1559920 484
1559930 485
1559940 485
1559950 486
1559960 486
1559970 486
1559980 488
1559990 489
