1540000 448
1540010 448
1540020 445
1540030 443
1540040 443
1540050 441
1540060 439
1540070 439
1540080 436
1540090 434
1540100 434
1540110 432
1540120 430
1540130 430
1540140 428
1540150 426
1540160 426
1540170 423
1540180 420
1540190 420
1540200 417
1540210 415
1540220 415
1540230 412
1540240 409
1540250 409
1540260 406
1540270 403
1540280 403
1540290 400
1540300 398
1540310 398
1540320 395
1540330 390
1540340 390
1540350 387
1540360 384
1540370 384
1540380 380
1540390 373
1540400 373
1540410 366
1540420 358
1540430 358
1540440 351
1540450 345
1540460 345
1540470 341
1540480 343
1540490 343
1540500 344
1540510 342
1540520 342
1540530 341
1540540 339
1540550 339
1540560 337
1540570 334
1540580 334
1540590 332
1540600 329
1540610 329
1540620 326
1540630 323
1540640 323
1540650 321
1540660 319
1540670 319
1540680 317
1540690 315
1540700 315
1540710 312
1540720 309
1540730 307
1540740 305
1540750 302
1540760 302
1540770 298
1540780 293
1540790 293
1540800 287
1540810 283
1540820 283
1540830 282
1540840 282
1540850 282
1540860 281
1540870 280
1540880 280
1540890 280
1540900 280
1540910 280
1540920 280
1540930 280
1540940 280
1540950 280
1540960 280
1540970 280
1540980 280
1540990 280
1541000 280
1541010 280
1541020 280
1541030 280
1541040 280
1541050 280
1541060 280
1541070 280
1541080 280
1541090 280
1541100 280
1541110 280
1541120 280
1541130 280
1541140 280
1541150 280
1541160 280
1541170 280
1541180 280
1541190 280
1541200 280
1541210 280
1541220 280
1541230 280
1541240 280
1541250 280
1541260 280
1541270 280
1541280 280
1541290 280
1541300 280
1541310 280
1541320 280
1541330 280
1541340 280
1541350 280
1541360 280
1541370 280
1541380 280
1541390 280
1541400 280
1541410 280
1541420 280
1541430 280
1541440 280
1541450 280
1541460 280
1541470 280
1541480 280
1541490 280
1541500 280
1541510 280
1541520 280
1541530 280
1541540 280
1541550 280
1541560 280
1541570 280
1541580 280
1541590 280
1541600 280
1541610 280
1541620 280
1541630 280
1541640 280
1541650 280
1541660 280
1541670 280
1541680 280
1541690 281
1541700 282
1541710 282
1541720 283
1541730 285
1541740 285
1541750 289
1541760 295
1541770 295
1541780 303
1541790 308
1541800 308
1541810 317
1541820 323
1541830 323
1541840 324
1541850 325
1541860 325
1541870 328
1541880 332
1541890 332
1541900 337
1541910 344
1541920 344
1541930 350
1541940 357
1541950 357
1541960 363
1541970 370
1541980 370
1541990 377
1542000 384
1542010 384
1542020 395
1542030 403
1542040 403
1542050 408
1542060 414
1542070 414
1542080 421
1542090 429
1542100 429
1542110 436
1542120 439
1542130 439
1542140 441
1542150 446
1542160 446
1542170 453
1542180 460
1542190 460
1542200 467
1542210 471
1542220 471
1542230 474
1542240 474
1542250 474
1542260 469
1542270 462
1542280 462
1542290 456
1542300 450
1542310 450
1542320 444
1542330 438
1542340 438
1542350 432
1542360 427
1542370 427
1542380 422
1542390 417
1542400 417
1542410 412
1542420 406
1542430 406
1542440 401
1542450 395
1542460 395
1542470 389
1542480 382
1542490 382
1542500 376
1542510 371
1542520 371
1542530 366
1542540 360
1542550 360
1542560 355
1542570 350
1542580 350
1542590 345
1542600 345
1542610 340
1542620 336
1542630 336
1542640 332
1542650 327
1542660 327
1542670 323
1542680 318
1542690 318
1542700 313
1542710 308
1542720 308
1542730 304
1542740 299
1542750 299
1542760 295
1542770 292
1542780 292
1542790 290
1542800 288
1542810 288
1542820 286
1542830 285
1542840 285
1542850 283
1542860 283
1542870 283
1542880 282
1542890 282
1542900 282
1542910 282
1542920 282
1542930 282
1542940 282
1542950 282
1542960 282
1542970 282
1542980 282
1542990 282
1543000 282
1543010 282
1543020 282
1543030 282
1543040 281
1543050 281
1543060 281
1543070 281
1543080 281
1543090 280
1543100 280
1543110 280
1543120 280
1543130 280
1543140 280
1543150 280
1543160 280
1543170 280
1543180 280
1543190 280
1543200 280
1543210 280
1543220 280
1543230 280
1543240 280
1543250 280
1543260 280
1543270 280
1543280 280
1543290 280
1543300 280
1543310 280
1543320 280
1543330 280
1543340 280
1543350 280
1543360 280
1543370 280
1543380 280
1543390 280
1543400 280
1543410 280
1543420 280
1543430 280
1543440 280
1543450 280
1543460 280
1543470 280
1543480 280
1543490 280
1543500 280
1543510 280
1543520 280
1543530 280
1543540 280
1543550 280
1543560 280
1543570 280
1543580 280
1543590 280
1543600 280
1543610 280
1543620 280
1543630 280
1543640 280
1543650 280
1543660 280
1543670 280
1543680 280
1543690 280
1543700 280
1543710 280
1543720 280
1543730 280
1543740 280
1543750 280
1543760 280
1543770 280
1543780 280
1543790 280
1543800 280
1543810 280
1543820 280
1543830 280
1543840 280
1543850 280
1543860 280
1543870 280
1543880 280
1543890 280
1543900 280
1543910 280
1543920 280
1543930 280
1543940 281
1543950 281
1543960 282
1543970 283
1543980 283
1543990 285
1544000 287
1544010 287
1544020 288
1544030 291
1544040 291
1544050 296
1544060 305
1544070 305
1544080 311
1544090 315
1544100 315
1544110 321
1544120 327
1544130 327
1544140 331
1544150 333
1544160 333
1544170 336
1544180 336
1544190 343
1544200 350
1544210 350
1544220 352
1544230 351
1544240 351
1544250 353
1544260 354
1544270 354
1544280 362
1544290 373
1544300 373
1544310 385
1544320 398
1544330 398
1544340 409
1544350 413
1544360 413
1544370 414
1544380 416
1544390 416
1544400 418
1544410 422
1544420 422
1544430 425
1544440 430
1544450 430
1544460 433
1544470 437
1544480 437
1544490 440
1544500 443
1544510 443
1544520 444
1544530 443
1544540 443
1544550 443
1544560 444
1544570 444
1544580 444
1544590 446
1544600 446
1544610 450
1544620 454
1544630 454
1544640 460
1544650 467
1544660 467
1544670 474
1544680 481
1544690 481
1544700 488
1544710 494
1544720 494
1544730 500
1544740 504
1544750 504
1544760 507
1544770 509
1544780 509
1544790 510
1544800 511
1544810 511
1544820 512
1544830 512
1544840 512
1544850 513
1544860 514
1544870 514
1544880 514
1544890 515
1544900 515
1544910 516
1544920 516
1544930 516
1544940 516
1544950 516
1544960 516
1544970 516
1544980 516
1544990 516
1545000 516
1545010 516
1545020 516
1545030 516
1545040 516
1545050 516
1545060 516
1545070 516
1545080 516
1545090 516
1545100 516
1545110 516
1545120 516
1545130 515
1545140 515
1545150 515
1545160 515
1545170 515
1545180 515
1545190 517
1545200 517
1545210 517
1545220 516
1545230 516
1545240 516
1545250 516
1545260 516
1545270 516
1545280 516
1545290 516
1545300 515
1545310 515
1545320 515
1545330 515
1545340 515
1545350 515
1545360 515
1545370 514
1545380 514
1545390 514
1545400 514
1545410 514
1545420 513
1545430 512
1545440 512
1545450 512
1545460 512
1545470 512
1545480 512
1545490 511
1545500 511
1545510 511
1545520 510
1545530 510
1545540 510
1545550 509
1545560 509
1545570 509
1545580 508
1545590 508
1545600 508
1545610 507
1545620 507
1545630 507
1545640 506
1545650 506
1545660 505
1545670 505
1545680 505
1545690 504
1545700 503
1545710 503
1545720 502
1545730 501
1545740 501
1545750 500
1545760 500
1545770 499
1545780 498
1545790 498
1545800 497
1545810 495
1545820 495
1545830 492
1545840 491
1545850 491
1545860 492
1545870 493
1545880 493
1545890 494
1545900 496
1545910 496
1545920 498
1545930 499
1545940 499
1545950 501
1545960 502
1545970 502
1545980 502
1545990 503
1546000 503
1546010 503
1546020 504
1546030 504
1546040 504
1546050 505
1546060 505
1546070 505
1546080 505
1546090 505
1546100 504
1546110 502
1546120 502
1546130 499
1546140 499
1546150 499
1546160 499
1546170 499
1546180 499
1546190 499
1546200 498
1546210 498
1546220 498
1546230 497
1546240 497
1546250 497
1546260 496
1546270 496
1546280 495
1546290 493
1546300 493
1546310 491
1546320 491
1546330 491
1546340 493
1546350 495
1546360 495
1546370 497
1546380 499
1546390 499
1546400 501
1546410 502
1546420 502
1546430 503
1546440 505
1546450 505
1546460 506
1546470 507
1546480 507
1546490 507
1546500 508
1546510 508
1546520 508
1546530 508
1546540 508
1546550 508
1546560 508
1546570 508
1546580 507
1546590 507
1546600 507
1546610 507
1546620 506
1546630 506
1546640 506
1546650 504
1546660 504
1546670 503
1546680 501
1546690 501
1546700 500
1546710 498
1546720 498
1546730 497
1546740 497
1546750 497
1546760 499
1546770 501
1546780 501
1546790 503
1546800 505
1546810 505
1546820 506
1546830 506
1546840 506
1546850 507
1546860 507
1546870 507
1546880 506
1546890 506
1546900 506
1546910 505
1546920 505
1546930 505
1546940 505
1546950 506
1546960 506
1546970 506
1546980 506
1546990 506
1547000 506
1547010 506
1547020 506
1547030 506
1547040 506
1547050 506
1547060 506
1547070 505
1547080 505
1547090 505
1547100 504
1547110 504
1547120 504
1547130 504
1547140 504
1547150 503
1547160 503
1547170 503
1547180 502
1547190 502
1547200 502
1547210 501
1547220 502
1547230 502
1547240 503
1547250 504
1547260 504
1547270 505
1547280 506
1547290 506
1547300 507
1547310 508
1547320 508
1547330 508
1547340 508
1547350 509
1547360 509
1547370 509
1547380 510
1547390 510
1547400 510
1547410 511
1547420 511
1547430 511
1547440 512
1547450 512
1547460 512
1547470 512
1547480 513
1547490 513
1547500 513
1547510 513
1547520 513
1547530 513
1547540 513
1547550 513
1547560 512
1547570 512
1547580 512
1547590 511
1547600 510
1547610 510
1547620 509
1547630 507
1547640 507
1547650 505
1547660 503
1547670 503
1547680 501
1547690 499
1547700 499
1547710 498
1547720 497
1547730 497
1547740 497
1547750 499
1547760 499
1547770 501
1547780 503
1547790 503
1547800 504
1547810 505
1547820 505
1547830 505
1547840 505
1547850 505
1547860 505
1547870 504
1547880 504
1547890 503
1547900 502
1547910 502
1547920 501
1547930 500
1547940 500
1547950 498
1547960 498
1547970 498
1547980 500
1547990 503
1548000 503
1548010 504
1548020 506
1548030 506
1548040 506
1548050 507
1548060 507
1548070 508
1548080 508
1548090 508
1548100 509
1548110 510
1548120 510
1548130 510
1548140 511
1548150 511
1548160 512
1548170 513
1548180 513
1548190 514
1548200 515
1548210 515
1548220 516
1548230 517
1548240 517
1548250 518
1548260 518
1548270 518
1548280 518
1548290 519
1548300 519
1548310 519
1548320 520
1548330 520
1548340 520
1548350 520
1548360 520
1548370 520
1548380 521
1548390 521
1548400 522
1548410 522
1548420 522
1548430 520
1548440 517
1548450 517
1548460 514
1548470 510
1548480 510
1548490 506
1548500 503
1548510 503
1548520 499
1548530 496
1548540 496
1548550 492
1548560 489
1548570 489
1548580 485
1548590 482
1548600 482
1548610 477
1548620 473
1548630 473
1548640 468
1548650 465
1548660 465
1548670 461
1548680 457
1548690 457
1548700 452
1548710 447
1548720 447
1548730 443
1548740 439
1548750 439
1548760 434
1548770 430
1548780 430
1548790 427
1548800 425
1548810 425
1548820 422
1548830 419
1548840 419
1548850 416
1548860 412
1548870 412
1548880 408
1548890 404
1548900 404
1548910 400
1548920 400
1548930 397
1548940 393
1548950 393
1548960 388
1548970 384
1548980 384
1548990 380
1549000 376
1549010 376
1549020 372
1549030 367
1549040 367
1549050 363
1549060 360
1549070 360
1549080 357
1549090 354
1549100 354
1549110 351
1549120 347
1549130 347
1549140 344
1549150 342
1549160 342
1549170 342
1549180 342
1549190 342
1549200 341
1549210 340
1549220 340
1549230 338
1549240 337
1549250 337
1549260 336
1549270 334
1549280 334
1549290 333
1549300 331
1549310 331
1549320 329
1549330 327
1549340 327
1549350 330
1549360 329
1549370 329
1549380 328
1549390 325
1549400 325
1549410 322
1549420 318
1549430 318
1549440 312
1549450 306
1549460 306
1549470 299
1549480 294
1549490 294
1549500 288
1549510 283
1549520 283
1549530 280
1549540 280
1549550 280
1549560 280
1549570 280
1549580 280
1549590 280
1549600 280
1549610 280
1549620 280
1549630 280
1549640 280
1549650 280
1549660 280
1549670 280
1549680 280
1549690 280
1549700 280
1549710 280
1549720 280
1549730 280
1549740 280
1549750 280
1549760 280
1549770 280
1549780 280
1549790 280
1549800 280
1549810 280
1549820 280
1549830 280
1549840 280
1549850 280
1549860 280
1549870 280
1549880 280
1549890 280
1549900 280
1549910 280
1549920 280
1549930 280
1549940 280
1549950 280
1549960 281
1549970 281
1549980 281
1549990 282
1550000 282
1550010 284
1550020 286
1550030 286
1550040 288
1550050 291
1550060 291
1550070 293
1550080 297
1550090 297
1550100 301
1550110 305
1550120 305
1550130 310
1550140 315
1550150 315
1550160 320
1550170 326
1550180 326
1550190 332
1550200 337
1550210 337
1550220 342
1550230 347
1550240 347
1550250 351
1550260 355
1550270 355
1550280 360
1550290 366
1550300 366
1550310 371
1550320 376
1550330 376
1550340 381
1550350 387
1550360 387
1550370 393
1550380 400
1550390 400
1550400 407
1550410 414
1550420 414
1550430 421
1550440 428
1550450 428
1550460 435
1550470 441
1550480 441
1550490 446
1550500 446
1550510 452
1550520 459
1550530 459
1550540 467
1550550 475
1550560 475
1550570 483
1550580 492
1550590 492
1550600 500
1550610 506
1550620 506
1550630 510
1550640 510
1550650 510
1550660 510
1550670 510
1550680 510
1550690 509
1550700 508
1550710 508
1550720 508
1550730 507
1550740 507
1550750 507
1550760 506
1550770 506
1550780 506
1550790 505
1550800 505
1550810 505
1550820 505
1550830 505
1550840 505
1550850 505
1550860 505
1550870 505
1550880 505
1550890 505
1550900 505
1550910 505
1550920 505
1550930 505
1550940 506
1550950 506
1550960 506
1550970 506
1550980 506
1550990 507
1551000 507
1551010 507
1551020 508
1551030 508
1551040 508
1551050 509
1551060 509
1551070 509
1551080 510
1551090 510
1551100 510
1551110 510
1551120 511
1551130 511
1551140 511
1551150 511
1551160 511
1551170 511
1551180 512
1551190 512
1551200 512
1551210 512
1551220 512
1551230 512
1551240 513
1551250 513
1551260 513
1551270 513
1551280 513
1551290 513
1551300 514
1551310 514
1551320 514
1551330 515
1551340 515
1551350 516
1551360 516
1551370 516
1551380 517
1551390 517
1551400 517
1551410 518
1551420 519
1551430 519
1551440 519
1551450 520
1551460 520
1551470 521
1551480 522
1551490 522
1551500 522
1551510 522
1551520 522
1551530 523
1551540 524
1551550 524
1551560 524
1551570 525
1551580 525
1551590 525
1551600 526
1551610 526
1551620 526
1551630 526
1551640 526
1551650 526
1551660 526
1551670 526
1551680 525
1551690 525
1551700 525
1551710 525
1551720 523
1551730 523
1551740 521
1551750 517
1551760 517
1551770 514
1551780 512
1551790 512
1551800 511
1551810 509
1551820 509
1551830 507
1551840 505
1551850 505
1551860 505
1551870 506
1551880 506
1551890 507
1551900 507
1551910 507
1551920 508
1551930 506
1551940 506
1551950 507
1551960 511
1551970 511
1551980 513
1551990 516
1552000 516
1552010 519
1552020 521
1552030 521
1552040 524
1552050 526
1552060 526
1552070 528
1552080 528
1552090 530
1552100 531
1552110 531
1552120 533
1552130 534
1552140 534
1552150 535
1552160 536
1552170 536
1552180 537
1552190 538
1552200 538
1552210 539
1552220 539
1552230 539
1552240 539
1552250 539
1552260 539
1552270 539
1552280 539
1552290 539
1552300 539
1552310 539
1552320 539
1552330 538
1552340 538
1552350 538
1552360 538
1552370 538
1552380 538
1552390 538
1552400 538
1552410 538
1552420 538
1552430 538
1552440 538
1552450 538
1552460 539
1552470 539
1552480 539
1552490 539
1552500 539
1552510 539
1552520 539
1552530 539
1552540 539
1552550 539
1552560 539
1552570 539
1552580 539
1552590 539
1552600 539
1552610 539
1552620 539
1552630 540
1552640 540
1552650 540
1552660 540
1552670 541
1552680 541
1552690 541
1552700 541
1552710 541
1552720 542
1552730 542
1552740 542
1552750 543
1552760 543
1552770 543
1552780 543
1552790 544
1552800 544
1552810 545
1552820 545
1552830 545
1552840 546
1552850 546
1552860 546
1552870 546
1552880 547
1552890 547
1552900 547
1552910 548
1552920 548
1552930 549
1552940 549
1552950 549
1552960 549
1552970 550
1552980 550
1552990 550
1553000 551
1553010 551
1553020 551
1553030 552
1553040 552
1553050 552
1553060 553
1553070 553
1553080 553
1553090 554
1553100 554
1553110 554
1553120 554
1553130 554
1553140 554
1553150 555
1553160 555
1553170 555
1553180 555
1553190 555
1553200 554
1553210 554
1553220 554
1553230 554
1553240 553
1553250 556
1553260 555
1553270 555
1553280 555
1553290 555
1553300 555
1553310 555
1553320 555
1553330 555
1553340 555
1553350 556
1553360 556
1553370 556
1553380 557
1553390 558
1553400 558
1553410 559
1553420 559
1553430 559
1553440 560
1553450 560
1553460 560
1553470 560
1553480 561
1553490 561
1553500 561
1553510 561
1553520 561
1553530 562
1553540 563
1553550 563
1553560 563
1553570 562
1553580 562
1553590 563
1553600 563
1553610 563
1553620 563
1553630 563
1553640 563
1553650 563
1553660 563
1553670 563
1553680 564
1553690 564
1553700 564
1553710 564
1553720 564
1553730 563
1553740 564
1553750 564
1553760 563
1553770 563
1553780 563
1553790 562
1553800 561
1553810 561
1553820 560
1553830 559
1553840 559
1553850 557
1553860 555
1553870 555
1553880 553
1553890 551
1553900 551
1553910 548
1553920 543
1553930 543
1553940 539
1553950 536
1553960 536
1553970 535
1553980 533
1553990 533
1554000 531
1554010 530
1554020 530
1554030 528
1554040 527
1554050 527
1554060 525
1554070 524
1554080 524
1554090 523
1554100 521
1554110 521
1554120 518
1554130 515
1554140 515
1554150 511
1554160 507
1554170 507
1554180 506
1554190 504
1554200 504
1554210 503
1554220 502
1554230 502
1554240 501
1554250 500
1554260 500
1554270 500
1554280 500
1554290 500
1554300 500
1554310 501
1554320 501
1554330 502
1554340 502
1554350 502
1554360 503
1554370 503
1554380 503
1554390 504
1554400 505
1554410 505
1554420 506
1554430 507
1554440 507
1554450 507
1554460 507
1554470 507
1554480 506
1554490 505
1554500 505
1554510 503
1554520 501
1554530 501
1554540 498
1554550 494
1554560 494
1554570 489
1554580 483
1554590 483
1554600 480
1554610 475
1554620 475
1554630 470
1554640 465
1554650 465
1554660 460
1554670 455
1554680 455
1554690 450
1554700 446
1554710 446
1554720 442
1554730 438
1554740 438
1554750 432
1554760 426
1554770 426
1554780 423
1554790 421
1554800 421
1554810 416
1554820 412
1554830 412
1554840 409
1554850 413
1554860 413
1554870 419
1554880 424
1554890 424
1554900 430
1554910 436
1554920 436
1554930 443
1554940 450
1554950 450
1554960 456
1554970 461
1554980 461
1554990 466
1555000 472
1555010 472
1555020 476
1555030 479
1555040 479
1555050 482
1555060 485
1555070 485
1555080 487
1555090 490
1555100 490
1555110 492
1555120 497
1555130 497
1555140 498
1555150 500
1555160 500
1555170 502
1555180 504
1555190 504
1555200 506
1555210 508
1555220 508
1555230 510
1555240 510
1555250 512
1555260 513
1555270 513
1555280 514
1555290 515
1555300 515
1555310 516
1555320 516
1555330 516
1555340 516
1555350 516
1555360 516
1555370 515
1555380 515
1555390 515
1555400 514
1555410 514
1555420 514
1555430 513
1555440 513
1555450 513
1555460 512
1555470 511
1555480 511
1555490 510
1555500 509
1555510 509
1555520 507
1555530 506
1555540 506
1555550 504
1555560 502
1555570 502
1555580 499
1555590 496
1555600 496
1555610 492
1555620 488
1555630 488
1555640 485
1555650 482
1555660 482
1555670 479
1555680 479
1555690 479
1555700 479
1555710 479
1555720 479
1555730 478
1555740 476
1555750 476
1555760 471
1555770 462
1555780 462
1555790 452
1555800 446
1555810 446
1555820 440
1555830 436
1555840 436
1555850 431
1555860 426
1555870 426
1555880 421
1555890 415
1555900 415
1555910 411
1555920 405
1555930 405
1555940 397
1555950 391
1555960 391
1555970 383
1555980 375
1555990 375
1556000 368
1556010 361
1556020 361
1556030 353
1556040 346
1556050 346
1556060 340
1556070 333
1556080 333
1556090 326
1556100 320
1556110 320
1556120 313
1556130 309
1556140 309
1556150 303
1556160 303
1556170 303
1556180 303
1556190 305
1556200 305
1556210 308
1556220 314
1556230 314
1556240 320
1556250 326
1556260 326
1556270 329
1556280 330
1556290 330
1556300 330
1556310 329
1556320 329
1556330 329
1556340 329
1556350 329
1556360 330
1556370 332
1556380 332
1556390 333
1556400 335
1556410 335
1556420 338
1556430 340
1556440 340
1556450 342
1556460 344
1556470 344
1556480 350
1556490 352
1556500 352
1556510 353
1556520 355
1556530 355
1556540 358
1556550 363
1556560 363
1556570 370
1556580 378
1556590 378
1556600 386
1556610 392
1556620 392
1556630 397
1556640 399
1556650 399
1556660 399
1556670 396
1556680 396
1556690 394
1556700 390
1556710 390
1556720 386
1556730 382
1556740 382
1556750 380
1556760 379
1556770 379
1556780 380
1556790 380
1556800 380
1556810 382
1556820 382
1556830 384
1556840 385
1556850 385
1556860 385
1556870 385
1556880 385
1556890 385
1556900 385
1556910 385
1556920 384
1556930 385
1556940 385
1556950 392
1556960 393
1556970 393
1556980 395
1556990 397
1557000 397
1557010 398
1557020 399
1557030 399
1557040 399
1557050 399
1557060 399
1557070 398
1557080 398
1557090 398
1557100 397
1557110 396
1557120 396
1557130 395
1557140 395
1557150 395
1557160 394
1557170 393
1557180 393
1557190 391
1557200 389
1557210 389
1557220 386
1557230 382
1557240 382
1557250 378
1557260 373
1557270 373
1557280 367
1557290 362
1557300 362
1557310 357
1557320 350
1557330 350
1557340 343
1557350 336
1557360 336
1557370 329
1557380 325
1557390 325
1557400 323
1557410 320
1557420 320
1557430 316
1557440 313
1557450 313
1557460 310
1557470 308
1557480 308
1557490 307
1557500 307
1557510 307
1557520 307
1557530 307
1557540 307
1557550 307
1557560 307
1557570 307
1557580 307
1557590 309
1557600 309
1557610 317
1557620 325
1557630 325
1557640 330
1557650 336
1557660 336
1557670 340
1557680 344
1557690 344
1557700 347
1557710 349
1557720 349
1557730 353
1557740 357
1557750 357
1557760 362
1557770 367
1557780 367
1557790 373
1557800 378
1557810 378
1557820 383
1557830 389
1557840 389
1557850 394
1557860 398
1557870 398
1557880 403
1557890 406
1557900 406
1557910 410
1557920 413
1557930 413
1557940 416
1557950 419
1557960 419
1557970 423
1557980 425
1557990 425
1558000 428
1558010 432
1558020 432
1558030 435
1558040 437
1558050 437
1558060 439
1558070 441
1558080 441
1558090 443
1558100 444
1558110 444
1558120 445
1558130 446
1558140 446
1558150 448
1558160 449
1558170 449
1558180 450
1558190 451
1558200 451
1558210 451
1558220 452
1558230 452
1558240 453
1558250 454
1558260 454
1558270 455
1558280 456
1558290 456
1558300 456
1558310 457
1558320 457
1558330 458
1558340 459
1558350 459
1558360 459
1558370 460
1558380 460
1558390 461
1558400 461
1558410 461
1558420 462
1558430 462
1558440 462
1558450 463
1558460 463
1558470 463
1558480 463
1558490 463
1558500 464
1558510 464
1558520 464
1558530 465
1558540 465
1558550 465
1558560 465
1558570 466
1558580 466
1558590 466
1558600 466
1558610 466
1558620 466
1558630 467
1558640 467
1558650 467
1558660 467
1558670 467
1558680 467
1558690 467
1558700 467
1558710 468
1558720 468
1558730 468
1558740 469
1558750 469
1558760 469
1558770 469
1558780 469
1558790 469
1558800 470
1558810 470
1558820 470
1558830 470
1558840 470
1558850 470
1558860 471
1558870 471
1558880 471
1558890 471
1558900 472
1558910 472
1558920 472
1558930 472
1558940 472
1558950 473
1558960 473
1558970 473
1558980 473
1558990 474
1559000 474
1559010 474
1559020 474
1559030 474
1559040 475
1559050 475
1559060 475
1559070 475
1559080 475
1559090 475
1559100 476
1559110 476
1559120 476
1559130 476
1559140 476
1559150 476
1559160 477
1559170 477
1559180 477
1559190 477
1559200 477
1559210 477
1559220 477
1559230 477
1559240 477
1559250 477
1559260 477
1559270 477
1559280 477
1559290 477
1559300 477
1559310 476
1559320 476
1559330 476
1559340 475
1559350 474
1559360 474
1559370 473
1559380 472
1559390 472
1559400 471
1559410 472
1559420 472
1559430 473
1559440 474
1559450 474
1559460 475
1559470 476
1559480 476
1559490 477
1559500 477
1559510 477
1559520 478
1559530 479
1559540 479
1559550 479
1559560 480
1559570 480
1559580 480
1559590 481
1559600 481
1559610 481
1559620 482
1559630 482
1559640 483
1559650 483
1559660 483
1559670 484
1559680 484
1559690 484
1559700 485
1559710 485
1559720 485
1559730 485
1559740 486
1559750 486
1559760 486
1559770 487
1559780 487
1559790 487
1559800 488
1559810 488
1559820 488
1559830 489
1559840 489
1559850 490
1559860 490
1559870 490
1559880 491
1559890 492
1559900 492
1559910 492
1559920 493
1559930 493
1559940 494
1559950 494
1559960 494
1559970 495
1559980 495
1559990 496
