1540000 532
1540010 530
1540020 530
1540030 527
1540040 525
1540050 525
1540060 522
1540070 520
1540080 520
1540090 518
1540100 518
1540110 516
1540120 513
1540130 513
1540140 510
1540150 507
1540160 507
1540170 505
1540180 503
1540190 503
1540200 500
1540210 497
1540220 497
1540230 493
1540240 487
1540250 487
1540260 481
1540270 475
1540280 475
1540290 469
1540300 464
1540310 464
1540320 465
1540330 464
1540340 464
1540350 462
1540360 461
1540370 461
1540380 460
1540390 459
1540400 459
1540410 459
1540420 458
1540430 458
1540440 459
1540450 458
1540460 458
1540470 457
1540480 458
1540490 458
1540500 459
1540510 458
1540520 458
1540530 454
1540540 451
1540550 451
1540560 447
1540570 444
1540580 444
1540590 441
1540600 439
1540610 439
1540620 439
1540630 438
1540640 438
1540650 433
1540660 426
1540670 426
1540680 420
1540690 415
1540700 415
1540710 411
1540720 407
1540730 407
1540740 403
1540750 399
1540760 399
1540770 396
1540780 392
1540790 392
1540800 387
1540810 383
1540820 383
1540830 379
1540840 374
1540850 374
1540860 370
1540870 366
1540880 366
1540890 361
1540900 356
1540910 356
1540920 352
1540930 348
1540940 348
1540950 345
1540960 341
1540970 341
1540980 337
1540990 332
1541000 332
1541010 329
1541020 325
1541030 325
1541040 323
1541050 320
1541060 320
1541070 318
1541080 316
1541090 316
1541100 314
1541110 311
1541120 311
1541130 308
1541140 303
1541150 303
1541160 299
1541170 295
1541180 295
1541190 292
1541200 282
1541210 282
1541220 280
1541230 280
1541240 280
1541250 280
1541260 280
1541270 280
1541280 280
1541290 280
1541300 280
1541310 280
1541320 280
1541330 280
1541340 280
1541350 280
1541360 280
1541370 280
1541380 280
1541390 280
1541400 280
1541410 280
1541420 280
1541430 280
1541440 280
1541450 280
1541460 280
1541470 280
1541480 280
1541490 280
1541500 280
1541510 280
1541520 280
1541530 280
1541540 280
1541550 280
1541560 280
1541570 280
1541580 280
1541590 280
1541600 280
1541610 280
1541620 280
1541630 280
1541640 280
1541650 280
1541660 280
1541670 280
1541680 280
1541690 280
1541700 280
1541710 280
1541720 280
1541730 280
1541740 280
1541750 280
1541760 280
1541770 280
1541780 280
1541790 280
1541800 280
1541810 280
1541820 280
1541830 280
1541840 280
1541850 280
1541860 280
1541870 280
1541880 280
1541890 280
1541900 280
1541910 280
1541920 280
1541930 280
1541940 280
1541950 280
1541960 280
1541970 280
1541980 280
1541990 280
1542000 280
1542010 280
1542020 280
1542030 281
1542040 281
1542050 282
1542060 284
1542070 284
1542080 289
1542090 292
1542100 292
1542110 295
1542120 301
1542130 301
1542140 309
1542150 319
1542160 319
1542170 328
1542180 338
1542190 338
1542200 347
1542210 354
1542220 354
1542230 358
1542240 364
1542250 364
1542260 373
1542270 383
1542280 383
1542290 393
1542300 404
1542310 404
1542320 415
1542330 420
1542340 420
1542350 423
1542360 428
1542370 428
1542380 437
1542390 448
1542400 448
1542410 454
1542420 456
1542430 456
1542440 454
1542450 454
1542460 454
1542470 454
1542480 452
1542490 452
1542500 449
1542510 444
1542520 444
1542530 438
1542540 432
1542550 432
1542560 427
1542570 422
1542580 422
1542590 416
1542600 411
1542610 411
1542620 406
1542630 402
1542640 402
1542650 399
1542660 395
1542670 395
1542680 391
1542690 386
1542700 386
1542710 382
1542720 378
1542730 378
1542740 371
1542750 368
1542760 368
1542770 365
1542780 364
1542790 364
1542800 363
1542810 362
1542820 362
1542830 360
1542840 357
1542850 357
1542860 354
1542870 351
1542880 351
1542890 348
1542900 345
1542910 345
1542920 341
1542930 338
1542940 338
1542950 335
1542960 331
1542970 331
1542980 327
1542990 323
1543000 323
1543010 319
1543020 316
1543030 316
1543040 313
1543050 310
1543060 310
1543070 307
1543080 305
1543090 305
1543100 302
1543110 299
1543120 299
1543130 297
1543140 295
1543150 295
1543160 293
1543170 292
1543180 292
1543190 291
1543200 291
1543210 291
1543220 290
1543230 290
1543240 290
1543250 289
1543260 289
1543270 289
1543280 289
1543290 289
1543300 289
1543310 289
1543320 289
1543330 289
1543340 288
1543350 288
1543360 288
1543370 288
1543380 288
1543390 288
1543400 288
1543410 288
1543420 288
1543430 288
1543440 288
1543450 289
1543460 289
1543470 289
1543480 289
1543490 289
1543500 289
1543510 290
1543520 290
1543530 290
1543540 290
1543550 290
1543560 290
1543570 289
1543580 289
1543590 289
1543600 288
1543610 288
1543620 288
1543630 287
1543640 287
1543650 287
1543660 286
1543670 286
1543680 286
1543690 285
1543700 285
1543710 285
1543720 285
1543730 284
1543740 284
1543750 284
1543760 283
1543770 283
1543780 283
1543790 282
1543800 282
1543810 282
1543820 282
1543830 282
1543840 281
1543850 281
1543860 281
1543870 281
1543880 281
1543890 281
1543900 281
1543910 280
1543920 280
1543930 280
1543940 280
1543950 280
1543960 280
1543970 280
1543980 280
1543990 280
1544000 280
1544010 280
1544020 280
1544030 280
1544040 280
1544050 280
1544060 280
1544070 280
1544080 280
1544090 280
1544100 280
1544110 280
1544120 280
1544130 280
1544140 280
1544150 280
1544160 280
1544170 280
1544180 280
1544190 280
1544200 280
1544210 280
1544220 280
1544230 280
1544240 280
1544250 280
1544260 280
1544270 280
1544280 280
1544290 280
1544300 280
1544310 280
1544320 280
1544330 280
1544340 280
1544350 280
1544360 280
1544370 280
1544380 280
1544390 280
1544400 280
1544410 280
1544420 281
1544430 281
1544440 282
1544450 284
1544460 284
1544470 288
1544480 295
1544490 295
1544500 301
1544510 308
1544520 308
1544530 318
1544540 328
1544550 328
1544560 337
1544570 342
1544580 342
1544590 345
1544600 348
1544610 348
1544620 355
1544630 365
1544640 365
1544650 375
1544660 384
1544670 384
1544680 392
1544690 400
1544700 400
1544710 408
1544720 415
1544730 415
1544740 422
1544750 428
1544760 428
1544770 435
1544780 441
1544790 441
1544800 448
1544810 454
1544820 454
1544830 461
1544840 466
1544850 466
1544860 469
1544870 469
1544880 471
1544890 473
1544900 473
1544910 474
1544920 476
1544930 476
1544940 479
1544950 482
1544960 482
1544970 486
1544980 489
1544990 489
1545000 493
1545010 495
1545020 495
1545030 496
1545040 499
1545050 499
1545060 500
1545070 501
1545080 501
1545090 501
1545100 502
1545110 502
1545120 503
1545130 504
1545140 504
1545150 505
1545160 506
1545170 506
1545180 507
1545190 508
1545200 508
1545210 509
1545220 510
1545230 510
1545240 511
1545250 511
1545260 511
1545270 512
1545280 512
1545290 512
1545300 512
1545310 512
1545320 512
1545330 512
1545340 513
1545350 513
1545360 513
1545370 513
1545380 513
1545390 513
1545400 514
1545410 514
1545420 514
1545430 514
1545440 514
1545450 514
1545460 514
1545470 514
1545480 514
1545490 514
1545500 514
1545510 514
1545520 514
1545530 514
1545540 514
1545550 514
1545560 514
1545570 514
1545580 514
1545590 514
1545600 514
1545610 514
1545620 514
1545630 514
1545640 514
1545650 514
1545660 514
1545670 515
1545680 515
1545690 515
1545700 515
1545710 515
1545720 515
1545730 515
1545740 515
1545750 515
1545760 516
1545770 516
1545780 516
1545790 516
1545800 516
1545810 516
1545820 516
1545830 516
1545840 516
1545850 516
1545860 516
1545870 516
1545880 517
1545890 517
1545900 517
1545910 517
1545920 517
1545930 517
1545940 518
1545950 518
1545960 518
1545970 518
1545980 518
1545990 518
1546000 518
1546010 518
1546020 518
1546030 519
1546040 519
1546050 519
1546060 519
1546070 519
1546080 519
1546090 519
1546100 519
1546110 519
1546120 520
1546130 520
1546140 520
1546150 520
1546160 520
1546170 520
1546180 521
1546190 521
1546200 521
1546210 522
1546220 522
1546230 522
1546240 522
1546250 522
1546260 522
1546270 522
1546280 522
1546290 522
1546300 522
1546310 522
1546320 522
1546330 522
1546340 522
1546350 521
1546360 521
1546370 521
1546380 520
1546390 519
1546400 519
1546410 519
1546420 518
1546430 518
1546440 517
1546450 516
1546460 516
1546470 516
1546480 516
1546490 515
1546500 514
1546510 514
1546520 513
1546530 513
1546540 513
1546550 512
1546560 512
1546570 512
1546580 512
1546590 511
1546600 511
1546610 511
1546620 511
1546630 511
1546640 511
1546650 510
1546660 510
1546670 510
1546680 510
1546690 510
1546700 510
1546710 510
1546720 510
1546730 509
1546740 509
1546750 509
1546760 509
1546770 508
1546780 508
1546790 508
1546800 508
1546810 508
1546820 507
1546830 507
1546840 507
1546850 508
1546860 508
1546870 508
1546880 509
1546890 509
1546900 509
1546910 509
1546920 510
1546930 510
1546940 510
1546950 511
1546960 511
1546970 511
1546980 512
1546990 512
1547000 513
1547010 514
1547020 514
1547030 514
1547040 515
1547050 515
1547060 516
1547070 517
1547080 517
1547090 517
1547100 517
1547110 517
1547120 518
1547130 518
1547140 518
1547150 518
1547160 519
1547170 519
1547180 519
1547190 519
1547200 519
1547210 519
1547220 519
1547230 519
1547240 519
1547250 519
1547260 519
1547270 518
1547280 518
1547290 518
1547300 517
1547310 517
1547320 517
1547330 516
1547340 516
1547350 516
1547360 516
1547370 516
1547380 516
1547390 516
1547400 516
1547410 516
1547420 516
1547430 516
1547440 516
1547450 516
1547460 516
1547470 516
1547480 516
1547490 517
1547500 517
1547510 517
1547520 517
1547530 517
1547540 517
1547550 517
1547560 517
1547570 518
1547580 518
1547590 518
1547600 518
1547610 518
1547620 518
1547630 519
1547640 519
1547650 519
1547660 519
1547670 520
1547680 520
1547690 520
1547700 520
1547710 520
1547720 521
1547730 521
1547740 521
1547750 521
1547760 521
1547770 521
1547780 521
1547790 521
1547800 521
1547810 521
1547820 521
1547830 521
1547840 522
1547850 522
1547860 522
1547870 521
1547880 521
1547890 521
1547900 521
1547910 521
1547920 521
1547930 521
1547940 520
1547950 520
1547960 520
1547970 520
1547980 520
1547990 520
1548000 520
1548010 520
1548020 520
1548030 519
1548040 519
1548050 519
1548060 519
1548070 519
1548080 519
1548090 519
1548100 518
1548110 518
1548120 518
1548130 518
1548140 518
1548150 518
1548160 518
1548170 517
1548180 517
1548190 517
1548200 517
1548210 517
1548220 517
1548230 516
1548240 516
1548250 516
1548260 516
1548270 516
1548280 516
1548290 516
1548300 516
1548310 516
1548320 516
1548330 516
1548340 517
1548350 517
1548360 517
1548370 517
1548380 517
1548390 517
1548400 517
1548410 517
1548420 517
1548430 516
1548440 515
1548450 515
1548460 514
1548470 513
1548480 513
1548490 512
1548500 511
1548510 511
1548520 509
1548530 508
1548540 508
1548550 506
1548560 504
1548570 504
1548580 502
1548590 500
1548600 500
1548610 499
1548620 496
1548630 496
1548640 493
1548650 489
1548660 489
1548670 484
1548680 480
1548690 480
1548700 477
1548710 475
1548720 475
1548730 473
1548740 471
1548750 471
1548760 469
1548770 467
1548780 467
1548790 464
1548800 461
1548810 461
1548820 458
1548830 454
1548840 454
1548850 449
1548860 442
1548870 442
1548880 435
1548890 428
1548900 428
1548910 421
1548920 414
1548930 414
1548940 409
1548950 405
1548960 405
1548970 400
1548980 396
1548990 396
1549000 393
1549010 391
1549020 391
1549030 387
1549040 384
1549050 384
1549060 382
1549070 379
1549080 379
1549090 377
1549100 374
1549110 374
1549120 372
1549130 371
1549140 371
1549150 370
1549160 367
1549170 367
1549180 364
1549190 363
1549200 363
1549210 361
1549220 359
1549230 359
1549240 357
1549250 354
1549260 354
1549270 351
1549280 347
1549290 347
1549300 345
1549310 343
1549320 343
1549330 342
1549340 340
1549350 340
1549360 339
1549370 337
1549380 337
1549390 335
1549400 333
1549410 333
1549420 330
1549430 328
1549440 328
1549450 326
1549460 323
1549470 323
1549480 320
1549490 318
1549500 318
1549510 317
1549520 314
1549530 314
1549540 312
1549550 310
1549560 310
1549570 308
1549580 306
1549590 306
1549600 304
1549610 301
1549620 301
1549630 297
1549640 291
1549650 291
1549660 284
1549670 281
1549680 281
1549690 280
1549700 280
1549710 280
1549720 280
1549730 280
1549740 280
1549750 280
1549760 280
1549770 280
1549780 280
1549790 280
1549800 280
1549810 280
1549820 280
1549830 280
1549840 280
1549850 280
1549860 280
1549870 280
1549880 280
1549890 280
1549900 280
1549910 280
1549920 280
1549930 280
1549940 280
1549950 280
1549960 280
1549970 280
1549980 280
1549990 280
1550000 280
1550010 280
1550020 280
1550030 280
1550040 280
1550050 280
1550060 280
1550070 280
1550080 280
1550090 280
1550100 280
1550110 280
1550120 280
1550130 280
1550140 280
1550150 280
1550160 281
1550170 281
1550180 281
1550190 282
1550200 282
1550210 282
1550220 283
1550230 283
1550240 283
1550250 284
1550260 287
1550270 287
1550280 291
1550290 296
1550300 296
1550310 302
1550320 307
1550330 307
1550340 313
1550350 320
1550360 320
1550370 328
1550380 337
1550390 337
1550400 347
1550410 354
1550420 354
1550430 359
1550440 363
1550450 363
1550460 368
1550470 374
1550480 374
1550490 380
1550500 386
1550510 386
1550520 393
1550530 401
1550540 401
1550550 408
1550560 415
1550570 415
1550580 422
1550590 430
1550600 430
1550610 438
1550620 446
1550630 446
1550640 455
1550650 464
1550660 464
1550670 472
1550680 479
1550690 479
1550700 487
1550710 494
1550720 494
1550730 498
1550740 500
1550750 500
1550760 501
1550770 501
1550780 501
1550790 500
1550800 499
1550810 499
1550820 497
1550830 493
1550840 493
1550850 488
1550860 483
1550870 483
1550880 481
1550890 483
1550900 483
1550910 486
1550920 490
1550930 490
1550940 493
1550950 495
1550960 495
1550970 497
1550980 499
1550990 499
1551000 500
1551010 502
1551020 502
1551030 503
1551040 505
1551050 505
1551060 506
1551070 507
1551080 507
1551090 507
1551100 508
1551110 508
1551120 509
1551130 510
1551140 510
1551150 511
1551160 512
1551170 512
1551180 513
1551190 514
1551200 514
1551210 514
1551220 515
1551230 515
1551240 516
1551250 517
1551260 517
1551270 517
1551280 517
1551290 518
1551300 519
1551310 519
1551320 519
1551330 520
1551340 520
1551350 520
1551360 520
1551370 520
1551380 521
1551390 521
1551400 521
1551410 521
1551420 522
1551430 522
1551440 522
1551450 522
1551460 522
1551470 521
1551480 521
1551490 521
1551500 521
1551510 521
1551520 521
1551530 521
1551540 521
1551550 521
1551560 521
1551570 521
1551580 521
1551590 521
1551600 521
1551610 521
1551620 520
1551630 520
1551640 520
1551650 520
1551660 519
1551670 519
1551680 518
1551690 517
1551700 517
1551710 517
1551720 515
1551730 516
1551740 515
1551750 514
1551760 514
1551770 513
1551780 513
1551790 513
1551800 513
1551810 512
1551820 512
1551830 512
1551840 511
1551850 511
1551860 510
1551870 507
1551880 507
1551890 504
1551900 500
1551910 500
1551920 497
1551930 494
1551940 494
1551950 492
1551960 494
1551970 494
1551980 495
1551990 497
1552000 497
1552010 500
1552020 502
1552030 502
1552040 505
1552050 508
1552060 508
1552070 510
1552080 511
1552090 511
1552100 511
1552110 511
1552120 511
1552130 511
1552140 511
1552150 511
1552160 511
1552170 511
1552180 511
1552190 512
1552200 513
1552210 513
1552220 513
1552230 514
1552240 514
1552250 514
1552260 515
1552270 515
1552280 515
1552290 516
1552300 516
1552310 518
1552320 519
1552330 519
1552340 520
1552350 521
1552360 521
1552370 522
1552380 523
1552390 523
1552400 524
1552410 526
1552420 526
1552430 527
1552440 528
1552450 528
1552460 529
1552470 530
1552480 530
1552490 531
1552500 532
1552510 532
1552520 533
1552530 533
1552540 533
1552550 534
1552560 535
1552570 535
1552580 535
1552590 536
1552600 536
1552610 537
1552620 538
1552630 538
1552640 538
1552650 539
1552660 539
1552670 540
1552680 540
1552690 540
1552700 540
1552710 541
1552720 541
1552730 541
1552740 541
1552750 541
1552760 542
1552770 542
1552780 542
1552790 541
1552800 541
1552810 541
1552820 541
1552830 541
1552840 541
1552850 541
1552860 541
1552870 541
1552880 541
1552890 541
1552900 541
1552910 541
1552920 541
1552930 540
1552940 539
1552950 539
1552960 537
1552970 534
1552980 534
1552990 531
1553000 528
1553010 528
1553020 526
1553030 524
1553040 524
1553050 523
1553060 521
1553070 521
1553080 521
1553090 523
1553100 523
1553110 526
1553120 530
1553130 530
1553140 532
1553150 534
1553160 534
1553170 536
1553180 537
1553190 537
1553200 538
1553210 539
1553220 539
1553230 540
1553240 541
1553250 541
1553260 543
1553270 545
1553280 545
1553290 547
1553300 548
1553310 548
1553320 550
1553330 551
1553340 551
1553350 552
1553360 554
1553370 554
1553380 555
1553390 557
1553400 557
1553410 558
1553420 560
1553430 560
1553440 561
1553450 563
1553460 563
1553470 564
1553480 565
1553490 565
1553500 566
1553510 567
1553520 567
1553530 568
1553540 569
1553550 569
1553560 570
1553570 570
1553580 570
1553590 570
1553600 570
1553610 570
1553620 570
1553630 570
1553640 569
1553650 569
1553660 568
1553670 568
1553680 567
1553690 566
1553700 566
1553710 565
1553720 564
1553730 564
1553740 563
1553750 562
1553760 562
1553770 561
1553780 560
1553790 560
1553800 559
1553810 557
1553820 557
1553830 556
1553840 555
1553850 555
1553860 554
1553870 552
1553880 552
1553890 551
1553900 550
1553910 550
1553920 549
1553930 548
1553940 548
1553950 548
1553960 547
1553970 547
1553980 547
1553990 547
1554000 547
1554010 547
1554020 547
1554030 547
1554040 547
1554050 547
1554060 547
1554070 546
1554080 546
1554090 546
1554100 546
1554110 546
1554120 546
1554130 546
1554140 546
1554150 546
1554160 545
1554170 545
1554180 545
1554190 544
1554200 544
1554210 544
1554220 543
1554230 543
1554240 543
1554250 542
1554260 542
1554270 542
1554280 541
1554290 540
1554300 540
1554310 540
1554320 539
1554330 539
1554340 538
1554350 538
1554360 538
1554370 536
1554380 535
1554390 535
1554400 534
1554410 533
1554420 533
1554430 531
1554440 530
1554450 530
1554460 528
1554470 528
1554480 527
1554490 524
1554500 524
1554510 522
1554520 519
1554530 519
1554540 516
1554550 513
1554560 513
1554570 509
1554580 505
1554590 505
1554600 500
1554610 499
1554620 499
1554630 497
1554640 494
1554650 494
1554660 492
1554670 488
1554680 488
1554690 483
1554700 478
1554710 478
1554720 475
1554730 475
1554740 475
1554750 474
1554760 471
1554770 471
1554780 467
1554790 462
1554800 462
1554810 457
1554820 452
1554830 452
1554840 447
1554850 441
1554860 441
1554870 435
1554880 430
1554890 430
1554900 424
1554910 418
1554920 418
1554930 413
1554940 410
1554950 410
1554960 406
1554970 404
1554980 404
1554990 400
1555000 396
1555010 396
1555020 390
1555030 385
1555040 385
1555050 383
1555060 382
1555070 382
1555080 382
1555090 383
1555100 383
1555110 388
1555120 394
1555130 394
1555140 399
1555150 405
1555160 405
1555170 409
1555180 414
1555190 414
1555200 417
1555210 420
1555220 420
1555230 423
1555240 427
1555250 427
1555260 430
1555270 431
1555280 431
1555290 429
1555300 429
1555310 429
1555320 431
1555330 435
1555340 435
1555350 440
1555360 445
1555370 445
1555380 450
1555390 455
1555400 455
1555410 458
1555420 461
1555430 461
1555440 462
1555450 462
1555460 462
1555470 460
1555480 458
1555490 458
1555500 461
1555510 461
1555520 461
1555530 463
1555540 464
1555550 464
1555560 466
1555570 468
1555580 468
1555590 471
1555600 474
1555610 474
1555620 477
1555630 480
1555640 480
1555650 483
1555660 486
1555670 486
1555680 488
1555690 490
1555700 490
1555710 492
1555720 493
1555730 493
1555740 493
1555750 493
1555760 493
1555770 493
1555780 493
1555790 493
1555800 493
1555810 492
1555820 492
1555830 490
1555840 487
1555850 487
1555860 482
1555870 477
1555880 477
1555890 472
1555900 467
1555910 467
1555920 462
1555930 457
1555940 457
1555950 453
1555960 449
1555970 449
1555980 443
1555990 437
1556000 437
1556010 433
1556020 428
1556030 428
1556040 424
1556050 420
1556060 420
1556070 416
1556080 416
1556090 412
1556100 408
1556110 408
1556120 405
1556130 402
1556140 402
1556150 401
1556160 399
1556170 399
1556180 397
1556190 392
1556200 392
1556210 388
1556220 384
1556230 384
1556240 382
1556250 379
1556260 379
1556270 377
1556280 376
1556290 376
1556300 373
1556310 370
1556320 370
1556330 367
1556340 362
1556350 362
1556360 358
1556370 355
1556380 355
1556390 351
1556400 348
1556410 348
1556420 344
1556430 340
1556440 340
1556450 336
1556460 332
1556470 332
1556480 329
1556490 325
1556500 325
1556510 322
1556520 318
1556530 318
1556540 313
1556550 310
1556560 310
1556570 309
1556580 305
1556590 305
1556600 300
1556610 296
1556620 296
1556630 293
1556640 294
1556650 294
1556660 298
1556670 309
1556680 309
1556690 317
1556700 321
1556710 321
1556720 323
1556730 323
1556740 323
1556750 323
1556760 321
1556770 321
1556780 319
1556790 316
1556800 316
1556810 313
1556820 310
1556830 310
1556840 306
1556850 303
1556860 303
1556870 299
1556880 295
1556890 295
1556900 294
1556910 293
1556920 293
1556930 293
1556940 292
1556950 292
1556960 292
1556970 292
1556980 292
1556990 292
1557000 292
1557010 292
1557020 292
1557030 292
1557040 292
1557050 292
1557060 292
1557070 292
1557080 292
1557090 291
1557100 291
1557110 290
1557120 291
1557130 291
1557140 291
1557150 290
1557160 290
1557170 290
1557180 291
1557190 291
1557200 292
1557210 300
1557220 300
1557230 310
1557240 317
1557250 317
1557260 321
1557270 325
1557280 325
1557290 329
1557300 332
1557310 325
1557320 328
1557330 330
1557340 330
1557350 332
1557360 334
1557370 334
1557380 337
1557390 340
1557400 340
1557410 343
1557420 344
1557430 344
1557440 346
1557450 346
1557460 346
1557470 347
1557480 346
1557490 346
1557500 345
1557510 344
1557520 344
1557530 344
1557540 343
1557550 343
1557560 340
1557570 337
1557580 337
1557590 332
1557600 335
1557610 335
1557620 342
1557630 348
1557640 348
1557650 352
1557660 352
1557670 357
1557680 362
1557690 362
1557700 368
1557710 374
1557720 374
1557730 380
1557740 385
1557750 385
1557760 391
1557770 396
1557780 396
1557790 401
1557800 406
1557810 406
1557820 410
1557830 413
1557840 413
1557850 415
1557860 417
1557870 417
1557880 419
1557890 420
1557900 420
1557910 421
1557920 422
1557930 422
1557940 423
1557950 424
1557960 424
1557970 425
1557980 426
1557990 426
1558000 428
1558010 428
1558020 428
1558030 429
1558040 430
1558050 430
1558060 431
1558070 432
1558080 432
1558090 432
1558100 433
1558110 433
1558120 433
1558130 434
1558140 434
1558150 435
1558160 436
1558170 436
1558180 436
1558190 437
1558200 437
1558210 438
1558220 438
1558230 438
1558240 439
1558250 440
1558260 440
1558270 441
1558280 441
1558290 441
1558300 443
1558310 444
1558320 444
1558330 445
1558340 447
1558350 447
1558360 448
1558370 449
1558380 449
1558390 449
1558400 449
1558410 449
1558420 450
1558430 451
1558440 451
1558450 451
1558460 452
1558470 452
1558480 452
1558490 453
1558500 453
1558510 453
1558520 454
1558530 454
1558540 454
1558550 454
1558560 454
1558570 455
1558580 455
1558590 455
1558600 456
1558610 456
1558620 456
1558630 457
1558640 457
1558650 457
1558660 458
1558670 458
1558680 458
1558690 459
1558700 459
1558710 459
1558720 460
1558730 460
1558740 460
1558750 460
1558760 460
1558770 460
1558780 461
1558790 461
1558800 461
1558810 461
1558820 461
1558830 461
1558840 461
1558850 461
1558860 461
1558870 460
1558880 460
1558890 460
1558900 460
1558910 460
1558920 460
1558930 460
1558940 459
1558950 459
1558960 459
1558970 459
1558980 459
1558990 458
1559000 458
1559010 458
1559020 457
1559030 457
1559040 457
1559050 456
1559060 456
1559070 456
1559080 458
1559090 457
1559100 457
1559110 457
1559120 457
1559130 457
1559140 458
1559150 458
1559160 458
1559170 458
1559180 459
1559190 459
1559200 459
1559210 459
1559220 459
1559230 459
1559240 459
1559250 459
1559260 459
1559270 459
1559280 460
1559290 460
1559300 460
1559310 460
1559320 460
1559330 460
1559340 461
1559350 461
1559360 461
1559370 461
1559380 462
1559390 462
1559400 462
1559410 463
1559420 463
1559430 463
1559440 463
1559450 463
1559460 464
1559470 465
1559480 465
1559490 466
1559500 466
1559510 466
1559520 467
1559530 468
1559540 468
1559550 469
1559560 470
1559570 470
1559580 471
1559590 471
1559600 471
1559610 472
1559620 473
1559630 473
1559640 473
1559650 474
1559660 474
1559670 475
1559680 475
1559690 475
1559700 475
1559710 476
1559720 476
1559730 477
1559740 477
1559750 477
1559760 478
1559770 478
1559780 478
1559790 478
1559800 479
1559810 479
1559820 479
1559830 479
1559840 479
1559850 480
1559860 480
1559870 480
1559880 480
1559890 480
1559900 480
1559910 481
1559920 481
1559930 481
1559940 482
1559950 482
1559960 482
1559970 482
1559980 483
1559990 483
