1540000 308
1540010 309
1540020 308
1540030 308
1540040 308
1540050 307
1540060 307
1540070 306
1540080 305
1540090 305
1540100 303
1540110 302
1540120 302
1540130 301
1540140 298
1540150 298
1540160 291
1540170 286
1540180 286
1540190 283
1540200 282
1540210 282
1540220 282
1540230 282
1540240 282
1540250 282
1540260 282
1540270 282
1540280 281
1540290 281
1540300 281
1540310 280
1540320 280
1540330 280
1540340 280
1540350 280
1540360 280
1540370 280
1540380 280
1540390 280
1540400 280
1540410 280
1540420 280
1540430 280
1540440 280
1540450 280
1540460 280
1540470 280
1540480 280
1540490 280
1540500 280
1540510 280
1540520 280
1540530 280
1540540 280
1540550 280
1540560 280
1540570 280
1540580 280
1540590 280
1540600 280
1540610 280
1540620 280
1540630 280
1540640 280
1540650 280
1540660 280
1540670 280
1540680 280
1540690 280
1540700 280
1540710 280
1540720 280
1540730 280
1540740 280
1540750 280
1540760 280
1540770 280
1540780 280
1540790 280
1540800 280
1540810 280
1540820 280
1540830 280
1540840 280
1540850 280
1540860 280
1540870 280
1540880 280
1540890 280
1540900 280
1540910 280
1540920 280
1540930 280
1540940 280
1540950 280
1540960 280
1540970 281
1540980 282
1540990 282
1541000 284
1541010 289
1541020 289
1541030 295
1541040 300
1541050 300
1541060 306
1541070 312
1541080 312
1541090 316
1541100 321
1541110 321
1541120 327
1541130 333
1541140 333
1541150 338
1541160 343
1541170 343
1541180 348
1541190 353
1541200 353
1541210 359
1541220 365
1541230 365
1541240 370
1541250 375
1541260 375
1541270 380
1541280 384
1541290 384
1541300 390
1541310 390
1541320 395
1541330 401
1541340 401
1541350 405
1541360 409
1541370 409
1541380 411
1541390 412
1541400 412
1541410 413
1541420 414
1541430 414
1541440 415
1541450 418
1541460 418
1541470 422
1541480 426
1541490 426
1541500 431
1541510 437
1541520 437
1541530 443
1541540 449
1541550 449
1541560 454
1541570 459
1541580 459
1541590 463
1541600 467
1541610 467
1541620 472
1541630 477
1541640 477
1541650 481
1541660 484
1541670 484
1541680 488
1541690 491
1541700 491
1541710 492
1541720 492
1541730 492
1541740 493
1541750 493
1541760 493
1541770 492
1541780 490
1541790 490
1541800 488
1541810 486
1541820 486
1541830 483
1541840 480
1541850 480
1541860 477
1541870 473
1541880 473
1541890 470
1541900 467
1541910 467
1541920 463
1541930 460
1541940 460
1541950 455
1541960 450
1541970 450
1541980 444
1541990 438
1542000 438
1542010 432
1542020 425
1542030 425
1542040 417
1542050 409
1542060 409
1542070 402
1542080 395
1542090 393
1542100 386
1542110 382
1542120 382
1542130 378
1542140 373
1542150 373
1542160 367
1542170 362
1542180 362
1542190 356
1542200 349
1542210 349
1542220 344
1542230 339
1542240 339
1542250 334
1542260 328
1542270 328
1542280 322
1542290 318
1542300 318
1542310 312
1542320 305
1542330 305
1542340 297
1542350 290
1542360 290
1542370 283
1542380 281
1542390 281
1542400 280
1542410 280
1542420 280
1542430 280
1542440 280
1542450 280
1542460 280
1542470 280
1542480 280
1542490 280
1542500 280
1542510 280
1542520 280
1542530 280
1542540 280
1542550 280
1542560 280
1542570 280
1542580 280
1542590 280
1542600 280
1542610 280
1542620 280
1542630 280
1542640 280
1542650 280
1542660 280
1542670 280
1542680 280
1542690 280
1542700 280
1542710 280
1542720 280
1542730 280
1542740 280
1542750 280
1542760 280
1542770 280
1542780 280
1542790 280
1542800 280
1542810 280
1542820 280
1542830 280
1542840 280
1542850 280
1542860 280
1542870 280
1542880 280
1542890 280
1542900 280
1542910 282
1542920 282
1542930 283
1542940 283
1542950 283
1542960 284
1542970 283
1542980 283
1542990 283
1543000 283
1543010 283
1543020 283
1543030 284
1543040 284
1543050 286
1543060 290
1543070 290
1543080 296
1543090 303
1543100 303
1543110 308
1543120 314
1543130 314
1543140 319
1543150 324
1543160 324
1543170 328
1543180 336
1543190 336
1543200 346
1543210 352
1543220 352
1543230 357
1543240 363
1543250 363
1543260 370
1543270 376
1543280 376
1543290 383
1543300 390
1543310 390
1543320 396
1543330 403
1543340 403
1543350 410
1543360 416
1543370 416
1543380 420
1543390 425
1543400 425
1543410 432
1543420 440
1543430 440
1543440 447
1543450 453
1543460 453
1543470 459
1543480 465
1543490 465
1543500 471
1543510 477
1543520 477
1543530 484
1543540 490
1543550 490
1543560 496
1543570 503
1543580 503
1543590 510
1543600 518
1543610 518
1543620 524
1543630 530
1543640 530
1543650 535
1543660 539
1543670 539
1543680 540
1543690 539
1543700 539
1543710 538
1543720 536
1543730 536
1543740 535
1543750 534
1543760 534
1543770 533
1543780 532
1543790 532
1543800 531
1543810 530
1543820 530
1543830 529
1543840 528
1543850 528
1543860 526
1543870 525
1543880 525
1543890 524
1543900 523
1543910 523
1543920 523
1543930 522
1543940 522
1543950 522
1543960 522
1543970 522
1543980 521
1543990 521
1544000 521
1544010 521
1544020 521
1544030 521
1544040 520
1544050 520
1544060 520
1544070 520
1544080 519
1544090 519
1544100 519
1544110 519
1544120 519
1544130 518
1544140 517
1544150 517
1544160 516
1544170 515
1544180 515
1544190 514
1544200 512
1544210 512
1544220 511
1544230 509
1544240 509
1544250 508
1544260 507
1544270 507
1544280 506
1544290 505
1544300 505
1544310 504
1544320 504
1544330 504
1544340 504
1544350 505
1544360 505
1544370 506
1544380 506
1544390 506
1544400 507
1544410 507
1544420 507
1544430 508
1544440 508
1544450 508
1544460 508
1544470 508
1544480 508
1544490 508
1544500 508
1544510 507
1544520 506
1544530 506
1544540 504
1544550 502
1544560 502
1544570 501
1544580 500
1544590 500
1544600 499
1544610 499
1544620 499
1544630 498
1544640 498
1544650 498
1544660 498
1544670 499
1544680 499
1544690 499
1544700 499
1544710 499
1544720 500
1544730 500
1544740 500
1544750 501
1544760 502
1544770 502
1544780 503
1544790 504
1544800 504
1544810 505
1544820 506
1544830 506
1544840 507
1544850 508
1544860 508
1544870 509
1544880 509
1544890 509
1544900 510
1544910 510
1544920 510
1544930 511
1544940 511
1544950 511
1544960 512
1544970 512
1544980 512
1544990 512
1545000 513
1545010 513
1545020 513
1545030 513
1545040 513
1545050 514
1545060 515
1545070 515
1545080 515
1545090 515
1545100 515
1545110 515
1545120 515
1545130 515
1545140 515
1545150 516
1545160 516
1545170 516
1545180 516
1545190 516
1545200 516
1545210 517
1545220 517
1545230 517
1545240 517
1545250 517
1545260 518
1545270 518
1545280 518
1545290 518
1545300 518
1545310 518
1545320 519
1545330 519
1545340 519
1545350 519
1545360 520
1545370 520
1545380 520
1545390 520
1545400 520
1545410 520
1545420 520
1545430 520
1545440 520
1545450 519
1545460 519
1545470 519
1545480 519
1545490 519
1545500 518
1545510 517
1545520 517
1545530 517
1545540 516
1545550 516
1545560 514
1545570 513
1545580 513
1545590 512
1545600 510
1545610 510
1545620 508
1545630 506
1545640 506
1545650 502
1545660 500
1545670 500
1545680 498
1545690 495
1545700 495
1545710 493
1545720 492
1545730 492
1545740 491
1545750 491
1545760 491
1545770 491
1545780 492
1545790 492
1545800 493
1545810 495
1545820 495
1545830 496
1545840 497
1545850 497
1545860 497
1545870 497
1545880 497
1545890 497
1545900 497
1545910 497
1545920 496
1545930 496
1545940 495
1545950 494
1545960 494
1545970 491
1545980 489
1545990 489
1546000 486
1546010 484
1546020 484
1546030 480
1546040 476
1546050 476
1546060 472
1546070 467
1546080 467
1546090 462
1546100 456
1546110 456
1546120 455
1546130 458
1546140 458
1546150 460
1546160 463
1546170 463
1546180 465
1546190 467
1546200 467
1546210 468
1546220 467
1546230 467
1546240 468
1546250 470
1546260 470
1546270 472
1546280 474
1546290 474
1546300 476
1546310 478
1546320 478
1546330 480
1546340 482
1546350 482
1546360 484
1546370 485
1546380 485
1546390 486
1546400 486
1546410 486
1546420 486
1546430 487
1546440 487
1546450 487
1546460 487
1546470 487
1546480 488
1546490 488
1546500 488
1546510 489
1546520 490
1546530 490
1546540 490
1546550 488
1546560 488
1546570 486
1546580 482
1546590 482
1546600 478
1546610 475
1546620 475
1546630 472
1546640 471
1546650 471
1546660 469
1546670 467
1546680 467
1546690 465
1546700 461
1546710 461
1546720 465
1546730 468
1546740 468
1546750 471
1546760 475
1546770 475
1546780 478
1546790 481
1546800 481
1546810 483
1546820 485
1546830 485
1546840 487
1546850 489
1546860 489
1546870 490
1546880 492
1546890 492
1546900 493
1546910 494
1546920 494
1546930 494
1546940 495
1546950 495
1546960 497
1546970 497
1546980 497
1546990 496
1547000 493
1547010 493
1547020 491
1547030 488
1547040 488
1547050 485
1547060 483
1547070 483
1547080 480
1547090 477
1547100 477
1547110 474
1547120 471
1547130 471
1547140 468
1547150 465
1547160 465
1547170 463
1547180 462
1547190 462
1547200 461
1547210 461
1547220 461
1547230 461
1547240 460
1547250 460
1547260 458
1547270 456
1547280 456
1547290 455
1547300 459
1547310 459
1547320 462
1547330 465
1547340 465
1547350 468
1547360 471
1547370 471
1547380 474
1547390 477
1547400 477
1547410 479
1547420 482
1547430 482
1547440 484
1547450 486
1547460 486
1547470 488
1547480 488
1547490 490
1547500 492
1547510 492
1547520 492
1547530 492
1547540 492
1547550 492
1547560 492
1547570 492
1547580 493
1547590 495
1547600 495
1547610 497
1547620 498
1547630 498
1547640 499
1547650 501
1547660 501
1547670 502
1547680 504
1547690 504
1547700 505
1547710 507
1547720 507
1547730 508
1547740 510
1547750 510
1547760 511
1547770 513
1547780 513
1547790 514
1547800 515
1547810 515
1547820 516
1547830 516
1547840 516
1547850 517
1547860 518
1547870 518
1547880 518
1547890 519
1547900 519
1547910 519
1547920 519
1547930 519
1547940 519
1547950 519
1547960 519
1547970 519
1547980 519
1547990 519
1548000 519
1548010 519
1548020 519
1548030 518
1548040 517
1548050 517
1548060 517
1548070 516
1548080 516
1548090 515
1548100 514
1548110 514
1548120 513
1548130 512
1548140 512
1548150 511
1548160 510
1548170 510
1548180 509
1548190 508
1548200 508
1548210 507
1548220 506
1548230 506
1548240 505
1548250 503
1548260 503
1548270 501
1548280 497
1548290 497
1548300 495
1548310 492
1548320 492
1548330 490
1548340 489
1548350 489
1548360 487
1548370 485
1548380 485
1548390 485
1548400 484
1548410 484
1548420 485
1548430 484
1548440 484
1548450 483
1548460 482
1548470 482
1548480 481
1548490 481
1548500 481
1548510 481
1548520 481
1548530 478
1548540 479
1548550 479
1548560 479
1548570 479
1548580 480
1548590 480
1548600 482
1548610 483
1548620 483
1548630 484
1548640 484
1548650 484
1548660 484
1548670 484
1548680 484
1548690 484
1548700 483
1548710 483
1548720 483
1548730 480
1548740 480
1548750 478
1548760 475
1548770 475
1548780 472
1548790 468
1548800 468
1548810 464
1548820 459
1548830 459
1548840 454
1548850 447
1548860 447
1548870 441
1548880 435
1548890 435
1548900 429
1548910 422
1548920 422
1548930 417
1548940 412
1548950 412
1548960 407
1548970 403
1548980 403
1548990 398
1549000 392
1549010 392
1549020 387
1549030 387
1549040 382
1549050 376
1549060 376
1549070 370
1549080 362
1549090 362
1549100 353
1549110 344
1549120 344
1549130 335
1549140 326
1549150 326
1549160 319
1549170 312
1549180 312
1549190 306
1549200 300
1549210 300
1549220 295
1549230 291
1549240 291
1549250 288
1549260 285
1549270 285
1549280 283
1549290 282
1549300 282
1549310 282
1549320 280
1549330 280
1549340 280
1549350 280
1549360 280
1549370 280
1549380 280
1549390 280
1549400 280
1549410 280
1549420 280
1549430 280
1549440 280
1549450 280
1549460 280
1549470 280
1549480 280
1549490 280
1549500 280
1549510 280
1549520 280
1549530 280
1549540 280
1549550 280
1549560 280
1549570 280
1549580 280
1549590 280
1549600 280
1549610 280
1549620 280
1549630 280
1549640 280
1549650 280
1549660 280
1549670 280
1549680 281
1549690 281
1549700 286
1549710 301
1549720 301
1549730 311
1549740 318
1549750 318
1549760 326
1549770 333
1549780 333
1549790 339
1549800 345
1549810 345
1549820 350
1549830 355
1549840 355
1549850 362
1549860 370
1549870 370
1549880 378
1549890 386
1549900 386
1549910 392
1549920 398
1549930 398
1549940 403
1549950 409
1549960 409
1549970 414
1549980 421
1549990 421
1550000 428
1550010 436
1550020 436
1550030 443
1550040 452
1550050 452
1550060 461
1550070 471
1550080 471
1550090 479
1550100 489
1550110 489
1550120 498
1550130 505
1550140 505
1550150 512
1550160 514
1550170 514
1550180 512
1550190 511
1550200 511
1550210 509
1550220 507
1550230 507
1550240 505
1550250 502
1550260 502
1550270 501
1550280 499
1550290 499
1550300 498
1550310 497
1550320 497
1550330 496
1550340 496
1550350 496
1550360 497
1550370 498
1550380 498
1550390 500
1550400 502
1550410 502
1550420 505
1550430 507
1550440 507
1550450 510
1550460 513
1550470 513
1550480 515
1550490 518
1550500 518
1550510 520
1550520 521
1550530 521
1550540 522
1550550 523
1550560 523
1550570 523
1550580 523
1550590 524
1550600 524
1550610 524
1550620 525
1550630 526
1550640 526
1550650 527
1550660 528
1550670 528
1550680 529
1550690 529
1550700 529
1550710 530
1550720 531
1550730 531
1550740 532
1550750 533
1550760 533
1550770 534
1550780 535
1550790 535
1550800 535
1550810 536
1550820 536
1550830 537
1550840 537
1550850 537
1550860 538
1550870 539
1550880 539
1550890 540
1550900 541
1550910 541
1550920 542
1550930 543
1550940 543
1550950 544
1550960 545
1550970 545
1550980 546
1550990 547
1551000 547
1551010 547
1551020 548
1551030 548
1551040 548
1551050 549
1551060 549
1551070 549
1551080 550
1551090 550
1551100 551
1551110 551
1551120 551
1551130 552
1551140 552
1551150 552
1551160 552
1551170 553
1551180 553
1551190 553
1551200 553
1551210 553
1551220 554
1551230 554
1551240 554
1551250 554
1551260 554
1551270 554
1551280 554
1551290 554
1551300 554
1551310 554
1551320 554
1551330 554
1551340 555
1551350 554
1551360 554
1551370 554
1551380 553
1551390 553
1551400 554
1551410 554
1551420 554
1551430 553
1551440 553
1551450 553
1551460 552
1551470 552
1551480 552
1551490 551
1551500 551
1551510 551
1551520 550
1551530 549
1551540 549
1551550 548
1551560 547
1551570 547
1551580 546
1551590 545
1551600 545
1551610 542
1551620 540
1551630 540
1551640 539
1551650 537
1551660 537
1551670 535
1551680 533
1551690 533
1551700 531
1551710 529
1551720 529
1551730 527
1551740 526
1551750 526
1551760 527
1551770 530
1551780 530
1551790 532
1551800 534
1551810 534
1551820 538
1551830 541
1551840 541
1551850 544
1551860 545
1551870 545
1551880 547
1551890 548
1551900 548
1551910 548
1551920 549
1551930 549
1551940 549
1551950 550
1551960 550
1551970 550
1551980 551
1551990 551
1552000 552
1552010 553
1552020 553
1552030 554
1552040 555
1552050 555
1552060 555
1552070 556
1552080 556
1552090 556
1552100 556
1552110 556
1552120 556
1552130 556
1552140 557
1552150 557
1552160 557
1552170 557
1552180 557
1552190 557
1552200 558
1552210 558
1552220 558
1552230 558
1552240 559
1552250 559
1552260 559
1552270 559
1552280 559
1552290 559
1552300 559
1552310 559
1552320 560
1552330 560
1552340 560
1552350 560
1552360 561
1552370 561
1552380 561
1552390 561
1552400 561
1552410 562
1552420 562
1552430 562
1552440 563
1552450 563
1552460 563
1552470 564
1552480 565
1552490 565
1552500 565
1552510 566
1552520 566
1552530 566
1552540 567
1552550 567
1552560 567
1552570 567
1552580 567
1552590 568
1552600 568
1552610 568
1552620 568
1552630 568
1552640 568
1552650 568
1552660 567
1552670 567
1552680 567
1552690 567
1552700 567
1552710 566
1552720 565
1552730 565
1552740 565
1552750 564
1552760 564
1552770 564
1552780 563
1552790 563
1552800 563
1552810 564
1552820 564
1552830 564
1552840 564
1552850 564
1552860 565
1552870 565
1552880 565
1552890 565
1552900 566
1552910 566
1552920 566
1552930 566
1552940 566
1552950 567
1552960 567
1552970 567
1552980 568
1552990 568
1553000 568
1553010 568
1553020 569
1553030 569
1553040 569
1553050 569
1553060 569
1553070 569
1553080 569
1553090 569
1553100 570
1553110 570
1553120 570
1553130 572
1553140 572
1553150 572
1553160 571
1553170 571
1553180 571
1553190 570
1553200 570
1553210 570
1553220 570
1553230 570
1553240 570
1553250 570
1553260 570
1553270 570
1553280 570
1553290 569
1553300 569
1553310 569
1553320 569
1553330 569
1553340 569
1553350 568
1553360 568
1553370 568
1553380 567
1553390 567
1553400 567
1553410 566
1553420 566
1553430 566
1553440 565
1553450 565
1553460 564
1553470 562
1553480 562
1553490 561
1553500 560
1553510 560
1553520 558
1553530 557
1553540 557
1553550 554
1553560 551
1553570 551
1553580 547
1553590 544
1553600 544
1553610 540
1553620 537
1553630 537
1553640 535
1553650 535
1553660 533
1553670 531
1553680 531
1553690 528
1553700 527
1553710 527
1553720 525
1553730 523
1553740 523
1553750 522
1553760 520
1553770 520
1553780 519
1553790 518
1553800 518
1553810 517
1553820 517
1553830 517
1553840 517
1553850 516
1553860 516
1553870 515
1553880 514
1553890 514
1553900 513
1553910 512
1553920 512
1553930 511
1553940 510
1553950 510
1553960 510
1553970 510
1553980 510
1553990 510
1554000 511
1554010 511
1554020 511
1554030 511
1554040 511
1554050 511
1554060 511
1554070 511
1554080 510
1554090 507
1554100 507
1554110 503
1554120 497
1554130 497
1554140 492
1554150 487
1554160 487
1554170 483
1554180 479
1554190 479
1554200 476
1554210 472
1554220 472
1554230 468
1554240 468
1554250 468
1554260 477
1554270 485
1554280 485
1554290 490
1554300 495
1554310 495
1554320 498
1554330 501
1554340 501
1554350 503
1554360 504
1554370 505
1554380 503
1554390 501
1554400 501
1554410 499
1554420 499
1554430 499
1554440 499
1554450 501
1554460 501
1554470 503
1554480 504
1554490 504
1554500 506
1554510 507
1554520 507
1554530 509
1554540 511
1554550 511
1554560 513
1554570 514
1554580 514
1554590 515
1554600 515
1554610 515
1554620 516
1554630 517
1554640 517
1554650 518
1554660 518
1554670 518
1554680 518
1554690 519
1554700 519
1554710 519
1554720 519
1554730 519
1554740 519
1554750 519
1554760 519
1554770 519
1554780 519
1554790 519
1554800 518
1554810 518
1554820 518
1554830 518
1554840 518
1554850 518
1554860 516
1554870 513
1554880 513
1554890 511
1554900 509
1554910 509
1554920 508
1554930 511
1554940 511
1554950 513
1554960 516
1554970 516
1554980 517
1554990 519
1555000 519
1555010 520
1555020 522
1555030 522
1555040 523
1555050 524
1555060 524
1555070 525
1555080 526
1555090 526
1555100 528
1555110 529
1555120 529
1555130 530
1555140 531
1555150 531
1555160 532
1555170 532
1555180 533
1555190 534
1555200 534
1555210 535
1555220 535
1555230 535
1555240 536
1555250 536
1555260 536
1555270 537
1555280 538
1555290 538
1555300 538
1555310 538
1555320 538
1555330 538
1555340 538
1555350 538
1555360 536
1555370 530
1555380 530
1555390 523
1555400 515
1555410 515
1555420 508
1555430 500
1555440 500
1555450 492
1555460 484
1555470 484
1555480 477
1555490 470
1555500 470
1555510 463
1555520 457
1555530 457
1555540 450
1555550 443
1555560 443
1555570 437
1555580 430
1555590 430
1555600 424
1555610 417
1555620 417
1555630 408
1555640 401
1555650 401
1555660 394
1555670 388
1555680 388
1555690 382
1555700 376
1555710 376
1555720 371
1555730 365
1555740 365
1555750 359
1555760 352
1555770 352
1555780 346
1555790 341
1555800 341
1555810 336
1555820 331
1555830 331
1555840 325
1555850 319
1555860 319
1555870 316
1555880 314
1555890 314
1555900 314
1555910 317
1555920 317
1555930 321
1555940 327
1555950 327
1555960 335
1555970 343
1555980 343
1555990 352
1556000 360
1556010 360
1556020 366
1556030 375
1556040 375
1556050 382
1556060 388
1556070 388
1556080 395
1556090 401
1556100 401
1556110 407
1556120 412
1556130 412
1556140 417
1556150 422
1556160 422
1556170 426
1556180 430
1556190 430
1556200 431
1556210 437
1556220 437
1556230 437
1556240 437
1556250 437
1556260 438
1556270 438
1556280 438
1556290 440
1556300 442
1556310 442
1556320 446
1556330 449
1556340 449
1556350 454
1556360 460
1556370 460
1556380 465
1556390 470
1556400 470
1556410 476
1556420 481
1556430 481
1556440 485
1556450 489
1556460 489
1556470 493
1556480 495
1556490 495
1556500 497
1556510 499
1556520 499
1556530 499
1556540 500
1556550 500
1556560 499
1556570 499
1556580 499
1556590 498
1556600 497
1556610 497
1556620 497
1556630 496
1556640 496
1556650 494
1556660 493
1556670 493
1556680 491
1556690 490
1556700 490
1556710 488
1556720 488
1556730 486
1556740 484
1556750 484
1556760 483
1556770 481
1556780 481
1556790 479
1556800 478
1556810 478
1556820 476
1556830 474
1556840 474
1556850 472
1556860 471
1556870 471
1556880 469
1556890 468
1556900 468
1556910 466
1556920 464
1556930 464
1556940 463
1556950 462
1556960 462
1556970 461
1556980 460
1556990 460
1557000 459
1557010 457
1557020 457
1557030 456
1557040 454
1557050 454
1557060 451
1557070 447
1557080 447
1557090 444
1557100 441
1557110 441
1557120 440
1557130 441
1557140 441
1557150 442
1557160 443
1557170 443
1557180 444
1557190 446
1557200 446
1557210 447
1557220 448
1557230 448
1557240 449
1557250 449
1557260 449
1557270 450
1557280 449
1557290 449
1557300 449
1557310 447
1557320 447
1557330 445
1557340 441
1557350 441
1557360 436
1557370 430
1557380 430
1557390 427
1557400 423
1557410 423
1557420 419
1557430 413
1557440 413
1557450 406
1557460 399
1557470 399
1557480 391
1557490 383
1557500 383
1557510 375
1557520 366
1557530 366
1557540 359
1557550 352
1557560 352
1557570 351
1557580 358
1557590 358
1557600 365
1557610 373
1557620 373
1557630 379
1557640 384
1557650 384
1557660 389
1557670 393
1557680 393
1557690 398
1557700 403
1557710 403
1557720 407
1557730 411
1557740 411
1557750 414
1557760 417
1557770 417
1557780 419
1557790 422
1557800 422
1557810 425
1557820 428
1557830 428
1557840 432
1557850 435
1557860 435
1557870 439
1557880 440
1557890 440
1557900 440
1557910 435
1557920 435
1557930 431
1557940 430
1557950 430
1557960 427
1557970 413
1557980 413
1557990 408
1558000 407
1558010 407
1558020 407
1558030 406
1558040 406
1558050 407
1558060 409
1558070 409
1558080 414
1558090 417
1558100 417
1558110 417
1558120 419
1558130 419
1558140 420
1558150 419
1558160 419
1558170 419
1558180 419
1558190 419
1558200 419
1558210 420
1558220 420
1558230 423
1558240 426
1558250 426
1558260 430
1558270 430
1558280 432
1558290 435
1558300 435
1558310 437
1558320 439
1558330 439
1558340 440
1558350 441
1558360 441
1558370 442
1558380 442
1558390 442
1558400 443
1558410 443
1558420 443
1558430 443
1558440 441
1558450 441
1558460 439
1558470 436
1558480 436
1558490 435
1558500 436
1558510 436
1558520 440
1558530 444
1558540 444
1558550 445
1558560 447
1558570 447
1558580 449
1558590 453
1558600 453
1558610 454
1558620 455
1558630 455
1558640 456
1558650 457
1558660 457
1558670 457
1558680 458
1558690 458
1558700 459
1558710 459
1558720 459
1558730 460
1558740 461
1558750 461
1558760 462
1558770 463
1558780 463
1558790 464
1558800 465
1558810 465
1558820 467
1558830 467
1558840 467
1558850 468
1558860 468
1558870 468
1558880 469
1558890 470
1558900 470
1558910 471
1558920 471
1558930 471
1558940 472
1558950 472
1558960 472
1558970 473
1558980 474
1558990 474
1559000 475
1559010 476
1559020 476
1559030 478
1559040 479
1559050 479
1559060 480
1559070 480
1559080 480
1559090 480
1559100 481
1559110 481
1559120 481
1559130 480
1559140 480
1559150 480
1559160 480
1559170 480
1559180 480
1559190 479
1559200 479
1559210 477
1559220 478
1559230 478
1559240 477
1559250 476
1559260 476
1559270 473
1559280 467
1559290 467
1559300 468
1559310 466
1559320 466
1559330 464
1559340 464
1559350 464
1559360 464
1559370 466
1559380 466
1559390 468
1559400 470
1559410 470
1559420 472
1559430 475
1559440 475
1559450 476
1559460 477
1559470 477
1559480 478
1559490 479
1559500 479
1559510 480
1559520 481
1559530 481
1559540 481
1559550 482
1559560 482
1559570 483
1559580 485
1559590 485
1559600 485
1559610 486
1559620 486
1559630 487
1559640 487
1559650 487
1559660 488
1559670 489
1559680 489
1559690 490
1559700 490
1559710 490
1559720 491
1559730 492
1559740 492
1559750 493
1559760 494
1559770 494
1559780 494
1559790 494
1559800 495
1559810 495
1559820 495
1559830 496
1559840 496
1559850 496
1559860 496
1559870 497
1559880 497
1559890 497
1559900 498
1559910 498
1559920 498
1559930 499
1559940 499
1559950 499
1559960 499
1559970 499
1559980 500
1559990 500
