1540000 899
1540010 898
1540020 898
1540030 897
1540040 896
1540050 896
1540060 895
1540070 894
1540080 894
1540090 893
1540100 892
1540110 892
1540120 890
1540130 888
1540140 888
1540150 887
1540160 885
1540170 885
1540180 884
1540190 883
1540200 883
1540210 881
1540220 880
1540230 880
1540240 878
1540250 877
1540260 877
1540270 875
1540280 874
1540290 874
1540300 873
1540310 871
1540320 871
1540330 870
1540340 869
1540350 869
1540360 868
1540370 864
1540380 864
1540390 863
1540400 861
1540410 861
1540420 860
1540430 859
1540440 859
1540450 857
1540460 856
1540470 856
1540480 854
1540490 853
1540500 853
1540510 851
1540520 850
1540530 850
1540540 849
1540550 848
1540560 848
1540570 847
1540580 846
1540590 846
1540600 844
1540610 843
1540620 843
1540630 841
1540640 840
1540650 840
1540660 838
1540670 836
1540680 836
1540690 835
1540700 833
1540710 833
1540720 831
1540730 830
1540740 830
1540750 828
1540760 828
1540770 826
1540780 823
1540790 823
1540800 821
1540810 818
1540820 818
1540830 814
1540840 811
1540850 811
1540860 808
1540870 805
1540880 805
1540890 803
1540900 802
1540910 802
1540920 800
1540930 799
1540940 799
1540950 798
1540960 798
1540970 798
1540980 798
1540990 797
1541000 797
1541010 796
1541020 796
1541030 796
1541040 795
1541050 793
1541060 793
1541070 792
1541080 790
1541090 790
1541100 788
1541110 786
1541120 786
1541130 784
1541140 782
1541150 782
1541160 779
1541170 777
1541180 777
1541190 774
1541200 772
1541210 772
1541220 769
1541230 767
1541240 767
1541250 766
1541260 764
1541270 764
1541280 763
1541290 762
1541300 762
1541310 761
1541320 760
1541330 760
1541340 760
1541350 760
1541360 760
1541370 761
1541380 762
1541390 762
1541400 764
1541410 765
1541420 765
1541430 766
1541440 767
1541450 767
1541460 767
1541470 767
1541480 767
1541490 767
1541500 767
1541510 767
1541520 767
1541530 766
1541540 766
1541550 765
1541560 764
1541570 764
1541580 762
1541590 760
1541600 760
1541610 759
1541620 758
1541630 758
1541640 758
1541650 758
1541660 758
1541670 758
1541680 758
1541690 758
1541700 759
1541710 759
1541720 759
1541730 760
1541740 760
1541750 761
1541760 762
1541770 762
1541780 763
1541790 763
1541800 763
1541810 763
1541820 763
1541830 763
1541840 762
1541850 761
1541860 761
1541870 759
1541880 757
1541890 757
1541900 755
1541910 753
1541920 753
1541930 751
1541940 750
1541950 750
1541960 750
1541970 749
1541980 749
1541990 750
1542000 749
1542010 749
1542020 749
1542030 748
1542040 748
1542050 747
1542060 747
1542070 747
1542080 746
1542090 744
1542100 744
1542110 742
1542120 740
1542130 740
1542140 738
1542150 736
1542160 736
1542170 735
1542180 734
1542190 734
1542200 733
1542210 731
1542220 731
1542230 729
1542240 726
1542250 726
1542260 723
1542270 719
1542280 719
1542290 714
1542300 709
1542310 709
1542320 704
1542330 700
1542340 700
1542350 696
1542360 692
1542370 692
1542380 689
1542390 685
1542400 685
1542410 681
1542420 677
1542430 677
1542440 673
1542450 669
1542460 669
1542470 665
1542480 663
1542490 663
1542500 661
1542510 660
1542520 660
1542530 660
1542540 661
1542550 661
1542560 663
1542570 663
1542580 665
1542590 665
1542600 665
1542610 667
1542620 669
1542630 669
1542640 671
1542650 673
1542660 673
1542670 678
1542680 681
1542690 681
1542700 685
1542710 687
1542720 687
1542730 689
1542740 691
1542750 691
1542760 692
1542770 694
1542780 694
1542790 695
1542800 696
1542810 696
1542820 696
1542830 696
1542840 696
1542850 695
1542860 693
1542870 693
1542880 691
1542890 689
1542900 689
1542910 686
1542920 683
1542930 683
1542940 680
1542950 676
1542960 676
1542970 672
1542980 669
1542990 669
1543000 666
1543010 664
1543020 664
1543030 661
1543040 659
1543050 659
1543060 657
1543070 655
1543080 655
1543090 654
1543100 651
1543110 651
1543120 649
1543130 647
1543140 647
1543150 645
1543160 643
1543170 643
1543180 642
1543190 641
1543200 641
1543210 640
1543220 639
1543230 639
1543240 638
1543250 637
1543260 637
1543270 636
1543280 634
1543290 634
1543300 633
1543310 632
1543320 632
1543330 631
1543340 631
1543350 631
1543360 630
1543370 629
1543380 629
1543390 628
1543400 627
1543410 627
1543420 627
1543430 626
1543440 626
1543450 625
1543460 625
1543470 625
1543480 625
1543490 625
1543500 624
1543510 624
1543520 624
1543530 623
1543540 623
1543550 623
1543560 623
1543570 622
1543580 622
1543590 622
1543600 622
1543610 622
1543620 621
1543630 620
1543640 620
1543650 620
1543660 619
1543670 619
1543680 618
1543690 617
1543700 617
1543710 617
1543720 616
1543730 616
1543740 617
1543750 617
1543760 617
1543770 618
1543780 619
1543790 619
1543800 618
1543810 618
1543820 618
1543830 617
1543840 616
1543850 616
1543860 615
1543870 614
1543880 614
1543890 614
1543900 613
1543910 613
1543920 613
1543930 612
1543940 612
1543950 611
1543960 610
1543970 610
1543980 608
1543990 607
1544000 607
1544010 606
1544020 605
1544030 605
1544040 603
1544050 602
1544060 602
1544070 600
1544080 598
1544090 598
1544100 597
1544110 596
1544120 596
1544130 594
1544140 592
1544150 592
1544160 590
1544170 587
1544180 587
1544190 584
1544200 583
1544210 583
1544220 583
1544230 585
1544240 585
1544250 587
1544260 589
1544270 589
1544280 588
1544290 585
1544300 585
1544310 582
1544320 578
1544330 578
1544340 575
1544350 571
1544360 571
1544370 568
1544380 568
1544390 565
1544400 562
1544410 562
1544420 561
1544430 560
1544440 560
1544450 561
1544460 563
1544470 563
1544480 566
1544490 570
1544500 570
1544510 575
1544520 580
1544530 580
1544540 584
1544550 588
1544560 588
1544570 591
1544580 593
1544590 593
1544600 595
1544610 596
1544620 596
1544630 597
1544640 597
1544650 597
1544660 597
1544670 596
1544680 596
1544690 595
1544700 594
1544710 594
1544720 592
1544730 590
1544740 590
1544750 589
1544760 588
1544770 588
1544780 587
1544790 586
1544800 586
1544810 586
1544820 586
1544830 586
1544840 586
1544850 586
1544860 586
1544870 586
1544880 589
1544890 589
1544900 589
1544910 588
1544920 588
1544930 588
1544940 587
1544950 587
1544960 586
1544970 584
1544980 584
1544990 581
1545000 579
1545010 579
1545020 578
1545030 577
1545040 577
1545050 576
1545060 574
1545070 574
1545080 572
1545090 570
1545100 570
1545110 568
1545120 566
1545130 566
1545140 564
1545150 562
1545160 562
1545170 559
1545180 557
1545190 557
1545200 554
1545210 551
1545220 551
1545230 549
1545240 547
1545250 547
1545260 544
1545270 541
1545280 541
1545290 538
1545300 538
1545310 536
1545320 535
1545330 535
1545340 535
1545350 535
1545360 535
1545370 535
1545380 536
1545390 536
1545400 537
1545410 540
1545420 540
1545430 541
1545440 543
1545450 543
1545460 546
1545470 548
1545480 548
1545490 550
1545500 552
1545510 552
1545520 553
1545530 554
1545540 554
1545550 554
1545560 554
1545570 554
1545580 554
1545590 554
1545600 554
1545610 554
1545620 554
1545630 554
1545640 555
1545650 555
1545660 555
1545670 556
1545680 556
1545690 556
1545700 557
1545710 557
1545720 557
1545730 557
1545740 558
1545750 558
1545760 558
1545770 558
1545780 558
1545790 558
1545800 557
1545810 557
1545820 556
1545830 552
1545840 552
1545850 549
1545860 547
1545870 547
1545880 547
1545890 547
1545900 547
1545910 549
1545920 550
1545930 550
1545940 551
1545950 553
1545960 553
1545970 555
1545980 556
1545990 556
1546000 559
1546010 561
1546020 561
1546030 563
1546040 565
1546050 565
1546060 567
1546070 569
1546080 569
1546090 571
1546100 573
1546110 573
1546120 575
1546130 577
1546140 577
1546150 578
1546160 579
1546170 579
1546180 580
1546190 581
1546200 581
1546210 582
1546220 582
1546230 582
1546240 582
1546250 582
1546260 583
1546270 583
1546280 583
1546290 583
1546300 582
1546310 582
1546320 582
1546330 581
1546340 581
1546350 580
1546360 580
1546370 580
1546380 580
1546390 579
1546400 579
1546410 578
1546420 577
1546430 577
1546440 577
1546450 576
1546460 576
1546470 575
1546480 575
1546490 575
1546500 574
1546510 574
1546520 574
1546530 574
1546540 574
1546550 574
1546560 575
1546570 574
1546580 574
1546590 574
1546600 573
1546610 573
1546620 572
1546630 571
1546640 571
1546650 570
1546660 569
1546670 569
1546680 568
1546690 567
1546700 567
1546710 566
1546720 565
1546730 565
1546740 564
1546750 562
1546760 562
1546770 560
1546780 559
1546790 559
1546800 557
1546810 556
1546820 556
1546830 555
1546840 555
1546850 555
1546860 556
1546870 559
1546880 559
1546890 562
1546900 565
1546910 565
1546920 567
1546930 568
1546940 568
1546950 569
1546960 570
1546970 570
1546980 570
1546990 570
1547000 568
1547010 568
1547020 567
1547030 567
1547040 567
1547050 565
1547060 565
1547070 564
1547080 563
1547090 563
1547100 561
1547110 561
1547120 558
1547130 555
1547140 555
1547150 552
1547160 549
1547170 549
1547180 547
1547190 546
1547200 546
1547210 545
1547220 545
1547230 545
1547240 544
1547250 543
1547260 543
1547270 542
1547280 541
1547290 541
1547300 541
1547310 540
1547320 540
1547330 540
1547340 541
1547350 541
1547360 542
1547370 544
1547380 544
1547390 546
1547400 548
1547410 548
1547420 549
1547430 550
1547440 550
1547450 551
1547460 551
1547470 551
1547480 550
1547490 549
1547500 549
1547510 548
1547520 546
1547530 546
1547540 544
1547550 543
1547560 543
1547570 541
1547580 539
1547590 539
1547600 537
1547610 535
1547620 535
1547630 532
1547640 530
1547650 530
1547660 527
1547670 525
1547680 525
1547690 522
1547700 520
1547710 520
1547720 518
1547730 517
1547740 517
1547750 516
1547760 515
1547770 515
1547780 515
1547790 514
1547800 514
1547810 513
1547820 512
1547830 512
1547840 510
1547850 509
1547860 509
1547870 508
1547880 507
1547890 507
1547900 507
1547910 506
1547920 506
1547930 506
1547940 505
1547950 505
1547960 505
1547970 504
1547980 504
1547990 504
1548000 504
1548010 504
1548020 504
1548030 504
1548040 504
1548050 505
1548060 505
1548070 504
1548080 505
1548090 505
1548100 505
1548110 505
1548120 505
1548130 505
1548140 505
1548150 505
1548160 506
1548170 507
1548180 507
1548190 507
1548200 507
1548210 507
1548220 508
1548230 509
1548240 509
1548250 509
1548260 509
1548270 509
1548280 509
1548290 509
1548300 509
1548310 510
1548320 510
1548330 510
1548340 511
1548350 511
1548360 511
1548370 512
1548380 514
1548390 514
1548400 517
1548410 521
1548420 521
1548430 526
1548440 530
1548450 530
1548460 533
1548470 536
1548480 536
1548490 540
1548500 543
1548510 543
1548520 546
1548530 549
1548540 549
1548550 552
1548560 556
1548570 556
1548580 559
1548590 563
1548600 563
1548610 567
1548620 571
1548630 571
1548640 574
1548650 577
1548660 577
1548670 580
1548680 582
1548690 582
1548700 585
1548710 587
1548720 587
1548730 589
1548740 590
1548750 590
1548760 592
1548770 593
1548780 593
1548790 594
1548800 594
1548810 594
1548820 595
1548830 596
1548840 596
1548850 597
1548860 597
1548870 597
1548880 598
1548890 599
1548900 599
1548910 599
1548920 599
1548930 600
1548940 600
1548950 600
1548960 600
1548970 601
1548980 601
1548990 601
1549000 602
1549010 602
1549020 602
1549030 603
1549040 603
1549050 603
1549060 601
1549070 601
1549080 601
1549090 602
1549100 602
1549110 602
1549120 603
1549130 603
1549140 604
1549150 606
1549160 606
1549170 607
1549180 608
1549190 608
1549200 610
1549210 612
1549220 612
1549230 613
1549240 615
1549250 615
1549260 616
1549270 618
1549280 618
1549290 619
1549300 620
1549310 620
1549320 621
1549330 622
1549340 622
1549350 622
1549360 621
1549370 621
1549380 621
1549390 619
1549400 619
1549410 618
1549420 616
1549430 616
1549440 614
1549450 611
1549460 611
1549470 607
1549480 604
1549490 604
1549500 601
1549510 597
1549520 597
1549530 594
1549540 591
1549550 591
1549560 588
1549570 586
1549580 586
1549590 584
1549600 582
1549610 582
1549620 580
1549630 578
1549640 578
1549650 577
1549660 576
1549670 576
1549680 575
1549690 574
1549700 574
1549710 572
1549720 571
1549730 571
1549740 569
1549750 568
1549760 568
1549770 567
1549780 567
1549790 567
1549800 567
1549810 566
1549820 566
1549830 566
1549840 566
1549850 566
1549860 565
1549870 565
1549880 565
1549890 564
1549900 564
1549910 564
1549920 564
1549930 564
1549940 564
1549950 563
1549960 563
1549970 563
1549980 563
1549990 563
1550000 563
1550010 563
1550020 563
1550030 563
1550040 564
1550050 564
1550060 564
1550070 564
1550080 564
1550090 563
1550100 563
1550110 563
1550120 562
1550130 561
1550140 561
1550150 560
1550160 560
1550170 560
1550180 560
1550190 560
1550200 560
1550210 560
1550220 560
1550230 560
1550240 560
1550250 560
1550260 560
1550270 560
1550280 560
1550290 560
1550300 560
1550310 559
1550320 559
1550330 559
1550340 559
1550350 559
1550360 558
1550370 558
1550380 558
1550390 558
1550400 557
1550410 557
1550420 557
1550430 555
1550440 555
1550450 554
1550460 553
1550470 553
1550480 552
1550490 550
1550500 550
1550510 548
1550520 547
1550530 547
1550540 545
1550550 545
1550560 545
1550570 545
1550580 546
1550590 546
1550600 546
1550610 547
1550620 547
1550630 548
1550640 549
1550650 549
1550660 548
1550670 548
1550680 548
1550690 548
1550700 547
1550710 547
1550720 546
1550730 545
1550740 545
1550750 544
1550760 544
1550770 543
1550780 542
1550790 542
1550800 541
1550810 540
1550820 540
1550830 539
1550840 537
1550850 537
1550860 536
1550870 535
1550880 535
1550890 533
1550900 532
1550910 532
1550920 531
1550930 530
1550940 530
1550950 528
1550960 527
1550970 527
1550980 525
1550990 524
1551000 524
1551010 523
1551020 522
1551030 522
1551040 521
1551050 520
1551060 520
1551070 518
1551080 517
1551090 517
1551100 515
1551110 513
1551120 513
1551130 510
1551140 508
1551150 508
1551160 506
1551170 505
1551180 505
1551190 505
1551200 504
1551210 504
1551220 504
1551230 505
1551240 505
1551250 506
1551260 507
1551270 507
1551280 507
1551290 508
1551300 508
1551310 508
1551320 509
1551330 509
1551340 509
1551350 510
1551360 510
1551370 511
1551380 512
1551390 512
1551400 513
1551410 514
1551420 514
1551430 514
1551440 515
1551450 515
1551460 516
1551470 517
1551480 517
1551490 518
1551500 519
1551510 519
1551520 519
1551530 520
1551540 520
1551550 520
1551560 520
1551570 520
1551580 521
1551590 521
1551600 521
1551610 520
1551620 521
1551630 521
1551640 520
1551650 520
1551660 520
1551670 519
1551680 519
1551690 518
1551700 517
1551710 517
1551720 517
1551730 516
1551740 516
1551750 515
1551760 514
1551770 514
1551780 513
1551790 512
1551800 512
1551810 511
1551820 509
1551830 509
1551840 507
1551850 504
1551860 504
1551870 500
1551880 494
1551890 494
1551900 489
1551910 483
1551920 483
1551930 479
1551940 474
1551950 474
1551960 473
1551970 474
1551980 474
1551990 475
1552000 476
1552010 476
1552020 479
1552030 485
1552040 485
1552050 490
1552060 493
1552070 493
1552080 495
1552090 496
1552100 496
1552110 496
1552120 494
1552130 494
1552140 493
1552150 491
1552160 491
1552170 488
1552180 484
1552190 484
1552200 480
1552210 481
1552220 481
1552230 484
1552240 487
1552250 487
1552260 489
1552270 492
1552280 492
1552290 496
1552300 498
1552310 498
1552320 500
1552330 502
1552340 502
1552350 503
1552360 505
1552370 505
1552380 506
1552390 507
1552400 507
1552410 508
1552420 510
1552430 510
1552440 511
1552450 512
1552460 512
1552470 513
1552480 514
1552490 514
1552500 515
1552510 516
1552520 516
1552530 516
1552540 517
1552550 517
1552560 517
1552570 517
1552580 518
1552590 518
1552600 518
1552610 519
1552620 519
1552630 519
1552640 520
1552650 521
1552660 521
1552670 522
1552680 523
1552690 523
1552700 524
1552710 525
1552720 525
1552730 526
1552740 528
1552750 528
1552760 528
1552770 529
1552780 529
1552790 530
1552800 531
1552810 531
1552820 532
1552830 533
1552840 533
1552850 534
1552860 535
1552870 535
1552880 535
1552890 536
1552900 536
1552910 537
1552920 538
1552930 538
1552940 539
1552950 540
1552960 540
1552970 540
1552980 541
1552990 542
1553000 543
1553010 543
1553020 543
1553030 544
1553040 544
1553050 544
1553060 545
1553070 546
1553080 546
1553090 546
1553100 547
1553110 547
1553120 547
1553130 548
1553140 548
1553150 548
1553160 549
1553170 549
1553180 549
1553190 550
1553200 550
1553210 550
1553220 550
1553230 550
1553240 551
1553250 551
1553260 551
1553270 551
1553280 551
1553290 551
1553300 551
1553310 552
1553320 552
1553330 552
1553340 552
1553350 552
1553360 551
1553370 551
1553380 551
1553390 551
1553400 550
1553410 550
1553420 549
1553430 548
1553440 548
1553450 547
1553460 547
1553470 546
1553480 545
1553490 545
1553500 545
1553510 544
1553520 544
1553530 543
1553540 543
1553550 543
1553560 542
1553570 542
1553580 542
1553590 542
1553600 542
1553610 542
1553620 541
1553630 541
1553640 541
1553650 541
1553660 542
1553670 542
1553680 543
1553690 544
1553700 544
1553710 544
1553720 545
1553730 545
1553740 546
1553750 547
1553760 547
1553770 547
1553780 548
1553790 548
1553800 548
1553810 549
1553820 549
1553830 549
1553840 550
1553850 550
1553860 550
1553870 550
1553880 550
1553890 551
1553900 551
1553910 551
1553920 551
1553930 552
1553940 552
1553950 552
1553960 552
1553970 552
1553980 552
1553990 552
1554000 552
1554010 552
1554020 553
1554030 553
1554040 553
1554050 552
1554060 552
1554070 552
1554080 552
1554090 552
1554100 551
1554110 550
1554120 550
1554130 550
1554140 549
1554150 549
1554160 548
1554170 548
1554180 548
1554190 547
1554200 547
1554210 547
1554220 546
1554230 546
1554240 546
1554250 546
1554260 545
1554270 545
1554280 545
1554290 545
1554300 545
1554310 544
1554320 544
1554330 544
1554340 543
1554350 543
1554360 543
1554370 544
1554380 544
1554390 546
1554400 549
1554410 549
1554420 552
1554430 554
1554440 554
1554450 555
1554460 556
1554470 556
1554480 558
1554490 559
1554500 559
1554510 560
1554520 561
1554530 561
1554540 562
1554550 563
1554560 563
1554570 563
1554580 564
1554590 564
1554600 564
1554610 566
1554620 566
1554630 568
1554640 568
1554650 568
1554660 569
1554670 569
1554680 569
1554690 570
1554700 570
1554710 570
1554720 570
1554730 571
1554740 571
1554750 571
1554760 571
1554770 571
1554780 571
1554790 572
1554800 572
1554810 571
1554820 571
1554830 571
1554840 569
1554850 567
1554860 567
1554870 565
1554880 564
1554890 564
1554900 563
1554910 563
1554920 563
1554930 564
1554940 564
1554950 564
1554960 565
1554970 566
1554980 566
1554990 567
1555000 569
1555010 569
1555020 570
1555030 571
1555040 571
1555050 573
1555060 575
1555070 575
1555080 577
1555090 579
1555100 579
1555110 581
1555120 583
1555130 583
1555140 585
1555150 587
1555160 587
1555170 589
1555180 590
1555190 590
1555200 592
1555210 594
1555220 594
1555230 596
1555240 598
1555250 598
1555260 599
1555270 601
1555280 601
1555290 603
1555300 603
1555310 605
1555320 607
1555330 607
1555340 609
1555350 611
1555360 611
1555370 613
1555380 615
1555390 615
1555400 617
1555410 619
1555420 619
1555430 621
1555440 623
1555450 623
1555460 625
1555470 627
1555480 627
1555490 630
1555500 633
1555510 633
1555520 636
1555530 638
1555540 638
1555550 640
1555560 641
1555570 641
1555580 642
1555590 642
1555600 642
1555610 641
1555620 640
1555630 640
1555640 639
1555650 638
1555660 638
1555670 636
1555680 634
1555690 634
1555700 632
1555710 630
1555720 630
1555730 628
1555740 627
1555750 627
1555760 625
1555770 623
1555780 623
1555790 622
1555800 621
1555810 621
1555820 620
1555830 620
1555840 620
1555850 619
1555860 619
1555870 619
1555880 618
1555890 616
1555900 616
1555910 614
1555920 612
1555930 612
1555940 610
1555950 608
1555960 608
1555970 607
1555980 605
1555990 605
1556000 604
1556010 603
1556020 603
1556030 601
1556040 600
1556050 600
1556060 599
1556070 598
1556080 598
1556090 597
1556100 596
1556110 596
1556120 595
1556130 594
1556140 594
1556150 593
1556160 593
1556170 593
1556180 592
1556190 592
1556200 592
1556210 591
1556220 591
1556230 591
1556240 591
1556250 591
1556260 591
1556270 591
1556280 591
1556290 591
1556300 591
1556310 591
1556320 591
1556330 591
1556340 591
1556350 591
1556360 591
1556370 591
1556380 591
1556390 591
1556400 591
1556410 592
1556420 592
1556430 592
1556440 592
1556450 592
1556460 592
1556470 592
1556480 591
1556490 591
1556500 591
1556510 591
1556520 591
1556530 592
1556540 592
1556550 592
1556560 592
1556570 591
1556580 591
1556590 591
1556600 589
1556610 589
1556620 588
1556630 587
1556640 587
1556650 586
1556660 584
1556670 584
1556680 583
1556690 582
1556700 582
1556710 583
1556720 582
1556730 582
1556740 580
1556750 579
1556760 579
1556770 577
1556780 574
1556790 574
1556800 572
1556810 569
1556820 569
1556830 568
1556840 566
1556850 566
1556860 565
1556870 564
1556880 564
1556890 564
1556900 563
1556910 563
1556920 563
1556930 563
1556940 563
1556950 562
1556960 562
1556970 562
1556980 562
1556990 561
1557000 561
1557010 561
1557020 561
1557030 561
1557040 561
1557050 560
1557060 560
1557070 559
1557080 557
1557090 557
1557100 555
1557110 555
1557120 555
1557130 552
1557140 552
1557150 550
1557160 549
1557170 549
1557180 548
1557190 548
1557200 548
1557210 548
1557220 548
1557230 548
1557240 548
1557250 548
1557260 548
1557270 548
1557280 548
1557290 548
1557300 548
1557310 548
1557320 548
1557330 549
1557340 550
1557350 550
1557360 551
1557370 552
1557380 552
1557390 553
1557400 553
1557410 553
1557420 554
1557430 555
1557440 555
1557450 556
1557460 556
1557470 556
1557480 557
1557490 557
1557500 557
1557510 557
1557520 558
1557530 558
1557540 558
1557550 558
1557560 558
1557570 558
1557580 557
1557590 557
1557600 557
1557610 557
1557620 557
1557630 556
1557640 556
1557650 556
1557660 556
1557670 555
1557680 555
1557690 554
1557700 554
1557710 554
1557720 554
1557730 553
1557740 553
1557750 553
1557760 553
1557770 553
1557780 552
1557790 551
1557800 551
1557810 551
1557820 551
1557830 551
1557840 550
1557850 550
1557860 550
1557870 550
1557880 549
1557890 549
1557900 549
1557910 549
1557920 549
1557930 549
1557940 549
1557950 549
1557960 549
1557970 549
1557980 549
1557990 549
1558000 549
1558010 549
1558020 549
1558030 549
1558040 549
1558050 548
1558060 548
1558070 548
1558080 547
1558090 547
1558100 545
1558110 543
1558120 543
1558130 540
1558140 539
1558150 539
1558160 538
1558170 537
1558180 537
1558190 537
1558200 537
1558210 537
1558220 536
1558230 536
1558240 536
1558250 537
1558260 539
1558270 539
1558280 541
1558290 543
1558300 543
1558310 545
1558320 547
1558330 547
1558340 548
1558350 550
1558360 550
1558370 551
1558380 552
1558390 552
1558400 553
1558410 554
1558420 554
1558430 555
1558440 556
1558450 556
1558460 556
1558470 557
1558480 557
1558490 558
1558500 558
1558510 558
1558520 559
1558530 560
1558540 560
1558550 561
1558560 562
1558570 562
1558580 563
1558590 563
1558600 563
1558610 564
1558620 565
1558630 565
1558640 565
1558650 566
1558660 566
1558670 566
1558680 567
1558690 567
1558700 567
1558710 568
1558720 568
1558730 569
1558740 569
1558750 569
1558760 570
1558770 570
1558780 570
1558790 571
1558800 571
1558810 571
1558820 572
1558830 572
1558840 572
1558850 572
1558860 573
1558870 573
1558880 573
1558890 573
1558900 573
1558910 573
1558920 573
1558930 573
1558940 573
1558950 573
1558960 573
1558970 572
1558980 572
1558990 572
1559000 571
1559010 571
1559020 570
1559030 569
1559040 569
1559050 568
1559060 568
1559070 568
1559080 567
1559090 567
1559100 567
1559110 566
1559120 566
1559130 566
1559140 566
1559150 566
1559160 566
1559170 567
1559180 567
1559190 567
1559200 567
1559210 568
1559220 568
1559230 568
1559240 568
1559250 568
1559260 569
1559270 569
1559280 569
1559290 570
1559300 570
1559310 570
1559320 571
1559330 571
1559340 571
1559350 570
1559360 570
1559370 570
1559380 569
1559390 566
1559400 566
1559410 563
1559420 561
1559430 561
1559440 559
1559450 558
1559460 558
1559470 558
1559480 559
1559490 559
1559500 561
1559510 563
1559520 563
1559530 566
1559540 568
1559550 568
1559560 571
1559570 573
1559580 573
1559590 575
1559600 578
1559610 578
1559620 580
1559630 582
1559640 582
1559650 583
1559660 585
1559670 585
1559680 586
1559690 587
1559700 587
1559710 588
1559720 589
1559730 589
1559740 590
1559750 590
1559760 590
1559770 591
1559780 592
1559790 592
1559800 592
1559810 592
1559820 593
1559830 593
1559840 593
1559850 594
1559860 594
1559870 594
1559880 594
1559890 594
1559900 594
1559910 593
1559920 592
1559930 592
1559940 591
1559950 589
1559960 589
1559970 587
1559980 586
1559990 586
