1540000 864
1540010 864
1540020 864
1540030 864
1540040 865
1540050 866
1540060 866
1540070 866
1540080 867
1540090 867
1540100 867
1540110 868
1540120 868
1540130 868
1540140 867
1540150 867
1540160 867
1540170 866
1540180 866
1540190 865
1540200 864
1540210 864
1540220 862
1540230 861
1540240 861
1540250 860
1540260 859
1540270 859
1540280 857
1540290 856
1540300 856
1540310 855
1540320 853
1540330 853
1540340 852
1540350 850
1540360 850
1540370 849
1540380 847
1540390 847
1540400 846
1540410 845
1540420 845
1540430 843
1540440 841
1540450 841
1540460 838
1540470 836
1540480 836
1540490 835
1540500 834
1540510 834
1540520 832
1540530 831
1540540 831
1540550 830
1540560 830
1540570 830
1540580 829
1540590 828
1540600 828
1540610 827
1540620 826
1540630 826
1540640 824
1540650 824
1540660 824
1540670 822
1540680 821
1540690 821
1540700 820
1540710 818
1540720 818
1540730 817
1540740 815
1540750 815
1540760 814
1540770 813
1540780 813
1540790 813
1540800 812
1540810 812
1540820 810
1540830 809
1540840 809
1540850 808
1540860 807
1540870 807
1540880 806
1540890 805
1540900 805
1540910 805
1540920 804
1540930 804
1540940 804
1540950 804
1540960 803
1540970 803
1540980 803
1540990 802
1541000 802
1541010 802
1541020 801
1541030 801
1541040 801
1541050 801
1541060 801
1541070 801
1541080 801
1541090 801
1541100 801
1541110 801
1541120 800
1541130 800
1541140 800
1541150 799
1541160 799
1541170 798
1541180 799
1541190 799
1541200 799
1541210 799
1541220 799
1541230 800
1541240 801
1541250 801
1541260 801
1541270 802
1541280 802
1541290 803
1541300 803
1541310 803
1541320 804
1541330 804
1541340 804
1541350 804
1541360 804
1541370 804
1541380 804
1541390 804
1541400 804
1541410 803
1541420 803
1541430 803
1541440 801
1541450 799
1541460 799
1541470 798
1541480 797
1541490 797
1541500 796
1541510 795
1541520 795
1541530 794
1541540 792
1541550 792
1541560 790
1541570 788
1541580 788
1541590 786
1541600 785
1541610 785
1541620 785
1541630 784
1541640 784
1541650 784
1541660 784
1541670 784
1541680 784
1541690 784
1541700 784
1541710 785
1541720 785
1541730 785
1541740 786
1541750 786
1541760 786
1541770 787
1541780 788
1541790 788
1541800 788
1541810 788
1541820 788
1541830 786
1541840 785
1541850 785
1541860 783
1541870 783
1541880 781
1541890 780
1541900 780
1541910 778
1541920 778
1541930 778
1541940 777
1541950 776
1541960 776
1541970 774
1541980 772
1541990 772
1542000 771
1542010 769
1542020 769
1542030 767
1542040 766
1542050 766
1542060 764
1542070 761
1542080 761
1542090 758
1542100 756
1542110 756
1542120 753
1542130 750
1542140 750
1542150 748
1542160 746
1542170 746
1542180 745
1542190 743
1542200 743
1542210 741
1542220 739
1542230 739
1542240 737
1542250 735
1542260 735
1542270 734
1542280 731
1542290 731
1542300 727
1542310 724
1542320 724
1542330 722
1542340 721
1542350 721
1542360 720
1542370 719
1542380 719
1542390 718
1542400 717
1542410 717
1542420 717
1542430 716
1542440 716
1542450 715
1542460 714
1542470 714
1542480 713
1542490 711
1542500 711
1542510 710
1542520 708
1542530 708
1542540 706
1542550 705
1542560 705
1542570 703
1542580 700
1542590 700
1542600 697
1542610 694
1542620 694
1542630 691
1542640 686
1542650 686
1542660 681
1542670 676
1542680 676
1542690 672
1542700 668
1542710 668
1542720 665
1542730 661
1542740 661
1542750 659
1542760 657
1542770 657
1542780 655
1542790 655
1542800 652
1542810 650
1542820 650
1542830 647
1542840 646
1542850 646
1542860 645
1542870 645
1542880 645
1542890 646
1542900 647
1542910 647
1542920 648
1542930 649
1542940 649
1542950 649
1542960 649
1542970 649
1542980 648
1542990 642
1543000 642
1543010 641
1543020 639
1543030 639
1543040 637
1543050 635
1543060 635
1543070 633
1543080 629
1543090 629
1543100 625
1543110 620
1543120 620
1543130 616
1543140 613
1543150 613
1543160 610
1543170 608
1543180 608
1543190 606
1543200 604
1543210 604
1543220 602
1543230 599
1543240 599
1543250 597
1543260 595
1543270 595
1543280 594
1543290 593
1543300 593
1543310 592
1543320 591
1543330 591
1543340 591
1543350 590
1543360 590
1543370 590
1543380 589
1543390 589
1543400 589
1543410 588
1543420 588
1543430 588
1543440 587
1543450 587
1543460 586
1543470 586
1543480 586
1543490 586
1543500 586
1543510 586
1543520 585
1543530 585
1543540 585
1543550 585
1543560 585
1543570 585
1543580 585
1543590 585
1543600 585
1543610 585
1543620 585
1543630 585
1543640 585
1543650 585
1543660 585
1543670 585
1543680 585
1543690 585
1543700 585
1543710 585
1543720 583
1543730 582
1543740 582
1543750 581
1543760 580
1543770 580
1543780 580
1543790 580
1543800 580
1543810 579
1543820 579
1543830 579
1543840 579
1543850 579
1543860 579
1543870 578
1543880 578
1543890 578
1543900 577
1543910 577
1543920 577
1543930 577
1543940 576
1543950 576
1543960 576
1543970 575
1543980 575
1543990 575
1544000 575
1544010 575
1544020 576
1544030 578
1544040 578
1544050 579
1544060 581
1544070 581
1544080 584
1544090 588
1544100 588
1544110 591
1544120 594
1544130 594
1544140 597
1544150 600
1544160 600
1544170 602
1544180 604
1544190 604
1544200 605
1544210 607
1544220 607
1544230 609
1544240 611
1544250 611
1544260 612
1544270 614
1544280 614
1544290 616
1544300 617
1544310 617
1544320 618
1544330 619
1544340 619
1544350 619
1544360 618
1544370 618
1544380 618
1544390 618
1544400 618
1544410 618
1544420 617
1544430 617
1544440 616
1544450 615
1544460 615
1544470 614
1544480 613
1544490 613
1544500 612
1544510 611
1544520 611
1544530 609
1544540 608
1544550 608
1544560 607
1544570 606
1544580 606
1544590 605
1544600 604
1544610 604
1544620 603
1544630 602
1544640 602
1544650 601
1544660 601
1544670 600
1544680 600
1544690 600
1544700 599
1544710 598
1544720 598
1544730 596
1544740 595
1544750 595
1544760 594
1544770 592
1544780 592
1544790 590
1544800 589
1544810 589
1544820 587
1544830 586
1544840 586
1544850 585
1544860 584
1544870 584
1544880 583
1544890 583
1544900 583
1544910 583
1544920 583
1544930 583
1544940 582
1544950 582
1544960 582
1544970 581
1544980 581
1544990 581
1545000 581
1545010 580
1545020 580
1545030 580
1545040 580
1545050 580
1545060 579
1545070 579
1545080 579
1545090 578
1545100 578
1545110 578
1545120 577
1545130 577
1545140 577
1545150 576
1545160 575
1545170 575
1545180 576
1545190 576
1545200 576
1545210 575
1545220 575
1545230 575
1545240 574
1545250 573
1545260 573
1545270 572
1545280 571
1545290 571
1545300 571
1545310 569
1545320 569
1545330 568
1545340 567
1545350 567
1545360 566
1545370 565
1545380 565
1545390 565
1545400 564
1545410 564
1545420 563
1545430 561
1545440 561
1545450 557
1545460 554
1545470 554
1545480 551
1545490 549
1545500 549
1545510 548
1545520 547
1545530 547
1545540 546
1545550 545
1545560 545
1545570 544
1545580 544
1545590 543
1545600 542
1545610 542
1545620 542
1545630 541
1545640 541
1545650 540
1545660 539
1545670 539
1545680 539
1545690 538
1545700 538
1545710 537
1545720 536
1545730 536
1545740 535
1545750 534
1545760 534
1545770 534
1545780 533
1545790 533
1545800 532
1545810 531
1545820 531
1545830 529
1545840 528
1545850 528
1545860 527
1545870 526
1545880 526
1545890 526
1545900 527
1545910 527
1545920 528
1545930 530
1545940 530
1545950 534
1545960 538
1545970 538
1545980 542
1545990 545
1546000 545
1546010 547
1546020 548
1546030 548
1546040 548
1546050 549
1546060 549
1546070 549
1546080 549
1546090 549
1546100 549
1546110 549
1546120 549
1546130 549
1546140 549
1546150 549
1546160 549
1546170 548
1546180 548
1546190 548
1546200 548
1546210 548
1546220 548
1546230 548
1546240 548
1546250 548
1546260 548
1546270 548
1546280 547
1546290 547
1546300 547
1546310 548
1546320 549
1546330 549
1546340 550
1546350 551
1546360 551
1546370 552
1546380 554
1546390 554
1546400 557
1546410 561
1546420 561
1546430 563
1546440 567
1546450 567
1546460 570
1546470 572
1546480 572
1546490 574
1546500 574
1546510 575
1546520 577
1546530 577
1546540 578
1546550 577
1546560 577
1546570 576
1546580 576
1546590 576
1546600 575
1546610 574
1546620 574
1546630 573
1546640 571
1546650 571
1546660 567
1546670 563
1546680 563
1546690 560
1546700 559
1546710 559
1546720 560
1546730 562
1546740 562
1546750 564
1546760 567
1546770 567
1546780 571
1546790 576
1546800 576
1546810 579
1546820 581
1546830 581
1546840 585
1546850 586
1546860 586
1546870 588
1546880 589
1546890 589
1546900 590
1546910 591
1546920 591
1546930 591
1546940 591
1546950 591
1546960 591
1546970 591
1546980 591
1546990 591
1547000 591
1547010 591
1547020 592
1547030 593
1547040 593
1547050 593
1547060 593
1547070 593
1547080 592
1547090 592
1547100 592
1547110 591
1547120 590
1547130 590
1547140 589
1547150 589
1547160 589
1547170 588
1547180 586
1547190 586
1547200 584
1547210 583
1547220 583
1547230 583
1547240 583
1547250 583
1547260 583
1547270 583
1547280 583
1547290 583
1547300 583
1547310 583
1547320 583
1547330 582
1547340 582
1547350 581
1547360 580
1547370 580
1547380 579
1547390 577
1547400 577
1547410 573
1547420 572
1547430 572
1547440 571
1547450 571
1547460 570
1547470 568
1547480 568
1547490 565
1547500 562
1547510 562
1547520 561
1547530 560
1547540 560
1547550 558
1547560 556
1547570 556
1547580 555
1547590 553
1547600 553
1547610 552
1547620 552
1547630 552
1547640 552
1547650 552
1547660 552
1547670 553
1547680 554
1547690 554
1547700 554
1547710 555
1547720 555
1547730 555
1547740 555
1547750 555
1547760 554
1547770 553
1547780 553
1547790 551
1547800 548
1547810 548
1547820 544
1547830 540
1547840 540
1547850 536
1547860 534
1547870 534
1547880 535
1547890 537
1547900 537
1547910 540
1547920 541
1547930 541
1547940 543
1547950 544
1547960 544
1547970 545
1547980 546
1547990 546
1548000 546
1548010 546
1548020 546
1548030 546
1548040 545
1548050 545
1548060 544
1548070 541
1548080 541
1548090 537
1548100 533
1548110 533
1548120 529
1548130 526
1548140 526
1548150 522
1548160 519
1548170 519
1548180 516
1548190 514
1548200 514
1548210 513
1548220 512
1548230 512
1548240 511
1548250 510
1548260 510
1548270 509
1548280 510
1548290 510
1548300 511
1548310 514
1548320 514
1548330 517
1548340 520
1548350 520
1548360 522
1548370 522
1548380 524
1548390 526
1548400 526
1548410 527
1548420 528
1548430 528
1548440 528
1548450 529
1548460 529
1548470 529
1548480 529
1548490 529
1548500 529
1548510 530
1548520 530
1548530 529
1548540 527
1548550 527
1548560 527
1548570 527
1548580 527
1548590 526
1548600 524
1548610 524
1548620 523
1548630 520
1548640 520
1548650 518
1548660 515
1548670 515
1548680 513
1548690 510
1548700 510
1548710 507
1548720 504
1548730 504
1548740 501
1548750 499
1548760 499
1548770 497
1548780 496
1548790 496
1548800 496
1548810 496
1548820 496
1548830 496
1548840 496
1548850 496
1548860 496
1548870 497
1548880 497
1548890 497
1548900 498
1548910 498
1548920 499
1548930 501
1548940 501
1548950 503
1548960 504
1548970 504
1548980 504
1548990 504
1549000 504
1549010 504
1549020 504
1549030 504
1549040 504
1549050 505
1549060 505
1549070 506
1549080 507
1549090 507
1549100 508
1549110 511
1549120 511
1549130 515
1549140 519
1549150 519
1549160 523
1549170 525
1549180 525
1549190 529
1549200 532
1549210 532
1549220 535
1549230 537
1549240 537
1549250 539
1549260 541
1549270 541
1549280 544
1549290 544
1549300 547
1549310 550
1549320 550
1549330 554
1549340 558
1549350 559
1549360 562
1549370 563
1549380 563
1549390 565
1549400 566
1549410 566
1549420 567
1549430 565
1549440 565
1549450 564
1549460 564
1549470 564
1549480 565
1549490 567
1549500 567
1549510 568
1549520 571
1549530 571
1549540 573
1549550 575
1549560 575
1549570 576
1549580 577
1549590 577
1549600 578
1549610 580
1549620 580
1549630 581
1549640 582
1549650 582
1549660 584
1549670 585
1549680 585
1549690 587
1549700 588
1549710 588
1549720 589
1549730 590
1549740 590
1549750 590
1549760 591
1549770 591
1549780 591
1549790 591
1549800 591
1549810 592
1549820 592
1549830 592
1549840 593
1549850 593
1549860 593
1549870 594
1549880 594
1549890 594
1549900 594
1549910 594
1549920 594
1549930 594
1549940 593
1549950 593
1549960 593
1549970 592
1549980 592
1549990 592
1550000 592
1550010 592
1550020 592
1550030 592
1550040 592
1550050 592
1550060 592
1550070 592
1550080 591
1550090 590
1550100 590
1550110 590
1550120 589
1550130 589
1550140 588
1550150 587
1550160 587
1550170 586
1550180 583
1550190 583
1550200 580
1550210 580
1550220 578
1550230 576
1550240 576
1550250 573
1550260 570
1550270 570
1550280 567
1550290 563
1550300 563
1550310 559
1550320 555
1550330 555
1550340 552
1550350 550
1550360 550
1550370 548
1550380 546
1550390 546
1550400 543
1550410 541
1550420 541
1550430 539
1550440 537
1550450 537
1550460 535
1550470 534
1550480 534
1550490 532
1550500 530
1550510 530
1550520 529
1550530 528
1550540 528
1550550 526
1550560 525
1550570 525
1550580 524
1550590 523
1550600 523
1550610 522
1550620 521
1550630 521
1550640 520
1550650 519
1550660 519
1550670 518
1550680 517
1550690 517
1550700 516
1550710 515
1550720 515
1550730 514
1550740 514
1550750 514
1550760 513
1550770 512
1550780 512
1550790 511
1550800 510
1550810 510
1550820 510
1550830 509
1550840 509
1550850 507
1550860 506
1550870 506
1550880 506
1550890 505
1550900 505
1550910 503
1550920 500
1550930 500
1550940 499
1550950 498
1550960 498
1550970 497
1550980 496
1550990 496
1551000 495
1551010 493
1551020 493
1551030 492
1551040 491
1551050 491
1551060 489
1551070 489
1551080 489
1551090 488
1551100 488
1551110 488
1551120 486
1551130 486
1551140 484
1551150 482
1551160 482
1551170 481
1551180 481
1551190 481
1551200 481
1551210 480
1551220 480
1551230 480
1551240 481
1551250 481
1551260 482
1551270 483
1551280 483
1551290 482
1551300 484
1551310 484
1551320 485
1551330 490
1551340 490
1551350 489
1551360 487
1551370 487
1551380 484
1551390 479
1551400 479
1551410 475
1551420 473
1551430 473
1551440 473
1551450 473
1551460 473
1551470 474
1551480 477
1551490 477
1551500 480
1551510 483
1551520 483
1551530 485
1551540 486
1551550 486
1551560 485
1551570 484
1551580 484
1551590 482
1551600 480
1551610 480
1551620 478
1551630 474
1551640 474
1551650 471
1551660 468
1551670 468
1551680 467
1551690 465
1551700 465
1551710 465
1551720 466
1551730 466
1551740 469
1551750 474
1551760 474
1551770 479
1551780 485
1551790 485
1551800 490
1551810 496
1551820 496
1551830 501
1551840 506
1551850 506
1551860 510
1551870 514
1551880 514
1551890 518
1551900 521
1551910 521
1551920 524
1551930 527
1551940 527
1551950 528
1551960 530
1551970 530
1551980 530
1551990 531
1552000 531
1552010 531
1552020 532
1552030 532
1552040 531
1552050 531
1552060 531
1552070 531
1552080 531
1552090 531
1552100 530
1552110 530
1552120 530
1552130 529
1552140 529
1552150 529
1552160 528
1552170 528
1552180 527
1552190 526
1552200 526
1552210 526
1552220 525
1552230 525
1552240 524
1552250 523
1552260 523
1552270 521
1552280 520
1552290 520
1552300 520
1552310 519
1552320 519
1552330 518
1552340 517
1552350 517
1552360 516
1552370 516
1552380 516
1552390 515
1552400 515
1552410 515
1552420 515
1552430 514
1552440 514
1552450 515
1552460 515
1552470 515
1552480 515
1552490 515
1552500 515
1552510 516
1552520 516
1552530 516
1552540 517
1552550 517
1552560 517
1552570 517
1552580 517
1552590 517
1552600 517
1552610 518
1552620 518
1552630 518
1552640 518
1552650 518
1552660 518
1552670 519
1552680 519
1552690 519
1552700 519
1552710 519
1552720 519
1552730 519
1552740 519
1552750 520
1552760 520
1552770 520
1552780 520
1552790 520
1552800 520
1552810 520
1552820 520
1552830 520
1552840 521
1552850 521
1552860 521
1552870 522
1552880 522
1552890 522
1552900 522
1552910 523
1552920 523
1552930 523
1552940 524
1552950 524
1552960 525
1552970 525
1552980 525
1552990 526
1553000 526
1553010 526
1553020 527
1553030 527
1553040 528
1553050 528
1553060 528
1553070 529
1553080 529
1553090 529
1553100 530
1553110 530
1553120 530
1553130 530
1553140 530
1553150 530
1553160 531
1553170 531
1553180 531
1553190 531
1553200 532
1553210 532
1553220 532
1553230 533
1553240 533
1553250 533
1553260 533
1553270 533
1553280 533
1553290 533
1553300 533
1553310 534
1553320 534
1553330 534
1553340 534
1553350 535
1553360 535
1553370 535
1553380 535
1553390 535
1553400 536
1553410 536
1553420 536
1553430 536
1553440 536
1553450 536
1553460 536
1553470 536
1553480 536
1553490 536
1553500 536
1553510 536
1553520 534
1553530 532
1553540 532
1553550 530
1553560 529
1553570 529
1553580 528
1553590 527
1553600 527
1553610 527
1553620 528
1553630 528
1553640 530
1553650 530
1553660 530
1553670 529
1553680 528
1553690 528
1553700 527
1553710 527
1553720 527
1553730 526
1553740 524
1553750 524
1553760 523
1553770 522
1553780 522
1553790 520
1553800 519
1553810 519
1553820 519
1553830 519
1553840 519
1553850 522
1553860 527
1553870 527
1553880 531
1553890 535
1553900 535
1553910 539
1553920 539
1553930 542
1553940 544
1553950 544
1553960 546
1553970 548
1553980 548
1553990 549
1554000 550
1554010 550
1554020 551
1554030 551
1554040 551
1554050 551
1554060 550
1554070 550
1554080 550
1554090 549
1554100 549
1554110 549
1554120 550
1554130 550
1554140 551
1554150 552
1554160 552
1554170 554
1554180 555
1554190 555
1554200 557
1554210 559
1554220 559
1554230 560
1554240 562
1554250 562
1554260 564
1554270 566
1554280 566
1554290 567
1554300 569
1554310 569
1554320 571
1554330 573
1554340 573
1554350 576
1554360 578
1554370 578
1554380 581
1554390 583
1554400 583
1554410 586
1554420 588
1554430 588
1554440 591
1554450 594
1554460 594
1554470 597
1554480 601
1554490 601
1554500 605
1554510 608
1554520 608
1554530 611
1554540 615
1554550 615
1554560 619
1554570 622
1554580 622
1554590 625
1554600 627
1554610 627
1554620 629
1554630 631
1554640 631
1554650 631
1554660 632
1554670 632
1554680 632
1554690 632
1554700 632
1554710 631
1554720 628
1554730 628
1554740 625
1554750 622
1554760 622
1554770 620
1554780 617
1554790 617
1554800 616
1554810 614
1554820 614
1554830 613
1554840 613
1554850 611
1554860 609
1554870 609
1554880 607
1554890 606
1554900 606
1554910 605
1554920 604
1554930 604
1554940 603
1554950 602
1554960 602
1554970 601
1554980 600
1554990 600
1555000 598
1555010 596
1555020 596
1555030 593
1555040 592
1555050 592
1555060 590
1555070 590
1555080 590
1555090 590
1555100 590
1555110 590
1555120 589
1555130 589
1555140 586
1555150 586
1555160 586
1555170 586
1555180 587
1555190 589
1555200 589
1555210 590
1555220 593
1555230 593
1555240 595
1555250 597
1555260 597
1555270 599
1555280 601
1555290 601
1555300 603
1555310 604
1555320 604
1555330 606
1555340 608
1555350 608
1555360 609
1555370 611
1555380 611
1555390 612
1555400 614
1555410 614
1555420 615
1555430 617
1555440 617
1555450 619
1555460 621
1555470 621
1555480 623
1555490 625
1555500 625
1555510 627
1555520 629
1555530 629
1555540 631
1555550 633
1555560 633
1555570 635
1555580 637
1555590 637
1555600 639
1555610 641
1555620 641
1555630 643
1555640 645
1555650 645
1555660 647
1555670 649
1555680 649
1555690 651
1555700 653
1555710 653
1555720 656
1555730 658
1555740 658
1555750 660
1555760 660
1555770 661
1555780 663
1555790 663
1555800 664
1555810 665
1555820 665
1555830 666
1555840 666
1555850 666
1555860 667
1555870 668
1555880 668
1555890 669
1555900 670
1555910 670
1555920 670
1555930 671
1555940 671
1555950 672
1555960 672
1555970 672
1555980 673
1555990 673
1556000 673
1556010 673
1556020 673
1556030 673
1556040 673
1556050 673
1556060 673
1556070 673
1556080 672
1556090 672
1556100 671
1556110 671
1556120 671
1556130 670
1556140 669
1556150 669
1556160 668
1556170 667
1556180 667
1556190 666
1556200 666
1556210 666
1556220 665
1556230 663
1556240 663
1556250 662
1556260 661
1556270 661
1556280 660
1556290 658
1556300 658
1556310 655
1556320 653
1556330 653
1556340 649
1556350 644
1556360 644
1556370 641
1556380 638
1556390 638
1556400 636
1556410 634
1556420 634
1556430 633
1556440 631
1556450 631
1556460 630
1556470 629
1556480 629
1556490 627
1556500 625
1556510 625
1556520 624
1556530 623
1556540 623
1556550 623
1556560 623
1556570 623
1556580 623
1556590 623
1556600 623
1556610 622
1556620 621
1556630 621
1556640 620
1556650 618
1556660 618
1556670 616
1556680 616
1556690 614
1556700 613
1556710 613
1556720 611
1556730 610
1556740 610
1556750 609
1556760 607
1556770 607
1556780 606
1556790 606
1556800 606
1556810 605
1556820 604
1556830 604
1556840 603
1556850 603
1556860 603
1556870 602
1556880 600
1556890 600
1556900 599
1556910 598
1556920 598
1556930 597
1556940 595
1556950 595
1556960 596
1556970 595
1556980 595
1556990 594
1557000 593
1557010 593
1557020 592
1557030 591
1557040 591
1557050 589
1557060 587
1557070 587
1557080 586
1557090 585
1557100 585
1557110 584
1557120 583
1557130 583
1557140 582
1557150 582
1557160 582
1557170 582
1557180 582
1557190 582
1557200 581
1557210 580
1557220 580
1557230 579
1557240 578
1557250 578
1557260 578
1557270 579
1557280 579
1557290 581
1557300 582
1557310 582
1557320 584
1557330 586
1557340 586
1557350 588
1557360 590
1557370 590
1557380 592
1557390 594
1557400 594
1557410 597
1557420 599
1557430 599
1557440 601
1557450 603
1557460 603
1557470 605
1557480 608
1557490 608
1557500 610
1557510 611
1557520 611
1557530 612
1557540 613
1557550 613
1557560 614
1557570 614
1557580 614
1557590 615
1557600 615
1557610 615
1557620 615
1557630 615
1557640 615
1557650 615
1557660 615
1557670 615
1557680 615
1557690 615
1557700 615
1557710 615
1557720 615
1557730 615
1557740 615
1557750 615
1557760 615
1557770 614
1557780 614
1557790 614
1557800 613
1557810 613
1557820 612
1557830 611
1557840 611
1557850 610
1557860 608
1557870 608
1557880 607
1557890 605
1557900 605
1557910 604
1557920 602
1557930 602
1557940 600
1557950 599
1557960 599
1557970 597
1557980 595
1557990 595
1558000 594
1558010 592
1558020 592
1558030 590
1558040 589
1558050 589
1558060 588
1558070 587
1558080 587
1558090 586
1558100 585
1558110 585
1558120 584
1558130 584
1558140 584
1558150 583
1558160 582
1558170 582
1558180 581
1558190 581
1558200 581
1558210 580
1558220 579
1558230 579
1558240 579
1558250 578
1558260 578
1558270 577
1558280 577
1558290 577
1558300 576
1558310 575
1558320 575
1558330 574
1558340 573
1558350 573
1558360 571
1558370 569
1558380 569
1558390 568
1558400 567
1558410 567
1558420 565
1558430 564
1558440 564
1558450 563
1558460 561
1558470 561
1558480 560
1558490 561
1558500 561
1558510 561
1558520 562
1558530 562
1558540 563
1558550 563
1558560 564
1558570 565
1558580 565
1558590 566
1558600 568
1558610 568
1558620 570
1558630 572
1558640 572
1558650 574
1558660 576
1558670 576
1558680 577
1558690 575
1558700 575
1558710 574
1558720 573
1558730 573
1558740 572
1558750 570
1558760 570
1558770 569
1558780 567
1558790 567
1558800 565
1558810 562
1558820 562
1558830 559
1558840 557
1558850 557
1558860 556
1558870 554
1558880 554
1558890 552
1558900 551
1558910 551
1558920 551
1558930 550
1558940 550
1558950 550
1558960 549
1558970 549
1558980 549
1558990 549
1559000 549
1559010 548
1559020 547
1559030 547
1559040 546
1559050 546
1559060 546
1559070 545
1559080 544
1559090 544
1559100 543
1559110 542
1559120 542
1559130 541
1559140 540
1559150 540
1559160 539
1559170 539
1559180 539
1559190 538
1559200 537
1559210 537
1559220 536
1559230 536
1559240 536
1559250 536
1559260 535
1559270 535
1559280 535
1559290 534
1559300 534
1559310 534
1559320 533
1559330 533
1559340 533
1559350 532
1559360 532
1559370 531
1559380 530
1559390 530
1559400 530
1559410 529
1559420 529
1559430 528
1559440 529
1559450 529
1559460 529
1559470 529
1559480 529
1559490 531
1559500 531
1559510 533
1559520 536
1559530 536
1559540 539
1559550 543
1559560 543
1559570 546
1559580 548
1559590 548
1559600 550
1559610 551
1559620 551
1559630 552
1559640 553
1559650 553
1559660 554
1559670 555
1559680 555
1559690 555
1559700 555
1559710 555
1559720 554
1559730 554
1559740 554
1559750 552
1559760 551
1559770 551
1559780 551
1559790 551
1559800 551
1559810 551
1559820 551
1559830 551
1559840 551
1559850 552
1559860 552
1559870 552
1559880 553
1559890 553
1559900 553
1559910 553
1559920 553
1559930 554
1559940 555
1559950 555
1559960 555
1559970 556
1559980 556
1559990 557
