1540000 876
1540010 874
1540020 874
1540030 872
1540040 869
1540050 869
1540060 868
1540070 865
1540080 865
1540090 862
1540100 859
1540110 859
1540120 857
1540130 855
1540140 855
1540150 852
1540160 849
1540170 849
1540180 847
1540190 845
1540200 845
1540210 844
1540220 841
1540230 841
1540240 839
1540250 837
1540260 837
1540270 835
1540280 833
1540290 833
1540300 832
1540310 831
1540320 831
1540330 829
1540340 828
1540350 828
1540360 826
1540370 824
1540380 824
1540390 823
1540400 822
1540410 822
1540420 821
1540430 819
1540440 819
1540450 817
1540460 816
1540470 816
1540480 815
1540490 815
1540500 814
1540510 813
1540520 813
1540530 812
1540540 811
1540550 811
1540560 810
1540570 808
1540580 808
1540590 807
1540600 806
1540610 806
1540620 804
1540630 802
1540640 802
1540650 801
1540660 799
1540670 799
1540680 798
1540690 796
1540700 796
1540710 795
1540720 793
1540730 793
1540740 792
1540750 790
1540760 790
1540770 789
1540780 787
1540790 787
1540800 786
1540810 784
1540820 784
1540830 783
1540840 781
1540850 781
1540860 780
1540870 778
1540880 778
1540890 777
1540900 775
1540910 775
1540920 774
1540930 773
1540940 773
1540950 771
1540960 767
1540970 767
1540980 763
1540990 759
1541000 759
1541010 757
1541020 756
1541030 756
1541040 757
1541050 757
1541060 757
1541070 757
1541080 756
1541090 756
1541100 756
1541110 755
1541120 755
1541130 753
1541140 751
1541150 751
1541160 749
1541170 748
1541180 748
1541190 747
1541200 745
1541210 745
1541220 745
1541230 744
1541240 744
1541250 744
1541260 744
1541270 744
1541280 744
1541290 746
1541300 746
1541310 749
1541320 752
1541330 752
1541340 755
1541350 757
1541360 757
1541370 759
1541380 760
1541390 760
1541400 761
1541410 761
1541420 761
1541430 758
1541440 758
1541450 758
1541460 756
1541470 756
1541480 754
1541490 752
1541500 752
1541510 748
1541520 744
1541530 744
1541540 740
1541550 738
1541560 738
1541570 736
1541580 734
1541590 734
1541600 732
1541610 731
1541620 731
1541630 731
1541640 731
1541650 731
1541660 732
1541670 734
1541680 734
1541690 736
1541700 736
1541710 736
1541720 736
1541730 735
1541740 735
1541750 734
1541760 733
1541770 733
1541780 732
1541790 732
1541800 732
1541810 732
1541820 732
1541830 732
1541840 732
1541850 732
1541860 732
1541870 732
1541880 732
1541890 732
1541900 733
1541910 734
1541920 734
1541930 735
1541940 735
1541950 735
1541960 736
1541970 736
1541980 736
1541990 736
1542000 736
1542010 736
1542020 736
1542030 738
1542040 738
1542050 738
1542060 739
1542070 739
1542080 739
1542090 739
1542100 739
1542110 738
1542120 737
1542130 737
1542140 736
1542150 734
1542160 734
1542170 733
1542180 732
1542190 732
1542200 731
1542210 730
1542220 730
1542230 729
1542240 728
1542250 728
1542260 728
1542270 727
1542280 727
1542290 727
1542300 727
1542310 726
1542320 726
1542330 726
1542340 726
1542350 726
1542360 726
1542370 725
1542380 723
1542390 723
1542400 721
1542410 720
1542420 720
1542430 720
1542440 719
1542450 719
1542460 716
1542470 714
1542480 714
1542490 713
1542500 712
1542510 712
1542520 711
1542530 710
1542540 710
1542550 708
1542560 706
1542570 706
1542580 704
1542590 702
1542600 702
1542610 700
1542620 698
1542630 698
1542640 694
1542650 690
1542660 690
1542670 685
1542680 681
1542690 681
1542700 677
1542710 675
1542720 675
1542730 673
1542740 672
1542750 672
1542760 670
1542770 669
1542780 669
1542790 668
1542800 667
1542810 667
1542820 666
1542830 665
1542840 665
1542850 664
1542860 663
1542870 663
1542880 662
1542890 661
1542900 661
1542910 660
1542920 659
1542930 659
1542940 658
1542950 658
1542960 658
1542970 657
1542980 657
1542990 657
1543000 656
1543010 654
1543020 654
1543030 653
1543040 652
1543050 652
1543060 650
1543070 648
1543080 648
1543090 647
1543100 646
1543110 646
1543120 644
1543130 642
1543140 642
1543150 641
1543160 640
1543170 640
1543180 639
1543190 638
1543200 638
1543210 637
1543220 637
1543230 636
1543240 636
1543250 636
1543260 636
1543270 635
1543280 635
1543290 635
1543300 636
1543310 636
1543320 636
1543330 637
1543340 637
1543350 637
1543360 638
1543370 638
1543380 638
1543390 639
1543400 639
1543410 639
1543420 638
1543430 638
1543440 636
1543450 632
1543460 632
1543470 627
1543480 622
1543490 622
1543500 619
1543510 617
1543520 617
1543530 615
1543540 613
1543550 613
1543560 610
1543570 606
1543580 606
1543590 603
1543600 602
1543610 602
1543620 604
1543630 607
1543640 607
1543650 610
1543660 613
1543670 613
1543680 617
1543690 620
1543700 620
1543710 622
1543720 623
1543730 623
1543740 623
1543750 623
1543760 623
1543770 623
1543780 623
1543790 623
1543800 622
1543810 622
1543820 622
1543830 621
1543840 621
1543850 621
1543860 621
1543870 620
1543880 620
1543890 620
1543900 619
1543910 619
1543920 619
1543930 618
1543940 618
1543950 616
1543960 615
1543970 615
1543980 614
1543990 613
1544000 613
1544010 612
1544020 612
1544030 612
1544040 613
1544050 614
1544060 614
1544070 615
1544080 616
1544090 616
1544100 617
1544110 617
1544120 618
1544130 619
1544140 619
1544150 619
1544160 620
1544170 620
1544180 620
1544190 620
1544200 620
1544210 619
1544220 618
1544230 618
1544240 617
1544250 616
1544260 616
1544270 613
1544280 609
1544290 609
1544300 603
1544310 598
1544320 598
1544330 594
1544340 589
1544350 589
1544360 585
1544370 582
1544380 582
1544390 579
1544400 578
1544410 578
1544420 577
1544430 575
1544440 575
1544450 573
1544460 571
1544470 571
1544480 567
1544490 564
1544500 564
1544510 560
1544520 557
1544530 557
1544540 556
1544550 556
1544560 556
1544570 557
1544580 559
1544590 559
1544600 560
1544610 561
1544620 561
1544630 563
1544640 566
1544650 566
1544660 568
1544670 569
1544680 569
1544690 571
1544700 573
1544710 573
1544720 575
1544730 576
1544740 576
1544750 578
1544760 579
1544770 579
1544780 579
1544790 578
1544800 578
1544810 578
1544820 577
1544830 577
1544840 577
1544850 577
1544860 577
1544870 578
1544880 579
1544890 579
1544900 580
1544910 580
1544920 580
1544930 580
1544940 579
1544950 579
1544960 579
1544970 578
1544980 578
1544990 578
1545000 577
1545010 577
1545020 576
1545030 576
1545040 576
1545050 575
1545060 575
1545070 575
1545080 574
1545090 574
1545100 574
1545110 574
1545120 574
1545130 574
1545140 573
1545150 573
1545160 572
1545170 572
1545180 572
1545190 571
1545200 570
1545210 570
1545220 569
1545230 569
1545240 569
1545250 567
1545260 566
1545270 566
1545280 564
1545290 561
1545300 561
1545310 558
1545320 555
1545330 555
1545340 550
1545350 546
1545360 546
1545370 541
1545380 538
1545390 538
1545400 537
1545410 537
1545420 537
1545430 537
1545440 538
1545450 538
1545460 538
1545470 538
1545480 538
1545490 539
1545500 541
1545510 541
1545520 543
1545530 546
1545540 546
1545550 549
1545560 551
1545570 551
1545580 552
1545590 554
1545600 554
1545610 556
1545620 558
1545630 558
1545640 560
1545650 561
1545660 561
1545670 563
1545680 565
1545690 565
1545700 566
1545710 568
1545720 568
1545730 569
1545740 570
1545750 570
1545760 570
1545770 570
1545780 570
1545790 572
1545800 574
1545810 574
1545820 574
1545830 574
1545840 574
1545850 573
1545860 576
1545870 576
1545880 575
1545890 573
1545900 573
1545910 572
1545920 572
1545930 572
1545940 573
1545950 573
1545960 573
1545970 573
1545980 573
1545990 574
1546000 574
1546010 574
1546020 575
1546030 575
1546040 575
1546050 575
1546060 576
1546070 576
1546080 576
1546090 576
1546100 576
1546110 577
1546120 577
1546130 577
1546140 578
1546150 578
1546160 578
1546170 578
1546180 577
1546190 577
1546200 577
1546210 578
1546220 578
1546230 578
1546240 578
1546250 578
1546260 578
1546270 578
1546280 578
1546290 578
1546300 578
1546310 578
1546320 578
1546330 578
1546340 578
1546350 578
1546360 577
1546370 577
1546380 577
1546390 576
1546400 576
1546410 576
1546420 576
1546430 576
1546440 576
1546450 575
1546460 575
1546470 575
1546480 574
1546490 574
1546500 574
1546510 573
1546520 573
1546530 572
1546540 571
1546550 571
1546560 569
1546570 568
1546580 568
1546590 567
1546600 566
1546610 566
1546620 565
1546630 565
1546640 565
1546650 565
1546660 565
1546670 565
1546680 565
1546690 564
1546700 564
1546710 564
1546720 564
1546730 564
1546740 564
1546750 563
1546760 563
1546770 563
1546780 563
1546790 563
1546800 563
1546810 562
1546820 562
1546830 561
1546840 561
1546850 560
1546860 558
1546870 558
1546880 555
1546890 551
1546900 551
1546910 548
1546920 545
1546930 545
1546940 543
1546950 541
1546960 541
1546970 540
1546980 540
1546990 540
1547000 539
1547010 538
1547020 538
1547030 537
1547040 536
1547050 536
1547060 536
1547070 535
1547080 535
1547090 535
1547100 535
1547110 535
1547120 535
1547130 536
1547140 536
1547150 536
1547160 536
1547170 536
1547180 536
1547190 536
1547200 536
1547210 534
1547220 532
1547230 532
1547240 528
1547250 525
1547260 525
1547270 522
1547280 520
1547290 520
1547300 519
1547310 519
1547320 519
1547330 518
1547340 517
1547350 517
1547360 517
1547370 516
1547380 516
1547390 515
1547400 514
1547410 514
1547420 513
1547430 513
1547440 513
1547450 512
1547460 512
1547470 512
1547480 512
1547490 512
1547500 512
1547510 512
1547520 511
1547530 511
1547540 511
1547550 512
1547560 512
1547570 511
1547580 511
1547590 511
1547600 511
1547610 510
1547620 510
1547630 510
1547640 510
1547650 510
1547660 510
1547670 510
1547680 510
1547690 510
1547700 510
1547710 510
1547720 510
1547730 510
1547740 510
1547750 511
1547760 511
1547770 512
1547780 513
1547790 513
1547800 513
1547810 513
1547820 513
1547830 512
1547840 511
1547850 511
1547860 510
1547870 510
1547880 510
1547890 511
1547900 511
1547910 511
1547920 513
1547930 516
1547940 516
1547950 521
1547960 525
1547970 525
1547980 528
1547990 530
1548000 530
1548010 532
1548020 533
1548030 533
1548040 533
1548050 534
1548060 534
1548070 534
1548080 535
1548090 535
1548100 535
1548110 535
1548120 535
1548130 535
1548140 535
1548150 535
1548160 534
1548170 534
1548180 534
1548190 534
1548200 534
1548210 534
1548220 535
1548230 536
1548240 536
1548250 537
1548260 538
1548270 538
1548280 539
1548290 539
1548300 539
1548310 540
1548320 540
1548330 540
1548340 541
1548350 541
1548360 541
1548370 541
1548380 540
1548390 540
1548400 538
1548410 536
1548420 536
1548430 533
1548440 532
1548450 532
1548460 531
1548470 530
1548480 530
1548490 530
1548500 531
1548510 531
1548520 532
1548530 534
1548540 534
1548550 536
1548560 539
1548570 539
1548580 541
1548590 544
1548600 544
1548610 546
1548620 548
1548630 548
1548640 549
1548650 549
1548660 551
1548670 552
1548680 552
1548690 554
1548700 555
1548710 555
1548720 556
1548730 557
1548740 557
1548750 558
1548760 560
1548770 560
1548780 561
1548790 562
1548800 562
1548810 564
1548820 565
1548830 565
1548840 567
1548850 568
1548860 568
1548870 570
1548880 572
1548890 572
1548900 573
1548910 575
1548920 575
1548930 576
1548940 576
1548950 576
1548960 577
1548970 578
1548980 578
1548990 578
1549000 579
1549010 579
1549020 580
1549030 580
1549040 580
1549050 581
1549060 582
1549070 582
1549080 582
1549090 583
1549100 583
1549110 583
1549120 584
1549130 584
1549140 585
1549150 585
1549160 585
1549170 586
1549180 587
1549190 587
1549200 588
1549210 588
1549220 588
1549230 589
1549240 590
1549250 590
1549260 590
1549270 591
1549280 591
1549290 591
1549300 591
1549310 591
1549320 591
1549330 591
1549340 591
1549350 590
1549360 590
1549370 590
1549380 590
1549390 591
1549400 591
1549410 591
1549420 591
1549430 591
1549440 591
1549450 592
1549460 592
1549470 592
1549480 592
1549490 592
1549500 592
1549510 592
1549520 592
1549530 593
1549540 593
1549550 593
1549560 593
1549570 593
1549580 594
1549590 594
1549600 594
1549610 594
1549620 595
1549630 595
1549640 595
1549650 595
1549660 595
1549670 595
1549680 595
1549690 595
1549700 595
1549710 595
1549720 595
1549730 595
1549740 595
1549750 595
1549760 595
1549770 595
1549780 595
1549790 594
1549800 594
1549810 594
1549820 593
1549830 592
1549840 592
1549850 591
1549860 589
1549870 589
1549880 588
1549890 586
1549900 586
1549910 584
1549920 583
1549930 583
1549940 581
1549950 580
1549960 580
1549970 579
1549980 576
1549990 576
1550000 574
1550010 573
1550020 573
1550030 573
1550040 572
1550050 572
1550060 571
1550070 571
1550080 571
1550090 570
1550100 570
1550110 570
1550120 569
1550130 569
1550140 569
1550150 569
1550160 568
1550170 568
1550180 568
1550190 567
1550200 567
1550210 567
1550220 566
1550230 566
1550240 566
1550250 565
1550260 565
1550270 565
1550280 565
1550290 565
1550300 564
1550310 564
1550320 564
1550330 563
1550340 563
1550350 563
1550360 562
1550370 561
1550380 561
1550390 560
1550400 559
1550410 559
1550420 558
1550430 558
1550440 558
1550450 557
1550460 557
1550470 556
1550480 556
1550490 556
1550500 555
1550510 553
1550520 553
1550530 552
1550540 551
1550550 551
1550560 550
1550570 549
1550580 549
1550590 548
1550600 547
1550610 547
1550620 545
1550630 544
1550640 544
1550650 542
1550660 541
1550670 541
1550680 540
1550690 538
1550700 538
1550710 537
1550720 536
1550730 536
1550740 534
1550750 533
1550760 533
1550770 532
1550780 530
1550790 530
1550800 529
1550810 528
1550820 528
1550830 527
1550840 527
1550850 527
1550860 526
1550870 526
1550880 526
1550890 525
1550900 524
1550910 524
1550920 524
1550930 524
1550940 524
1550950 524
1550960 523
1550970 523
1550980 523
1550990 523
1551000 523
1551010 523
1551020 523
1551030 523
1551040 523
1551050 523
1551060 523
1551070 522
1551080 521
1551090 521
1551100 519
1551110 517
1551120 517
1551130 516
1551140 516
1551150 516
1551160 517
1551170 519
1551180 519
1551190 520
1551200 522
1551210 522
1551220 524
1551230 526
1551240 526
1551250 527
1551260 528
1551270 528
1551280 529
1551290 530
1551300 530
1551310 530
1551320 530
1551330 530
1551340 530
1551350 530
1551360 530
1551370 531
1551380 531
1551390 531
1551400 531
1551410 531
1551420 531
1551430 531
1551440 531
1551450 530
1551460 530
1551470 530
1551480 529
1551490 529
1551500 529
1551510 528
1551520 528
1551530 528
1551540 527
1551550 527
1551560 527
1551570 526
1551580 526
1551590 526
1551600 524
1551610 523
1551620 523
1551630 522
1551640 521
1551650 521
1551660 519
1551670 516
1551680 516
1551690 514
1551700 513
1551710 513
1551720 512
1551730 511
1551740 511
1551750 510
1551760 510
1551770 510
1551780 509
1551790 509
1551800 509
1551810 509
1551820 508
1551830 508
1551840 508
1551850 508
1551860 508
1551870 507
1551880 505
1551890 505
1551900 504
1551910 501
1551920 501
1551930 498
1551940 498
1551950 498
1551960 495
1551970 494
1551980 494
1551990 494
1552000 493
1552010 493
1552020 494
1552030 494
1552040 494
1552050 495
1552060 495
1552070 495
1552080 496
1552090 496
1552100 496
1552110 494
1552120 490
1552130 490
1552140 484
1552150 479
1552160 479
1552170 477
1552180 475
1552190 475
1552200 475
1552210 475
1552220 475
1552230 475
1552240 475
1552250 474
1552260 475
1552270 475
1552280 478
1552290 483
1552300 483
1552310 487
1552320 491
1552330 491
1552340 495
1552350 498
1552360 498
1552370 500
1552380 501
1552390 501
1552400 501
1552410 501
1552420 501
1552430 501
1552440 500
1552450 500
1552460 500
1552470 500
1552480 500
1552490 500
1552500 501
1552510 501
1552520 503
1552530 505
1552540 505
1552550 508
1552560 510
1552570 510
1552580 513
1552590 515
1552600 515
1552610 517
1552620 519
1552630 519
1552640 521
1552650 522
1552660 522
1552670 523
1552680 524
1552690 524
1552700 525
1552710 526
1552720 526
1552730 526
1552740 526
1552750 526
1552760 526
1552770 526
1552780 526
1552790 525
1552800 525
1552810 525
1552820 525
1552830 525
1552840 525
1552850 525
1552860 525
1552870 525
1552880 525
1552890 526
1552900 526
1552910 526
1552920 527
1552930 527
1552940 528
1552950 530
1552960 530
1552970 531
1552980 532
1552990 532
1553000 533
1553010 534
1553020 534
1553030 536
1553040 537
1553050 537
1553060 538
1553070 539
1553080 539
1553090 540
1553100 541
1553110 541
1553120 543
1553130 544
1553140 544
1553150 544
1553160 544
1553170 545
1553180 546
1553190 546
1553200 546
1553210 547
1553220 547
1553230 547
1553240 548
1553250 548
1553260 548
1553270 548
1553280 548
1553290 548
1553300 548
1553310 548
1553320 548
1553330 548
1553340 548
1553350 547
1553360 547
1553370 547
1553380 546
1553390 545
1553400 545
1553410 545
1553420 544
1553430 544
1553440 543
1553450 542
1553460 542
1553470 540
1553480 539
1553490 539
1553500 538
1553510 537
1553520 537
1553530 536
1553540 535
1553550 535
1553560 534
1553570 534
1553580 534
1553590 533
1553600 532
1553610 532
1553620 532
1553630 532
1553640 532
1553650 532
1553660 533
1553670 533
1553680 534
1553690 535
1553700 535
1553710 536
1553720 537
1553730 537
1553740 538
1553750 538
1553760 538
1553770 539
1553780 540
1553790 540
1553800 540
1553810 541
1553820 541
1553830 542
1553840 542
1553850 542
1553860 542
1553870 543
1553880 543
1553890 544
1553900 544
1553910 544
1553920 544
1553930 545
1553940 545
1553950 545
1553960 546
1553970 546
1553980 546
1553990 547
1554000 547
1554010 548
1554020 549
1554030 549
1554040 550
1554050 550
1554060 551
1554070 551
1554080 551
1554090 552
1554100 552
1554110 552
1554120 553
1554130 553
1554140 553
1554150 554
1554160 554
1554170 554
1554180 555
1554190 555
1554200 555
1554210 556
1554220 556
1554230 556
1554240 557
1554250 558
1554260 558
1554270 558
1554280 558
1554290 558
1554300 559
1554310 559
1554320 559
1554330 560
1554340 560
1554350 560
1554360 560
1554370 560
1554380 560
1554390 560
1554400 561
1554410 561
1554420 561
1554430 561
1554440 561
1554450 560
1554460 560
1554470 560
1554480 559
1554490 559
1554500 559
1554510 559
1554520 559
1554530 559
1554540 560
1554550 560
1554560 560
1554570 560
1554580 560
1554590 560
1554600 560
1554610 560
1554620 560
1554630 560
1554640 560
1554650 560
1554660 560
1554670 561
1554680 561
1554690 561
1554700 562
1554710 562
1554720 562
1554730 562
1554740 562
1554750 563
1554760 564
1554770 564
1554780 565
1554790 566
1554800 566
1554810 568
1554820 570
1554830 570
1554840 572
1554850 574
1554860 574
1554870 576
1554880 577
1554890 577
1554900 579
1554910 580
1554920 580
1554930 582
1554940 583
1554950 583
1554960 584
1554970 584
1554980 585
1554990 586
1555000 586
1555010 587
1555020 588
1555030 588
1555040 589
1555050 590
1555060 590
1555070 590
1555080 591
1555090 591
1555100 591
1555110 590
1555120 590
1555130 590
1555140 590
1555150 590
1555160 590
1555170 590
1555180 590
1555190 590
1555200 591
1555210 591
1555220 592
1555230 593
1555240 593
1555250 594
1555260 595
1555270 595
1555280 597
1555290 598
1555300 598
1555310 599
1555320 600
1555330 600
1555340 601
1555350 603
1555360 603
1555370 605
1555380 607
1555390 607
1555400 609
1555410 612
1555420 612
1555430 614
1555440 615
1555450 615
1555460 617
1555470 618
1555480 618
1555490 620
1555500 621
1555510 621
1555520 622
1555530 623
1555540 623
1555550 624
1555560 624
1555570 624
1555580 625
1555590 626
1555600 626
1555610 627
1555620 628
1555630 628
1555640 629
1555650 630
1555660 630
1555670 631
1555680 632
1555690 632
1555700 634
1555710 635
1555720 635
1555730 636
1555740 637
1555750 637
1555760 637
1555770 637
1555780 637
1555790 636
1555800 635
1555810 635
1555820 634
1555830 631
1555840 631
1555850 628
1555860 628
1555870 625
1555880 622
1555890 622
1555900 619
1555910 617
1555920 617
1555930 614
1555940 611
1555950 611
1555960 609
1555970 607
1555980 607
1555990 605
1556000 603
1556010 603
1556020 602
1556030 600
1556040 600
1556050 599
1556060 597
1556070 597
1556080 596
1556090 594
1556100 594
1556110 593
1556120 591
1556130 591
1556140 590
1556150 588
1556160 588
1556170 587
1556180 586
1556190 586
1556200 584
1556210 583
1556220 583
1556230 582
1556240 582
1556250 582
1556260 581
1556270 581
1556280 581
1556290 580
1556300 580
1556310 580
1556320 580
1556330 580
1556340 580
1556350 579
1556360 579
1556370 579
1556380 579
1556390 579
1556400 579
1556410 579
1556420 578
1556430 578
1556440 578
1556450 577
1556460 577
1556470 577
1556480 576
1556490 576
1556500 576
1556510 575
1556520 575
1556530 574
1556540 572
1556550 572
1556560 571
1556570 570
1556580 570
1556590 570
1556600 569
1556610 569
1556620 570
1556630 571
1556640 571
1556650 572
1556660 573
1556670 573
1556680 574
1556690 575
1556700 575
1556710 575
1556720 575
1556730 575
1556740 574
1556750 574
1556760 574
1556770 573
1556780 573
1556790 572
1556800 571
1556810 571
1556820 570
1556830 569
1556840 569
1556850 568
1556860 567
1556870 567
1556880 567
1556890 566
1556900 566
1556910 565
1556920 565
1556930 565
1556940 564
1556950 564
1556960 564
1556970 564
1556980 563
1556990 563
1557000 563
1557010 562
1557020 562
1557030 559
1557040 558
1557050 558
1557060 558
1557070 558
1557080 558
1557090 558
1557100 555
1557110 555
1557120 554
1557130 554
1557140 554
1557150 553
1557160 553
1557170 553
1557180 553
1557190 553
1557200 553
1557210 553
1557220 553
1557230 553
1557240 553
1557250 552
1557260 552
1557270 552
1557280 551
1557290 551
1557300 550
1557310 550
1557320 550
1557330 549
1557340 548
1557350 548
1557360 548
1557370 547
1557380 547
1557390 546
1557400 545
1557410 545
1557420 544
1557430 543
1557440 543
1557450 543
1557460 543
1557470 543
1557480 543
1557490 543
1557500 543
1557510 542
1557520 542
1557530 542
1557540 542
1557550 542
1557560 542
1557570 542
1557580 541
1557590 541
1557600 541
1557610 541
1557620 541
1557630 541
1557640 541
1557650 541
1557660 540
1557670 540
1557680 540
1557690 540
1557700 540
1557710 540
1557720 540
1557730 540
1557740 540
1557750 539
1557760 539
1557770 539
1557780 539
1557790 539
1557800 539
1557810 539
1557820 539
1557830 539
1557840 539
1557850 539
1557860 539
1557870 539
1557880 539
1557890 539
1557900 540
1557910 540
1557920 541
1557930 540
1557940 540
1557950 539
1557960 539
1557970 539
1557980 538
1557990 538
1558000 538
1558010 539
1558020 538
1558030 538
1558040 538
1558050 539
1558060 539
1558070 539
1558080 538
1558090 538
1558100 538
1558110 539
1558120 539
1558130 541
1558140 541
1558150 541
1558160 541
1558170 541
1558180 541
1558190 541
1558200 541
1558210 541
1558220 540
1558230 540
1558240 540
1558250 541
1558260 543
1558270 543
1558280 545
1558290 547
1558300 547
1558310 548
1558320 550
1558330 550
1558340 551
1558350 552
1558360 552
1558370 553
1558380 554
1558390 554
1558400 555
1558410 556
1558420 556
1558430 556
1558440 557
1558450 557
1558460 558
1558470 559
1558480 559
1558490 559
1558500 560
1558510 560
1558520 560
1558530 561
1558540 561
1558550 561
1558560 561
1558570 561
1558580 562
1558590 562
1558600 562
1558610 562
1558620 562
1558630 562
1558640 563
1558650 563
1558660 563
1558670 563
1558680 563
1558690 563
1558700 563
1558710 563
1558720 563
1558730 563
1558740 563
1558750 564
1558760 564
1558770 564
1558780 564
1558790 564
1558800 564
1558810 564
1558820 565
1558830 565
1558840 565
1558850 565
1558860 565
1558870 566
1558880 566
1558890 566
1558900 567
1558910 568
1558920 568
1558930 568
1558940 569
1558950 569
1558960 569
1558970 569
1558980 569
1558990 570
1559000 570
1559010 570
1559020 571
1559030 571
1559040 571
1559050 572
1559060 572
1559070 572
1559080 573
1559090 573
1559100 573
1559110 574
1559120 574
1559130 574
1559140 575
1559150 575
1559160 575
1559170 576
1559180 576
1559190 576
1559200 577
1559210 577
1559220 577
1559230 578
1559240 579
1559250 579
1559260 579
1559270 580
1559280 580
1559290 580
1559300 580
1559310 580
1559320 580
1559330 581
1559340 581
1559350 581
1559360 581
1559370 581
1559380 581
1559390 581
1559400 581
1559410 581
1559420 578
1559430 578
1559440 575
1559450 573
1559460 573
1559470 571
1559480 571
1559490 570
1559500 570
1559510 570
1559520 570
1559530 569
1559540 569
1559550 569
1559560 569
1559570 569
1559580 570
1559590 572
1559600 572
1559610 575
1559620 577
1559630 577
1559640 579
1559650 582
1559660 582
1559670 584
1559680 587
1559690 587
1559700 589
1559710 592
1559720 592
1559730 595
1559740 597
1559750 597
1559760 600
1559770 602
1559780 602
1559790 605
1559800 607
1559810 607
1559820 609
1559830 609
1559840 609
1559850 610
1559860 611
1559870 611
1559880 610
1559890 611
1559900 611
1559910 611
1559920 611
1559930 611
1559940 611
1559950 610
1559960 610
1559970 609
1559980 609
1559990 609
