1540000 768
1540010 768
1540020 765
1540030 763
1540040 763
1540050 761
1540060 760
1540070 760
1540080 758
1540090 756
1540100 756
1540110 754
1540120 753
1540130 753
1540140 752
1540150 750
1540160 750
1540170 748
1540180 746
1540190 746
1540200 744
1540210 742
1540220 742
1540230 740
1540240 740
1540250 737
1540260 734
1540270 734
1540280 731
1540290 728
1540300 728
1540310 727
1540320 726
1540330 726
1540340 723
1540350 723
1540360 723
1540370 726
1540380 729
1540390 729
1540400 731
1540410 732
1540420 732
1540430 733
1540440 733
1540450 733
1540460 730
1540470 728
1540480 728
1540490 726
1540500 724
1540510 724
1540520 722
1540530 721
1540540 721
1540550 720
1540560 720
1540570 720
1540580 721
1540590 722
1540600 722
1540610 724
1540620 725
1540630 725
1540640 727
1540650 728
1540660 728
1540670 730
1540680 733
1540690 733
1540700 735
1540710 737
1540720 737
1540730 739
1540740 742
1540750 742
1540760 745
1540770 748
1540780 748
1540790 750
1540800 753
1540810 753
1540820 757
1540830 759
1540840 759
1540850 762
1540860 764
1540870 764
1540880 766
1540890 768
1540900 768
1540910 770
1540920 772
1540930 772
1540940 774
1540950 775
1540960 775
1540970 776
1540980 777
1540990 777
1541000 778
1541010 779
1541020 779
1541030 778
1541040 777
1541050 777
1541060 776
1541070 774
1541080 774
1541090 773
1541100 773
1541110 771
1541120 770
1541130 770
1541140 768
1541150 767
1541160 767
1541170 766
1541180 764
1541190 764
1541200 763
1541210 761
1541220 761
1541230 759
1541240 758
1541250 758
1541260 756
1541270 755
1541280 755
1541290 754
1541300 753
1541310 753
1541320 752
1541330 752
1541340 752
1541350 751
1541360 750
1541370 750
1541380 748
1541390 747
1541400 747
1541410 746
1541420 745
1541430 745
1541440 744
1541450 744
1541460 744
1541470 743
1541480 742
1541490 742
1541500 741
1541510 740
1541520 740
1541530 739
1541540 738
1541550 738
1541560 738
1541570 737
1541580 737
1541590 737
1541600 736
1541610 736
1541620 734
1541630 733
1541640 733
1541650 731
1541660 730
1541670 730
1541680 729
1541690 729
1541700 729
1541710 729
1541720 729
1541730 729
1541740 728
1541750 727
1541760 727
1541770 726
1541780 725
1541790 725
1541800 724
1541810 723
1541820 723
1541830 721
1541840 720
1541850 720
1541860 718
1541870 717
1541880 717
1541890 715
1541900 713
1541910 713
1541920 711
1541930 710
1541940 710
1541950 708
1541960 707
1541970 707
1541980 705
1541990 705
1542000 703
1542010 703
1542020 703
1542030 703
1542040 702
1542050 702
1542060 702
1542070 701
1542080 701
1542090 701
1542100 700
1542110 700
1542120 700
1542130 700
1542140 700
1542150 699
1542160 698
1542170 698
1542180 698
1542190 698
1542200 698
1542210 698
1542220 697
1542230 697
1542240 697
1542250 695
1542260 695
1542270 694
1542280 693
1542290 693
1542300 692
1542310 692
1542320 692
1542330 691
1542340 690
1542350 690
1542360 689
1542370 688
1542380 688
1542390 687
1542400 686
1542410 686
1542420 684
1542430 682
1542440 682
1542450 680
1542460 679
1542470 679
1542480 678
1542490 677
1542500 677
1542510 676
1542520 675
1542530 675
1542540 675
1542550 674
1542560 674
1542570 672
1542580 670
1542590 670
1542600 668
1542610 666
1542620 666
1542630 665
1542640 665
1542650 665
1542660 665
1542670 666
1542680 666
1542690 666
1542700 666
1542710 666
1542720 666
1542730 668
1542740 668
1542750 668
1542760 669
1542770 669
1542780 670
1542790 670
1542800 670
1542810 670
1542820 670
1542830 670
1542840 670
1542850 669
1542860 669
1542870 669
1542880 669
1542890 669
1542900 669
1542910 669
1542920 668
1542930 668
1542940 668
1542950 667
1542960 666
1542970 666
1542980 665
1542990 664
1543000 664
1543010 662
1543020 661
1543030 661
1543040 660
1543050 658
1543060 658
1543070 657
1543080 655
1543090 655
1543100 652
1543110 650
1543120 650
1543130 648
1543140 647
1543150 647
1543160 645
1543170 644
1543180 644
1543190 643
1543200 643
1543210 643
1543220 642
1543230 643
1543240 643
1543250 642
1543260 642
1543270 642
1543280 642
1543290 641
1543300 641
1543310 641
1543320 642
1543330 642
1543340 642
1543350 641
1543360 641
1543370 640
1543380 639
1543390 639
1543400 638
1543410 638
1543420 638
1543430 637
1543440 637
1543450 637
1543460 636
1543470 635
1543480 635
1543490 635
1543500 635
1543510 635
1543520 634
1543530 633
1543540 633
1543550 632
1543560 632
1543570 632
1543580 631
1543590 631
1543600 631
1543610 630
1543620 629
1543630 629
1543640 628
1543650 627
1543660 627
1543670 626
1543680 625
1543690 625
1543700 624
1543710 622
1543720 622
1543730 620
1543740 618
1543750 618
1543760 616
1543770 616
1543780 614
1543790 612
1543800 612
1543810 609
1543820 607
1543830 607
1543840 606
1543850 604
1543860 604
1543870 603
1543880 603
1543890 603
1543900 602
1543910 602
1543920 602
1543930 601
1543940 600
1543950 600
1543960 599
1543970 597
1543980 597
1543990 595
1544000 593
1544010 593
1544020 591
1544030 589
1544040 589
1544050 587
1544060 585
1544070 585
1544080 584
1544090 582
1544100 582
1544110 581
1544120 579
1544130 579
1544140 577
1544150 575
1544160 575
1544170 574
1544180 573
1544190 573
1544200 571
1544210 570
1544220 570
1544230 568
1544240 566
1544250 566
1544260 565
1544270 563
1544280 563
1544290 562
1544300 561
1544310 561
1544320 561
1544330 561
1544340 561
1544350 560
1544360 559
1544370 559
1544380 558
1544390 557
1544400 557
1544410 555
1544420 551
1544430 551
1544440 549
1544450 549
1544460 549
1544470 549
1544480 549
1544490 549
1544500 549
1544510 550
1544520 550
1544530 550
1544540 551
1544550 551
1544560 551
1544570 552
1544580 552
1544590 553
1544600 555
1544610 555
1544620 558
1544630 562
1544640 562
1544650 565
1544660 565
1544670 569
1544680 572
1544690 572
1544700 575
1544710 578
1544720 578
1544730 580
1544740 583
1544750 583
1544760 585
1544770 586
1544780 586
1544790 588
1544800 589
1544810 589
1544820 591
1544830 591
1544840 591
1544850 592
1544860 592
1544870 592
1544880 593
1544890 593
1544900 593
1544910 593
1544920 593
1544930 593
1544940 593
1544950 594
1544960 594
1544970 595
1544980 595
1544990 595
1545000 596
1545010 596
1545020 596
1545030 596
1545040 597
1545050 597
1545060 598
1545070 598
1545080 598
1545090 598
1545100 598
1545110 598
1545120 598
1545130 598
1545140 598
1545150 598
1545160 598
1545170 598
1545180 598
1545190 598
1545200 598
1545210 599
1545220 599
1545230 599
1545240 599
1545250 599
1545260 599
1545270 599
1545280 599
1545290 599
1545300 599
1545310 599
1545320 599
1545330 598
1545340 597
1545350 597
1545360 597
1545370 596
1545380 596
1545390 596
1545400 595
1545410 595
1545420 594
1545430 594
1545440 594
1545450 593
1545460 592
1545470 592
1545480 589
1545490 585
1545500 585
1545510 581
1545520 578
1545530 578
1545540 576
1545550 576
1545560 575
1545570 574
1545580 574
1545590 572
1545600 571
1545610 571
1545620 569
1545630 568
1545640 568
1545650 567
1545660 566
1545670 566
1545680 565
1545690 565
1545700 565
1545710 565
1545720 565
1545730 565
1545740 565
1545750 565
1545760 565
1545770 564
1545780 564
1545790 564
1545800 562
1545810 560
1545820 560
1545830 560
1545840 559
1545850 559
1545860 558
1545870 557
1545880 557
1545890 557
1545900 557
1545910 557
1545920 556
1545930 556
1545940 556
1545950 555
1545960 555
1545970 555
1545980 555
1545990 555
1546000 555
1546010 555
1546020 555
1546030 555
1546040 555
1546050 556
1546060 556
1546070 556
1546080 556
1546090 556
1546100 558
1546110 560
1546120 560
1546130 562
1546140 564
1546150 564
1546160 565
1546170 567
1546180 567
1546190 569
1546200 570
1546210 570
1546220 571
1546230 572
1546240 572
1546250 573
1546260 574
1546270 574
1546280 576
1546290 577
1546300 577
1546310 578
1546320 580
1546330 580
1546340 581
1546350 582
1546360 582
1546370 583
1546380 584
1546390 584
1546400 585
1546410 587
1546420 587
1546430 588
1546440 588
1546450 589
1546460 589
1546470 589
1546480 590
1546490 590
1546500 590
1546510 590
1546520 590
1546530 590
1546540 590
1546550 591
1546560 591
1546570 591
1546580 591
1546590 591
1546600 591
1546610 591
1546620 591
1546630 591
1546640 591
1546650 591
1546660 590
1546670 590
1546680 590
1546690 589
1546700 588
1546710 588
1546720 587
1546730 586
1546740 586
1546750 585
1546760 583
1546770 583
1546780 581
1546790 578
1546800 578
1546810 577
1546820 575
1546830 575
1546840 570
1546850 566
1546860 566
1546870 563
1546880 561
1546890 561
1546900 559
1546910 556
1546920 556
1546930 553
1546940 551
1546950 551
1546960 550
1546970 548
1546980 548
1546990 547
1547000 545
1547010 545
1547020 544
1547030 544
1547040 544
1547050 542
1547060 541
1547070 541
1547080 540
1547090 539
1547100 539
1547110 538
1547120 537
1547130 537
1547140 537
1547150 536
1547160 536
1547170 534
1547180 534
1547190 534
1547200 534
1547210 534
1547220 534
1547230 536
1547240 536
1547250 536
1547260 538
1547270 540
1547280 540
1547290 542
1547300 542
1547310 544
1547320 546
1547330 546
1547340 549
1547350 551
1547360 551
1547370 553
1547380 555
1547390 555
1547400 557
1547410 559
1547420 559
1547430 561
1547440 563
1547450 563
1547460 565
1547470 566
1547480 566
1547490 569
1547500 570
1547510 570
1547520 572
1547530 572
1547540 572
1547550 572
1547560 572
1547570 572
1547580 572
1547590 572
1547600 572
1547610 571
1547620 571
1547630 571
1547640 570
1547650 569
1547660 569
1547670 567
1547680 565
1547690 565
1547700 564
1547710 564
1547720 564
1547730 564
1547740 564
1547750 564
1547760 564
1547770 566
1547780 566
1547790 567
1547800 568
1547810 568
1547820 569
1547830 569
1547840 569
1547850 569
1547860 569
1547870 569
1547880 568
1547890 568
1547900 568
1547910 568
1547920 568
1547930 568
1547940 567
1547950 567
1547960 567
1547970 566
1547980 563
1547990 563
1548000 561
1548010 562
1548020 562
1548030 564
1548040 565
1548050 565
1548060 567
1548070 568
1548080 568
1548090 570
1548100 571
1548110 571
1548120 572
1548130 573
1548140 573
1548150 573
1548160 574
1548170 574
1548180 574
1548190 574
1548200 574
1548210 574
1548220 574
1548230 574
1548240 574
1548250 574
1548260 573
1548270 572
1548280 572
1548290 571
1548300 569
1548310 569
1548320 567
1548330 566
1548340 566
1548350 566
1548360 566
1548370 566
1548380 567
1548390 568
1548400 568
1548410 570
1548420 571
1548430 571
1548440 573
1548450 575
1548460 575
1548470 576
1548480 578
1548490 578
1548500 579
1548510 580
1548520 580
1548530 581
1548540 582
1548550 582
1548560 582
1548570 583
1548580 583
1548590 583
1548600 584
1548610 584
1548620 585
1548630 586
1548640 586
1548650 587
1548660 587
1548670 587
1548680 588
1548690 588
1548700 588
1548710 588
1548720 588
1548730 588
1548740 588
1548750 587
1548760 587
1548770 587
1548780 586
1548790 586
1548800 585
1548810 584
1548820 584
1548830 583
1548840 582
1548850 582
1548860 581
1548870 580
1548880 580
1548890 579
1548900 578
1548910 578
1548920 577
1548930 577
1548940 577
1548950 577
1548960 576
1548970 576
1548980 575
1548990 574
1549000 574
1549010 573
1549020 572
1549030 572
1549040 572
1549050 572
1549060 572
1549070 573
1549080 573
1549090 575
1549100 578
1549110 578
1549120 579
1549130 579
1549140 579
1549150 579
1549160 579
1549170 579
1549180 579
1549190 579
1549200 579
1549210 578
1549220 577
1549230 577
1549240 576
1549250 575
1549260 575
1549270 574
1549280 572
1549290 572
1549300 571
1549310 569
1549320 569
1549330 568
1549340 567
1549350 567
1549360 566
1549370 565
1549380 565
1549390 564
1549400 563
1549410 563
1549420 562
1549430 560
1549440 560
1549450 559
1549460 558
1549470 558
1549480 557
1549490 556
1549500 556
1549510 555
1549520 553
1549530 553
1549540 551
1549550 550
1549560 550
1549570 548
1549580 547
1549590 547
1549600 545
1549610 544
1549620 544
1549630 542
1549640 541
1549650 541
1549660 540
1549670 539
1549680 539
1549690 537
1549700 536
1549710 536
1549720 535
1549730 534
1549740 534
1549750 533
1549760 532
1549770 532
1549780 531
1549790 530
1549800 530
1549810 530
1549820 530
1549830 530
1549840 531
1549850 533
1549860 533
1549870 535
1549880 536
1549890 536
1549900 538
1549910 540
1549920 540
1549930 541
1549940 542
1549950 542
1549960 542
1549970 542
1549980 543
1549990 543
1550000 543
1550010 544
1550020 545
1550030 545
1550040 545
1550050 546
1550060 546
1550070 546
1550080 546
1550090 546
1550100 545
1550110 544
1550120 544
1550130 543
1550140 542
1550150 542
1550160 540
1550170 538
1550180 538
1550190 537
1550200 534
1550210 534
1550220 530
1550230 525
1550240 525
1550250 521
1550260 518
1550270 518
1550280 516
1550290 513
1550300 513
1550310 509
1550320 506
1550330 506
1550340 504
1550350 503
1550360 503
1550370 501
1550380 498
1550390 498
1550400 498
1550410 499
1550420 499
1550430 498
1550440 498
1550450 498
1550460 498
1550470 498
1550480 498
1550490 498
1550500 498
1550510 498
1550520 498
1550530 498
1550540 498
1550550 498
1550560 499
1550570 499
1550580 500
1550590 501
1550600 501
1550610 502
1550620 504
1550630 504
1550640 505
1550650 506
1550660 506
1550670 508
1550680 509
1550690 509
1550700 511
1550710 513
1550720 513
1550730 515
1550740 517
1550750 517
1550760 520
1550770 521
1550780 521
1550790 522
1550800 523
1550810 523
1550820 524
1550830 524
1550840 524
1550850 525
1550860 525
1550870 525
1550880 525
1550890 525
1550900 524
1550910 524
1550920 524
1550930 524
1550940 523
1550950 523
1550960 522
1550970 521
1550980 521
1550990 521
1551000 519
1551010 519
1551020 518
1551030 517
1551040 517
1551050 515
1551060 514
1551070 514
1551080 512
1551090 509
1551100 509
1551110 504
1551120 506
1551130 506
1551140 507
1551150 506
1551160 506
1551170 506
1551180 505
1551190 505
1551200 503
1551210 501
1551220 501
1551230 498
1551240 495
1551250 495
1551260 492
1551270 489
1551280 489
1551290 486
1551300 483
1551310 483
1551320 481
1551330 481
1551340 481
1551350 481
1551360 481
1551370 481
1551380 482
1551390 482
1551400 482
1551410 483
1551420 486
1551430 486
1551440 490
1551450 493
1551460 493
1551470 496
1551480 499
1551490 499
1551500 501
1551510 503
1551520 503
1551530 504
1551540 505
1551550 505
1551560 506
1551570 507
1551580 507
1551590 508
1551600 509
1551610 509
1551620 510
1551630 511
1551640 511
1551650 511
1551660 512
1551670 512
1551680 513
1551690 514
1551700 514
1551710 515
1551720 515
1551730 515
1551740 516
1551750 516
1551760 517
1551770 518
1551780 518
1551790 519
1551800 519
1551810 519
1551820 520
1551830 521
1551840 521
1551850 522
1551860 523
1551870 523
1551880 524
1551890 525
1551900 525
1551910 525
1551920 526
1551930 526
1551940 526
1551950 526
1551960 526
1551970 527
1551980 527
1551990 527
1552000 527
1552010 528
1552020 528
1552030 529
1552040 529
1552050 529
1552060 530
1552070 530
1552080 530
1552090 531
1552100 532
1552110 532
1552120 532
1552130 533
1552140 533
1552150 534
1552160 534
1552170 534
1552180 535
1552190 536
1552200 536
1552210 536
1552220 537
1552230 537
1552240 537
1552250 538
1552260 538
1552270 538
1552280 538
1552290 538
1552300 538
1552310 538
1552320 538
1552330 538
1552340 537
1552350 537
1552360 537
1552370 536
1552380 536
1552390 535
1552400 534
1552410 534
1552420 533
1552430 532
1552440 532
1552450 531
1552460 530
1552470 530
1552480 529
1552490 529
1552500 529
1552510 529
1552520 530
1552530 530
1552540 530
1552550 531
1552560 531
1552570 531
1552580 531
1552590 531
1552600 531
1552610 531
1552620 531
1552630 531
1552640 531
1552650 531
1552660 531
1552670 531
1552680 531
1552690 531
1552700 531
1552710 531
1552720 531
1552730 531
1552740 531
1552750 531
1552760 531
1552770 530
1552780 530
1552790 530
1552800 529
1552810 528
1552820 528
1552830 527
1552840 526
1552850 526
1552860 523
1552870 519
1552880 519
1552890 518
1552900 515
1552910 515
1552920 513
1552930 512
1552940 512
1552950 511
1552960 509
1552970 509
1552980 507
1552990 505
1553000 505
1553010 502
1553020 501
1553030 501
1553040 500
1553050 500
1553060 502
1553070 503
1553080 503
1553090 503
1553100 504
1553110 505
1553120 505
1553130 506
1553140 507
1553150 507
1553160 508
1553170 509
1553180 509
1553190 509
1553200 510
1553210 510
1553220 511
1553230 512
1553240 512
1553250 512
1553260 513
1553270 513
1553280 515
1553290 516
1553300 516
1553310 517
1553320 519
1553330 519
1553340 520
1553350 522
1553360 522
1553370 523
1553380 525
1553390 525
1553400 526
1553410 528
1553420 528
1553430 530
1553440 531
1553450 531
1553460 532
1553470 533
1553480 533
1553490 534
1553500 534
1553510 534
1553520 534
1553530 534
1553540 534
1553550 534
1553560 534
1553570 533
1553580 533
1553590 533
1553600 532
1553610 532
1553620 532
1553630 531
1553640 529
1553650 529
1553660 527
1553670 524
1553680 524
1553690 521
1553700 518
1553710 518
1553720 516
1553730 514
1553740 514
1553750 512
1553760 510
1553770 510
1553780 509
1553790 507
1553800 507
1553810 506
1553820 505
1553830 505
1553840 503
1553850 501
1553860 501
1553870 501
1553880 501
1553890 501
1553900 501
1553910 501
1553920 501
1553930 502
1553940 503
1553950 503
1553960 504
1553970 505
1553980 505
1553990 506
1554000 507
1554010 507
1554020 508
1554030 508
1554040 508
1554050 509
1554060 510
1554070 510
1554080 510
1554090 511
1554100 511
1554110 512
1554120 512
1554130 512
1554140 513
1554150 513
1554160 513
1554170 514
1554180 514
1554190 514
1554200 515
1554210 516
1554220 516
1554230 516
1554240 516
1554250 516
1554260 516
1554270 517
1554280 517
1554290 517
1554300 518
1554310 518
1554320 519
1554330 519
1554340 519
1554350 519
1554360 520
1554370 520
1554380 520
1554390 520
1554400 520
1554410 520
1554420 520
1554430 521
1554440 522
1554450 522
1554460 523
1554470 525
1554480 525
1554490 527
1554500 529
1554510 529
1554520 531
1554530 534
1554540 534
1554550 535
1554560 536
1554570 536
1554580 538
1554590 540
1554600 540
1554610 541
1554620 543
1554630 543
1554640 545
1554650 546
1554660 546
1554670 548
1554680 549
1554690 549
1554700 549
1554710 550
1554720 550
1554730 550
1554740 551
1554750 551
1554760 551
1554770 552
1554780 552
1554790 552
1554800 553
1554810 553
1554820 554
1554830 555
1554840 555
1554850 556
1554860 557
1554870 557
1554880 557
1554890 558
1554900 558
1554910 559
1554920 560
1554930 560
1554940 561
1554950 562
1554960 562
1554970 564
1554980 565
1554990 565
1555000 566
1555010 567
1555020 567
1555030 569
1555040 570
1555050 570
1555060 571
1555070 572
1555080 572
1555090 573
1555100 574
1555110 574
1555120 574
1555130 575
1555140 575
1555150 576
1555160 576
1555170 576
1555180 577
1555190 578
1555200 578
1555210 579
1555220 580
1555230 580
1555240 581
1555250 582
1555260 582
1555270 583
1555280 583
1555290 584
1555300 585
1555310 585
1555320 586
1555330 587
1555340 587
1555350 587
1555360 588
1555370 588
1555380 589
1555390 590
1555400 590
1555410 591
1555420 592
1555430 592
1555440 593
1555450 593
1555460 593
1555470 593
1555480 594
1555490 594
1555500 594
1555510 595
1555520 595
1555530 595
1555540 595
1555550 595
1555560 596
1555570 596
1555580 596
1555590 596
1555600 597
1555610 597
1555620 597
1555630 598
1555640 598
1555650 598
1555660 598
1555670 598
1555680 598
1555690 598
1555700 598
1555710 598
1555720 598
1555730 598
1555740 598
1555750 598
1555760 598
1555770 598
1555780 598
1555790 598
1555800 598
1555810 598
1555820 598
1555830 597
1555840 597
1555850 597
1555860 597
1555870 597
1555880 597
1555890 597
1555900 596
1555910 596
1555920 596
1555930 596
1555940 596
1555950 596
1555960 596
1555970 596
1555980 595
1555990 595
1556000 595
1556010 594
1556020 594
1556030 594
1556040 593
1556050 593
1556060 593
1556070 592
1556080 591
1556090 591
1556100 590
1556110 589
1556120 589
1556130 588
1556140 586
1556150 586
1556160 584
1556170 584
1556180 582
1556190 581
1556200 581
1556210 580
1556220 579
1556230 579
1556240 579
1556250 580
1556260 580
1556270 580
1556280 580
1556290 580
1556300 580
1556310 580
1556320 580
1556330 580
1556340 580
1556350 580
1556360 579
1556370 579
1556380 579
1556390 579
1556400 579
1556410 579
1556420 578
1556430 578
1556440 578
1556450 578
1556460 578
1556470 578
1556480 578
1556490 578
1556500 578
1556510 578
1556520 578
1556530 578
1556540 578
1556550 578
1556560 578
1556570 577
1556580 576
1556590 576
1556600 574
1556610 573
1556620 573
1556630 570
1556640 568
1556650 568
1556660 566
1556670 565
1556680 565
1556690 564
1556700 563
1556710 563
1556720 563
1556730 563
1556740 563
1556750 564
1556760 566
1556770 566
1556780 570
1556790 571
1556800 571
1556810 571
1556820 571
1556830 571
1556840 570
1556850 569
1556860 569
1556870 564
1556880 562
1556890 562
1556900 562
1556910 563
1556920 563
1556930 563
1556940 564
1556950 564
1556960 563
1556970 560
1556980 560
1556990 557
1557000 555
1557010 555
1557020 553
1557030 552
1557040 552
1557050 552
1557060 552
1557070 551
1557080 551
1557090 551
1557100 551
1557110 551
1557120 551
1557130 551
1557140 552
1557150 552
1557160 553
1557170 554
1557180 554
1557190 556
1557200 558
1557210 558
1557220 560
1557230 562
1557240 562
1557250 564
1557260 566
1557270 566
1557280 568
1557290 570
1557300 570
1557310 572
1557320 573
1557330 573
1557340 575
1557350 577
1557360 577
1557370 579
1557380 581
1557390 581
1557400 585
1557410 588
1557420 588
1557430 591
1557440 593
1557450 593
1557460 594
1557470 595
1557480 595
1557490 596
1557500 597
1557510 597
1557520 597
1557530 596
1557540 596
1557550 595
1557560 595
1557570 595
1557580 594
1557590 593
1557600 593
1557610 591
1557620 589
1557630 589
1557640 586
1557650 584
1557660 584
1557670 581
1557680 579
1557690 579
1557700 577
1557710 575
1557720 575
1557730 573
1557740 571
1557750 571
1557760 570
1557770 570
1557780 570
1557790 568
1557800 566
1557810 566
1557820 565
1557830 563
1557840 563
1557850 563
1557860 562
1557870 562
1557880 562
1557890 562
1557900 562
1557910 562
1557920 562
1557930 562
1557940 562
1557950 562
1557960 563
1557970 563
1557980 563
1557990 563
1558000 563
1558010 563
1558020 562
1558030 562
1558040 562
1558050 562
1558060 562
1558070 562
1558080 562
1558090 562
1558100 562
1558110 562
1558120 562
1558130 562
1558140 563
1558150 563
1558160 563
1558170 563
1558180 563
1558190 563
1558200 563
1558210 563
1558220 563
1558230 562
1558240 562
1558250 562
1558260 561
1558270 559
1558280 559
1558290 558
1558300 557
1558310 557
1558320 556
1558330 556
1558340 556
1558350 556
1558360 556
1558370 556
1558380 557
1558390 557
1558400 557
1558410 558
1558420 559
1558430 559
1558440 559
1558450 560
1558460 560
1558470 561
1558480 561
1558490 561
1558500 562
1558510 563
1558520 563
1558530 564
1558540 564
1558550 564
1558560 565
1558570 566
1558580 566
1558590 567
1558600 568
1558610 568
1558620 569
1558630 570
1558640 570
1558650 570
1558660 571
1558670 571
1558680 572
1558690 573
1558700 573
1558710 575
1558720 576
1558730 576
1558740 577
1558750 578
1558760 578
1558770 579
1558780 580
1558790 580
1558800 581
1558810 581
1558820 583
1558830 584
1558840 584
1558850 585
1558860 587
1558870 587
1558880 588
1558890 589
1558900 589
1558910 589
1558920 590
1558930 590
1558940 591
1558950 592
1558960 592
1558970 592
1558980 593
1558990 593
1559000 593
1559010 594
1559020 594
1559030 594
1559040 594
1559050 594
1559060 595
1559070 595
1559080 595
1559090 596
1559100 596
1559110 596
1559120 597
1559130 598
1559140 598
1559150 598
1559160 599
1559170 599
1559180 600
1559190 600
1559200 600
1559210 600
1559220 600
1559230 600
1559240 600
1559250 600
1559260 600
1559270 600
1559280 599
1559290 599
1559300 599
1559310 599
1559320 599
1559330 599
1559340 599
1559350 599
1559360 598
1559370 598
1559380 598
1559390 597
1559400 597
1559410 597
1559420 597
1559430 596
1559440 596
1559450 596
1559460 595
1559470 595
1559480 594
1559490 593
1559500 593
1559510 593
1559520 591
1559530 591
1559540 591
1559550 590
1559560 590
1559570 589
1559580 588
1559590 588
1559600 588
1559610 587
1559620 587
1559630 586
1559640 585
1559650 585
1559660 584
1559670 584
1559680 584
1559690 583
1559700 583
1559710 582
1559720 581
1559730 581
1559740 580
1559750 578
1559760 578
1559770 577
1559780 575
1559790 575
1559800 573
1559810 571
1559820 571
1559830 570
1559840 569
1559850 569
1559860 567
1559870 566
1559880 566
1559890 566
1559900 565
1559910 565
1559920 565
1559930 564
1559940 564
1559950 563
1559960 561
1559970 561
1559980 560
1559990 558
