1540000 702
1540010 702
1540020 702
1540030 702
1540040 702
1540050 702
1540060 702
1540070 703
1540080 703
1540090 703
1540100 703
1540110 703
1540120 703
1540130 702
1540140 702
1540150 702
1540160 701
1540170 700
1540180 700
1540190 699
1540200 698
1540210 698
1540220 697
1540230 696
1540240 696
1540250 695
1540260 694
1540270 694
1540280 693
1540290 693
1540300 693
1540310 694
1540320 694
1540330 694
1540340 695
1540350 695
1540360 695
1540370 696
1540380 697
1540390 697
1540400 697
1540410 698
1540420 698
1540430 699
1540440 699
1540450 699
1540460 700
1540470 701
1540480 701
1540490 701
1540500 702
1540510 702
1540520 703
1540530 705
1540540 705
1540550 706
1540560 708
1540570 708
1540580 709
1540590 709
1540600 710
1540610 711
1540620 711
1540630 712
1540640 713
1540650 713
1540660 714
1540670 715
1540680 715
1540690 716
1540700 717
1540710 717
1540720 718
1540730 719
1540740 719
1540750 720
1540760 721
1540770 721
1540780 722
1540790 723
1540800 723
1540810 724
1540820 726
1540830 726
1540840 727
1540850 729
1540860 729
1540870 730
1540880 732
1540890 732
1540900 733
1540910 735
1540920 735
1540930 736
1540940 738
1540950 738
1540960 739
1540970 741
1540980 741
1540990 742
1541000 744
1541010 744
1541020 746
1541030 749
1541040 749
1541050 751
1541060 753
1541070 753
1541080 755
1541090 757
1541100 757
1541110 760
1541120 762
1541130 762
1541140 764
1541150 766
1541160 766
1541170 768
1541180 770
1541190 770
1541200 772
1541210 773
1541220 773
1541230 775
1541240 778
1541250 778
1541260 780
1541270 782
1541280 782
1541290 784
1541300 786
1541310 786
1541320 787
1541330 788
1541340 788
1541350 788
1541360 788
1541370 788
1541380 788
1541390 787
1541400 787
1541410 786
1541420 785
1541430 785
1541440 785
1541450 784
1541460 784
1541470 783
1541480 783
1541490 782
1541500 781
1541510 781
1541520 780
1541530 778
1541540 778
1541550 776
1541560 775
1541570 775
1541580 774
1541590 773
1541600 773
1541610 771
1541620 770
1541630 770
1541640 769
1541650 767
1541660 767
1541670 766
1541680 764
1541690 764
1541700 763
1541710 762
1541720 762
1541730 761
1541740 761
1541750 761
1541760 761
1541770 760
1541780 760
1541790 760
1541800 759
1541810 759
1541820 758
1541830 758
1541840 759
1541850 759
1541860 759
1541870 759
1541880 758
1541890 758
1541900 758
1541910 758
1541920 759
1541930 759
1541940 760
1541950 761
1541960 761
1541970 762
1541980 763
1541990 763
1542000 764
1542010 765
1542020 765
1542030 765
1542040 766
1542050 766
1542060 766
1542070 766
1542080 766
1542090 766
1542100 766
1542110 766
1542120 767
1542130 767
1542140 767
1542150 767
1542160 767
1542170 767
1542180 767
1542190 767
1542200 767
1542210 767
1542220 766
1542230 766
1542240 765
1542250 764
1542260 764
1542270 763
1542280 761
1542290 761
1542300 759
1542310 758
1542320 758
1542330 756
1542340 756
1542350 754
1542360 752
1542370 752
1542380 750
1542390 749
1542400 749
1542410 747
1542420 745
1542430 745
1542440 744
1542450 743
1542460 743
1542470 741
1542480 739
1542490 739
1542500 737
1542510 735
1542520 735
1542530 732
1542540 729
1542550 729
1542560 726
1542570 722
1542580 722
1542590 720
1542600 718
1542610 718
1542620 716
1542630 713
1542640 713
1542650 711
1542660 708
1542670 708
1542680 706
1542690 703
1542700 703
1542710 701
1542720 699
1542730 699
1542740 698
1542750 696
1542760 696
1542770 695
1542780 694
1542790 694
1542800 692
1542810 691
1542820 691
1542830 690
1542840 688
1542850 688
1542860 685
1542870 681
1542880 681
1542890 678
1542900 674
1542910 674
1542920 670
1542930 667
1542940 667
1542950 665
1542960 664
1542970 664
1542980 663
1542990 662
1543000 662
1543010 660
1543020 658
1543030 658
1543040 656
1543050 653
1543060 653
1543070 650
1543080 647
1543090 647
1543100 643
1543110 641
1543120 641
1543130 639
1543140 638
1543150 638
1543160 639
1543170 640
1543180 640
1543190 642
1543200 644
1543210 644
1543220 646
1543230 646
1543240 647
1543250 648
1543260 648
1543270 647
1543280 646
1543290 646
1543300 643
1543310 641
1543320 641
1543330 638
1543340 636
1543350 636
1543360 633
1543370 632
1543380 632
1543390 629
1543400 627
1543410 627
1543420 625
1543430 622
1543440 622
1543450 620
1543460 617
1543470 617
1543480 615
1543490 615
1543500 615
1543510 614
1543520 613
1543530 613
1543540 612
1543550 610
1543560 610
1543570 607
1543580 604
1543590 604
1543600 601
1543610 599
1543620 599
1543630 597
1543640 595
1543650 595
1543660 594
1543670 592
1543680 592
1543690 591
1543700 590
1543710 590
1543720 588
1543730 586
1543740 586
1543750 584
1543760 582
1543770 582
1543780 580
1543790 579
1543800 579
1543810 577
1543820 576
1543830 576
1543840 575
1543850 574
1543860 574
1543870 573
1543880 572
1543890 572
1543900 571
1543910 570
1543920 570
1543930 568
1543940 566
1543950 566
1543960 563
1543970 561
1543980 561
1543990 560
1544000 560
1544010 560
1544020 559
1544030 558
1544040 558
1544050 558
1544060 558
1544070 557
1544080 557
1544090 557
1544100 557
1544110 556
1544120 556
1544130 556
1544140 556
1544150 556
1544160 557
1544170 558
1544180 558
1544190 559
1544200 561
1544210 561
1544220 562
1544230 563
1544240 563
1544250 565
1544260 567
1544270 567
1544280 569
1544290 571
1544300 571
1544310 573
1544320 574
1544330 574
1544340 576
1544350 578
1544360 578
1544370 579
1544380 580
1544390 580
1544400 581
1544410 582
1544420 582
1544430 583
1544440 586
1544450 586
1544460 588
1544470 590
1544480 590
1544490 591
1544500 593
1544510 593
1544520 595
1544530 597
1544540 597
1544550 598
1544560 599
1544570 599
1544580 600
1544590 601
1544600 601
1544610 602
1544620 602
1544630 602
1544640 603
1544650 603
1544660 603
1544670 604
1544680 604
1544690 604
1544700 605
1544710 605
1544720 605
1544730 605
1544740 606
1544750 606
1544760 606
1544770 606
1544780 606
1544790 606
1544800 607
1544810 607
1544820 608
1544830 609
1544840 609
1544850 609
1544860 609
1544870 609
1544880 610
1544890 610
1544900 610
1544910 610
1544920 609
1544930 609
1544940 608
1544950 608
1544960 608
1544970 609
1544980 609
1544990 609
1545000 610
1545010 610
1545020 611
1545030 611
1545040 611
1545050 612
1545060 613
1545070 613
1545080 614
1545090 615
1545100 615
1545110 614
1545120 614
1545130 614
1545140 613
1545150 612
1545160 612
1545170 611
1545180 611
1545190 611
1545200 609
1545210 607
1545220 607
1545230 605
1545240 602
1545250 602
1545260 599
1545270 597
1545280 597
1545290 594
1545300 592
1545310 592
1545320 591
1545330 589
1545340 589
1545350 589
1545360 589
1545370 589
1545380 589
1545390 590
1545400 590
1545410 591
1545420 592
1545430 592
1545440 591
1545450 592
1545460 592
1545470 593
1545480 594
1545490 594
1545500 595
1545510 595
1545520 595
1545530 595
1545540 595
1545550 595
1545560 594
1545570 593
1545580 593
1545590 592
1545600 590
1545610 590
1545620 587
1545630 584
1545640 584
1545650 581
1545660 578
1545670 578
1545680 575
1545690 573
1545700 573
1545710 571
1545720 570
1545730 570
1545740 569
1545750 568
1545760 568
1545770 568
1545780 564
1545790 564
1545800 561
1545810 558
1545820 558
1545830 557
1545840 558
1545850 558
1545860 560
1545870 560
1545880 561
1545890 562
1545900 562
1545910 564
1545920 566
1545930 566
1545940 568
1545950 569
1545960 569
1545970 571
1545980 572
1545990 572
1546000 574
1546010 576
1546020 576
1546030 578
1546040 580
1546050 580
1546060 582
1546070 584
1546080 584
1546090 587
1546100 589
1546110 589
1546120 591
1546130 593
1546140 593
1546150 594
1546160 596
1546170 596
1546180 598
1546190 600
1546200 600
1546210 602
1546220 604
1546230 604
1546240 605
1546250 607
1546260 607
1546270 608
1546280 609
1546290 609
1546300 610
1546310 611
1546320 611
1546330 611
1546340 611
1546350 611
1546360 612
1546370 611
1546380 611
1546390 610
1546400 608
1546410 608
1546420 606
1546430 603
1546440 603
1546450 601
1546460 598
1546470 598
1546480 595
1546490 592
1546500 592
1546510 588
1546520 585
1546530 585
1546540 580
1546550 575
1546560 575
1546570 572
1546580 570
1546590 570
1546600 569
1546610 568
1546620 568
1546630 566
1546640 563
1546650 563
1546660 561
1546670 559
1546680 559
1546690 558
1546700 557
1546710 557
1546720 555
1546730 555
1546740 554
1546750 553
1546760 553
1546770 552
1546780 552
1546790 552
1546800 552
1546810 552
1546820 552
1546830 552
1546840 553
1546850 553
1546860 553
1546870 554
1546880 554
1546890 555
1546900 556
1546910 556
1546920 557
1546930 559
1546940 559
1546950 559
1546960 559
1546970 559
1546980 557
1546990 556
1547000 556
1547010 556
1547020 556
1547030 556
1547040 556
1547050 556
1547060 556
1547070 555
1547080 557
1547090 557
1547100 559
1547110 561
1547120 561
1547130 563
1547140 565
1547150 565
1547160 567
1547170 568
1547180 568
1547190 568
1547200 568
1547210 568
1547220 569
1547230 570
1547240 570
1547250 572
1547260 574
1547270 574
1547280 576
1547290 577
1547300 577
1547310 580
1547320 582
1547330 582
1547340 586
1547350 588
1547360 588
1547370 590
1547380 592
1547390 592
1547400 594
1547410 597
1547420 597
1547430 598
1547440 600
1547450 600
1547460 602
1547470 603
1547480 603
1547490 604
1547500 604
1547510 604
1547520 605
1547530 605
1547540 605
1547550 605
1547560 605
1547570 605
1547580 604
1547590 604
1547600 604
1547610 604
1547620 604
1547630 603
1547640 602
1547650 602
1547660 601
1547670 601
1547680 601
1547690 600
1547700 598
1547710 598
1547720 597
1547730 596
1547740 596
1547750 594
1547760 592
1547770 592
1547780 591
1547790 591
1547800 591
1547810 592
1547820 592
1547830 592
1547840 593
1547850 593
1547860 593
1547870 594
1547880 595
1547890 595
1547900 596
1547910 598
1547920 598
1547930 599
1547940 600
1547950 600
1547960 601
1547970 603
1547980 603
1547990 604
1548000 606
1548010 606
1548020 607
1548030 609
1548040 609
1548050 610
1548060 611
1548070 611
1548080 614
1548090 616
1548100 616
1548110 616
1548120 617
1548130 617
1548140 618
1548150 618
1548160 618
1548170 618
1548180 617
1548190 617
1548200 617
1548210 617
1548220 617
1548230 617
1548240 616
1548250 616
1548260 616
1548270 615
1548280 615
1548290 614
1548300 613
1548310 614
1548320 613
1548330 613
1548340 613
1548350 612
1548360 611
1548370 611
1548380 610
1548390 609
1548400 609
1548410 608
1548420 607
1548430 607
1548440 605
1548450 605
1548460 605
1548470 604
1548480 604
1548490 603
1548500 602
1548510 602
1548520 602
1548530 601
1548540 601
1548550 600
1548560 600
1548570 600
1548580 599
1548590 599
1548600 599
1548610 598
1548620 598
1548630 598
1548640 597
1548650 597
1548660 597
1548670 597
1548680 596
1548690 596
1548700 596
1548710 596
1548720 596
1548730 596
1548740 595
1548750 595
1548760 595
1548770 595
1548780 595
1548790 594
1548800 593
1548810 593
1548820 592
1548830 591
1548840 591
1548850 590
1548860 589
1548870 589
1548880 588
1548890 586
1548900 586
1548910 584
1548920 581
1548930 581
1548940 578
1548950 575
1548960 575
1548970 572
1548980 569
1548990 569
1549000 567
1549010 565
1549020 565
1549030 564
1549040 562
1549050 562
1549060 560
1549070 559
1549080 559
1549090 558
1549100 557
1549110 557
1549120 557
1549130 558
1549140 558
1549150 559
1549160 560
1549170 560
1549180 561
1549190 561
1549200 561
1549210 560
1549220 558
1549230 558
1549240 557
1549250 555
1549260 555
1549270 554
1549280 553
1549290 553
1549300 551
1549310 549
1549320 549
1549330 546
1549340 543
1549350 543
1549360 542
1549370 542
1549380 541
1549390 541
1549400 541
1549410 542
1549420 543
1549430 543
1549440 545
1549450 546
1549460 546
1549470 547
1549480 548
1549490 548
1549500 549
1549510 549
1549520 549
1549530 550
1549540 550
1549550 550
1549560 551
1549570 551
1549580 551
1549590 552
1549600 552
1549610 552
1549620 552
1549630 553
1549640 553
1549650 553
1549660 553
1549670 553
1549680 553
1549690 554
1549700 554
1549710 554
1549720 554
1549730 554
1549740 554
1549750 554
1549760 554
1549770 555
1549780 555
1549790 555
1549800 555
1549810 556
1549820 556
1549830 556
1549840 557
1549850 557
1549860 557
1549870 558
1549880 558
1549890 558
1549900 559
1549910 559
1549920 559
1549930 560
1549940 560
1549950 561
1549960 561
1549970 561
1549980 562
1549990 562
1550000 562
1550010 562
1550020 562
1550030 562
1550040 563
1550050 564
1550060 564
1550070 564
1550080 564
1550090 564
1550100 564
1550110 563
1550120 563
1550130 563
1550140 563
1550150 563
1550160 562
1550170 561
1550180 561
1550190 559
1550200 557
1550210 557
1550220 555
1550230 553
1550240 553
1550250 550
1550260 550
1550270 547
1550280 544
1550290 544
1550300 542
1550310 540
1550320 540
1550330 540
1550340 538
1550350 538
1550360 537
1550370 535
1550380 535
1550390 532
1550400 530
1550410 530
1550420 527
1550430 525
1550440 525
1550450 524
1550460 522
1550470 522
1550480 520
1550490 519
1550500 519
1550510 517
1550520 516
1550530 516
1550540 514
1550550 513
1550560 513
1550570 512
1550580 511
1550590 511
1550600 511
1550610 510
1550620 510
1550630 509
1550640 509
1550650 509
1550660 509
1550670 509
1550680 509
1550690 508
1550700 507
1550710 507
1550720 506
1550730 505
1550740 505
1550750 504
1550760 503
1550770 503
1550780 502
1550790 501
1550800 501
1550810 501
1550820 501
1550830 501
1550840 500
1550850 500
1550860 500
1550870 499
1550880 499
1550890 499
1550900 499
1550910 498
1550920 498
1550930 497
1550940 497
1550950 497
1550960 496
1550970 496
1550980 496
1550990 496
1551000 495
1551010 495
1551020 495
1551030 495
1551040 495
1551050 495
1551060 496
1551070 496
1551080 496
1551090 496
1551100 496
1551110 494
1551120 494
1551130 491
1551140 489
1551150 489
1551160 486
1551170 483
1551180 483
1551190 482
1551200 482
1551210 482
1551220 482
1551230 482
1551240 482
1551250 482
1551260 482
1551270 482
1551280 482
1551290 483
1551300 483
1551310 484
1551320 485
1551330 485
1551340 486
1551350 487
1551360 487
1551370 488
1551380 489
1551390 489
1551400 490
1551410 492
1551420 492
1551430 493
1551440 494
1551450 494
1551460 495
1551470 494
1551480 494
1551490 494
1551500 494
1551510 494
1551520 494
1551530 493
1551540 493
1551550 493
1551560 494
1551570 494
1551580 497
1551590 499
1551600 499
1551610 502
1551620 505
1551630 505
1551640 507
1551650 508
1551660 508
1551670 510
1551680 511
1551690 511
1551700 513
1551710 514
1551720 514
1551730 514
1551740 515
1551750 515
1551760 515
1551770 516
1551780 516
1551790 516
1551800 516
1551810 516
1551820 517
1551830 517
1551840 517
1551850 518
1551860 520
1551870 520
1551880 521
1551890 523
1551900 523
1551910 524
1551920 525
1551930 525
1551940 527
1551950 528
1551960 528
1551970 530
1551980 532
1551990 532
1552000 534
1552010 534
1552020 535
1552030 537
1552040 537
1552050 539
1552060 540
1552070 540
1552080 542
1552090 544
1552100 544
1552110 546
1552120 548
1552130 548
1552140 549
1552150 551
1552160 551
1552170 553
1552180 555
1552190 555
1552200 557
1552210 558
1552220 558
1552230 560
1552240 561
1552250 561
1552260 563
1552270 565
1552280 566
1552290 568
1552300 569
1552310 569
1552320 571
1552330 572
1552340 572
1552350 574
1552360 576
1552370 576
1552380 578
1552390 579
1552400 579
1552410 581
1552420 582
1552430 582
1552440 583
1552450 585
1552460 585
1552470 586
1552480 586
1552490 586
1552500 587
1552510 588
1552520 588
1552530 588
1552540 589
1552550 589
1552560 589
1552570 589
1552580 589
1552590 589
1552600 589
1552610 589
1552620 589
1552630 588
1552640 588
1552650 588
1552660 587
1552670 587
1552680 586
1552690 586
1552700 586
1552710 586
1552720 586
1552730 586
1552740 584
1552750 583
1552760 583
1552770 583
1552780 583
1552790 583
1552800 582
1552810 581
1552820 581
1552830 580
1552840 579
1552850 579
1552860 576
1552870 576
1552880 573
1552890 569
1552900 569
1552910 567
1552920 566
1552930 566
1552940 565
1552950 563
1552960 563
1552970 562
1552980 561
1552990 561
1553000 560
1553010 561
1553020 561
1553030 563
1553040 565
1553050 565
1553060 566
1553070 568
1553080 568
1553090 569
1553100 570
1553110 570
1553120 572
1553130 574
1553140 574
1553150 575
1553160 576
1553170 576
1553180 578
1553190 580
1553200 580
1553210 581
1553220 583
1553230 583
1553240 584
1553250 585
1553260 585
1553270 586
1553280 586
1553290 586
1553300 586
1553310 586
1553320 586
1553330 585
1553340 583
1553350 583
1553360 582
1553370 581
1553380 581
1553390 578
1553400 576
1553410 576
1553420 572
1553430 567
1553440 567
1553450 564
1553460 562
1553470 562
1553480 560
1553490 558
1553500 558
1553510 556
1553520 554
1553530 554
1553540 551
1553550 549
1553560 549
1553570 547
1553580 546
1553590 546
1553600 545
1553610 545
1553620 545
1553630 544
1553640 543
1553650 543
1553660 543
1553670 542
1553680 542
1553690 541
1553700 541
1553710 541
1553720 541
1553730 541
1553740 541
1553750 541
1553760 541
1553770 541
1553780 541
1553790 541
1553800 540
1553810 540
1553820 540
1553830 538
1553840 537
1553850 537
1553860 535
1553870 532
1553880 532
1553890 529
1553900 527
1553910 527
1553920 525
1553930 524
1553940 524
1553950 525
1553960 525
1553970 525
1553980 525
1553990 525
1554000 525
1554010 523
1554020 521
1554030 521
1554040 518
1554050 514
1554060 514
1554070 509
1554080 505
1554090 505
1554100 504
1554110 503
1554120 503
1554130 503
1554140 503
1554150 503
1554160 504
1554170 505
1554180 505
1554190 507
1554200 509
1554210 509
1554220 511
1554230 512
1554240 512
1554250 514
1554260 515
1554270 515
1554280 517
1554290 520
1554300 520
1554310 522
1554320 524
1554330 524
1554340 526
1554350 529
1554360 529
1554370 531
1554380 533
1554390 533
1554400 535
1554410 538
1554420 538
1554430 539
1554440 541
1554450 541
1554460 543
1554470 545
1554480 545
1554490 547
1554500 549
1554510 549
1554520 551
1554530 552
1554540 552
1554550 554
1554560 556
1554570 556
1554580 558
1554590 559
1554600 559
1554610 560
1554620 560
1554630 562
1554640 563
1554650 563
1554660 565
1554670 566
1554680 566
1554690 568
1554700 569
1554710 569
1554720 571
1554730 572
1554740 572
1554750 574
1554760 575
1554770 575
1554780 576
1554790 577
1554800 577
1554810 577
1554820 578
1554830 578
1554840 578
1554850 578
1554860 578
1554870 576
1554880 575
1554890 575
1554900 574
1554910 575
1554920 575
1554930 576
1554940 578
1554950 578
1554960 580
1554970 582
1554980 582
1554990 584
1555000 586
1555010 586
1555020 589
1555030 590
1555040 590
1555050 593
1555060 595
1555070 595
1555080 596
1555090 598
1555100 598
1555110 600
1555120 602
1555130 602
1555140 604
1555150 605
1555160 605
1555170 607
1555180 609
1555190 609
1555200 611
1555210 613
1555220 613
1555230 614
1555240 616
1555250 616
1555260 617
1555270 618
1555280 618
1555290 619
1555300 619
1555310 619
1555320 620
1555330 620
1555340 620
1555350 620
1555360 620
1555370 620
1555380 620
1555390 620
1555400 620
1555410 620
1555420 621
1555430 621
1555440 621
1555450 622
1555460 622
1555470 622
1555480 621
1555490 621
1555500 621
1555510 621
1555520 620
1555530 620
1555540 620
1555550 619
1555560 619
1555570 619
1555580 618
1555590 617
1555600 617
1555610 616
1555620 616
1555630 616
1555640 615
1555650 614
1555660 614
1555670 613
1555680 612
1555690 612
1555700 611
1555710 610
1555720 610
1555730 609
1555740 609
1555750 609
1555760 608
1555770 607
1555780 607
1555790 606
1555800 606
1555810 606
1555820 605
1555830 603
1555840 603
1555850 602
1555860 602
1555870 602
1555880 601
1555890 600
1555900 600
1555910 599
1555920 597
1555930 597
1555940 596
1555950 594
1555960 594
1555970 593
1555980 590
1555990 590
1556000 588
1556010 586
1556020 586
1556030 584
1556040 582
1556050 582
1556060 580
1556070 579
1556080 579
1556090 578
1556100 578
1556110 578
1556120 577
1556130 577
1556140 577
1556150 576
1556160 576
1556170 576
1556180 575
1556190 576
1556200 576
1556210 577
1556220 577
1556230 577
1556240 577
1556250 576
1556260 576
1556270 576
1556280 576
1556290 576
1556300 576
1556310 576
1556320 576
1556330 576
1556340 576
1556350 576
1556360 576
1556370 576
1556380 576
1556390 576
1556400 576
1556410 576
1556420 576
1556430 576
1556440 576
1556450 576
1556460 576
1556470 576
1556480 576
1556490 576
1556500 577
1556510 577
1556520 577
1556530 577
1556540 577
1556550 577
1556560 577
1556570 577
1556580 577
1556590 577
1556600 574
1556610 574
1556620 572
1556630 572
1556640 572
1556650 574
1556660 577
1556670 577
1556680 578
1556690 578
1556700 578
1556710 578
1556720 578
1556730 578
1556740 578
1556750 578
1556760 578
1556770 577
1556780 578
1556790 578
1556800 580
1556810 580
1556820 580
1556830 579
1556840 578
1556850 578
1556860 578
1556870 578
1556880 578
1556890 578
1556900 578
1556910 578
1556920 578
1556930 578
1556940 578
1556950 577
1556960 577
1556970 577
1556980 577
1556990 576
1557000 576
1557010 575
1557020 575
1557030 575
1557040 573
1557050 572
1557060 572
1557070 572
1557080 570
1557090 570
1557100 570
1557110 569
1557120 569
1557130 569
1557140 568
1557150 568
1557160 568
1557170 568
1557180 568
1557190 568
1557200 568
1557210 568
1557220 567
1557230 567
1557240 567
1557250 566
1557260 566
1557270 566
1557280 566
1557290 566
1557300 567
1557310 567
1557320 567
1557330 567
1557340 568
1557350 568
1557360 568
1557370 568
1557380 568
1557390 568
1557400 568
1557410 568
1557420 568
1557430 569
1557440 569
1557450 569
1557460 569
1557470 569
1557480 569
1557490 569
1557500 569
1557510 569
1557520 569
1557530 569
1557540 569
1557550 569
1557560 569
1557570 572
1557580 572
1557590 572
1557600 572
1557610 572
1557620 572
1557630 573
1557640 573
1557650 573
1557660 574
1557670 574
1557680 574
1557690 575
1557700 576
1557710 576
1557720 577
1557730 579
1557740 579
1557750 580
1557760 581
1557770 581
1557780 582
1557790 583
1557800 583
1557810 583
1557820 584
1557830 584
1557840 584
1557850 584
1557860 584
1557870 583
1557880 583
1557890 583
1557900 586
1557910 587
1557920 587
1557930 588
1557940 589
1557950 589
1557960 589
1557970 589
1557980 589
1557990 589
1558000 590
1558010 590
1558020 590
1558030 591
1558040 591
1558050 591
1558060 591
1558070 591
1558080 592
1558090 593
1558100 593
1558110 593
1558120 594
1558130 594
1558140 593
1558150 593
1558160 593
1558170 593
1558180 593
1558190 592
1558200 590
1558210 590
1558220 589
1558230 587
1558240 587
1558250 584
1558260 582
1558270 582
1558280 579
1558290 577
1558300 577
1558310 576
1558320 576
1558330 576
1558340 578
1558350 579
1558360 579
1558370 581
1558380 583
1558390 583
1558400 585
1558410 586
1558420 586
1558430 588
1558440 589
1558450 589
1558460 590
1558470 592
1558480 592
1558490 593
1558500 594
1558510 594
1558520 596
1558530 597
1558540 597
1558550 598
1558560 599
1558570 599
1558580 600
1558590 601
1558600 601
1558610 602
1558620 602
1558630 602
1558640 603
1558650 604
1558660 604
1558670 605
1558680 606
1558690 606
1558700 606
1558710 607
1558720 607
1558730 608
1558740 609
1558750 609
1558760 609
1558770 610
1558780 610
1558790 610
1558800 610
1558810 610
1558820 610
1558830 610
1558840 610
1558850 610
1558860 610
1558870 610
1558880 610
1558890 610
1558900 610
1558910 609
1558920 609
1558930 609
1558940 609
1558950 608
1558960 608
1558970 608
1558980 607
1558990 607
1559000 607
1559010 607
1559020 606
1559030 606
1559040 606
1559050 605
1559060 605
1559070 605
1559080 604
1559090 604
1559100 604
1559110 603
1559120 602
1559130 602
1559140 602
1559150 601
1559160 601
1559170 601
1559180 600
1559190 600
1559200 599
1559210 598
1559220 598
1559230 597
1559240 596
1559250 596
1559260 594
1559270 593
1559280 593
1559290 590
1559300 588
1559310 588
1559320 586
1559330 585
1559340 585
1559350 584
1559360 584
1559370 584
1559380 586
1559390 588
1559400 588
1559410 589
1559420 590
1559430 590
1559440 592
1559450 593
1559460 593
1559470 594
1559480 595
1559490 595
1559500 596
1559510 597
1559520 597
1559530 597
1559540 598
1559550 598
1559560 598
1559570 599
1559580 599
1559590 599
1559600 599
1559610 602
1559620 602
1559630 603
1559640 603
1559650 604
1559660 604
1559670 604
1559680 604
1559690 604
1559700 604
1559710 603
1559720 602
1559730 602
1559740 601
1559750 601
1559760 601
1559770 601
1559780 602
1559790 602
1559800 604
1559810 606
1559820 606
1559830 608
1559840 610
1559850 610
1559860 612
1559870 614
1559880 614
1559890 616
1559900 616
1559910 619
1559920 621
1559930 621
1559940 625
1559950 628
1559960 628
1559970 631
1559980 635
1559990 635
