1540000 683
1540010 685
1540020 686
1540030 686
1540040 688
1540050 689
1540060 689
1540070 690
1540080 690
1540090 691
1540100 692
1540110 692
1540120 690
1540130 690
1540140 690
1540150 690
1540160 689
1540170 689
1540180 689
1540190 688
1540200 688
1540210 688
1540220 687
1540230 687
1540240 687
1540250 686
1540260 686
1540270 686
1540280 685
1540290 685
1540300 685
1540310 685
1540320 685
1540330 685
1540340 685
1540350 685
1540360 686
1540370 688
1540380 688
1540390 689
1540400 691
1540410 691
1540420 693
1540430 696
1540440 696
1540450 698
1540460 701
1540470 701
1540480 703
1540490 705
1540500 705
1540510 708
1540520 710
1540530 710
1540540 712
1540550 715
1540560 715
1540570 717
1540580 719
1540590 719
1540600 721
1540610 722
1540620 722
1540630 722
1540640 723
1540650 723
1540660 724
1540670 724
1540680 724
1540690 724
1540700 724
1540710 724
1540720 724
1540730 726
1540740 726
1540750 728
1540760 729
1540770 729
1540780 731
1540790 733
1540800 733
1540810 735
1540820 738
1540830 738
1540840 740
1540850 742
1540860 742
1540870 745
1540880 747
1540890 747
1540900 749
1540910 751
1540920 751
1540930 753
1540940 754
1540950 754
1540960 756
1540970 756
1540980 757
1540990 758
1541000 758
1541010 759
1541020 760
1541030 760
1541040 760
1541050 759
1541060 759
1541070 759
1541080 758
1541090 758
1541100 758
1541110 758
1541120 758
1541130 757
1541140 757
1541150 757
1541160 756
1541170 756
1541180 756
1541190 755
1541200 754
1541210 754
1541220 754
1541230 753
1541240 753
1541250 752
1541260 751
1541270 751
1541280 750
1541290 749
1541300 749
1541310 748
1541320 747
1541330 747
1541340 747
1541350 746
1541360 746
1541370 746
1541380 746
1541390 746
1541400 745
1541410 745
1541420 745
1541430 746
1541440 746
1541450 746
1541460 747
1541470 748
1541480 748
1541490 749
1541500 750
1541510 750
1541520 751
1541530 751
1541540 751
1541550 752
1541560 752
1541570 752
1541580 753
1541590 753
1541600 753
1541610 754
1541620 754
1541630 754
1541640 753
1541650 753
1541660 753
1541670 753
1541680 752
1541690 752
1541700 752
1541710 752
1541720 752
1541730 751
1541740 751
1541750 751
1541760 750
1541770 750
1541780 750
1541790 749
1541800 748
1541810 748
1541820 747
1541830 747
1541840 746
1541850 745
1541860 745
1541870 744
1541880 742
1541890 742
1541900 742
1541910 741
1541920 741
1541930 740
1541940 739
1541950 739
1541960 737
1541970 735
1541980 735
1541990 734
1542000 731
1542010 731
1542020 727
1542030 723
1542040 723
1542050 720
1542060 718
1542070 718
1542080 717
1542090 716
1542100 716
1542110 715
1542120 713
1542130 713
1542140 711
1542150 710
1542160 710
1542170 709
1542180 707
1542190 707
1542200 706
1542210 705
1542220 705
1542230 704
1542240 703
1542250 703
1542260 702
1542270 701
1542280 701
1542290 700
1542300 699
1542310 699
1542320 698
1542330 697
1542340 697
1542350 697
1542360 696
1542370 696
1542380 694
1542390 693
1542400 693
1542410 692
1542420 688
1542430 688
1542440 687
1542450 686
1542460 686
1542470 685
1542480 683
1542490 683
1542500 681
1542510 679
1542520 679
1542530 677
1542540 675
1542550 675
1542560 672
1542570 670
1542580 670
1542590 668
1542600 665
1542610 665
1542620 662
1542630 659
1542640 659
1542650 655
1542660 651
1542670 651
1542680 649
1542690 649
1542700 648
1542710 647
1542720 647
1542730 645
1542740 641
1542750 641
1542760 638
1542770 635
1542780 635
1542790 633
1542800 632
1542810 632
1542820 630
1542830 628
1542840 628
1542850 627
1542860 625
1542870 625
1542880 623
1542890 621
1542900 621
1542910 620
1542920 621
1542930 621
1542940 621
1542950 622
1542960 622
1542970 623
1542980 623
1542990 623
1543000 622
1543010 621
1543020 621
1543030 620
1543040 618
1543050 618
1543060 617
1543070 615
1543080 615
1543090 613
1543100 611
1543110 611
1543120 610
1543130 608
1543140 608
1543150 606
1543160 603
1543170 603
1543180 600
1543190 598
1543200 598
1543210 596
1543220 594
1543230 594
1543240 592
1543250 590
1543260 590
1543270 588
1543280 586
1543290 586
1543300 583
1543310 581
1543320 581
1543330 580
1543340 578
1543350 578
1543360 577
1543370 575
1543380 575
1543390 574
1543400 573
1543410 573
1543420 572
1543430 570
1543440 570
1543450 569
1543460 568
1543470 568
1543480 568
1543490 569
1543500 569
1543510 571
1543520 571
1543530 571
1543540 571
1543550 571
1543560 571
1543570 571
1543580 571
1543590 571
1543600 571
1543610 571
1543620 571
1543630 572
1543640 572
1543650 572
1543660 573
1543670 573
1543680 573
1543690 574
1543700 574
1543710 574
1543720 575
1543730 575
1543740 575
1543750 576
1543760 576
1543770 576
1543780 577
1543790 577
1543800 577
1543810 577
1543820 577
1543830 577
1543840 577
1543850 577
1543860 578
1543870 578
1543880 578
1543890 580
1543900 582
1543910 582
1543920 585
1543930 587
1543940 587
1543950 589
1543960 589
1543970 589
1543980 590
1543990 592
1544000 592
1544010 593
1544020 595
1544030 595
1544040 596
1544050 597
1544060 597
1544070 598
1544080 600
1544090 600
1544100 601
1544110 603
1544120 603
1544130 605
1544140 606
1544150 606
1544160 608
1544170 610
1544180 610
1544190 613
1544200 615
1544210 615
1544220 617
1544230 619
1544240 619
1544250 621
1544260 623
1544270 623
1544280 625
1544290 627
1544300 627
1544310 630
1544320 633
1544330 633
1544340 636
1544350 639
1544360 639
1544370 642
1544380 644
1544390 644
1544400 647
1544410 649
1544420 649
1544430 650
1544440 650
1544450 652
1544460 654
1544470 654
1544480 655
1544490 656
1544500 656
1544510 657
1544520 658
1544530 658
1544540 660
1544550 661
1544560 661
1544570 662
1544580 663
1544590 663
1544600 663
1544610 664
1544620 664
1544630 664
1544640 666
1544650 666
1544660 666
1544670 665
1544680 665
1544690 665
1544700 665
1544710 665
1544720 664
1544730 663
1544740 663
1544750 663
1544760 661
1544770 661
1544780 658
1544790 654
1544800 654
1544810 649
1544820 645
1544830 645
1544840 642
1544850 639
1544860 639
1544870 636
1544880 634
1544890 634
1544900 632
1544910 631
1544920 631
1544930 629
1544940 628
1544950 628
1544960 627
1544970 626
1544980 626
1544990 624
1545000 623
1545010 623
1545020 621
1545030 620
1545040 620
1545050 619
1545060 617
1545070 617
1545080 616
1545090 614
1545100 614
1545110 613
1545120 611
1545130 611
1545140 609
1545150 607
1545160 607
1545170 605
1545180 604
1545190 604
1545200 603
1545210 602
1545220 602
1545230 601
1545240 600
1545250 600
1545260 600
1545270 599
1545280 599
1545290 598
1545300 598
1545310 597
1545320 596
1545330 596
1545340 596
1545350 598
1545360 598
1545370 599
1545380 599
1545390 599
1545400 599
1545410 598
1545420 598
1545430 597
1545440 596
1545450 596
1545460 595
1545470 593
1545480 593
1545490 591
1545500 589
1545510 589
1545520 586
1545530 581
1545540 581
1545550 577
1545560 573
1545570 573
1545580 570
1545590 568
1545600 568
1545610 566
1545620 565
1545630 565
1545640 564
1545650 563
1545660 563
1545670 563
1545680 562
1545690 562
1545700 563
1545710 565
1545720 565
1545730 568
1545740 571
1545750 571
1545760 573
1545770 575
1545780 575
1545790 578
1545800 581
1545810 581
1545820 583
1545830 586
1545840 586
1545850 589
1545860 591
1545870 591
1545880 592
1545890 594
1545900 594
1545910 595
1545920 596
1545930 596
1545940 597
1545950 598
1545960 598
1545970 599
1545980 599
1545990 599
1546000 600
1546010 600
1546020 600
1546030 600
1546040 601
1546050 601
1546060 601
1546070 602
1546080 602
1546090 602
1546100 602
1546110 602
1546120 602
1546130 603
1546140 603
1546150 603
1546160 603
1546170 603
1546180 603
1546190 603
1546200 602
1546210 602
1546220 602
1546230 602
1546240 602
1546250 602
1546260 602
1546270 601
1546280 601
1546290 601
1546300 600
1546310 600
1546320 600
1546330 600
1546340 600
1546350 600
1546360 600
1546370 600
1546380 600
1546390 599
1546400 599
1546410 600
1546420 600
1546430 600
1546440 600
1546450 600
1546460 600
1546470 600
1546480 600
1546490 600
1546500 601
1546510 601
1546520 601
1546530 602
1546540 602
1546550 602
1546560 603
1546570 604
1546580 604
1546590 605
1546600 606
1546610 606
1546620 608
1546630 610
1546640 610
1546650 613
1546660 615
1546670 615
1546680 618
1546690 620
1546700 620
1546710 623
1546720 625
1546730 625
1546740 626
1546750 627
1546760 627
1546770 628
1546780 633
1546790 633
1546800 635
1546810 637
1546820 637
1546830 638
1546840 639
1546850 639
1546860 641
1546870 641
1546880 641
1546890 640
1546900 639
1546910 639
1546920 637
1546930 634
1546940 634
1546950 631
1546960 628
1546970 628
1546980 626
1546990 624
1547000 624
1547010 623
1547020 623
1547030 623
1547040 623
1547050 623
1547060 623
1547070 623
1547080 623
1547090 623
1547100 625
1547110 625
1547120 627
1547130 628
1547140 628
1547150 630
1547160 632
1547170 632
1547180 634
1547190 634
1547200 634
1547210 635
1547220 635
1547230 635
1547240 635
1547250 635
1547260 635
1547270 634
1547280 634
1547290 634
1547300 634
1547310 634
1547320 634
1547330 634
1547340 634
1547350 634
1547360 635
1547370 635
1547380 635
1547390 635
1547400 635
1547410 635
1547420 634
1547430 634
1547440 634
1547450 634
1547460 633
1547470 633
1547480 633
1547490 633
1547500 633
1547510 632
1547520 631
1547530 631
1547540 631
1547550 630
1547560 630
1547570 630
1547580 629
1547590 629
1547600 628
1547610 628
1547620 628
1547630 627
1547640 627
1547650 627
1547660 627
1547670 626
1547680 626
1547690 626
1547700 626
1547710 626
1547720 626
1547730 626
1547740 626
1547750 627
1547760 627
1547770 627
1547780 627
1547790 627
1547800 627
1547810 626
1547820 626
1547830 626
1547840 626
1547850 625
1547860 625
1547870 625
1547880 624
1547890 624
1547900 624
1547910 624
1547920 623
1547930 623
1547940 623
1547950 622
1547960 622
1547970 622
1547980 621
1547990 621
1548000 621
1548010 621
1548020 621
1548030 621
1548040 621
1548050 620
1548060 620
1548070 618
1548080 616
1548090 616
1548100 614
1548110 611
1548120 611
1548130 608
1548140 605
1548150 605
1548160 602
1548170 598
1548180 598
1548190 595
1548200 593
1548210 593
1548220 592
1548230 590
1548240 590
1548250 588
1548260 587
1548270 587
1548280 585
1548290 584
1548300 584
1548310 582
1548320 581
1548330 581
1548340 579
1548350 577
1548360 577
1548370 574
1548380 571
1548390 571
1548400 569
1548410 568
1548420 568
1548430 568
1548440 567
1548450 567
1548460 566
1548470 566
1548480 566
1548490 565
1548500 564
1548510 564
1548520 563
1548530 562
1548540 562
1548550 561
1548560 560
1548570 560
1548580 559
1548590 559
1548600 559
1548610 558
1548620 557
1548630 557
1548640 556
1548650 555
1548660 555
1548670 555
1548680 555
1548690 555
1548700 555
1548710 556
1548720 556
1548730 557
1548740 559
1548750 559
1548760 561
1548770 563
1548780 563
1548790 564
1548800 564
1548810 565
1548820 566
1548830 566
1548840 569
1548850 569
1548860 569
1548870 570
1548880 570
1548890 570
1548900 570
1548910 570
1548920 570
1548930 570
1548940 570
1548950 570
1548960 569
1548970 568
1548980 568
1548990 568
1549000 567
1549010 567
1549020 566
1549030 565
1549040 565
1549050 565
1549060 564
1549070 564
1549080 564
1549090 564
1549100 564
1549110 564
1549120 563
1549130 563
1549140 563
1549150 563
1549160 563
1549170 563
1549180 562
1549190 562
1549200 563
1549210 563
1549220 563
1549230 563
1549240 563
1549250 563
1549260 564
1549270 564
1549280 564
1549290 565
1549300 565
1549310 565
1549320 566
1549330 566
1549340 566
1549350 567
1549360 567
1549370 567
1549380 567
1549390 567
1549400 567
1549410 567
1549420 566
1549430 566
1549440 564
1549450 563
1549460 563
1549470 562
1549480 561
1549490 561
1549500 561
1549510 561
1549520 561
1549530 562
1549540 562
1549550 562
1549560 562
1549570 563
1549580 563
1549590 564
1549600 564
1549610 564
1549620 566
1549630 567
1549640 567
1549650 568
1549660 568
1549670 569
1549680 570
1549690 570
1549700 571
1549710 571
1549720 571
1549730 571
1549740 572
1549750 572
1549760 572
1549770 573
1549780 573
1549790 573
1549800 574
1549810 574
1549820 574
1549830 574
1549840 574
1549850 574
1549860 574
1549870 574
1549880 574
1549890 574
1549900 574
1549910 573
1549920 573
1549930 573
1549940 572
1549950 571
1549960 571
1549970 569
1549980 568
1549990 568
1550000 567
1550010 567
1550020 567
1550030 566
1550040 565
1550050 565
1550060 564
1550070 563
1550080 563
1550090 561
1550100 560
1550110 560
1550120 559
1550130 558
1550140 558
1550150 557
1550160 555
1550170 555
1550180 554
1550190 552
1550200 552
1550210 549
1550220 547
1550230 547
1550240 544
1550250 540
1550260 540
1550270 533
1550280 528
1550290 528
1550300 524
1550310 521
1550320 521
1550330 518
1550340 517
1550350 517
1550360 515
1550370 514
1550380 514
1550390 513
1550400 512
1550410 512
1550420 511
1550430 511
1550440 511
1550450 511
1550460 511
1550470 511
1550480 510
1550490 510
1550500 510
1550510 510
1550520 510
1550530 510
1550540 511
1550550 511
1550560 511
1550570 511
1550580 511
1550590 511
1550600 511
1550610 511
1550620 510
1550630 509
1550640 509
1550650 508
1550660 507
1550670 507
1550680 506
1550690 506
1550700 506
1550710 505
1550720 503
1550730 503
1550740 502
1550750 501
1550760 501
1550770 501
1550780 500
1550790 500
1550800 499
1550810 499
1550820 499
1550830 498
1550840 499
1550850 499
1550860 498
1550870 497
1550880 497
1550890 494
1550900 492
1550910 492
1550920 489
1550930 486
1550940 486
1550950 485
1550960 483
1550970 483
1550980 483
1550990 483
1551000 483
1551010 483
1551020 483
1551030 483
1551040 483
1551050 483
1551060 483
1551070 483
1551080 485
1551090 485
1551100 487
1551110 490
1551120 490
1551130 493
1551140 496
1551150 496
1551160 499
1551170 501
1551180 501
1551190 503
1551200 504
1551210 504
1551220 506
1551230 508
1551240 508
1551250 509
1551260 511
1551270 511
1551280 512
1551290 513
1551300 513
1551310 515
1551320 516
1551330 516
1551340 517
1551350 518
1551360 518
1551370 519
1551380 519
1551390 519
1551400 520
1551410 520
1551420 521
1551430 522
1551440 522
1551450 522
1551460 523
1551470 523
1551480 523
1551490 523
1551500 523
1551510 524
1551520 524
1551530 524
1551540 525
1551550 525
1551560 525
1551570 525
1551580 525
1551590 525
1551600 526
1551610 526
1551620 526
1551630 526
1551640 526
1551650 526
1551660 525
1551670 524
1551680 524
1551690 522
1551700 520
1551710 520
1551720 519
1551730 519
1551740 519
1551750 519
1551760 519
1551770 519
1551780 519
1551790 519
1551800 519
1551810 519
1551820 519
1551830 519
1551840 519
1551850 520
1551860 520
1551870 520
1551880 520
1551890 520
1551900 521
1551910 522
1551920 522
1551930 523
1551940 526
1551950 526
1551960 531
1551970 535
1551980 535
1551990 538
1552000 541
1552010 541
1552020 544
1552030 547
1552040 547
1552050 549
1552060 551
1552070 551
1552080 552
1552090 553
1552100 553
1552110 555
1552120 557
1552130 557
1552140 559
1552150 561
1552160 561
1552170 562
1552180 564
1552190 564
1552200 565
1552210 566
1552220 566
1552230 567
1552240 567
1552250 567
1552260 568
1552270 568
1552280 568
1552290 568
1552300 568
1552310 568
1552320 567
1552330 567
1552340 567
1552350 567
1552360 567
1552370 566
1552380 566
1552390 566
1552400 565
1552410 564
1552420 564
1552430 564
1552440 564
1552450 564
1552460 564
1552470 566
1552480 566
1552490 567
1552500 568
1552510 568
1552520 569
1552530 570
1552540 570
1552550 571
1552560 572
1552570 572
1552580 573
1552590 574
1552600 574
1552610 575
1552620 577
1552630 577
1552640 578
1552650 579
1552660 579
1552670 581
1552680 582
1552690 582
1552700 584
1552710 585
1552720 585
1552730 586
1552740 587
1552750 587
1552760 589
1552770 590
1552780 590
1552790 592
1552800 593
1552810 593
1552820 595
1552830 597
1552840 597
1552850 599
1552860 600
1552870 600
1552880 602
1552890 603
1552900 603
1552910 604
1552920 605
1552930 605
1552940 605
1552950 606
1552960 606
1552970 606
1552980 606
1552990 606
1553000 606
1553010 607
1553020 607
1553030 607
1553040 607
1553050 607
1553060 607
1553070 607
1553080 607
1553090 606
1553100 606
1553110 606
1553120 606
1553130 606
1553140 606
1553150 605
1553160 605
1553170 605
1553180 605
1553190 605
1553200 604
1553210 603
1553220 603
1553230 602
1553240 601
1553250 601
1553260 600
1553270 599
1553280 599
1553290 597
1553300 595
1553310 595
1553320 593
1553330 591
1553340 591
1553350 588
1553360 586
1553370 586
1553380 583
1553390 581
1553400 581
1553410 579
1553420 578
1553430 578
1553440 577
1553450 576
1553460 576
1553470 575
1553480 573
1553490 573
1553500 571
1553510 569
1553520 569
1553530 567
1553540 565
1553550 565
1553560 563
1553570 561
1553580 561
1553590 560
1553600 558
1553610 558
1553620 556
1553630 554
1553640 554
1553650 552
1553660 550
1553670 550
1553680 548
1553690 546
1553700 546
1553710 545
1553720 543
1553730 543
1553740 542
1553750 541
1553760 541
1553770 540
1553780 538
1553790 538
1553800 537
1553810 535
1553820 535
1553830 532
1553840 530
1553850 530
1553860 528
1553870 525
1553880 525
1553890 522
1553900 520
1553910 520
1553920 517
1553930 514
1553940 514
1553950 512
1553960 511
1553970 511
1553980 510
1553990 509
1554000 509
1554010 508
1554020 508
1554030 507
1554040 507
1554050 507
1554060 507
1554070 506
1554080 506
1554090 506
1554100 505
1554110 505
1554120 505
1554130 505
1554140 505
1554150 506
1554160 509
1554170 509
1554180 512
1554190 516
1554200 516
1554210 519
1554220 522
1554230 522
1554240 525
1554250 528
1554260 528
1554270 531
1554280 535
1554290 535
1554300 538
1554310 541
1554320 541
1554330 543
1554340 546
1554350 546
1554360 548
1554370 551
1554380 551
1554390 553
1554400 555
1554410 555
1554420 556
1554430 558
1554440 558
1554450 559
1554460 561
1554470 561
1554480 562
1554490 564
1554500 564
1554510 565
1554520 567
1554530 567
1554540 568
1554550 570
1554560 570
1554570 571
1554580 571
1554590 571
1554600 572
1554610 573
1554620 573
1554630 573
1554640 573
1554650 573
1554660 573
1554670 573
1554680 575
1554690 575
1554700 575
1554710 575
1554720 576
1554730 577
1554740 577
1554750 578
1554760 579
1554770 579
1554780 580
1554790 581
1554800 581
1554810 582
1554820 583
1554830 583
1554840 585
1554850 586
1554860 586
1554870 587
1554880 587
1554890 589
1554900 590
1554910 590
1554920 592
1554930 593
1554940 593
1554950 594
1554960 595
1554970 595
1554980 594
1554990 594
1555000 594
1555010 594
1555020 593
1555030 593
1555040 593
1555050 592
1555060 592
1555070 591
1555080 591
1555090 591
1555100 590
1555110 589
1555120 589
1555130 588
1555140 587
1555150 587
1555160 586
1555170 585
1555180 585
1555190 584
1555200 583
1555210 583
1555220 582
1555230 581
1555240 581
1555250 581
1555260 581
1555270 581
1555280 581
1555290 581
1555300 581
1555310 581
1555320 581
1555330 581
1555340 582
1555350 582
1555360 582
1555370 582
1555380 583
1555390 583
1555400 583
1555410 584
1555420 584
1555430 585
1555440 585
1555450 585
1555460 585
1555470 586
1555480 586
1555490 586
1555500 587
1555510 587
1555520 588
1555530 589
1555540 589
1555550 591
1555560 592
1555570 592
1555580 592
1555590 593
1555600 593
1555610 593
1555620 593
1555630 593
1555640 593
1555650 593
1555660 593
1555670 593
1555680 593
1555690 593
1555700 593
1555710 592
1555720 592
1555730 592
1555740 592
1555750 591
1555760 589
1555770 589
1555780 588
1555790 586
1555800 586
1555810 584
1555820 583
1555830 583
1555840 581
1555850 579
1555860 579
1555870 578
1555880 576
1555890 576
1555900 575
1555910 573
1555920 573
1555930 572
1555940 571
1555950 571
1555960 571
1555970 570
1555980 570
1555990 569
1556000 568
1556010 568
1556020 567
1556030 566
1556040 566
1556050 565
1556060 563
1556070 563
1556080 563
1556090 563
1556100 563
1556110 564
1556120 565
1556130 565
1556140 567
1556150 569
1556160 569
1556170 570
1556180 570
1556190 570
1556200 570
1556210 571
1556220 571
1556230 571
1556240 572
1556250 572
1556260 573
1556270 574
1556280 574
1556290 575
1556300 575
1556310 575
1556320 576
1556330 577
1556340 577
1556350 577
1556360 577
1556370 577
1556380 578
1556390 578
1556400 578
1556410 578
1556420 577
1556430 577
1556440 577
1556450 578
1556460 578
1556470 579
1556480 580
1556490 580
1556500 581
1556510 581
1556520 581
1556530 582
1556540 582
1556550 582
1556560 583
1556570 583
1556580 583
1556590 584
1556600 584
1556610 584
1556620 585
1556630 585
1556640 585
1556650 585
1556660 585
1556670 586
1556680 586
1556690 586
1556700 587
1556710 587
1556720 587
1556730 587
1556740 587
1556750 587
1556760 587
1556770 587
1556780 587
1556790 587
1556800 587
1556810 587
1556820 587
1556830 587
1556840 587
1556850 586
1556860 586
1556870 586
1556880 586
1556890 586
1556900 586
1556910 586
1556920 586
1556930 586
1556940 586
1556950 585
1556960 585
1556970 585
1556980 585
1556990 585
1557000 584
1557010 584
1557020 584
1557030 583
1557040 583
1557050 583
1557060 584
1557070 583
1557080 583
1557090 583
1557100 584
1557110 584
1557120 584
1557130 584
1557140 584
1557150 584
1557160 584
1557170 584
1557180 584
1557190 584
1557200 584
1557210 585
1557220 585
1557230 585
1557240 585
1557250 585
1557260 585
1557270 586
1557280 585
1557290 585
1557300 585
1557310 585
1557320 585
1557330 585
1557340 585
1557350 585
1557360 585
1557370 585
1557380 585
1557390 584
1557400 584
1557410 584
1557420 584
1557430 584
1557440 584
1557450 584
1557460 583
1557470 583
1557480 582
1557490 582
1557500 580
1557510 578
1557520 578
1557530 577
1557540 576
1557550 576
1557560 576
1557570 577
1557580 577
1557590 577
1557600 577
1557610 577
1557620 578
1557630 582
1557640 582
1557650 586
1557660 588
1557670 588
1557680 590
1557690 591
1557700 591
1557710 592
1557720 593
1557730 593
1557740 593
1557750 593
1557760 593
1557770 593
1557780 595
1557790 595
1557800 596
1557810 596
1557820 596
1557830 596
1557840 596
1557850 596
1557860 597
1557870 596
1557880 596
1557890 596
1557900 596
1557910 596
1557920 596
1557930 596
1557940 596
1557950 597
1557960 596
1557970 596
1557980 597
1557990 597
1558000 597
1558010 598
1558020 598
1558030 598
1558040 598
1558050 599
1558060 599
1558070 599
1558080 599
1558090 599
1558100 598
1558110 598
1558120 598
1558130 598
1558140 599
1558150 599
1558160 599
1558170 600
1558180 600
1558190 601
1558200 601
1558210 601
1558220 602
1558230 602
1558240 602
1558250 603
1558260 604
1558270 604
1558280 605
1558290 605
1558300 605
1558310 606
1558320 607
1558330 607
1558340 608
1558350 608
1558360 609
1558370 609
1558380 609
1558390 610
1558400 611
1558410 611
1558420 611
1558430 612
1558440 612
1558450 612
1558460 613
1558470 613
1558480 613
1558490 613
1558500 613
1558510 614
1558520 614
1558530 614
1558540 614
1558550 614
1558560 614
1558570 614
1558580 614
1558590 614
1558600 614
1558610 615
1558620 615
1558630 615
1558640 615
1558650 615
1558660 615
1558670 615
1558680 615
1558690 615
1558700 615
1558710 615
1558720 615
1558730 615
1558740 615
1558750 617
1558760 618
1558770 618
1558780 619
1558790 620
1558800 620
1558810 621
1558820 622
1558830 622
1558840 622
1558850 623
1558860 623
1558870 624
1558880 625
1558890 625
1558900 626
1558910 626
1558920 626
1558930 627
1558940 627
1558950 627
1558960 628
1558970 629
1558980 629
1558990 630
1559000 630
1559010 630
1559020 631
1559030 631
1559040 631
1559050 631
1559060 630
1559070 630
1559080 630
1559090 629
1559100 629
1559110 627
1559120 626
1559130 626
1559140 624
1559150 622
1559160 622
1559170 620
1559180 618
1559190 618
1559200 617
1559210 617
1559220 616
1559230 616
1559240 616
1559250 615
1559260 615
1559270 615
1559280 615
1559290 616
1559300 616
1559310 617
1559320 618
1559330 618
1559340 619
1559350 620
1559360 620
1559370 622
1559380 623
1559390 623
1559400 625
1559410 626
1559420 626
1559430 627
1559440 629
1559450 629
1559460 630
1559470 631
1559480 631
1559490 633
1559500 634
1559510 634
1559520 636
1559530 638
1559540 638
1559550 640
1559560 642
1559570 642
1559580 644
1559590 646
1559600 646
1559610 649
1559620 652
1559630 652
1559640 654
1559650 657
1559660 657
1559670 659
1559680 662
1559690 662
1559700 665
1559710 668
1559720 668
1559730 671
1559740 674
1559750 674
1559760 677
1559770 679
1559780 679
1559790 681
1559800 683
1559810 683
1559820 685
1559830 686
1559840 686
1559850 688
1559860 689
1559870 689
1559880 689
1559890 690
1559900 690
1559910 689
1559920 688
1559930 688
1559940 687
1559950 685
1559960 685
1559970 684
1559980 681
1559990 681
