1540000 686
1540010 686
1540020 686
1540030 686
1540040 686
1540050 686
1540060 687
1540070 687
1540080 687
1540090 688
1540100 688
1540110 688
1540120 689
1540130 690
1540140 690
1540150 690
1540160 691
1540170 691
1540180 692
1540190 692
1540200 692
1540210 693
1540220 693
1540230 693
1540240 694
1540250 696
1540260 696
1540270 697
1540280 698
1540290 698
1540300 698
1540310 699
1540320 699
1540330 701
1540340 702
1540350 702
1540360 703
1540370 704
1540380 704
1540390 705
1540400 706
1540410 706
1540420 707
1540430 708
1540440 708
1540450 710
1540460 711
1540470 711
1540480 712
1540490 714
1540500 714
1540510 715
1540520 716
1540530 716
1540540 718
1540550 719
1540560 719
1540570 721
1540580 722
1540590 722
1540600 723
1540610 724
1540620 724
1540630 726
1540640 726
1540650 727
1540660 729
1540670 729
1540680 730
1540690 732
1540700 732
1540710 733
1540720 735
1540730 735
1540740 736
1540750 737
1540760 737
1540770 739
1540780 741
1540790 741
1540800 744
1540810 746
1540820 746
1540830 747
1540840 749
1540850 749
1540860 750
1540870 752
1540880 752
1540890 753
1540900 755
1540910 755
1540920 758
1540930 761
1540940 761
1540950 767
1540960 770
1540970 770
1540980 770
1540990 770
1541000 770
1541010 771
1541020 773
1541030 773
1541040 774
1541050 776
1541060 776
1541070 776
1541080 777
1541090 777
1541100 777
1541110 776
1541120 776
1541130 776
1541140 777
1541150 777
1541160 777
1541170 777
1541180 777
1541190 777
1541200 777
1541210 777
1541220 777
1541230 778
1541240 778
1541250 778
1541260 778
1541270 778
1541280 778
1541290 778
1541300 778
1541310 778
1541320 777
1541330 777
1541340 777
1541350 777
1541360 777
1541370 776
1541380 775
1541390 775
1541400 775
1541410 774
1541420 774
1541430 773
1541440 773
1541450 773
1541460 772
1541470 772
1541480 772
1541490 771
1541500 771
1541510 770
1541520 770
1541530 770
1541540 769
1541550 767
1541560 767
1541570 766
1541580 765
1541590 765
1541600 764
1541610 762
1541620 762
1541630 761
1541640 759
1541650 759
1541660 757
1541670 755
1541680 755
1541690 753
1541700 751
1541710 751
1541720 748
1541730 746
1541740 746
1541750 744
1541760 741
1541770 741
1541780 739
1541790 738
1541800 738
1541810 737
1541820 735
1541830 735
1541840 732
1541850 729
1541860 729
1541870 727
1541880 726
1541890 726
1541900 725
1541910 725
1541920 725
1541930 725
1541940 725
1541950 725
1541960 725
1541970 726
1541980 726
1541990 727
1542000 727
1542010 727
1542020 727
1542030 728
1542040 728
1542050 729
1542060 729
1542070 729
1542080 729
1542090 730
1542100 730
1542110 730
1542120 730
1542130 730
1542140 732
1542150 731
1542160 731
1542170 731
1542180 731
1542190 731
1542200 730
1542210 730
1542220 730
1542230 729
1542240 729
1542250 729
1542260 728
1542270 727
1542280 727
1542290 726
1542300 726
1542310 725
1542320 724
1542330 724
1542340 722
1542350 720
1542360 720
1542370 719
1542380 717
1542390 717
1542400 716
1542410 714
1542420 714
1542430 714
1542440 714
1542450 714
1542460 714
1542470 715
1542480 715
1542490 715
1542500 716
1542510 716
1542520 717
1542530 717
1542540 717
1542550 718
1542560 718
1542570 718
1542580 719
1542590 719
1542600 719
1542610 719
1542620 719
1542630 719
1542640 720
1542650 720
1542660 720
1542670 720
1542680 720
1542690 720
1542700 719
1542710 718
1542720 718
1542730 718
1542740 717
1542750 717
1542760 716
1542770 715
1542780 715
1542790 714
1542800 712
1542810 712
1542820 711
1542830 709
1542840 709
1542850 707
1542860 704
1542870 704
1542880 700
1542890 696
1542900 696
1542910 692
1542920 689
1542930 689
1542940 687
1542950 684
1542960 684
1542970 681
1542980 678
1542990 678
1543000 675
1543010 673
1543020 673
1543030 671
1543040 670
1543050 670
1543060 668
1543070 667
1543080 667
1543090 665
1543100 664
1543110 664
1543120 663
1543130 663
1543140 661
1543150 660
1543160 660
1543170 658
1543180 656
1543190 656
1543200 652
1543210 647
1543220 647
1543230 644
1543240 642
1543250 642
1543260 642
1543270 642
1543280 642
1543290 641
1543300 640
1543310 640
1543320 640
1543330 640
1543340 640
1543350 641
1543360 641
1543370 641
1543380 641
1543390 642
1543400 642
1543410 642
1543420 642
1543430 642
1543440 641
1543450 641
1543460 641
1543470 640
1543480 640
1543490 640
1543500 639
1543510 638
1543520 638
1543530 636
1543540 634
1543550 634
1543560 634
1543570 633
1543580 633
1543590 632
1543600 632
1543610 632
1543620 631
1543630 631
1543640 631
1543650 630
1543660 630
1543670 630
1543680 629
1543690 628
1543700 628
1543710 628
1543720 628
1543730 628
1543740 627
1543750 626
1543760 626
1543770 624
1543780 624
1543790 624
1543800 623
1543810 622
1543820 622
1543830 621
1543840 619
1543850 619
1543860 617
1543870 615
1543880 615
1543890 612
1543900 609
1543910 609
1543920 606
1543930 604
1543940 604
1543950 601
1543960 601
1543970 598
1543980 595
1543990 595
1544000 594
1544010 593
1544020 593
1544030 593
1544040 592
1544050 592
1544060 592
1544070 592
1544080 592
1544090 592
1544100 592
1544110 592
1544120 592
1544130 593
1544140 593
1544150 593
1544160 593
1544170 593
1544180 594
1544190 594
1544200 594
1544210 595
1544220 597
1544230 597
1544240 601
1544250 603
1544260 603
1544270 605
1544280 606
1544290 606
1544300 608
1544310 609
1544320 609
1544330 610
1544340 611
1544350 611
1544360 612
1544370 615
1544380 615
1544390 616
1544400 617
1544410 617
1544420 618
1544430 619
1544440 619
1544450 620
1544460 621
1544470 621
1544480 622
1544490 623
1544500 623
1544510 623
1544520 625
1544530 625
1544540 626
1544550 627
1544560 627
1544570 628
1544580 630
1544590 630
1544600 631
1544610 633
1544620 633
1544630 634
1544640 636
1544650 636
1544660 637
1544670 638
1544680 638
1544690 639
1544700 641
1544710 641
1544720 642
1544730 643
1544740 643
1544750 645
1544760 646
1544770 646
1544780 647
1544790 647
1544800 648
1544810 648
1544820 648
1544830 646
1544840 644
1544850 644
1544860 640
1544870 636
1544880 636
1544890 633
1544900 630
1544910 630
1544920 628
1544930 626
1544940 626
1544950 626
1544960 626
1544970 626
1544980 627
1544990 628
1545000 628
1545010 629
1545020 630
1545030 630
1545040 632
1545050 634
1545060 634
1545070 636
1545080 638
1545090 638
1545100 639
1545110 640
1545120 640
1545130 640
1545140 640
1545150 640
1545160 640
1545170 640
1545180 640
1545190 641
1545200 641
1545210 641
1545220 642
1545230 643
1545240 643
1545250 645
1545260 647
1545270 647
1545280 649
1545290 651
1545300 651
1545310 652
1545320 652
1545330 652
1545340 653
1545350 654
1545360 654
1545370 656
1545380 656
1545390 656
1545400 657
1545410 657
1545420 657
1545430 658
1545440 659
1545450 659
1545460 660
1545470 661
1545480 661
1545490 661
1545500 660
1545510 660
1545520 660
1545530 659
1545540 659
1545550 659
1545560 658
1545570 658
1545580 657
1545590 656
1545600 656
1545610 654
1545620 654
1545630 653
1545640 649
1545650 649
1545660 645
1545670 642
1545680 642
1545690 640
1545700 637
1545710 637
1545720 633
1545730 630
1545740 630
1545750 629
1545760 628
1545770 628
1545780 625
1545790 621
1545800 621
1545810 617
1545820 614
1545830 614
1545840 611
1545850 609
1545860 609
1545870 607
1545880 606
1545890 606
1545900 604
1545910 603
1545920 603
1545930 602
1545940 601
1545950 601
1545960 600
1545970 599
1545980 599
1545990 599
1546000 598
1546010 598
1546020 597
1546030 597
1546040 597
1546050 597
1546060 596
1546070 596
1546080 596
1546090 596
1546100 596
1546110 595
1546120 596
1546130 596
1546140 596
1546150 597
1546160 597
1546170 598
1546180 600
1546190 600
1546200 602
1546210 604
1546220 604
1546230 605
1546240 606
1546250 606
1546260 607
1546270 609
1546280 609
1546290 611
1546300 612
1546310 612
1546320 614
1546330 615
1546340 615
1546350 617
1546360 618
1546370 618
1546380 619
1546390 620
1546400 620
1546410 621
1546420 621
1546430 621
1546440 621
1546450 621
1546460 622
1546470 622
1546480 622
1546490 623
1546500 623
1546510 625
1546520 625
1546530 625
1546540 625
1546550 626
1546560 626
1546570 626
1546580 626
1546590 626
1546600 626
1546610 627
1546620 628
1546630 628
1546640 629
1546650 630
1546660 630
1546670 631
1546680 632
1546690 632
1546700 633
1546710 633
1546720 633
1546730 633
1546740 633
1546750 633
1546760 633
1546770 633
1546780 633
1546790 633
1546800 632
1546810 632
1546820 631
1546830 631
1546840 631
1546850 629
1546860 627
1546870 627
1546880 625
1546890 624
1546900 624
1546910 622
1546920 620
1546930 620
1546940 619
1546950 618
1546960 618
1546970 618
1546980 618
1546990 618
1547000 619
1547010 619
1547020 619
1547030 620
1547040 622
1547050 622
1547060 624
1547070 627
1547080 627
1547090 629
1547100 632
1547110 632
1547120 634
1547130 636
1547140 636
1547150 638
1547160 640
1547170 640
1547180 641
1547190 643
1547200 643
1547210 645
1547220 647
1547230 647
1547240 649
1547250 649
1547260 652
1547270 654
1547280 654
1547290 656
1547300 658
1547310 658
1547320 660
1547330 663
1547340 663
1547350 665
1547360 668
1547370 668
1547380 669
1547390 670
1547400 670
1547410 671
1547420 671
1547430 671
1547440 670
1547450 669
1547460 669
1547470 667
1547480 666
1547490 666
1547500 664
1547510 663
1547520 663
1547530 661
1547540 659
1547550 659
1547560 656
1547570 654
1547580 654
1547590 652
1547600 649
1547610 649
1547620 646
1547630 644
1547640 644
1547650 642
1547660 640
1547670 640
1547680 638
1547690 637
1547700 637
1547710 636
1547720 635
1547730 635
1547740 634
1547750 633
1547760 633
1547770 632
1547780 632
1547790 632
1547800 631
1547810 631
1547820 631
1547830 631
1547840 631
1547850 631
1547860 630
1547870 630
1547880 630
1547890 629
1547900 627
1547910 627
1547920 625
1547930 623
1547940 623
1547950 619
1547960 616
1547970 616
1547980 613
1547990 611
1548000 611
1548010 608
1548020 606
1548030 606
1548040 603
1548050 601
1548060 601
1548070 598
1548080 598
1548090 596
1548100 595
1548110 595
1548120 593
1548130 592
1548140 592
1548150 590
1548160 589
1548170 589
1548180 587
1548190 585
1548200 585
1548210 583
1548220 581
1548230 581
1548240 579
1548250 577
1548260 577
1548270 575
1548280 574
1548290 574
1548300 574
1548310 574
1548320 574
1548330 573
1548340 573
1548350 573
1548360 573
1548370 573
1548380 573
1548390 572
1548400 571
1548410 571
1548420 570
1548430 569
1548440 569
1548450 568
1548460 567
1548470 567
1548480 566
1548490 565
1548500 565
1548510 565
1548520 565
1548530 565
1548540 565
1548550 564
1548560 564
1548570 564
1548580 562
1548590 562
1548600 561
1548610 561
1548620 561
1548630 560
1548640 560
1548650 560
1548660 559
1548670 559
1548680 559
1548690 559
1548700 558
1548710 558
1548720 558
1548730 558
1548740 558
1548750 558
1548760 558
1548770 558
1548780 557
1548790 558
1548800 558
1548810 559
1548820 560
1548830 560
1548840 561
1548850 563
1548860 563
1548870 565
1548880 567
1548890 567
1548900 570
1548910 570
1548920 572
1548930 572
1548940 572
1548950 574
1548960 576
1548970 576
1548980 577
1548990 578
1549000 578
1549010 579
1549020 579
1549030 579
1549040 581
1549050 581
1549060 581
1549070 580
1549080 580
1549090 580
1549100 580
1549110 579
1549120 579
1549130 579
1549140 579
1549150 579
1549160 578
1549170 577
1549180 577
1549190 576
1549200 576
1549210 576
1549220 575
1549230 575
1549240 575
1549250 574
1549260 573
1549270 573
1549280 572
1549290 570
1549300 570
1549310 569
1549320 568
1549330 568
1549340 567
1549350 567
1549360 567
1549370 567
1549380 567
1549390 567
1549400 566
1549410 565
1549420 565
1549430 564
1549440 563
1549450 563
1549460 562
1549470 559
1549480 559
1549490 556
1549500 554
1549510 554
1549520 551
1549530 550
1549540 550
1549550 548
1549560 547
1549570 547
1549580 545
1549590 543
1549600 543
1549610 539
1549620 536
1549630 536
1549640 532
1549650 528
1549660 528
1549670 524
1549680 521
1549690 521
1549700 518
1549710 516
1549720 516
1549730 515
1549740 515
1549750 513
1549760 512
1549770 512
1549780 510
1549790 509
1549800 509
1549810 509
1549820 509
1549830 509
1549840 508
1549850 507
1549860 507
1549870 505
1549880 504
1549890 504
1549900 502
1549910 501
1549920 501
1549930 500
1549940 499
1549950 499
1549960 498
1549970 497
1549980 497
1549990 496
1550000 495
1550010 495
1550020 494
1550030 494
1550040 494
1550050 493
1550060 492
1550070 492
1550080 491
1550090 490
1550100 490
1550110 489
1550120 487
1550130 487
1550140 487
1550150 487
1550160 487
1550170 487
1550180 487
1550190 487
1550200 487
1550210 488
1550220 488
1550230 488
1550240 488
1550250 488
1550260 489
1550270 490
1550280 490
1550290 492
1550300 495
1550310 495
1550320 497
1550330 499
1550340 499
1550350 502
1550360 504
1550370 504
1550380 506
1550390 508
1550400 508
1550410 509
1550420 511
1550430 511
1550440 512
1550450 513
1550460 513
1550470 515
1550480 516
1550490 516
1550500 517
1550510 519
1550520 519
1550530 520
1550540 520
1550550 520
1550560 521
1550570 521
1550580 522
1550590 522
1550600 523
1550610 524
1550620 524
1550630 524
1550640 524
1550650 525
1550660 525
1550670 525
1550680 525
1550690 525
1550700 524
1550710 524
1550720 524
1550730 523
1550740 522
1550750 522
1550760 521
1550770 521
1550780 521
1550790 522
1550800 523
1550810 523
1550820 523
1550830 524
1550840 524
1550850 525
1550860 525
1550870 525
1550880 526
1550890 527
1550900 527
1550910 528
1550920 529
1550930 529
1550940 529
1550950 530
1550960 530
1550970 531
1550980 532
1550990 532
1551000 533
1551010 534
1551020 534
1551030 534
1551040 535
1551050 535
1551060 535
1551070 536
1551080 536
1551090 537
1551100 537
1551110 537
1551120 537
1551130 536
1551140 536
1551150 534
1551160 533
1551170 533
1551180 531
1551190 531
1551200 531
1551210 532
1551220 533
1551230 533
1551240 534
1551250 535
1551260 535
1551270 536
1551280 537
1551290 537
1551300 538
1551310 539
1551320 539
1551330 541
1551340 542
1551350 542
1551360 545
1551370 547
1551380 547
1551390 549
1551400 549
1551410 552
1551420 555
1551430 555
1551440 558
1551450 561
1551460 561
1551470 564
1551480 566
1551490 566
1551500 568
1551510 571
1551520 571
1551530 573
1551540 575
1551550 575
1551560 576
1551570 578
1551580 578
1551590 579
1551600 581
1551610 581
1551620 582
1551630 584
1551640 584
1551650 585
1551660 587
1551670 587
1551680 589
1551690 590
1551700 590
1551710 592
1551720 593
1551730 593
1551740 595
1551750 596
1551760 596
1551770 597
1551780 598
1551790 598
1551800 599
1551810 601
1551820 601
1551830 602
1551840 603
1551850 603
1551860 604
1551870 604
1551880 604
1551890 605
1551900 606
1551910 606
1551920 607
1551930 607
1551940 607
1551950 608
1551960 608
1551970 608
1551980 608
1551990 608
1552000 608
1552010 608
1552020 609
1552030 609
1552040 609
1552050 609
1552060 609
1552070 610
1552080 611
1552090 611
1552100 612
1552110 613
1552120 613
1552130 614
1552140 615
1552150 615
1552160 616
1552170 617
1552180 617
1552190 618
1552200 619
1552210 619
1552220 620
1552230 620
1552240 621
1552250 623
1552260 623
1552270 623
1552280 624
1552290 624
1552300 625
1552310 626
1552320 626
1552330 626
1552340 627
1552350 627
1552360 627
1552370 627
1552380 627
1552390 628
1552400 628
1552410 628
1552420 629
1552430 630
1552440 630
1552450 631
1552460 631
1552470 631
1552480 632
1552490 633
1552500 633
1552510 634
1552520 635
1552530 635
1552540 639
1552550 640
1552560 640
1552570 641
1552580 643
1552590 643
1552600 644
1552610 646
1552620 646
1552630 647
1552640 649
1552650 649
1552660 650
1552670 652
1552680 652
1552690 653
1552700 654
1552710 654
1552720 655
1552730 655
1552740 655
1552750 656
1552760 657
1552770 657
1552780 657
1552790 657
1552800 657
1552810 657
1552820 657
1552830 657
1552840 657
1552850 658
1552860 658
1552870 657
1552880 656
1552890 656
1552900 655
1552910 654
1552920 654
1552930 653
1552940 652
1552950 652
1552960 651
1552970 649
1552980 649
1552990 647
1553000 643
1553010 643
1553020 639
1553030 639
1553040 636
1553050 634
1553060 634
1553070 632
1553080 630
1553090 630
1553100 629
1553110 627
1553120 627
1553130 625
1553140 623
1553150 623
1553160 621
1553170 618
1553180 618
1553190 615
1553200 613
1553210 613
1553220 610
1553230 607
1553240 607
1553250 606
1553260 603
1553270 603
1553280 601
1553290 599
1553300 599
1553310 597
1553320 594
1553330 594
1553340 592
1553350 590
1553360 590
1553370 589
1553380 588
1553390 588
1553400 586
1553410 585
1553420 585
1553430 584
1553440 583
1553450 583
1553460 582
1553470 581
1553480 581
1553490 579
1553500 578
1553510 578
1553520 577
1553530 576
1553540 576
1553550 575
1553560 574
1553570 574
1553580 573
1553590 572
1553600 572
1553610 571
1553620 569
1553630 569
1553640 568
1553650 567
1553660 567
1553670 566
1553680 564
1553690 564
1553700 563
1553710 561
1553720 561
1553730 560
1553740 559
1553750 559
1553760 558
1553770 557
1553780 557
1553790 555
1553800 554
1553810 554
1553820 552
1553830 551
1553840 551
1553850 549
1553860 549
1553870 547
1553880 545
1553890 545
1553900 543
1553910 541
1553920 541
1553930 539
1553940 537
1553950 537
1553960 535
1553970 533
1553980 533
1553990 532
1554000 532
1554010 532
1554020 533
1554030 535
1554040 535
1554050 537
1554060 539
1554070 539
1554080 540
1554090 542
1554100 542
1554110 543
1554120 544
1554130 544
1554140 546
1554150 547
1554160 547
1554170 547
1554180 548
1554190 548
1554200 549
1554210 549
1554220 549
1554230 550
1554240 550
1554250 550
1554260 550
1554270 549
1554280 549
1554290 549
1554300 549
1554310 549
1554320 547
1554330 545
1554340 545
1554350 543
1554360 542
1554370 542
1554380 540
1554390 538
1554400 538
1554410 536
1554420 535
1554430 535
1554440 535
1554450 534
1554460 534
1554470 533
1554480 533
1554490 533
1554500 533
1554510 537
1554520 537
1554530 541
1554540 544
1554550 544
1554560 546
1554570 547
1554580 547
1554590 547
1554600 545
1554610 545
1554620 541
1554630 538
1554640 538
1554650 538
1554660 538
1554670 538
1554680 538
1554690 538
1554700 539
1554710 540
1554720 540
1554730 541
1554740 542
1554750 542
1554760 544
1554770 546
1554780 546
1554790 549
1554800 551
1554810 551
1554820 554
1554830 556
1554840 556
1554850 557
1554860 556
1554870 556
1554880 556
1554890 559
1554900 559
1554910 564
1554920 566
1554930 566
1554940 568
1554950 569
1554960 569
1554970 571
1554980 572
1554990 572
1555000 573
1555010 574
1555020 574
1555030 575
1555040 576
1555050 576
1555060 577
1555070 578
1555080 578
1555090 580
1555100 581
1555110 581
1555120 582
1555130 583
1555140 583
1555150 585
1555160 586
1555170 586
1555180 588
1555190 589
1555200 589
1555210 591
1555220 592
1555230 592
1555240 594
1555250 596
1555260 596
1555270 597
1555280 599
1555290 599
1555300 601
1555310 603
1555320 603
1555330 605
1555340 607
1555350 607
1555360 609
1555370 611
1555380 611
1555390 614
1555400 616
1555410 616
1555420 619
1555430 621
1555440 621
1555450 623
1555460 625
1555470 625
1555480 626
1555490 629
1555500 629
1555510 630
1555520 630
1555530 631
1555540 633
1555550 633
1555560 633
1555570 634
1555580 634
1555590 634
1555600 634
1555610 634
1555620 635
1555630 635
1555640 635
1555650 634
1555660 634
1555670 634
1555680 634
1555690 634
1555700 634
1555710 633
1555720 633
1555730 633
1555740 633
1555750 632
1555760 632
1555770 631
1555780 630
1555790 630
1555800 629
1555810 629
1555820 629
1555830 628
1555840 627
1555850 627
1555860 626
1555870 626
1555880 626
1555890 625
1555900 624
1555910 624
1555920 624
1555930 623
1555940 623
1555950 623
1555960 623
1555970 623
1555980 623
1555990 624
1556000 624
1556010 624
1556020 623
1556030 623
1556040 623
1556050 623
1556060 623
1556070 623
1556080 623
1556090 623
1556100 622
1556110 622
1556120 622
1556130 622
1556140 621
1556150 621
1556160 621
1556170 620
1556180 620
1556190 619
1556200 618
1556210 618
1556220 617
1556230 616
1556240 616
1556250 615
1556260 614
1556270 614
1556280 613
1556290 611
1556300 611
1556310 610
1556320 609
1556330 609
1556340 607
1556350 607
1556360 606
1556370 605
1556380 605
1556390 604
1556400 603
1556410 603
1556420 602
1556430 601
1556440 601
1556450 601
1556460 600
1556470 600
1556480 600
1556490 600
1556500 600
1556510 599
1556520 599
1556530 599
1556540 599
1556550 599
1556560 599
1556570 600
1556580 600
1556590 600
1556600 600
1556610 600
1556620 600
1556630 601
1556640 602
1556650 602
1556660 602
1556670 603
1556680 603
1556690 604
1556700 604
1556710 604
1556720 605
1556730 605
1556740 605
1556750 606
1556760 606
1556770 606
1556780 607
1556790 607
1556800 607
1556810 607
1556820 608
1556830 608
1556840 609
1556850 610
1556860 610
1556870 610
1556880 611
1556890 611
1556900 611
1556910 612
1556920 612
1556930 613
1556940 614
1556950 614
1556960 617
1556970 616
1556980 616
1556990 616
1557000 617
1557010 617
1557020 617
1557030 617
1557040 617
1557050 618
1557060 618
1557070 618
1557080 619
1557090 620
1557100 620
1557110 621
1557120 621
1557130 621
1557140 621
1557150 621
1557160 621
1557170 621
1557180 621
1557190 621
1557200 621
1557210 621
1557220 621
1557230 621
1557240 621
1557250 620
1557260 620
1557270 620
1557280 620
1557290 619
1557300 619
1557310 618
1557320 618
1557330 618
1557340 617
1557350 616
1557360 616
1557370 616
1557380 616
1557390 616
1557400 615
1557410 615
1557420 615
1557430 614
1557440 614
1557450 614
1557460 613
1557470 611
1557480 611
1557490 610
1557500 609
1557510 609
1557520 609
1557530 608
1557540 608
1557550 608
1557560 608
1557570 608
1557580 609
1557590 609
1557600 609
1557610 611
1557620 612
1557630 612
1557640 613
1557650 614
1557660 614
1557670 616
1557680 618
1557690 618
1557700 619
1557710 621
1557720 621
1557730 622
1557740 623
1557750 623
1557760 624
1557770 624
1557780 624
1557790 623
1557800 623
1557810 623
1557820 622
1557830 621
1557840 621
1557850 620
1557860 617
1557870 617
1557880 615
1557890 613
1557900 613
1557910 611
1557920 607
1557930 607
1557940 603
1557950 601
1557960 601
1557970 599
1557980 598
1557990 598
1558000 597
1558010 597
1558020 596
1558030 594
1558040 594
1558050 594
1558060 593
1558070 593
1558080 593
1558090 596
1558100 596
1558110 596
1558120 597
1558130 597
1558140 597
1558150 597
1558160 597
1558170 596
1558180 595
1558190 595
1558200 593
1558210 590
1558220 590
1558230 588
1558240 588
1558250 588
1558260 591
1558270 594
1558280 594
1558290 598
1558300 602
1558310 602
1558320 603
1558330 604
1558340 604
1558350 606
1558360 607
1558370 607
1558380 606
1558390 606
1558400 606
1558410 606
1558420 605
1558430 605
1558440 605
1558450 605
1558460 605
1558470 604
1558480 604
1558490 604
1558500 603
1558510 603
1558520 603
1558530 602
1558540 602
1558550 602
1558560 601
1558570 600
1558580 600
1558590 599
1558600 598
1558610 598
1558620 598
1558630 597
1558640 597
1558650 596
1558660 595
1558670 595
1558680 594
1558690 593
1558700 593
1558710 591
1558720 589
1558730 589
1558740 588
1558750 586
1558760 586
1558770 584
1558780 581
1558790 581
1558800 579
1558810 577
1558820 577
1558830 575
1558840 575
1558850 573
1558860 571
1558870 571
1558880 570
1558890 568
1558900 568
1558910 567
1558920 566
1558930 566
1558940 565
1558950 563
1558960 563
1558970 562
1558980 560
1558990 560
1559000 558
1559010 557
1559020 557
1559030 555
1559040 553
1559050 553
1559060 552
1559070 551
1559080 551
1559090 549
1559100 547
1559110 547
1559120 545
1559130 544
1559140 544
1559150 543
1559160 543
1559170 543
1559180 543
1559190 543
1559200 543
1559210 543
1559220 543
1559230 543
1559240 543
1559250 544
1559260 544
1559270 545
1559280 546
1559290 546
1559300 547
1559310 548
1559320 548
1559330 549
1559340 551
1559350 551
1559360 554
1559370 557
1559380 557
1559390 559
1559400 562
1559410 562
1559420 564
1559430 566
1559440 566
1559450 568
1559460 571
1559470 571
1559480 573
1559490 574
1559500 574
1559510 576
1559520 578
1559530 578
1559540 581
1559550 583
1559560 583
1559570 585
1559580 586
1559590 586
1559600 588
1559610 589
1559620 589
1559630 589
1559640 589
1559650 590
1559660 590
1559670 590
1559680 591
1559690 592
1559700 592
1559710 594
1559720 596
1559730 596
1559740 598
1559750 600
1559760 600
1559770 602
1559780 604
1559790 604
1559800 605
1559810 607
1559820 607
1559830 608
1559840 609
1559850 610
1559860 611
1559870 612
1559880 612
1559890 613
1559900 613
1559910 613
1559920 614
1559930 614
1559940 614
1559950 614
1559960 614
1559970 614
1559980 614
1559990 614
