1540000 706
1540010 707
1540020 707
1540030 709
1540040 711
1540050 711
1540060 712
1540070 713
1540080 713
1540090 714
1540100 715
1540110 715
1540120 716
1540130 716
1540140 716
1540150 716
1540160 718
1540170 718
1540180 719
1540190 721
1540200 721
1540210 724
1540220 726
1540230 726
1540240 729
1540250 731
1540260 731
1540270 732
1540280 733
1540290 733
1540300 734
1540310 735
1540320 735
1540330 736
1540340 736
1540350 736
1540360 737
1540370 737
1540380 737
1540390 737
1540400 738
1540410 738
1540420 738
1540430 738
1540440 738
1540450 738
1540460 738
1540470 738
1540480 738
1540490 738
1540500 738
1540510 738
1540520 738
1540530 738
1540540 738
1540550 738
1540560 738
1540570 738
1540580 738
1540590 738
1540600 739
1540610 739
1540620 739
1540630 739
1540640 739
1540650 739
1540660 740
1540670 740
1540680 740
1540690 740
1540700 740
1540710 740
1540720 741
1540730 742
1540740 742
1540750 743
1540760 744
1540770 744
1540780 746
1540790 746
1540800 747
1540810 748
1540820 748
1540830 750
1540840 751
1540850 751
1540860 753
1540870 754
1540880 754
1540890 755
1540900 757
1540910 757
1540920 758
1540930 760
1540940 760
1540950 761
1540960 762
1540970 762
1540980 763
1540990 764
1541000 764
1541010 764
1541020 765
1541030 765
1541040 766
1541050 767
1541060 767
1541070 767
1541080 768
1541090 768
1541100 769
1541110 769
1541120 769
1541130 770
1541140 771
1541150 771
1541160 772
1541170 772
1541180 772
1541190 772
1541200 773
1541210 773
1541220 773
1541230 773
1541240 773
1541250 774
1541260 774
1541270 774
1541280 775
1541290 775
1541300 775
1541310 776
1541320 777
1541330 777
1541340 778
1541350 779
1541360 779
1541370 780
1541380 781
1541390 781
1541400 782
1541410 782
1541420 782
1541430 783
1541440 784
1541450 784
1541460 785
1541470 786
1541480 786
1541490 787
1541500 788
1541510 788
1541520 790
1541530 791
1541540 791
1541550 792
1541560 794
1541570 794
1541580 795
1541590 795
1541600 796
1541610 797
1541620 797
1541630 798
1541640 799
1541650 799
1541660 800
1541670 801
1541680 801
1541690 802
1541700 802
1541710 802
1541720 802
1541730 801
1541740 801
1541750 799
1541760 798
1541770 798
1541780 797
1541790 795
1541800 795
1541810 794
1541820 793
1541830 793
1541840 791
1541850 790
1541860 790
1541870 789
1541880 787
1541890 787
1541900 786
1541910 785
1541920 785
1541930 784
1541940 783
1541950 783
1541960 782
1541970 781
1541980 781
1541990 781
1542000 780
1542010 780
1542020 780
1542030 779
1542040 779
1542050 778
1542060 777
1542070 777
1542080 776
1542090 776
1542100 776
1542110 775
1542120 774
1542130 774
1542140 774
1542150 774
1542160 774
1542170 774
1542180 774
1542190 774
1542200 774
1542210 774
1542220 774
1542230 774
1542240 774
1542250 774
1542260 774
1542270 774
1542280 774
1542290 773
1542300 773
1542310 773
1542320 773
1542330 773
1542340 773
1542350 773
1542360 773
1542370 773
1542380 773
1542390 773
1542400 773
1542410 773
1542420 773
1542430 773
1542440 773
1542450 773
1542460 773
1542470 773
1542480 773
1542490 773
1542500 773
1542510 773
1542520 773
1542530 773
1542540 773
1542550 773
1542560 773
1542570 773
1542580 774
1542590 774
1542600 774
1542610 775
1542620 775
1542630 775
1542640 776
1542650 777
1542660 777
1542670 777
1542680 778
1542690 778
1542700 779
1542710 780
1542720 780
1542730 781
1542740 783
1542750 783
1542760 784
1542770 785
1542780 785
1542790 787
1542800 788
1542810 788
1542820 789
1542830 790
1542840 790
1542850 791
1542860 792
1542870 792
1542880 793
1542890 795
1542900 795
1542910 796
1542920 797
1542930 797
1542940 798
1542950 798
1542960 798
1542970 799
1542980 800
1542990 800
1543000 801
1543010 801
1543020 801
1543030 799
1543040 796
1543050 796
1543060 793
1543070 789
1543080 789
1543090 786
1543100 784
1543110 784
1543120 781
1543130 778
1543140 778
1543150 776
1543160 773
1543170 773
1543180 770
1543190 770
1543200 766
1543210 764
1543220 764
1543230 763
1543240 763
1543250 763
1543260 763
1543270 764
1543280 764
1543290 765
1543300 768
1543310 768
1543320 771
1543330 775
1543340 775
1543350 779
1543360 781
1543370 781
1543380 783
1543390 784
1543400 784
1543410 785
1543420 787
1543430 787
1543440 789
1543450 792
1543460 792
1543470 795
1543480 798
1543490 798
1543500 801
1543510 804
1543520 804
1543530 807
1543540 810
1543550 810
1543560 813
1543570 815
1543580 815
1543590 817
1543600 818
1543610 818
1543620 819
1543630 821
1543640 821
1543650 823
1543660 825
1543670 825
1543680 832
1543690 837
1543700 837
1543710 837
1543720 835
1543730 835
1543740 834
1543750 836
1543760 836
1543770 840
1543780 841
1543790 841
1543800 841
1543810 841
1543820 841
1543830 841
1543840 841
1543850 841
1543860 841
1543870 841
1543880 841
1543890 841
1543900 839
1543910 839
1543920 837
1543930 836
1543940 836
1543950 835
1543960 835
1543970 835
1543980 836
1543990 836
1544000 836
1544010 837
1544020 837
1544030 837
1544040 837
1544050 837
1544060 837
1544070 837
1544080 837
1544090 837
1544100 839
1544110 839
1544120 840
1544130 842
1544140 842
1544150 843
1544160 845
1544170 845
1544180 846
1544190 847
1544200 847
1544210 849
1544220 850
1544230 850
1544240 851
1544250 852
1544260 852
1544270 853
1544280 854
1544290 854
1544300 855
1544310 855
1544320 855
1544330 858
1544340 859
1544350 859
1544360 860
1544370 860
1544380 860
1544390 861
1544400 861
1544410 861
1544420 862
1544430 863
1544440 863
1544450 863
1544460 863
1544470 863
1544480 863
1544490 863
1544500 863
1544510 864
1544520 864
1544530 864
1544540 864
1544550 864
1544560 864
1544570 865
1544580 865
1544590 865
1544600 866
1544610 866
1544620 866
1544630 867
1544640 867
1544650 867
1544660 868
1544670 869
1544680 869
1544690 869
1544700 869
1544710 869
1544720 869
1544730 869
1544740 869
1544750 869
1544760 869
1544770 869
1544780 868
1544790 868
1544800 868
1544810 867
1544820 867
1544830 866
1544840 865
1544850 865
1544860 864
1544870 862
1544880 862
1544890 859
1544900 855
1544910 855
1544920 851
1544930 847
1544940 847
1544950 845
1544960 844
1544970 844
1544980 842
1544990 839
1545000 839
1545010 836
1545020 832
1545030 832
1545040 827
1545050 821
1545060 821
1545070 815
1545080 807
1545090 807
1545100 801
1545110 795
1545120 795
1545130 790
1545140 786
1545150 786
1545160 782
1545170 779
1545180 779
1545190 778
1545200 778
1545210 778
1545220 780
1545230 783
1545240 783
1545250 786
1545260 788
1545270 788
1545280 790
1545290 793
1545300 793
1545310 795
1545320 797
1545330 797
1545340 799
1545350 801
1545360 801
1545370 802
1545380 804
1545390 804
1545400 806
1545410 807
1545420 807
1545430 807
1545440 806
1545450 806
1545460 805
1545470 804
1545480 804
1545490 803
1545500 802
1545510 802
1545520 800
1545530 799
1545540 799
1545550 797
1545560 797
1545570 795
1545580 794
1545590 794
1545600 793
1545610 792
1545620 792
1545630 791
1545640 790
1545650 790
1545660 789
1545670 787
1545680 787
1545690 785
1545700 785
1545710 785
1545720 783
1545730 782
1545740 782
1545750 781
1545760 781
1545770 781
1545780 780
1545790 779
1545800 779
1545810 778
1545820 778
1545830 778
1545840 777
1545850 777
1545860 777
1545870 776
1545880 775
1545890 775
1545900 775
1545910 775
1545920 775
1545930 775
1545940 775
1545950 775
1545960 774
1545970 774
1545980 774
1545990 774
1546000 773
1546010 773
1546020 772
1546030 771
1546040 771
1546050 770
1546060 769
1546070 769
1546080 768
1546090 767
1546100 767
1546110 766
1546120 765
1546130 765
1546140 764
1546150 763
1546160 763
1546170 763
1546180 762
1546190 762
1546200 762
1546210 761
1546220 761
1546230 760
1546240 760
1546250 760
1546260 759
1546270 758
1546280 758
1546290 757
1546300 756
1546310 756
1546320 754
1546330 753
1546340 753
1546350 752
1546360 752
1546370 750
1546380 749
1546390 749
1546400 748
1546410 746
1546420 746
1546430 744
1546440 743
1546450 743
1546460 741
1546470 739
1546480 738
1546490 736
1546500 734
1546510 734
1546520 733
1546530 731
1546540 731
1546550 730
1546560 729
1546570 729
1546580 726
1546590 723
1546600 723
1546610 720
1546620 718
1546630 718
1546640 716
1546650 715
1546660 715
1546670 714
1546680 713
1546690 713
1546700 712
1546710 711
1546720 711
1546730 710
1546740 708
1546750 708
1546760 708
1546770 708
1546780 708
1546790 707
1546800 707
1546810 707
1546820 707
1546830 706
1546840 706
1546850 706
1546860 706
1546870 706
1546880 706
1546890 705
1546900 705
1546910 704
1546920 704
1546930 704
1546940 702
1546950 701
1546960 701
1546970 699
1546980 697
1546990 697
1547000 696
1547010 695
1547020 695
1547030 694
1547040 692
1547050 692
1547060 691
1547070 689
1547080 689
1547090 687
1547100 685
1547110 685
1547120 683
1547130 681
1547140 681
1547150 679
1547160 679
1547170 677
1547180 675
1547190 675
1547200 673
1547210 671
1547220 671
1547230 668
1547240 665
1547250 665
1547260 662
1547270 658
1547280 658
1547290 656
1547300 654
1547310 654
1547320 653
1547330 652
1547340 652
1547350 650
1547360 648
1547370 648
1547380 647
1547390 645
1547400 645
1547410 643
1547420 640
1547430 640
1547440 638
1547450 635
1547460 635
1547470 630
1547480 627
1547490 627
1547500 623
1547510 620
1547520 620
1547530 618
1547540 615
1547550 615
1547560 612
1547570 610
1547580 610
1547590 607
1547600 605
1547610 605
1547620 602
1547630 599
1547640 599
1547650 597
1547660 595
1547670 595
1547680 592
1547690 590
1547700 590
1547710 588
1547720 586
1547730 586
1547740 584
1547750 581
1547760 581
1547770 579
1547780 577
1547790 577
1547800 576
1547810 575
1547820 575
1547830 573
1547840 571
1547850 571
1547860 569
1547870 567
1547880 567
1547890 566
1547900 565
1547910 565
1547920 563
1547930 562
1547940 562
1547950 560
1547960 560
1547970 559
1547980 557
1547990 557
1548000 555
1548010 555
1548020 555
1548030 555
1548040 557
1548050 557
1548060 557
1548070 558
1548080 558
1548090 558
1548100 558
1548110 558
1548120 557
1548130 556
1548140 556
1548150 556
1548160 555
1548170 555
1548180 555
1548190 554
1548200 554
1548210 553
1548220 553
1548230 553
1548240 552
1548250 552
1548260 552
1548270 551
1548280 550
1548290 550
1548300 549
1548310 548
1548320 548
1548330 548
1548340 548
1548350 548
1548360 547
1548370 546
1548380 546
1548390 544
1548400 542
1548410 542
1548420 539
1548430 536
1548440 536
1548450 532
1548460 529
1548470 529
1548480 526
1548490 525
1548500 525
1548510 524
1548520 524
1548530 524
1548540 523
1548550 522
1548560 524
1548570 523
1548580 522
1548590 522
1548600 520
1548610 518
1548620 518
1548630 517
1548640 515
1548650 515
1548660 513
1548670 512
1548680 512
1548690 510
1548700 509
1548710 509
1548720 508
1548730 508
1548740 508
1548750 509
1548760 509
1548770 509
1548780 511
1548790 511
1548800 512
1548810 513
1548820 513
1548830 514
1548840 514
1548850 514
1548860 514
1548870 514
1548880 514
1548890 514
1548900 514
1548910 514
1548920 513
1548930 512
1548940 512
1548950 511
1548960 509
1548970 509
1548980 507
1548990 505
1549000 505
1549010 503
1549020 502
1549030 502
1549040 500
1549050 499
1549060 499
1549070 498
1549080 497
1549090 497
1549100 496
1549110 495
1549120 495
1549130 494
1549140 494
1549150 494
1549160 493
1549170 493
1549180 493
1549190 492
1549200 492
1549210 492
1549220 492
1549230 492
1549240 492
1549250 492
1549260 492
1549270 492
1549280 492
1549290 493
1549300 493
1549310 494
1549320 494
1549330 494
1549340 495
1549350 496
1549360 496
1549370 497
1549380 498
1549390 498
1549400 499
1549410 499
1549420 499
1549430 500
1549440 499
1549450 499
1549460 498
1549470 497
1549480 497
1549490 495
1549500 494
1549510 494
1549520 494
1549530 494
1549540 494
1549550 494
1549560 494
1549570 495
1549580 494
1549590 494
1549600 494
1549610 495
1549620 495
1549630 496
1549640 496
1549650 496
1549660 498
1549670 499
1549680 499
1549690 499
1549700 500
1549710 500
1549720 501
1549730 503
1549740 503
1549750 504
1549760 506
1549770 506
1549780 507
1549790 509
1549800 509
1549810 511
1549820 513
1549830 513
1549840 515
1549850 517
1549860 517
1549870 519
1549880 521
1549890 521
1549900 522
1549910 524
1549920 524
1549930 525
1549940 526
1549950 526
1549960 528
1549970 529
1549980 529
1549990 530
1550000 531
1550010 531
1550020 533
1550030 534
1550040 534
1550050 535
1550060 536
1550070 536
1550080 537
1550090 538
1550100 538
1550110 539
1550120 539
1550130 539
1550140 540
1550150 540
1550160 540
1550170 541
1550180 543
1550190 543
1550200 545
1550210 546
1550220 546
1550230 547
1550240 548
1550250 548
1550260 549
1550270 550
1550280 550
1550290 551
1550300 552
1550310 552
1550320 553
1550330 553
1550340 554
1550350 556
1550360 556
1550370 557
1550380 559
1550390 559
1550400 561
1550410 563
1550420 563
1550430 565
1550440 566
1550450 566
1550460 568
1550470 570
1550480 570
1550490 572
1550500 575
1550510 575
1550520 577
1550530 579
1550540 579
1550550 581
1550560 582
1550570 583
1550580 585
1550590 587
1550600 587
1550610 589
1550620 591
1550630 591
1550640 593
1550650 595
1550660 595
1550670 597
1550680 599
1550690 599
1550700 600
1550710 602
1550720 602
1550730 605
1550740 607
1550750 607
1550760 609
1550770 610
1550780 610
1550790 612
1550800 613
1550810 613
1550820 614
1550830 616
1550840 616
1550850 617
1550860 618
1550870 618
1550880 619
1550890 621
1550900 621
1550910 622
1550920 624
1550930 624
1550940 625
1550950 626
1550960 626
1550970 627
1550980 628
1550990 628
1551000 628
1551010 629
1551020 629
1551030 630
1551040 630
1551050 630
1551060 630
1551070 631
1551080 631
1551090 631
1551100 631
1551110 631
1551120 631
1551130 631
1551140 631
1551150 631
1551160 631
1551170 631
1551180 631
1551190 631
1551200 631
1551210 630
1551220 630
1551230 630
1551240 630
1551250 630
1551260 630
1551270 630
1551280 630
1551290 629
1551300 629
1551310 629
1551320 629
1551330 628
1551340 628
1551350 628
1551360 627
1551370 627
1551380 627
1551390 626
1551400 626
1551410 626
1551420 626
1551430 626
1551440 625
1551450 625
1551460 625
1551470 624
1551480 624
1551490 624
1551500 623
1551510 623
1551520 623
1551530 622
1551540 622
1551550 622
1551560 621
1551570 621
1551580 621
1551590 620
1551600 619
1551610 619
1551620 618
1551630 617
1551640 617
1551650 616
1551660 615
1551670 615
1551680 613
1551690 611
1551700 611
1551710 609
1551720 607
1551730 607
1551740 606
1551750 604
1551760 604
1551770 603
1551780 602
1551790 602
1551800 600
1551810 599
1551820 599
1551830 598
1551840 597
1551850 597
1551860 596
1551870 596
1551880 596
1551890 595
1551900 594
1551910 594
1551920 593
1551930 593
1551940 593
1551950 592
1551960 592
1551970 592
1551980 591
1551990 591
1552000 591
1552010 591
1552020 591
1552030 591
1552040 591
1552050 591
1552060 592
1552070 592
1552080 592
1552090 592
1552100 592
1552110 592
1552120 592
1552130 592
1552140 592
1552150 593
1552160 593
1552170 593
1552180 593
1552190 593
1552200 593
1552210 594
1552220 594
1552230 594
1552240 594
1552250 594
1552260 594
1552270 594
1552280 594
1552290 594
1552300 595
1552310 595
1552320 595
1552330 595
1552340 595
1552350 595
1552360 594
1552370 594
1552380 594
1552390 594
1552400 594
1552410 594
1552420 593
1552430 593
1552440 593
1552450 592
1552460 592
1552470 592
1552480 592
1552490 592
1552500 592
1552510 592
1552520 593
1552530 593
1552540 593
1552550 593
1552560 593
1552570 592
1552580 591
1552590 591
1552600 589
1552610 588
1552620 588
1552630 587
1552640 585
1552650 585
1552660 584
1552670 582
1552680 582
1552690 581
1552700 581
1552710 579
1552720 578
1552730 578
1552740 577
1552750 577
1552760 577
1552770 577
1552780 577
1552790 577
1552800 578
1552810 579
1552820 579
1552830 579
1552840 579
1552850 579
1552860 579
1552870 580
1552880 580
1552890 582
1552900 584
1552910 584
1552920 584
1552930 585
1552940 585
1552950 585
1552960 586
1552970 586
1552980 586
1552990 587
1553000 587
1553010 587
1553020 587
1553030 587
1553040 587
1553050 587
1553060 587
1553070 587
1553080 586
1553090 586
1553100 585
1553110 584
1553120 584
1553130 585
1553140 586
1553150 586
1553160 587
1553170 588
1553180 588
1553190 588
1553200 588
1553210 588
1553220 588
1553230 588
1553240 588
1553250 589
1553260 589
1553270 589
1553280 590
1553290 591
1553300 591
1553310 592
1553320 593
1553330 593
1553340 594
1553350 594
1553360 594
1553370 595
1553380 596
1553390 596
1553400 597
1553410 597
1553420 597
1553430 598
1553440 599
1553450 599
1553460 600
1553470 600
1553480 600
1553490 601
1553500 601
1553510 601
1553520 601
1553530 601
1553540 601
1553550 601
1553560 601
1553570 601
1553580 602
1553590 602
1553600 602
1553610 602
1553620 602
1553630 602
1553640 602
1553650 602
1553660 603
1553670 604
1553680 604
1553690 603
1553700 604
1553710 604
1553720 604
1553730 605
1553740 605
1553750 605
1553760 606
1553770 606
1553780 606
1553790 606
1553800 606
1553810 606
1553820 606
1553830 606
1553840 606
1553850 607
1553860 607
1553870 607
1553880 607
1553890 607
1553900 607
1553910 607
1553920 607
1553930 607
1553940 607
1553950 607
1553960 606
1553970 606
1553980 606
1553990 605
1554000 604
1554010 604
1554020 602
1554030 601
1554040 601
1554050 599
1554060 597
1554070 597
1554080 594
1554090 592
1554100 592
1554110 591
1554120 589
1554130 589
1554140 587
1554150 585
1554160 585
1554170 584
1554180 582
1554190 582
1554200 580
1554210 579
1554220 579
1554230 579
1554240 578
1554250 578
1554260 578
1554270 579
1554280 579
1554290 581
1554300 581
1554310 582
1554320 583
1554330 583
1554340 584
1554350 584
1554360 584
1554370 585
1554380 586
1554390 586
1554400 591
1554410 595
1554420 597
1554430 599
1554440 600
1554450 600
1554460 601
1554470 603
1554480 603
1554490 604
1554500 606
1554510 606
1554520 608
1554530 609
1554540 609
1554550 611
1554560 613
1554570 613
1554580 615
1554590 616
1554600 616
1554610 619
1554620 620
1554630 620
1554640 623
1554650 625
1554660 625
1554670 627
1554680 630
1554690 630
1554700 632
1554710 634
1554720 634
1554730 637
1554740 639
1554750 639
1554760 642
1554770 645
1554780 645
1554790 648
1554800 651
1554810 651
1554820 655
1554830 658
1554840 658
1554850 661
1554860 665
1554870 665
1554880 668
1554890 670
1554900 670
1554910 673
1554920 676
1554930 676
1554940 678
1554950 680
1554960 680
1554970 682
1554980 683
1554990 683
1555000 685
1555010 687
1555020 687
1555030 688
1555040 689
1555050 689
1555060 691
1555070 692
1555080 692
1555090 692
1555100 692
1555110 694
1555120 695
1555130 695
1555140 697
1555150 699
1555160 699
1555170 701
1555180 702
1555190 702
1555200 703
1555210 704
1555220 704
1555230 705
1555240 705
1555250 705
1555260 706
1555270 706
1555280 706
1555290 705
1555300 704
1555310 704
1555320 703
1555330 702
1555340 702
1555350 700
1555360 699
1555370 699
1555380 696
1555390 693
1555400 693
1555410 690
1555420 687
1555430 687
1555440 685
1555450 683
1555460 683
1555470 681
1555480 679
1555490 679
1555500 677
1555510 675
1555520 675
1555530 672
1555540 670
1555550 670
1555560 668
1555570 665
1555580 665
1555590 663
1555600 661
1555610 661
1555620 660
1555630 659
1555640 659
1555650 658
1555660 657
1555670 657
1555680 656
1555690 655
1555700 655
1555710 655
1555720 654
1555730 654
1555740 654
1555750 655
1555760 655
1555770 656
1555780 657
1555790 657
1555800 658
1555810 658
1555820 658
1555830 659
1555840 659
1555850 659
1555860 660
1555870 661
1555880 661
1555890 661
1555900 661
1555910 662
1555920 663
1555930 663
1555940 664
1555950 665
1555960 665
1555970 666
1555980 667
1555990 667
1556000 667
1556010 668
1556020 668
1556030 669
1556040 670
1556050 670
1556060 672
1556070 673
1556080 673
1556090 673
1556100 675
1556110 675
1556120 675
1556130 676
1556140 676
1556150 677
1556160 679
1556170 679
1556180 680
1556190 681
1556200 681
1556210 682
1556220 683
1556230 683
1556240 685
1556250 687
1556260 687
1556270 689
1556280 691
1556290 691
1556300 694
1556310 696
1556320 696
1556330 698
1556340 701
1556350 701
1556360 704
1556370 706
1556380 706
1556390 709
1556400 710
1556410 710
1556420 712
1556430 714
1556440 714
1556450 715
1556460 717
1556470 717
1556480 717
1556490 717
1556500 717
1556510 716
1556520 715
1556530 715
1556540 715
1556550 714
1556560 714
1556570 713
1556580 711
1556590 711
1556600 709
1556610 707
1556620 707
1556630 704
1556640 702
1556650 702
1556660 700
1556670 700
1556680 698
1556690 695
1556700 695
1556710 690
1556720 686
1556730 686
1556740 682
1556750 679
1556760 679
1556770 677
1556780 673
1556790 673
1556800 670
1556810 668
1556820 668
1556830 666
1556840 664
1556850 664
1556860 662
1556870 661
1556880 661
1556890 660
1556900 660
1556910 660
1556920 661
1556930 662
1556940 662
1556950 665
1556960 668
1556970 668
1556980 670
1556990 672
1557000 672
1557010 674
1557020 675
1557030 675
1557040 675
1557050 675
1557060 675
1557070 675
1557080 675
1557090 675
1557100 674
1557110 674
1557120 674
1557130 673
1557140 673
1557150 673
1557160 672
1557170 671
1557180 671
1557190 669
1557200 668
1557210 668
1557220 667
1557230 665
1557240 665
1557250 663
1557260 661
1557270 661
1557280 659
1557290 656
1557300 656
1557310 654
1557320 651
1557330 651
1557340 648
1557350 646
1557360 646
1557370 644
1557380 643
1557390 643
1557400 642
1557410 641
1557420 641
1557430 640
1557440 640
1557450 640
1557460 639
1557470 639
1557480 638
1557490 637
1557500 637
1557510 636
1557520 634
1557530 634
1557540 633
1557550 632
1557560 632
1557570 630
1557580 628
1557590 628
1557600 626
1557610 624
1557620 624
1557630 622
1557640 619
1557650 619
1557660 616
1557670 613
1557680 613
1557690 610
1557700 607
1557710 607
1557720 603
1557730 600
1557740 600
1557750 598
1557760 596
1557770 596
1557780 594
1557790 593
1557800 593
1557810 592
1557820 591
1557830 591
1557840 590
1557850 589
1557860 589
1557870 587
1557880 585
1557890 585
1557900 585
1557910 588
1557920 588
1557930 590
1557940 594
1557950 594
1557960 598
1557970 602
1557980 602
1557990 606
1558000 609
1558010 609
1558020 612
1558030 615
1558040 615
1558050 618
1558060 620
1558070 623
1558080 626
1558090 629
1558100 629
1558110 632
1558120 634
1558130 634
1558140 637
1558150 640
1558160 640
1558170 643
1558180 646
1558190 646
1558200 649
1558210 651
1558220 651
1558230 654
1558240 657
1558250 657
1558260 660
1558270 660
1558280 662
1558290 664
1558300 664
1558310 666
1558320 668
1558330 668
1558340 670
1558350 672
1558360 672
1558370 675
1558380 677
1558390 677
1558400 679
1558410 680
1558420 680
1558430 681
1558440 683
1558450 683
1558460 685
1558470 687
1558480 687
1558490 689
1558500 690
1558510 690
1558520 691
1558530 692
1558540 692
1558550 693
1558560 694
1558570 694
1558580 692
1558590 690
1558600 690
1558610 688
1558620 685
1558630 685
1558640 682
1558650 679
1558660 679
1558670 676
1558680 674
1558690 674
1558700 672
1558710 671
1558720 671
1558730 670
1558740 669
1558750 669
1558760 668
1558770 668
1558780 668
1558790 667
1558800 667
1558810 667
1558820 667
1558830 667
1558840 667
1558850 667
1558860 667
1558870 667
1558880 666
1558890 665
1558900 665
1558910 665
1558920 663
1558930 663
1558940 662
1558950 661
1558960 661
1558970 659
1558980 657
1558990 657
1559000 655
1559010 653
1559020 653
1559030 652
1559040 650
1559050 650
1559060 647
1559070 647
1559080 645
1559090 644
1559100 644
1559110 642
1559120 640
1559130 640
1559140 638
1559150 636
1559160 636
1559170 635
1559180 634
1559190 634
1559200 633
1559210 632
1559220 632
1559230 631
1559240 630
1559250 630
1559260 628
1559270 627
1559280 627
1559290 626
1559300 625
1559310 625
1559320 624
1559330 622
1559340 622
1559350 621
1559360 619
1559370 619
1559380 617
1559390 615
1559400 615
1559410 613
1559420 610
1559430 610
1559440 607
1559450 605
1559460 605
1559470 604
1559480 603
1559490 603
1559500 602
1559510 601
1559520 601
1559530 601
1559540 602
1559550 602
1559560 601
1559570 601
1559580 601
1559590 600
1559600 599
1559610 599
1559620 598
1559630 598
1559640 598
1559650 598
1559660 597
1559670 597
1559680 597
1559690 596
1559700 596
1559710 596
1559720 595
1559730 595
1559740 594
1559750 593
1559760 593
1559770 592
1559780 592
1559790 592
1559800 590
1559810 589
1559820 589
1559830 588
1559840 588
1559850 587
1559860 585
1559870 585
1559880 584
1559890 582
1559900 582
1559910 579
1559920 576
1559930 576
1559940 574
1559950 571
1559960 571
1559970 567
1559980 565
1559990 565
