1540000 715
1540010 715
1540020 715
1540030 716
1540040 716
1540050 716
1540060 717
1540070 717
1540080 717
1540090 717
1540100 716
1540110 716
1540120 716
1540130 716
1540140 716
1540150 715
1540160 715
1540170 713
1540180 712
1540190 712
1540200 711
1540210 711
1540220 711
1540230 711
1540240 711
1540250 711
1540260 712
1540270 712
1540280 712
1540290 712
1540300 713
1540310 713
1540320 713
1540330 713
1540340 713
1540350 714
1540360 714
1540370 714
1540380 714
1540390 715
1540400 715
1540410 715
1540420 716
1540430 716
1540440 716
1540450 716
1540460 716
1540470 716
1540480 717
1540490 717
1540500 717
1540510 717
1540520 717
1540530 717
1540540 717
1540550 717
1540560 716
1540570 716
1540580 716
1540590 716
1540600 716
1540610 716
1540620 716
1540630 716
1540640 716
1540650 717
1540660 717
1540670 717
1540680 718
1540690 719
1540700 719
1540710 719
1540720 719
1540730 719
1540740 719
1540750 719
1540760 719
1540770 720
1540780 720
1540790 720
1540800 721
1540810 722
1540820 722
1540830 723
1540840 723
1540850 723
1540860 724
1540870 724
1540880 724
1540890 725
1540900 725
1540910 725
1540920 725
1540930 725
1540940 725
1540950 725
1540960 725
1540970 725
1540980 725
1540990 725
1541000 725
1541010 725
1541020 725
1541030 725
1541040 725
1541050 725
1541060 725
1541070 725
1541080 725
1541090 726
1541100 727
1541110 727
1541120 727
1541130 726
1541140 726
1541150 726
1541160 725
1541170 725
1541180 724
1541190 724
1541200 724
1541210 724
1541220 723
1541230 723
1541240 723
1541250 723
1541260 723
1541270 724
1541280 724
1541290 724
1541300 725
1541310 725
1541320 725
1541330 725
1541340 726
1541350 726
1541360 726
1541370 727
1541380 727
1541390 727
1541400 727
1541410 727
1541420 727
1541430 727
1541440 727
1541450 727
1541460 727
1541470 727
1541480 728
1541490 729
1541500 729
1541510 729
1541520 729
1541530 729
1541540 729
1541550 729
1541560 729
1541570 729
1541580 730
1541590 730
1541600 730
1541610 730
1541620 730
1541630 731
1541640 731
1541650 731
1541660 731
1541670 731
1541680 731
1541690 731
1541700 731
1541710 731
1541720 731
1541730 731
1541740 730
1541750 730
1541760 730
1541770 729
1541780 729
1541790 729
1541800 729
1541810 729
1541820 729
1541830 728
1541840 728
1541850 728
1541860 727
1541870 726
1541880 726
1541890 726
1541900 725
1541910 725
1541920 725
1541930 724
1541940 724
1541950 724
1541960 724
1541970 724
1541980 724
1541990 724
1542000 724
1542010 724
1542020 724
1542030 724
1542040 725
1542050 725
1542060 725
1542070 726
1542080 726
1542090 726
1542100 727
1542110 727
1542120 727
1542130 728
1542140 729
1542150 729
1542160 730
1542170 731
1542180 731
1542190 732
1542200 733
1542210 733
1542220 734
1542230 735
1542240 735
1542250 736
1542260 737
1542270 737
1542280 738
1542290 739
1542300 739
1542310 741
1542320 742
1542330 742
1542340 744
1542350 745
1542360 745
1542370 747
1542380 749
1542390 749
1542400 751
1542410 753
1542420 753
1542430 756
1542440 759
1542450 759
1542460 763
1542470 767
1542480 767
1542490 770
1542500 770
1542510 774
1542520 779
1542530 779
1542540 782
1542550 784
1542560 784
1542570 788
1542580 791
1542590 791
1542600 793
1542610 795
1542620 795
1542630 797
1542640 799
1542650 799
1542660 801
1542670 803
1542680 803
1542690 805
1542700 807
1542710 807
1542720 808
1542730 810
1542740 810
1542750 811
1542760 812
1542770 812
1542780 813
1542790 814
1542800 814
1542810 814
1542820 814
1542830 814
1542840 814
1542850 814
1542860 814
1542870 814
1542880 813
1542890 813
1542900 813
1542910 814
1542920 814
1542930 814
1542940 815
1542950 815
1542960 816
1542970 817
1542980 817
1542990 818
1543000 818
1543010 818
1543020 819
1543030 819
1543040 819
1543050 819
1543060 819
1543070 819
1543080 819
1543090 819
1543100 819
1543110 818
1543120 817
1543130 817
1543140 816
1543150 816
1543160 816
1543170 815
1543180 814
1543190 814
1543200 814
1543210 813
1543220 813
1543230 812
1543240 812
1543250 812
1543260 812
1543270 812
1543280 812
1543290 812
1543300 812
1543310 812
1543320 812
1543330 812
1543340 812
1543350 812
1543360 812
1543370 812
1543380 813
1543390 813
1543400 813
1543410 814
1543420 814
1543430 815
1543440 815
1543450 815
1543460 816
1543470 816
1543480 816
1543490 816
1543500 817
1543510 817
1543520 817
1543530 818
1543540 818
1543550 818
1543560 818
1543570 818
1543580 818
1543590 818
1543600 818
1543610 817
1543620 817
1543630 817
1543640 815
1543650 813
1543660 813
1543670 810
1543680 809
1543690 809
1543700 808
1543710 808
1543720 808
1543730 809
1543740 810
1543750 810
1543760 810
1543770 811
1543780 811
1543790 812
1543800 813
1543810 813
1543820 814
1543830 815
1543840 815
1543850 816
1543860 817
1543870 817
1543880 819
1543890 820
1543900 820
1543910 821
1543920 823
1543930 823
1543940 824
1543950 826
1543960 826
1543970 828
1543980 830
1543990 830
1544000 831
1544010 833
1544020 833
1544030 835
1544040 837
1544050 837
1544060 839
1544070 839
1544080 841
1544090 844
1544100 844
1544110 847
1544120 850
1544130 850
1544140 853
1544150 857
1544160 857
1544170 861
1544180 865
1544190 865
1544200 868
1544210 872
1544220 872
1544230 875
1544240 877
1544250 877
1544260 880
1544270 883
1544280 883
1544290 885
1544300 887
1544310 887
1544320 888
1544330 889
1544340 889
1544350 889
1544360 888
1544370 888
1544380 888
1544390 887
1544400 887
1544410 887
1544420 886
1544430 886
1544440 884
1544450 883
1544460 883
1544470 882
1544480 877
1544490 877
1544500 875
1544510 873
1544520 873
1544530 869
1544540 865
1544550 865
1544560 862
1544570 859
1544580 859
1544590 856
1544600 854
1544610 854
1544620 853
1544630 852
1544640 852
1544650 851
1544660 849
1544670 849
1544680 848
1544690 848
1544700 848
1544710 847
1544720 846
1544730 846
1544740 846
1544750 845
1544760 845
1544770 845
1544780 845
1544790 845
1544800 844
1544810 843
1544820 843
1544830 843
1544840 842
1544850 842
1544860 842
1544870 842
1544880 841
1544890 841
1544900 841
1544910 840
1544920 840
1544930 840
1544940 840
1544950 839
1544960 839
1544970 838
1544980 838
1544990 838
1545000 838
1545010 838
1545020 838
1545030 837
1545040 837
1545050 837
1545060 837
1545070 838
1545080 838
1545090 839
1545100 841
1545110 841
1545120 842
1545130 843
1545140 843
1545150 844
1545160 846
1545170 846
1545180 847
1545190 849
1545200 849
1545210 850
1545220 851
1545230 851
1545240 852
1545250 853
1545260 853
1545270 854
1545280 856
1545290 856
1545300 859
1545310 860
1545320 860
1545330 861
1545340 862
1545350 862
1545360 862
1545370 862
1545380 862
1545390 863
1545400 863
1545410 863
1545420 864
1545430 864
1545440 864
1545450 865
1545460 866
1545470 866
1545480 867
1545490 867
1545500 867
1545510 866
1545520 866
1545530 866
1545540 866
1545550 865
1545560 865
1545570 864
1545580 862
1545590 862
1545600 861
1545610 860
1545620 860
1545630 858
1545640 858
1545650 856
1545660 855
1545670 855
1545680 853
1545690 850
1545700 850
1545710 848
1545720 846
1545730 846
1545740 843
1545750 839
1545760 839
1545770 836
1545780 833
1545790 833
1545800 829
1545810 826
1545820 826
1545830 822
1545840 818
1545850 818
1545860 814
1545870 810
1545880 810
1545890 807
1545900 803
1545910 803
1545920 800
1545930 798
1545940 798
1545950 794
1545960 790
1545970 790
1545980 787
1545990 785
1546000 785
1546010 783
1546020 780
1546030 780
1546040 778
1546050 777
1546060 777
1546070 775
1546080 775
1546090 775
1546100 775
1546110 775
1546120 775
1546130 774
1546140 773
1546150 773
1546160 772
1546170 770
1546180 770
1546190 769
1546200 768
1546210 768
1546220 767
1546230 766
1546240 766
1546250 766
1546260 765
1546270 765
1546280 765
1546290 765
1546300 765
1546310 764
1546320 764
1546330 764
1546340 763
1546350 761
1546360 761
1546370 759
1546380 757
1546390 757
1546400 754
1546410 752
1546420 752
1546430 749
1546440 749
1546450 746
1546460 743
1546470 743
1546480 740
1546490 737
1546500 737
1546510 735
1546520 732
1546530 732
1546540 729
1546550 725
1546560 725
1546570 722
1546580 719
1546590 719
1546600 716
1546610 713
1546620 711
1546630 708
1546640 705
1546650 705
1546660 702
1546670 699
1546680 699
1546690 696
1546700 694
1546710 694
1546720 691
1546730 690
1546740 690
1546750 688
1546760 687
1546770 687
1546780 686
1546790 684
1546800 684
1546810 683
1546820 680
1546830 680
1546840 678
1546850 676
1546860 676
1546870 674
1546880 672
1546890 672
1546900 669
1546910 667
1546920 667
1546930 664
1546940 662
1546950 662
1546960 659
1546970 656
1546980 656
1546990 654
1547000 651
1547010 651
1547020 648
1547030 645
1547040 645
1547050 642
1547060 639
1547070 639
1547080 636
1547090 633
1547100 633
1547110 629
1547120 625
1547130 625
1547140 623
1547150 621
1547160 621
1547170 619
1547180 617
1547190 617
1547200 614
1547210 614
1547220 611
1547230 609
1547240 609
1547250 608
1547260 607
1547270 607
1547280 605
1547290 604
1547300 604
1547310 604
1547320 604
1547330 604
1547340 604
1547350 604
1547360 604
1547370 603
1547380 603
1547390 603
1547400 604
1547410 604
1547420 604
1547430 604
1547440 604
1547450 604
1547460 604
1547470 603
1547480 603
1547490 602
1547500 600
1547510 600
1547520 599
1547530 597
1547540 597
1547550 595
1547560 593
1547570 593
1547580 590
1547590 588
1547600 588
1547610 585
1547620 583
1547630 583
1547640 580
1547650 578
1547660 578
1547670 576
1547680 573
1547690 573
1547700 572
1547710 570
1547720 570
1547730 568
1547740 567
1547750 567
1547760 565
1547770 564
1547780 564
1547790 562
1547800 560
1547810 560
1547820 557
1547830 555
1547840 555
1547850 554
1547860 552
1547870 552
1547880 550
1547890 548
1547900 548
1547910 545
1547920 544
1547930 544
1547940 542
1547950 541
1547960 541
1547970 540
1547980 538
1547990 538
1548000 536
1548010 536
1548020 534
1548030 532
1548040 532
1548050 530
1548060 528
1548070 528
1548080 526
1548090 525
1548100 525
1548110 524
1548120 524
1548130 524
1548140 523
1548150 522
1548160 522
1548170 521
1548180 520
1548190 520
1548200 518
1548210 516
1548220 516
1548230 514
1548240 511
1548250 511
1548260 509
1548270 507
1548280 507
1548290 505
1548300 504
1548310 504
1548320 504
1548330 503
1548340 503
1548350 503
1548360 502
1548370 502
1548380 501
1548390 501
1548400 501
1548410 501
1548420 500
1548430 500
1548440 500
1548450 500
1548460 500
1548470 500
1548480 499
1548490 499
1548500 499
1548510 499
1548520 499
1548530 499
1548540 498
1548550 498
1548560 498
1548570 498
1548580 498
1548590 497
1548600 497
1548610 497
1548620 497
1548630 496
1548640 496
1548650 495
1548660 495
1548670 495
1548680 494
1548690 493
1548700 493
1548710 493
1548720 493
1548730 493
1548740 494
1548750 494
1548760 494
1548770 494
1548780 494
1548790 494
1548800 493
1548810 493
1548820 493
1548830 494
1548840 494
1548850 494
1548860 495
1548870 495
1548880 496
1548890 497
1548900 497
1548910 498
1548920 499
1548930 499
1548940 500
1548950 501
1548960 501
1548970 502
1548980 503
1548990 503
1549000 503
1549010 504
1549020 504
1549030 505
1549040 505
1549050 505
1549060 506
1549070 507
1549080 507
1549090 507
1549100 508
1549110 508
1549120 508
1549130 507
1549140 507
1549150 506
1549160 506
1549170 506
1549180 507
1549190 508
1549200 508
1549210 510
1549220 511
1549230 511
1549240 512
1549250 513
1549260 513
1549270 514
1549280 515
1549290 515
1549300 516
1549310 517
1549320 517
1549330 517
1549340 518
1549350 518
1549360 519
1549370 520
1549380 520
1549390 521
1549400 521
1549410 521
1549420 522
1549430 522
1549440 522
1549450 523
1549460 524
1549470 524
1549480 525
1549490 526
1549500 526
1549510 526
1549520 527
1549530 527
1549540 527
1549550 527
1549560 527
1549570 528
1549580 528
1549590 528
1549600 528
1549610 528
1549620 528
1549630 528
1549640 528
1549650 527
1549660 526
1549670 526
1549680 524
1549690 523
1549700 523
1549710 522
1549720 521
1549730 521
1549740 519
1549750 518
1549760 518
1549770 517
1549780 517
1549790 517
1549800 516
1549810 514
1549820 514
1549830 513
1549840 512
1549850 512
1549860 512
1549870 515
1549880 515
1549890 521
1549900 525
1549910 525
1549920 527
1549930 530
1549940 530
1549950 532
1549960 535
1549970 535
1549980 537
1549990 539
1550000 539
1550010 541
1550020 543
1550030 543
1550040 545
1550050 547
1550060 547
1550070 549
1550080 551
1550090 551
1550100 553
1550110 555
1550120 555
1550130 557
1550140 559
1550150 559
1550160 562
1550170 565
1550180 565
1550190 567
1550200 569
1550210 569
1550220 571
1550230 574
1550240 574
1550250 576
1550260 578
1550270 578
1550280 581
1550290 583
1550300 583
1550310 585
1550320 588
1550330 588
1550340 590
1550350 590
1550360 592
1550370 594
1550380 594
1550390 596
1550400 598
1550410 598
1550420 601
1550430 602
1550440 602
1550450 604
1550460 604
1550470 604
1550480 605
1550490 606
1550500 606
1550510 606
1550520 606
1550530 606
1550540 605
1550550 604
1550560 604
1550570 603
1550580 602
1550590 602
1550600 600
1550610 599
1550620 599
1550630 598
1550640 597
1550650 597
1550660 597
1550670 596
1550680 596
1550690 595
1550700 594
1550710 593
1550720 592
1550730 592
1550740 592
1550750 591
1550760 591
1550770 591
1550780 591
1550790 590
1550800 590
1550810 590
1550820 590
1550830 590
1550840 590
1550850 590
1550860 590
1550870 590
1550880 590
1550890 590
1550900 590
1550910 591
1550920 591
1550930 591
1550940 591
1550950 591
1550960 591
1550970 592
1550980 592
1550990 592
1551000 591
1551010 591
1551020 591
1551030 591
1551040 591
1551050 591
1551060 592
1551070 592
1551080 592
1551090 592
1551100 592
1551110 592
1551120 592
1551130 593
1551140 594
1551150 594
1551160 594
1551170 595
1551180 595
1551190 596
1551200 596
1551210 596
1551220 596
1551230 597
1551240 597
1551250 597
1551260 597
1551270 597
1551280 598
1551290 598
1551300 598
1551310 598
1551320 598
1551330 598
1551340 599
1551350 600
1551360 600
1551370 601
1551380 603
1551390 603
1551400 604
1551410 605
1551420 605
1551430 605
1551440 606
1551450 606
1551460 607
1551470 607
1551480 607
1551490 608
1551500 608
1551510 608
1551520 609
1551530 609
1551540 609
1551550 610
1551560 610
1551570 610
1551580 611
1551590 611
1551600 611
1551610 612
1551620 612
1551630 612
1551640 611
1551650 611
1551660 611
1551670 611
1551680 610
1551690 610
1551700 610
1551710 610
1551720 610
1551730 610
1551740 610
1551750 610
1551760 610
1551770 609
1551780 609
1551790 609
1551800 609
1551810 609
1551820 609
1551830 609
1551840 609
1551850 609
1551860 608
1551870 608
1551880 608
1551890 608
1551900 608
1551910 608
1551920 608
1551930 608
1551940 608
1551950 608
1551960 608
1551970 608
1551980 608
1551990 608
1552000 608
1552010 608
1552020 608
1552030 608
1552040 608
1552050 608
1552060 608
1552070 608
1552080 609
1552090 609
1552100 609
1552110 609
1552120 609
1552130 609
1552140 609
1552150 610
1552160 610
1552170 610
1552180 610
1552190 610
1552200 609
1552210 609
1552220 609
1552230 608
1552240 607
1552250 607
1552260 608
1552270 609
1552280 609
1552290 609
1552300 610
1552310 610
1552320 610
1552330 610
1552340 610
1552350 611
1552360 611
1552370 611
1552380 612
1552390 612
1552400 612
1552410 612
1552420 613
1552430 613
1552440 613
1552450 614
1552460 614
1552470 615
1552480 616
1552490 616
1552500 616
1552510 617
1552520 617
1552530 618
1552540 618
1552550 618
1552560 618
1552570 619
1552580 619
1552590 619
1552600 620
1552610 620
1552620 622
1552630 623
1552640 623
1552650 625
1552660 626
1552670 626
1552680 627
1552690 627
1552700 628
1552710 628
1552720 628
1552730 629
1552740 629
1552750 629
1552760 630
1552770 631
1552780 631
1552790 632
1552800 633
1552810 633
1552820 634
1552830 634
1552840 634
1552850 636
1552860 637
1552870 637
1552880 639
1552890 640
1552900 640
1552910 641
1552920 643
1552930 643
1552940 644
1552950 645
1552960 645
1552970 646
1552980 648
1552990 648
1553000 649
1553010 649
1553020 649
1553030 647
1553040 645
1553050 645
1553060 643
1553070 642
1553080 642
1553090 640
1553100 638
1553110 638
1553120 636
1553130 633
1553140 633
1553150 630
1553160 627
1553170 627
1553180 625
1553190 622
1553200 622
1553210 620
1553220 617
1553230 617
1553240 615
1553250 613
1553260 613
1553270 612
1553280 610
1553290 610
1553300 608
1553310 606
1553320 606
1553330 604
1553340 602
1553350 602
1553360 600
1553370 598
1553380 598
1553390 596
1553400 595
1553410 595
1553420 595
1553430 595
1553440 595
1553450 593
1553460 592
1553470 592
1553480 591
1553490 591
1553500 591
1553510 591
1553520 591
1553530 591
1553540 591
1553550 591
1553560 592
1553570 592
1553580 592
1553590 591
1553600 591
1553610 591
1553620 590
1553630 590
1553640 590
1553650 591
1553660 591
1553670 591
1553680 590
1553690 590
1553700 590
1553710 589
1553720 588
1553730 588
1553740 587
1553750 587
1553760 587
1553770 586
1553780 585
1553790 585
1553800 584
1553810 583
1553820 583
1553830 583
1553840 584
1553850 584
1553860 585
1553870 586
1553880 586
1553890 587
1553900 588
1553910 588
1553920 589
1553930 590
1553940 590
1553950 590
1553960 591
1553970 591
1553980 591
1553990 591
1554000 591
1554010 591
1554020 592
1554030 592
1554040 591
1554050 591
1554060 591
1554070 592
1554080 593
1554090 593
1554100 595
1554110 596
1554120 596
1554130 595
1554140 595
1554150 595
1554160 596
1554170 597
1554180 597
1554190 599
1554200 600
1554210 600
1554220 602
1554230 603
1554240 603
1554250 604
1554260 604
1554270 605
1554280 605
1554290 605
1554300 605
1554310 605
1554320 605
1554330 604
1554340 604
1554350 604
1554360 605
1554370 605
1554380 605
1554390 606
1554400 607
1554410 607
1554420 609
1554430 609
1554440 609
1554450 611
1554460 612
1554470 612
1554480 613
1554490 615
1554500 615
1554510 616
1554520 617
1554530 617
1554540 619
1554550 619
1554560 619
1554570 620
1554580 622
1554590 622
1554600 624
1554610 627
1554620 627
1554630 630
1554640 633
1554650 633
1554660 637
1554670 640
1554680 640
1554690 643
1554700 646
1554710 646
1554720 649
1554730 652
1554740 652
1554750 655
1554760 658
1554770 658
1554780 661
1554790 664
1554800 664
1554810 667
1554820 669
1554830 669
1554840 671
1554850 672
1554860 672
1554870 674
1554880 677
1554890 677
1554900 679
1554910 681
1554920 681
1554930 682
1554940 683
1554950 683
1554960 685
1554970 685
1554980 685
1554990 686
1555000 686
1555010 686
1555020 687
1555030 687
1555040 687
1555050 687
1555060 687
1555070 687
1555080 687
1555090 687
1555100 686
1555110 685
1555120 685
1555130 684
1555140 683
1555150 683
1555160 681
1555170 680
1555180 680
1555190 677
1555200 674
1555210 674
1555220 672
1555230 671
1555240 671
1555250 670
1555260 669
1555270 669
1555280 667
1555290 666
1555300 666
1555310 664
1555320 662
1555330 662
1555340 660
1555350 657
1555360 657
1555370 654
1555380 650
1555390 650
1555400 647
1555410 644
1555420 644
1555430 642
1555440 640
1555450 640
1555460 638
1555470 637
1555480 637
1555490 636
1555500 635
1555510 635
1555520 634
1555530 633
1555540 633
1555550 632
1555560 631
1555570 631
1555580 630
1555590 629
1555600 629
1555610 628
1555620 627
1555630 627
1555640 628
1555650 629
1555660 629
1555670 630
1555680 631
1555690 631
1555700 632
1555710 634
1555720 634
1555730 635
1555740 637
1555750 637
1555760 638
1555770 640
1555780 640
1555790 642
1555800 643
1555810 643
1555820 645
1555830 645
1555840 648
1555850 650
1555860 650
1555870 654
1555880 657
1555890 657
1555900 661
1555910 666
1555920 666
1555930 671
1555940 675
1555950 675
1555960 679
1555970 683
1555980 683
1555990 687
1556000 690
1556010 690
1556020 693
1556030 696
1556040 696
1556050 699
1556060 702
1556070 702
1556080 704
1556090 707
1556100 707
1556110 709
1556120 711
1556130 711
1556140 713
1556150 715
1556160 715
1556170 716
1556180 717
1556190 717
1556200 717
1556210 718
1556220 718
1556230 719
1556240 720
1556250 720
1556260 720
1556270 721
1556280 721
1556290 721
1556300 721
1556310 721
1556320 721
1556330 721
1556340 721
1556350 721
1556360 721
1556370 721
1556380 720
1556390 718
1556400 718
1556410 717
1556420 716
1556430 716
1556440 715
1556450 714
1556460 714
1556470 714
1556480 713
1556490 713
1556500 712
1556510 711
1556520 711
1556530 711
1556540 710
1556550 710
1556560 709
1556570 709
1556580 709
1556590 708
1556600 707
1556610 707
1556620 706
1556630 706
1556640 705
1556650 704
1556660 704
1556670 703
1556680 702
1556690 702
1556700 700
1556710 699
1556720 699
1556730 698
1556740 697
1556750 697
1556760 696
1556770 694
1556780 694
1556790 693
1556800 691
1556810 691
1556820 690
1556830 688
1556840 688
1556850 687
1556860 686
1556870 686
1556880 684
1556890 683
1556900 683
1556910 682
1556920 679
1556930 679
1556940 677
1556950 675
1556960 675
1556970 673
1556980 671
1556990 671
1557000 670
1557010 668
1557020 668
1557030 667
1557040 665
1557050 665
1557060 663
1557070 662
1557080 662
1557090 660
1557100 658
1557110 658
1557120 656
1557130 654
1557140 654
1557150 650
1557160 646
1557170 646
1557180 642
1557190 637
1557200 637
1557210 634
1557220 632
1557230 632
1557240 630
1557250 628
1557260 628
1557270 625
1557280 623
1557290 623
1557300 620
1557310 617
1557320 617
1557330 613
1557340 610
1557350 610
1557360 610
1557370 609
1557380 609
1557390 609
1557400 609
1557410 609
1557420 611
1557430 611
1557440 613
1557450 614
1557460 614
1557470 615
1557480 615
1557490 615
1557500 615
1557510 615
1557520 615
1557530 615
1557540 616
1557550 616
1557560 617
1557570 618
1557580 618
1557590 619
1557600 621
1557610 621
1557620 622
1557630 624
1557640 624
1557650 625
1557660 627
1557670 627
1557680 628
1557690 629
1557700 629
1557710 629
1557720 629
1557730 629
1557740 630
1557750 630
1557760 630
1557770 631
1557780 632
1557790 632
1557800 633
1557810 634
1557820 634
1557830 635
1557840 636
1557850 636
1557860 637
1557870 637
1557880 637
1557890 636
1557900 634
1557910 634
1557920 634
1557930 634
1557940 634
1557950 635
1557960 636
1557970 636
1557980 638
1557990 640
1558000 640
1558010 642
1558020 644
1558030 644
1558040 647
1558050 650
1558060 650
1558070 652
1558080 655
1558090 655
1558100 657
1558110 659
1558120 659
1558130 661
1558140 663
1558150 663
1558160 664
1558170 666
1558180 666
1558190 666
1558200 666
1558210 667
1558220 669
1558230 669
1558240 671
1558250 672
1558260 672
1558270 674
1558280 676
1558290 676
1558300 677
1558310 678
1558320 678
1558330 678
1558340 679
1558350 679
1558360 679
1558370 679
1558380 679
1558390 679
1558400 678
1558410 678
1558420 678
1558430 677
1558440 677
1558450 676
1558460 676
1558470 676
1558480 676
1558490 676
1558500 676
1558510 676
1558520 677
1558530 677
1558540 677
1558550 678
1558560 678
1558570 678
1558580 679
1558590 679
1558600 680
1558610 681
1558620 681
1558630 681
1558640 682
1558650 682
1558660 683
1558670 685
1558680 685
1558690 686
1558700 687
1558710 687
1558720 689
1558730 690
1558740 690
1558750 692
1558760 693
1558770 693
1558780 695
1558790 697
1558800 697
1558810 700
1558820 703
1558830 703
1558840 705
1558850 708
1558860 708
1558870 710
1558880 711
1558890 711
1558900 711
1558910 712
1558920 712
1558930 712
1558940 713
1558950 713
1558960 713
1558970 713
1558980 713
1558990 713
1559000 713
1559010 712
1559020 712
1559030 712
1559040 711
1559050 710
1559060 710
1559070 709
1559080 708
1559090 708
1559100 707
1559110 706
1559120 706
1559130 705
1559140 704
1559150 704
1559160 702
1559170 701
1559180 701
1559190 699
1559200 697
1559210 697
1559220 695
1559230 691
1559240 691
1559250 687
1559260 684
1559270 684
1559280 682
1559290 681
1559300 681
1559310 679
1559320 678
1559330 678
1559340 678
1559350 677
1559360 677
1559370 677
1559380 678
1559390 678
1559400 678
1559410 679
1559420 679
1559430 680
1559440 680
1559450 680
1559460 680
1559470 680
1559480 680
1559490 679
1559500 679
1559510 679
1559520 679
1559530 678
1559540 678
1559550 678
1559560 678
1559570 678
1559580 677
1559590 677
1559600 677
1559610 676
1559620 676
1559630 676
1559640 676
1559650 674
1559660 674
1559670 673
1559680 671
1559690 671
1559700 669
1559710 667
1559720 667
1559730 665
1559740 662
1559750 662
1559760 660
1559770 660
1559780 658
1559790 656
1559800 656
1559810 654
1559820 652
1559830 652
1559840 651
1559850 649
1559860 649
1559870 647
1559880 644
1559890 644
1559900 642
1559910 639
1559920 639
1559930 637
1559940 634
1559950 632
1559960 630
1559970 627
1559980 627
1559990 625
