1540000 733
1540010 734
1540020 734
1540030 734
1540040 734
1540050 735
1540060 735
1540070 735
1540080 736
1540090 736
1540100 736
1540110 736
1540120 736
1540130 737
1540140 738
1540150 738
1540160 739
1540170 740
1540180 740
1540190 741
1540200 742
1540210 742
1540220 742
1540230 743
1540240 743
1540250 743
1540260 744
1540270 744
1540280 745
1540290 746
1540300 746
1540310 746
1540320 746
1540330 746
1540340 747
1540350 747
1540360 747
1540370 748
1540380 748
1540390 748
1540400 748
1540410 748
1540420 748
1540430 748
1540440 747
1540450 747
1540460 746
1540470 746
1540480 746
1540490 745
1540500 744
1540510 744
1540520 743
1540530 740
1540540 740
1540550 738
1540560 736
1540570 736
1540580 734
1540590 731
1540600 731
1540610 728
1540620 724
1540630 724
1540640 721
1540650 719
1540660 719
1540670 717
1540680 717
1540690 714
1540700 712
1540710 712
1540720 711
1540730 709
1540740 709
1540750 707
1540760 705
1540770 705
1540780 703
1540790 701
1540800 701
1540810 700
1540820 698
1540830 698
1540840 695
1540850 694
1540860 694
1540870 693
1540880 691
1540890 691
1540900 690
1540910 689
1540920 689
1540930 688
1540940 687
1540950 687
1540960 686
1540970 686
1540980 686
1540990 685
1541000 684
1541010 684
1541020 683
1541030 683
1541040 683
1541050 682
1541060 682
1541070 682
1541080 681
1541090 680
1541100 680
1541110 679
1541120 679
1541130 679
1541140 678
1541150 677
1541160 677
1541170 676
1541180 676
1541190 676
1541200 675
1541210 675
1541220 675
1541230 674
1541240 674
1541250 674
1541260 673
1541270 673
1541280 673
1541290 673
1541300 672
1541310 672
1541320 672
1541330 672
1541340 672
1541350 672
1541360 672
1541370 672
1541380 672
1541390 672
1541400 672
1541410 672
1541420 674
1541430 674
1541440 675
1541450 675
1541460 676
1541470 677
1541480 677
1541490 678
1541500 680
1541510 680
1541520 680
1541530 681
1541540 681
1541550 682
1541560 683
1541570 683
1541580 684
1541590 685
1541600 685
1541610 685
1541620 687
1541630 687
1541640 688
1541650 689
1541660 689
1541670 690
1541680 690
1541690 690
1541700 691
1541710 692
1541720 692
1541730 693
1541740 694
1541750 694
1541760 695
1541770 696
1541780 696
1541790 697
1541800 697
1541810 697
1541820 699
1541830 700
1541840 700
1541850 701
1541860 702
1541870 702
1541880 704
1541890 705
1541900 705
1541910 707
1541920 708
1541930 708
1541940 709
1541950 710
1541960 710
1541970 711
1541980 713
1541990 713
1542000 714
1542010 716
1542020 716
1542030 717
1542040 719
1542050 719
1542060 720
1542070 722
1542080 722
1542090 723
1542100 724
1542110 724
1542120 726
1542130 727
1542140 727
1542150 728
1542160 730
1542170 730
1542180 731
1542190 732
1542200 732
1542210 734
1542220 734
1542230 735
1542240 737
1542250 737
1542260 738
1542270 740
1542280 740
1542290 741
1542300 743
1542310 743
1542320 744
1542330 746
1542340 746
1542350 747
1542360 749
1542370 749
1542380 750
1542390 752
1542400 752
1542410 753
1542420 755
1542430 755
1542440 757
1542450 759
1542460 759
1542470 760
1542480 762
1542490 762
1542500 763
1542510 765
1542520 765
1542530 767
1542540 769
1542550 769
1542560 772
1542570 774
1542580 774
1542590 777
1542600 779
1542610 779
1542620 782
1542630 784
1542640 784
1542650 787
1542660 790
1542670 790
1542680 792
1542690 794
1542700 794
1542710 796
1542720 798
1542730 798
1542740 800
1542750 802
1542760 802
1542770 804
1542780 806
1542790 806
1542800 808
1542810 810
1542820 810
1542830 812
1542840 814
1542850 814
1542860 816
1542870 818
1542880 818
1542890 820
1542900 822
1542910 822
1542920 824
1542930 825
1542940 825
1542950 826
1542960 828
1542970 828
1542980 829
1542990 830
1543000 830
1543010 831
1543020 831
1543030 832
1543040 832
1543050 832
1543060 831
1543070 832
1543080 832
1543090 831
1543100 829
1543110 829
1543120 828
1543130 827
1543140 827
1543150 825
1543160 823
1543170 823
1543180 822
1543190 820
1543200 820
1543210 819
1543220 817
1543230 817
1543240 815
1543250 812
1543260 812
1543270 810
1543280 808
1543290 808
1543300 805
1543310 802
1543320 802
1543330 798
1543340 795
1543350 795
1543360 792
1543370 789
1543380 789
1543390 787
1543400 784
1543410 784
1543420 781
1543430 777
1543440 777
1543450 773
1543460 770
1543470 770
1543480 767
1543490 765
1543500 765
1543510 762
1543520 759
1543530 759
1543540 756
1543550 754
1543560 754
1543570 752
1543580 750
1543590 750
1543600 747
1543610 746
1543620 746
1543630 745
1543640 746
1543650 746
1543660 748
1543670 752
1543680 752
1543690 756
1543700 760
1543710 760
1543720 764
1543730 767
1543740 767
1543750 770
1543760 772
1543770 772
1543780 773
1543790 773
1543800 774
1543810 774
1543820 774
1543830 773
1543840 772
1543850 772
1543860 770
1543870 769
1543880 769
1543890 769
1543900 768
1543910 768
1543920 767
1543930 767
1543940 767
1543950 766
1543960 764
1543970 764
1543980 763
1543990 762
1544000 762
1544010 761
1544020 760
1544030 760
1544040 759
1544050 758
1544060 758
1544070 758
1544080 759
1544090 759
1544100 760
1544110 760
1544120 760
1544130 760
1544140 762
1544150 762
1544160 766
1544170 769
1544180 769
1544190 772
1544200 775
1544210 775
1544220 778
1544230 781
1544240 781
1544250 784
1544260 787
1544270 787
1544280 791
1544290 794
1544300 794
1544310 797
1544320 800
1544330 800
1544340 802
1544350 804
1544360 804
1544370 806
1544380 808
1544390 808
1544400 809
1544410 810
1544420 810
1544430 810
1544440 810
1544450 810
1544460 811
1544470 811
1544480 811
1544490 812
1544500 812
1544510 812
1544520 812
1544530 812
1544540 812
1544550 813
1544560 813
1544570 813
1544580 813
1544590 813
1544600 814
1544610 814
1544620 814
1544630 815
1544640 816
1544650 816
1544660 817
1544670 818
1544680 818
1544690 819
1544700 821
1544710 821
1544720 822
1544730 823
1544740 823
1544750 823
1544760 824
1544770 824
1544780 825
1544790 826
1544800 826
1544810 827
1544820 827
1544830 827
1544840 828
1544850 828
1544860 828
1544870 829
1544880 830
1544890 830
1544900 831
1544910 831
1544920 831
1544930 831
1544940 830
1544950 830
1544960 830
1544970 829
1544980 829
1544990 828
1545000 826
1545010 826
1545020 824
1545030 822
1545040 822
1545050 821
1545060 818
1545070 818
1545080 814
1545090 810
1545100 810
1545110 807
1545120 803
1545130 803
1545140 799
1545150 796
1545160 796
1545170 793
1545180 791
1545190 791
1545200 789
1545210 787
1545220 787
1545230 785
1545240 784
1545250 784
1545260 782
1545270 779
1545280 779
1545290 777
1545300 776
1545310 776
1545320 774
1545330 774
1545340 772
1545350 770
1545360 770
1545370 768
1545380 766
1545390 766
1545400 765
1545410 763
1545420 763
1545430 761
1545440 757
1545450 757
1545460 754
1545470 752
1545480 752
1545490 749
1545500 746
1545510 746
1545520 744
1545530 741
1545540 741
1545550 739
1545560 735
1545570 735
1545580 732
1545590 730
1545600 730
1545610 728
1545620 724
1545630 724
1545640 719
1545650 713
1545660 713
1545670 709
1545680 706
1545690 706
1545700 704
1545710 702
1545720 702
1545730 701
1545740 699
1545750 699
1545760 697
1545770 695
1545780 695
1545790 693
1545800 692
1545810 692
1545820 690
1545830 686
1545840 686
1545850 680
1545860 677
1545870 677
1545880 675
1545890 673
1545900 673
1545910 670
1545920 667
1545930 667
1545940 665
1545950 664
1545960 664
1545970 663
1545980 662
1545990 662
1546000 661
1546010 660
1546020 660
1546030 659
1546040 658
1546050 658
1546060 658
1546070 656
1546080 656
1546090 655
1546100 655
1546110 654
1546120 653
1546130 653
1546140 652
1546150 651
1546160 651
1546170 650
1546180 649
1546190 649
1546200 648
1546210 647
1546220 647
1546230 647
1546240 646
1546250 646
1546260 646
1546270 645
1546280 645
1546290 645
1546300 645
1546310 645
1546320 645
1546330 645
1546340 645
1546350 645
1546360 645
1546370 645
1546380 645
1546390 645
1546400 645
1546410 646
1546420 646
1546430 646
1546440 647
1546450 649
1546460 649
1546470 650
1546480 652
1546490 652
1546500 653
1546510 655
1546520 655
1546530 657
1546540 658
1546550 658
1546560 660
1546570 660
1546580 660
1546590 660
1546600 660
1546610 660
1546620 660
1546630 659
1546640 659
1546650 658
1546660 657
1546670 657
1546680 655
1546690 654
1546700 654
1546710 652
1546720 651
1546730 651
1546740 649
1546750 648
1546760 648
1546770 646
1546780 645
1546790 645
1546800 643
1546810 642
1546820 642
1546830 641
1546840 639
1546850 639
1546860 638
1546870 638
1546880 637
1546890 636
1546900 636
1546910 635
1546920 634
1546930 634
1546940 632
1546950 630
1546960 630
1546970 628
1546980 626
1546990 626
1547000 625
1547010 623
1547020 623
1547030 621
1547040 619
1547050 619
1547060 617
1547070 614
1547080 614
1547090 612
1547100 610
1547110 610
1547120 608
1547130 606
1547140 606
1547150 604
1547160 602
1547170 602
1547180 600
1547190 597
1547200 597
1547210 596
1547220 596
1547230 596
1547240 594
1547250 593
1547260 593
1547270 592
1547280 591
1547290 591
1547300 589
1547310 588
1547320 588
1547330 587
1547340 585
1547350 585
1547360 583
1547370 582
1547380 582
1547390 580
1547400 578
1547410 578
1547420 576
1547430 574
1547440 574
1547450 572
1547460 569
1547470 569
1547480 566
1547490 563
1547500 563
1547510 561
1547520 559
1547530 559
1547540 558
1547550 556
1547560 556
1547570 555
1547580 553
1547590 553
1547600 552
1547610 550
1547620 550
1547630 549
1547640 549
1547650 547
1547660 546
1547670 546
1547680 544
1547690 541
1547700 541
1547710 538
1547720 534
1547730 534
1547740 530
1547750 528
1547760 528
1547770 525
1547780 524
1547790 524
1547800 522
1547810 521
1547820 521
1547830 520
1547840 519
1547850 519
1547860 519
1547870 518
1547880 518
1547890 518
1547900 518
1547910 518
1547920 517
1547930 517
1547940 517
1547950 517
1547960 516
1547970 516
1547980 514
1547990 512
1548000 512
1548010 510
1548020 508
1548030 508
1548040 506
1548050 504
1548060 504
1548070 503
1548080 502
1548090 502
1548100 502
1548110 501
1548120 501
1548130 499
1548140 498
1548150 498
1548160 497
1548170 497
1548180 497
1548190 497
1548200 498
1548210 498
1548220 497
1548230 496
1548240 496
1548250 496
1548260 496
1548270 496
1548280 496
1548290 496
1548300 496
1548310 496
1548320 497
1548330 497
1548340 499
1548350 501
1548360 501
1548370 503
1548380 506
1548390 506
1548400 509
1548410 509
1548420 512
1548430 514
1548440 514
1548450 516
1548460 518
1548470 518
1548480 519
1548490 521
1548500 521
1548510 522
1548520 524
1548530 524
1548540 525
1548550 526
1548560 526
1548570 527
1548580 529
1548590 529
1548600 530
1548610 531
1548620 531
1548630 532
1548640 533
1548650 533
1548660 534
1548670 535
1548680 535
1548690 535
1548700 536
1548710 536
1548720 536
1548730 537
1548740 537
1548750 537
1548760 537
1548770 537
1548780 536
1548790 536
1548800 536
1548810 537
1548820 537
1548830 537
1548840 538
1548850 539
1548860 539
1548870 540
1548880 541
1548890 541
1548900 542
1548910 543
1548920 543
1548930 544
1548940 545
1548950 545
1548960 546
1548970 547
1548980 547
1548990 549
1549000 550
1549010 550
1549020 551
1549030 552
1549040 552
1549050 554
1549060 556
1549070 556
1549080 558
1549090 560
1549100 560
1549110 562
1549120 564
1549130 564
1549140 566
1549150 568
1549160 568
1549170 570
1549180 570
1549190 573
1549200 575
1549210 575
1549220 577
1549230 579
1549240 579
1549250 581
1549260 583
1549270 583
1549280 584
1549290 586
1549300 586
1549310 587
1549320 589
1549330 589
1549340 590
1549350 591
1549360 591
1549370 592
1549380 593
1549390 593
1549400 593
1549410 594
1549420 594
1549430 594
1549440 594
1549450 594
1549460 593
1549470 592
1549480 592
1549490 591
1549500 590
1549510 590
1549520 588
1549530 587
1549540 587
1549550 585
1549560 584
1549570 584
1549580 582
1549590 581
1549600 581
1549610 580
1549620 580
1549630 580
1549640 579
1549650 579
1549660 579
1549670 578
1549680 578
1549690 578
1549700 578
1549710 578
1549720 578
1549730 578
1549740 578
1549750 578
1549760 579
1549770 579
1549780 579
1549790 579
1549800 580
1549810 580
1549820 581
1549830 581
1549840 581
1549850 582
1549860 582
1549870 582
1549880 583
1549890 584
1549900 584
1549910 585
1549920 586
1549930 586
1549940 586
1549950 586
1549960 587
1549970 587
1549980 587
1549990 590
1550000 590
1550010 590
1550020 590
1550030 589
1550040 589
1550050 589
1550060 588
1550070 588
1550080 587
1550090 585
1550100 585
1550110 582
1550120 579
1550130 579
1550140 578
1550150 577
1550160 577
1550170 576
1550180 576
1550190 576
1550200 575
1550210 575
1550220 575
1550230 575
1550240 576
1550250 576
1550260 576
1550270 576
1550280 576
1550290 575
1550300 574
1550310 574
1550320 572
1550330 572
1550340 572
1550350 571
1550360 571
1550370 571
1550380 572
1550390 574
1550400 574
1550410 577
1550420 581
1550430 581
1550440 584
1550450 587
1550460 587
1550470 589
1550480 591
1550490 591
1550500 594
1550510 596
1550520 596
1550530 598
1550540 600
1550550 600
1550560 603
1550570 605
1550580 605
1550590 607
1550600 610
1550610 610
1550620 612
1550630 615
1550640 615
1550650 617
1550660 619
1550670 619
1550680 621
1550690 623
1550700 623
1550710 626
1550720 626
1550730 628
1550740 630
1550750 630
1550760 632
1550770 635
1550780 635
1550790 637
1550800 638
1550810 638
1550820 639
1550830 640
1550840 640
1550850 639
1550860 638
1550870 638
1550880 636
1550890 634
1550900 634
1550910 631
1550920 629
1550930 629
1550940 627
1550950 624
1550960 624
1550970 621
1550980 618
1550990 618
1551000 616
1551010 613
1551020 613
1551030 611
1551040 610
1551050 610
1551060 608
1551070 607
1551080 607
1551090 605
1551100 604
1551110 604
1551120 603
1551130 602
1551140 602
1551150 602
1551160 603
1551170 603
1551180 603
1551190 605
1551200 605
1551210 605
1551220 605
1551230 605
1551240 605
1551250 605
1551260 605
1551270 605
1551280 605
1551290 605
1551300 606
1551310 606
1551320 606
1551330 605
1551340 605
1551350 605
1551360 604
1551370 604
1551380 604
1551390 605
1551400 607
1551410 607
1551420 610
1551430 613
1551440 613
1551450 616
1551460 619
1551470 619
1551480 621
1551490 621
1551500 623
1551510 625
1551520 625
1551530 627
1551540 628
1551550 628
1551560 630
1551570 632
1551580 632
1551590 634
1551600 636
1551610 636
1551620 637
1551630 639
1551640 639
1551650 641
1551660 643
1551670 643
1551680 644
1551690 646
1551700 646
1551710 647
1551720 649
1551730 649
1551740 650
1551750 651
1551760 651
1551770 652
1551780 653
1551790 653
1551800 653
1551810 654
1551820 654
1551830 654
1551840 654
1551850 654
1551860 653
1551870 653
1551880 653
1551890 652
1551900 651
1551910 651
1551920 650
1551930 649
1551940 649
1551950 647
1551960 643
1551970 643
1551980 640
1551990 638
1552000 638
1552010 637
1552020 637
1552030 637
1552040 636
1552050 636
1552060 636
1552070 637
1552080 637
1552090 637
1552100 637
1552110 636
1552120 636
1552130 636
1552140 636
1552150 636
1552160 636
1552170 636
1552180 636
1552190 637
1552200 637
1552210 637
1552220 637
1552230 637
1552240 637
1552250 637
1552260 637
1552270 637
1552280 636
1552290 636
1552300 635
1552310 635
1552320 635
1552330 635
1552340 636
1552350 636
1552360 636
1552370 637
1552380 637
1552390 637
1552400 636
1552410 636
1552420 635
1552430 635
1552440 635
1552450 635
1552460 634
1552470 634
1552480 634
1552490 633
1552500 633
1552510 632
1552520 632
1552530 632
1552540 631
1552550 630
1552560 630
1552570 629
1552580 627
1552590 627
1552600 625
1552610 623
1552620 623
1552630 621
1552640 620
1552650 620
1552660 619
1552670 618
1552680 618
1552690 617
1552700 615
1552710 615
1552720 614
1552730 612
1552740 612
1552750 611
1552760 609
1552770 609
1552780 608
1552790 607
1552800 607
1552810 607
1552820 606
1552830 606
1552840 605
1552850 604
1552860 604
1552870 604
1552880 603
1552890 603
1552900 602
1552910 602
1552920 602
1552930 603
1552940 603
1552950 603
1552960 604
1552970 604
1552980 604
1552990 605
1553000 605
1553010 605
1553020 605
1553030 605
1553040 605
1553050 605
1553060 605
1553070 605
1553080 605
1553090 605
1553100 605
1553110 604
1553120 604
1553130 604
1553140 604
1553150 604
1553160 604
1553170 603
1553180 603
1553190 603
1553200 603
1553210 603
1553220 603
1553230 602
1553240 602
1553250 601
1553260 599
1553270 599
1553280 595
1553290 593
1553300 593
1553310 592
1553320 592
1553330 592
1553340 592
1553350 593
1553360 593
1553370 593
1553380 594
1553390 594
1553400 594
1553410 595
1553420 595
1553430 597
1553440 598
1553450 598
1553460 601
1553470 603
1553480 603
1553490 606
1553500 608
1553510 608
1553520 610
1553530 612
1553540 612
1553550 614
1553560 616
1553570 616
1553580 618
1553590 620
1553600 620
1553610 621
1553620 623
1553630 623
1553640 624
1553650 626
1553660 626
1553670 627
1553680 628
1553690 628
1553700 629
1553710 630
1553720 630
1553730 631
1553740 633
1553750 633
1553760 634
1553770 635
1553780 635
1553790 636
1553800 636
1553810 637
1553820 638
1553830 638
1553840 638
1553850 639
1553860 640
1553870 640
1553880 641
1553890 641
1553900 642
1553910 643
1553920 643
1553930 643
1553940 644
1553950 644
1553960 644
1553970 644
1553980 644
1553990 643
1554000 643
1554010 643
1554020 643
1554030 643
1554040 643
1554050 643
1554060 643
1554070 643
1554080 643
1554090 643
1554100 643
1554110 643
1554120 643
1554130 643
1554140 644
1554150 644
1554160 644
1554170 644
1554180 643
1554190 643
1554200 642
1554210 642
1554220 642
1554230 641
1554240 640
1554250 640
1554260 638
1554270 636
1554280 636
1554290 633
1554300 629
1554310 629
1554320 624
1554330 620
1554340 620
1554350 616
1554360 612
1554370 612
1554380 608
1554390 604
1554400 604
1554410 600
1554420 596
1554430 596
1554440 591
1554450 586
1554460 586
1554470 583
1554480 579
1554490 579
1554500 576
1554510 573
1554520 573
1554530 571
1554540 569
1554550 569
1554560 568
1554570 568
1554580 567
1554590 566
1554600 566
1554610 567
1554620 568
1554630 568
1554640 570
1554650 572
1554660 572
1554670 573
1554680 575
1554690 575
1554700 578
1554710 582
1554720 582
1554730 584
1554740 584
1554750 584
1554760 585
1554770 588
1554780 588
1554790 591
1554800 594
1554810 594
1554820 597
1554830 598
1554840 598
1554850 600
1554860 603
1554870 603
1554880 605
1554890 607
1554900 607
1554910 609
1554920 611
1554930 611
1554940 613
1554950 615
1554960 615
1554970 617
1554980 618
1554990 618
1555000 620
1555010 622
1555020 622
1555030 623
1555040 625
1555050 625
1555060 628
1555070 630
1555080 630
1555090 633
1555100 635
1555110 635
1555120 638
1555130 641
1555140 641
1555150 643
1555160 646
1555170 646
1555180 650
1555190 653
1555200 653
1555210 657
1555220 661
1555230 661
1555240 665
1555250 668
1555260 668
1555270 672
1555280 676
1555290 676
1555300 680
1555310 682
1555320 682
1555330 683
1555340 683
1555350 684
1555360 683
1555370 683
1555380 681
1555390 679
1555400 679
1555410 678
1555420 677
1555430 677
1555440 677
1555450 678
1555460 678
1555470 680
1555480 681
1555490 681
1555500 683
1555510 684
1555520 684
1555530 687
1555540 689
1555550 689
1555560 691
1555570 692
1555580 692
1555590 694
1555600 696
1555610 696
1555620 698
1555630 700
1555640 700
1555650 703
1555660 705
1555670 705
1555680 708
1555690 710
1555700 710
1555710 712
1555720 717
1555730 717
1555740 720
1555750 722
1555760 722
1555770 725
1555780 728
1555790 728
1555800 730
1555810 732
1555820 732
1555830 733
1555840 734
1555850 734
1555860 734
1555870 732
1555880 732
1555890 730
1555900 727
1555910 727
1555920 724
1555930 720
1555940 720
1555950 716
1555960 713
1555970 713
1555980 710
1555990 707
1556000 707
1556010 705
1556020 701
1556030 701
1556040 698
1556050 695
1556060 695
1556070 693
1556080 690
1556090 690
1556100 687
1556110 687
1556120 685
1556130 683
1556140 683
1556150 681
1556160 679
1556170 679
1556180 677
1556190 676
1556200 676
1556210 675
1556220 675
1556230 675
1556240 674
1556250 673
1556260 673
1556270 672
1556280 671
1556290 671
1556300 670
1556310 668
1556320 668
1556330 667
1556340 666
1556350 666
1556360 665
1556370 664
1556380 664
1556390 662
1556400 661
1556410 661
1556420 660
1556430 659
1556440 659
1556450 658
1556460 656
1556470 656
1556480 655
1556490 655
1556500 655
1556510 654
1556520 653
1556530 653
1556540 652
1556550 651
1556560 651
1556570 650
1556580 649
1556590 649
1556600 649
1556610 648
1556620 648
1556630 647
1556640 646
1556650 646
1556660 646
1556670 645
1556680 645
1556690 645
1556700 645
1556710 645
1556720 644
1556730 644
1556740 644
1556750 644
1556760 644
1556770 644
1556780 644
1556790 644
1556800 644
1556810 645
1556820 647
1556830 647
1556840 648
1556850 649
1556860 649
1556870 651
1556880 651
1556890 653
1556900 654
1556910 654
1556920 655
1556930 656
1556940 656
1556950 656
1556960 657
1556970 657
1556980 658
1556990 658
1557000 658
1557010 658
1557020 659
1557030 659
1557040 659
1557050 659
1557060 659
1557070 659
1557080 659
1557090 659
1557100 659
1557110 659
1557120 659
1557130 659
1557140 660
1557150 660
1557160 660
1557170 661
1557180 661
1557190 661
1557200 662
1557210 662
1557220 662
1557230 662
1557240 662
1557250 663
1557260 663
1557270 663
1557280 663
1557290 663
1557300 663
1557310 663
1557320 662
1557330 662
1557340 662
1557350 661
1557360 661
1557370 660
1557380 659
1557390 659
1557400 658
1557410 656
1557420 656
1557430 653
1557440 650
1557450 650
1557460 646
1557470 644
1557480 644
1557490 641
1557500 639
1557510 639
1557520 637
1557530 635
1557540 636
1557550 633
1557560 628
1557570 628
1557580 623
1557590 617
1557600 617
1557610 611
1557620 607
1557630 607
1557640 604
1557650 604
1557660 601
1557670 599
1557680 599
1557690 598
1557700 597
1557710 597
1557720 596
1557730 595
1557740 595
1557750 594
1557760 593
1557770 593
1557780 593
1557790 592
1557800 592
1557810 592
1557820 592
1557830 592
1557840 592
1557850 592
1557860 592
1557870 592
1557880 593
1557890 593
1557900 594
1557910 594
1557920 594
1557930 596
1557940 598
1557950 598
1557960 600
1557970 603
1557980 603
1557990 605
1558000 607
1558010 607
1558020 609
1558030 611
1558040 611
1558050 614
1558060 615
1558070 615
1558080 617
1558090 619
1558100 619
1558110 620
1558120 621
1558130 621
1558140 622
1558150 622
1558160 622
1558170 623
1558180 622
1558190 622
1558200 622
1558210 622
1558220 622
1558230 623
1558240 623
1558250 623
1558260 623
1558270 624
1558280 624
1558290 624
1558300 625
1558310 625
1558320 625
1558330 626
1558340 626
1558350 627
1558360 628
1558370 628
1558380 629
1558390 630
1558400 630
1558410 631
1558420 631
1558430 632
1558440 632
1558450 632
1558460 633
1558470 634
1558480 634
1558490 635
1558500 636
1558510 636
1558520 637
1558530 639
1558540 639
1558550 640
1558560 641
1558570 641
1558580 642
1558590 644
1558600 644
1558610 645
1558620 646
1558630 646
1558640 647
1558650 648
1558660 648
1558670 648
1558680 649
1558690 649
1558700 650
1558710 650
1558720 650
1558730 650
1558740 650
1558750 650
1558760 650
1558770 651
1558780 651
1558790 650
1558800 650
1558810 650
1558820 650
1558830 649
1558840 649
1558850 648
1558860 647
1558870 647
1558880 647
1558890 646
1558900 646
1558910 645
1558920 643
1558930 643
1558940 641
1558950 640
1558960 640
1558970 639
1558980 638
1558990 638
1559000 637
1559010 635
1559020 635
1559030 634
1559040 632
1559050 632
1559060 631
1559070 630
1559080 630
1559090 628
1559100 627
1559110 627
1559120 626
1559130 625
1559140 625
1559150 623
1559160 622
1559170 622
1559180 621
1559190 621
1559200 620
1559210 619
1559220 619
1559230 617
1559240 615
1559250 615
1559260 613
1559270 611
1559280 611
1559290 609
1559300 607
1559310 604
1559320 602
1559330 600
1559340 600
1559350 597
1559360 593
1559370 593
1559380 589
1559390 585
1559400 585
1559410 582
1559420 578
1559430 578
1559440 575
1559450 572
1559460 572
1559470 568
1559480 565
1559490 565
1559500 562
1559510 559
1559520 559
1559530 555
1559540 552
1559550 552
1559560 549
1559570 545
1559580 545
1559590 540
1559600 537
1559610 537
1559620 534
1559630 532
1559640 532
1559650 529
1559660 527
1559670 527
1559680 525
1559690 524
1559700 524
1559710 522
1559720 520
1559730 520
1559740 519
1559750 517
1559760 517
1559770 515
1559780 513
1559790 513
1559800 510
1559810 509
1559820 509
1559830 510
1559840 510
1559850 510
1559860 511
1559870 511
1559880 511
1559890 511
1559900 512
1559910 512
1559920 512
1559930 513
1559940 513
1559950 513
1559960 513
1559970 513
1559980 513
1559990 513
