1540000 671
1540010 671
1540020 671
1540030 671
1540040 671
1540050 669
1540060 668
1540070 668
1540080 668
1540090 668
1540100 668
1540110 669
1540120 669
1540130 669
1540140 670
1540150 672
1540160 672
1540170 673
1540180 673
1540190 675
1540200 676
1540210 676
1540220 678
1540230 681
1540240 681
1540250 683
1540260 684
1540270 684
1540280 686
1540290 688
1540300 688
1540310 689
1540320 691
1540330 691
1540340 692
1540350 693
1540360 693
1540370 693
1540380 691
1540390 691
1540400 689
1540410 687
1540420 687
1540430 685
1540440 682
1540450 682
1540460 679
1540470 676
1540480 676
1540490 673
1540500 671
1540510 671
1540520 669
1540530 668
1540540 668
1540550 667
1540560 666
1540570 666
1540580 665
1540590 664
1540600 664
1540610 663
1540620 665
1540630 665
1540640 668
1540650 669
1540660 669
1540670 671
1540680 672
1540690 672
1540700 673
1540710 674
1540720 674
1540730 675
1540740 677
1540750 677
1540760 678
1540770 679
1540780 679
1540790 679
1540800 680
1540810 680
1540820 681
1540830 682
1540840 682
1540850 683
1540860 684
1540870 684
1540880 684
1540890 684
1540900 685
1540910 687
1540920 687
1540930 688
1540940 689
1540950 689
1540960 690
1540970 691
1540980 691
1540990 692
1541000 693
1541010 693
1541020 694
1541030 694
1541040 694
1541050 694
1541060 695
1541070 695
1541080 695
1541090 696
1541100 696
1541110 696
1541120 697
1541130 697
1541140 698
1541150 698
1541160 698
1541170 699
1541180 700
1541190 700
1541200 701
1541210 702
1541220 702
1541230 703
1541240 704
1541250 704
1541260 705
1541270 705
1541280 705
1541290 707
1541300 708
1541310 708
1541320 708
1541330 709
1541340 709
1541350 710
1541360 711
1541370 711
1541380 712
1541390 712
1541400 712
1541410 713
1541420 714
1541430 714
1541440 714
1541450 715
1541460 715
1541470 716
1541480 716
1541490 716
1541500 717
1541510 718
1541520 718
1541530 718
1541540 718
1541550 718
1541560 718
1541570 718
1541580 718
1541590 718
1541600 718
1541610 718
1541620 718
1541630 718
1541640 717
1541650 717
1541660 717
1541670 717
1541680 717
1541690 717
1541700 717
1541710 717
1541720 717
1541730 717
1541740 717
1541750 717
1541760 717
1541770 717
1541780 717
1541790 717
1541800 717
1541810 717
1541820 717
1541830 717
1541840 717
1541850 718
1541860 718
1541870 718
1541880 718
1541890 719
1541900 719
1541910 719
1541920 719
1541930 719
1541940 720
1541950 720
1541960 720
1541970 720
1541980 720
1541990 720
1542000 721
1542010 721
1542020 721
1542030 722
1542040 722
1542050 722
1542060 722
1542070 722
1542080 722
1542090 723
1542100 723
1542110 723
1542120 723
1542130 723
1542140 723
1542150 723
1542160 723
1542170 723
1542180 723
1542190 724
1542200 724
1542210 724
1542220 724
1542230 724
1542240 724
1542250 724
1542260 724
1542270 723
1542280 723
1542290 723
1542300 723
1542310 723
1542320 722
1542330 722
1542340 722
1542350 721
1542360 720
1542370 720
1542380 720
1542390 720
1542400 720
1542410 719
1542420 719
1542430 719
1542440 718
1542450 718
1542460 718
1542470 717
1542480 717
1542490 717
1542500 716
1542510 716
1542520 716
1542530 715
1542540 714
1542550 714
1542560 713
1542570 712
1542580 712
1542590 712
1542600 712
1542610 712
1542620 712
1542630 712
1542640 712
1542650 712
1542660 712
1542670 712
1542680 712
1542690 711
1542700 711
1542710 711
1542720 710
1542730 710
1542740 710
1542750 710
1542760 710
1542770 710
1542780 710
1542790 710
1542800 709
1542810 709
1542820 709
1542830 709
1542840 709
1542850 709
1542860 709
1542870 708
1542880 708
1542890 708
1542900 708
1542910 708
1542920 707
1542930 706
1542940 706
1542950 705
1542960 704
1542970 704
1542980 702
1542990 701
1543000 701
1543010 700
1543020 700
1543030 699
1543040 699
1543050 699
1543060 700
1543070 700
1543080 700
1543090 700
1543100 700
1543110 700
1543120 700
1543130 701
1543140 701
1543150 702
1543160 702
1543170 702
1543180 702
1543190 702
1543200 702
1543210 702
1543220 703
1543230 703
1543240 703
1543250 703
1543260 703
1543270 702
1543280 702
1543290 702
1543300 702
1543310 702
1543320 702
1543330 702
1543340 702
1543350 702
1543360 702
1543370 702
1543380 702
1543390 702
1543400 700
1543410 700
1543420 699
1543430 699
1543440 699
1543450 698
1543460 698
1543470 698
1543480 699
1543490 700
1543500 700
1543510 701
1543520 702
1543530 702
1543540 703
1543550 704
1543560 704
1543570 704
1543580 705
1543590 705
1543600 706
1543610 707
1543620 707
1543630 708
1543640 709
1543650 709
1543660 708
1543670 708
1543680 708
1543690 707
1543700 705
1543710 705
1543720 704
1543730 704
1543740 702
1543750 701
1543760 701
1543770 699
1543780 698
1543790 698
1543800 696
1543810 694
1543820 694
1543830 692
1543840 691
1543850 691
1543860 689
1543870 687
1543880 687
1543890 685
1543900 683
1543910 683
1543920 680
1543930 678
1543940 678
1543950 675
1543960 672
1543970 672
1543980 668
1543990 664
1544000 664
1544010 660
1544020 657
1544030 657
1544040 654
1544050 652
1544060 652
1544070 650
1544080 647
1544090 647
1544100 645
1544110 643
1544120 643
1544130 641
1544140 639
1544150 639
1544160 637
1544170 635
1544180 635
1544190 633
1544200 630
1544210 630
1544220 628
1544230 626
1544240 626
1544250 623
1544260 621
1544270 621
1544280 618
1544290 615
1544300 615
1544310 614
1544320 612
1544330 612
1544340 611
1544350 610
1544360 610
1544370 609
1544380 608
1544390 608
1544400 607
1544410 606
1544420 606
1544430 604
1544440 602
1544450 602
1544460 600
1544470 600
1544480 599
1544490 598
1544500 598
1544510 598
1544520 598
1544530 598
1544540 599
1544550 600
1544560 600
1544570 601
1544580 602
1544590 602
1544600 603
1544610 605
1544620 605
1544630 606
1544640 608
1544650 608
1544660 609
1544670 611
1544680 611
1544690 613
1544700 615
1544710 615
1544720 617
1544730 619
1544740 619
1544750 621
1544760 623
1544770 623
1544780 624
1544790 625
1544800 625
1544810 626
1544820 626
1544830 626
1544840 626
1544850 625
1544860 625
1544870 625
1544880 624
1544890 624
1544900 623
1544910 622
1544920 622
1544930 620
1544940 618
1544950 618
1544960 616
1544970 614
1544980 614
1544990 611
1545000 609
1545010 609
1545020 607
1545030 605
1545040 605
1545050 603
1545060 601
1545070 601
1545080 599
1545090 597
1545100 597
1545110 596
1545120 595
1545130 595
1545140 594
1545150 593
1545160 593
1545170 591
1545180 591
1545190 590
1545200 589
1545210 589
1545220 588
1545230 587
1545240 587
1545250 585
1545260 584
1545270 584
1545280 582
1545290 581
1545300 581
1545310 580
1545320 578
1545330 578
1545340 577
1545350 576
1545360 576
1545370 574
1545380 573
1545390 573
1545400 571
1545410 569
1545420 569
1545430 569
1545440 569
1545450 569
1545460 568
1545470 568
1545480 568
1545490 567
1545500 565
1545510 565
1545520 563
1545530 562
1545540 562
1545550 561
1545560 560
1545570 560
1545580 558
1545590 554
1545600 554
1545610 552
1545620 551
1545630 551
1545640 550
1545650 549
1545660 549
1545670 548
1545680 547
1545690 547
1545700 547
1545710 546
1545720 546
1545730 545
1545740 544
1545750 544
1545760 544
1545770 544
1545780 544
1545790 544
1545800 543
1545810 543
1545820 543
1545830 541
1545840 541
1545850 540
1545860 539
1545870 539
1545880 539
1545890 539
1545900 537
1545910 536
1545920 536
1545930 537
1545940 537
1545950 537
1545960 537
1545970 536
1545980 536
1545990 535
1546000 535
1546010 535
1546020 534
1546030 532
1546040 532
1546050 530
1546060 527
1546070 527
1546080 524
1546090 522
1546100 522
1546110 521
1546120 520
1546130 520
1546140 520
1546150 519
1546160 519
1546170 519
1546180 518
1546190 518
1546200 517
1546210 515
1546220 515
1546230 513
1546240 512
1546250 512
1546260 511
1546270 510
1546280 510
1546290 510
1546300 510
1546310 510
1546320 510
1546330 510
1546340 510
1546350 510
1546360 510
1546370 510
1546380 510
1546390 511
1546400 511
1546410 512
1546420 513
1546430 513
1546440 515
1546450 516
1546460 516
1546470 518
1546480 519
1546490 519
1546500 521
1546510 523
1546520 523
1546530 525
1546540 527
1546550 527
1546560 530
1546570 532
1546580 532
1546590 534
1546600 534
1546610 537
1546620 540
1546630 540
1546640 543
1546650 544
1546660 544
1546670 546
1546680 549
1546690 549
1546700 552
1546710 555
1546720 555
1546730 559
1546740 562
1546750 562
1546760 564
1546770 567
1546780 567
1546790 570
1546800 573
1546810 573
1546820 576
1546830 579
1546840 579
1546850 582
1546860 584
1546870 584
1546880 587
1546890 589
1546900 589
1546910 592
1546920 594
1546930 594
1546940 597
1546950 599
1546960 599
1546970 601
1546980 603
1546990 603
1547000 605
1547010 608
1547020 608
1547030 611
1547040 614
1547050 614
1547060 618
1547070 622
1547080 622
1547090 626
1547100 630
1547110 630
1547120 635
1547130 639
1547140 639
1547150 642
1547160 644
1547170 644
1547180 646
1547190 648
1547200 648
1547210 650
1547220 653
1547230 653
1547240 656
1547250 657
1547260 657
1547270 658
1547280 659
1547290 659
1547300 659
1547310 659
1547320 659
1547330 658
1547340 658
1547350 658
1547360 657
1547370 657
1547380 655
1547390 653
1547400 653
1547410 649
1547420 646
1547430 646
1547440 643
1547450 641
1547460 641
1547470 639
1547480 637
1547490 637
1547500 635
1547510 633
1547520 633
1547530 631
1547540 628
1547550 628
1547560 624
1547570 620
1547580 620
1547590 616
1547600 613
1547610 613
1547620 611
1547630 611
1547640 611
1547650 611
1547660 611
1547670 611
1547680 612
1547690 612
1547700 612
1547710 612
1547720 613
1547730 613
1547740 614
1547750 615
1547760 615
1547770 616
1547780 617
1547790 617
1547800 618
1547810 619
1547820 619
1547830 621
1547840 622
1547850 622
1547860 624
1547870 626
1547880 626
1547890 627
1547900 629
1547910 629
1547920 631
1547930 634
1547940 634
1547950 637
1547960 641
1547970 641
1547980 644
1547990 648
1548000 648
1548010 652
1548020 652
1548030 655
1548040 659
1548050 659
1548060 663
1548070 667
1548080 667
1548090 670
1548100 672
1548110 672
1548120 675
1548130 678
1548140 678
1548150 681
1548160 685
1548170 685
1548180 688
1548190 691
1548200 691
1548210 694
1548220 697
1548230 697
1548240 700
1548250 702
1548260 702
1548270 705
1548280 707
1548290 707
1548300 710
1548310 712
1548320 712
1548330 714
1548340 717
1548350 717
1548360 719
1548370 721
1548380 721
1548390 723
1548400 724
1548410 724
1548420 725
1548430 726
1548440 726
1548450 727
1548460 728
1548470 728
1548480 728
1548490 729
1548500 729
1548510 729
1548520 729
1548530 729
1548540 730
1548550 730
1548560 730
1548570 729
1548580 729
1548590 729
1548600 729
1548610 727
1548620 727
1548630 725
1548640 722
1548650 722
1548660 719
1548670 716
1548680 716
1548690 714
1548700 712
1548710 712
1548720 709
1548730 709
1548740 707
1548750 705
1548760 705
1548770 702
1548780 699
1548790 699
1548800 697
1548810 696
1548820 696
1548830 693
1548840 691
1548850 691
1548860 689
1548870 687
1548880 687
1548890 687
1548900 686
1548910 686
1548920 685
1548930 685
1548940 685
1548950 684
1548960 684
1548970 684
1548980 685
1548990 685
1549000 685
1549010 688
1549020 690
1549030 690
1549040 692
1549050 694
1549060 694
1549070 697
1549080 701
1549090 701
1549100 705
1549110 708
1549120 708
1549130 710
1549140 713
1549150 713
1549160 715
1549170 718
1549180 718
1549190 721
1549200 723
1549210 723
1549220 725
1549230 726
1549240 726
1549250 727
1549260 728
1549270 728
1549280 729
1549290 728
1549300 728
1549310 728
1549320 728
1549330 728
1549340 727
1549350 725
1549360 725
1549370 722
1549380 719
1549390 719
1549400 718
1549410 718
1549420 718
1549430 718
1549440 718
1549450 718
1549460 719
1549470 719
1549480 720
1549490 721
1549500 721
1549510 723
1549520 725
1549530 725
1549540 727
1549550 729
1549560 729
1549570 730
1549580 731
1549590 731
1549600 733
1549610 735
1549620 735
1549630 737
1549640 739
1549650 739
1549660 741
1549670 743
1549680 743
1549690 745
1549700 747
1549710 747
1549720 750
1549730 753
1549740 754
1549750 756
1549760 759
1549770 759
1549780 761
1549790 763
1549800 763
1549810 766
1549820 768
1549830 768
1549840 770
1549850 772
1549860 772
1549870 774
1549880 775
1549890 775
1549900 776
1549910 777
1549920 777
1549930 779
1549940 782
1549950 782
1549960 785
1549970 787
1549980 787
1549990 788
1550000 790
1550010 790
1550020 791
1550030 791
1550040 791
1550050 792
1550060 792
1550070 792
1550080 793
1550090 793
1550100 793
1550110 793
1550120 793
1550130 793
1550140 794
1550150 794
1550160 794
1550170 794
1550180 794
1550190 795
1550200 795
1550210 795
1550220 796
1550230 797
1550240 797
1550250 797
1550260 798
1550270 798
1550280 799
1550290 799
1550300 799
1550310 800
1550320 800
1550330 800
1550340 800
1550350 801
1550360 801
1550370 801
1550380 801
1550390 801
1550400 802
1550410 802
1550420 802
1550430 801
1550440 801
1550450 801
1550460 801
1550470 802
1550480 802
1550490 802
1550500 803
1550510 803
1550520 803
1550530 803
1550540 803
1550550 803
1550560 803
1550570 803
1550580 802
1550590 802
1550600 802
1550610 802
1550620 803
1550630 803
1550640 804
1550650 804
1550660 804
1550670 804
1550680 805
1550690 805
1550700 805
1550710 805
1550720 805
1550730 806
1550740 806
1550750 806
1550760 807
1550770 807
1550780 807
1550790 808
1550800 808
1550810 808
1550820 808
1550830 809
1550840 809
1550850 809
1550860 809
1550870 809
1550880 809
1550890 809
1550900 809
1550910 808
1550920 808
1550930 806
1550940 805
1550950 805
1550960 803
1550970 801
1550980 801
1550990 799
1551000 798
1551010 798
1551020 796
1551030 793
1551040 793
1551050 789
1551060 784
1551070 784
1551080 781
1551090 778
1551100 778
1551110 775
1551120 772
1551130 772
1551140 769
1551150 766
1551160 766
1551170 763
1551180 760
1551190 760
1551200 757
1551210 753
1551220 753
1551230 750
1551240 747
1551250 747
1551260 744
1551270 741
1551280 741
1551290 739
1551300 737
1551310 737
1551320 735
1551330 733
1551340 733
1551350 730
1551360 727
1551370 727
1551380 725
1551390 724
1551400 724
1551410 724
1551420 724
1551430 724
1551440 725
1551450 726
1551460 726
1551470 727
1551480 727
1551490 727
1551500 727
1551510 726
1551520 726
1551530 724
1551540 722
1551550 722
1551560 721
1551570 719
1551580 719
1551590 716
1551600 716
1551610 714
1551620 711
1551630 711
1551640 708
1551650 704
1551660 704
1551670 702
1551680 699
1551690 699
1551700 697
1551710 694
1551720 694
1551730 692
1551740 691
1551750 691
1551760 690
1551770 689
1551780 689
1551790 687
1551800 686
1551810 686
1551820 684
1551830 683
1551840 683
1551850 682
1551860 682
1551870 682
1551880 682
1551890 681
1551900 681
1551910 681
1551920 681
1551930 681
1551940 681
1551950 680
1551960 680
1551970 680
1551980 680
1551990 680
1552000 679
1552010 679
1552020 679
1552030 680
1552040 680
1552050 680
1552060 680
1552070 681
1552080 681
1552090 681
1552100 682
1552110 682
1552120 683
1552130 683
1552140 683
1552150 684
1552160 684
1552170 684
1552180 683
1552190 683
1552200 683
1552210 682
1552220 681
1552230 681
1552240 680
1552250 680
1552260 680
1552270 679
1552280 678
1552290 678
1552300 677
1552310 677
1552320 677
1552330 677
1552340 677
1552350 677
1552360 677
1552370 677
1552380 676
1552390 676
1552400 676
1552410 676
1552420 676
1552430 676
1552440 676
1552450 676
1552460 676
1552470 676
1552480 676
1552490 676
1552500 676
1552510 676
1552520 676
1552530 677
1552540 678
1552550 678
1552560 678
1552570 679
1552580 679
1552590 679
1552600 679
1552610 679
1552620 680
1552630 679
1552640 679
1552650 679
1552660 678
1552670 678
1552680 677
1552690 677
1552700 677
1552710 676
1552720 676
1552730 676
1552740 676
1552750 676
1552760 676
1552770 675
1552780 675
1552790 675
1552800 675
1552810 674
1552820 674
1552830 674
1552840 674
1552850 674
1552860 673
1552870 673
1552880 673
1552890 672
1552900 671
1552910 671
1552920 671
1552930 670
1552940 670
1552950 670
1552960 669
1552970 669
1552980 668
1552990 668
1553000 668
1553010 668
1553020 668
1553030 668
1553040 667
1553050 667
1553060 666
1553070 665
1553080 665
1553090 664
1553100 662
1553110 662
1553120 661
1553130 659
1553140 659
1553150 657
1553160 655
1553170 655
1553180 652
1553190 650
1553200 650
1553210 648
1553220 645
1553230 645
1553240 643
1553250 641
1553260 641
1553270 640
1553280 638
1553290 638
1553300 636
1553310 635
1553320 635
1553330 634
1553340 633
1553350 633
1553360 631
1553370 630
1553380 630
1553390 629
1553400 628
1553410 628
1553420 626
1553430 625
1553440 625
1553450 623
1553460 621
1553470 621
1553480 620
1553490 618
1553500 618
1553510 614
1553520 611
1553530 611
1553540 610
1553550 609
1553560 609
1553570 609
1553580 609
1553590 609
1553600 608
1553610 604
1553620 604
1553630 605
1553640 601
1553650 601
1553660 598
1553670 595
1553680 595
1553690 593
1553700 591
1553710 591
1553720 590
1553730 590
1553740 589
1553750 588
1553760 588
1553770 589
1553780 589
1553790 589
1553800 588
1553810 585
1553820 585
1553830 580
1553840 575
1553850 575
1553860 571
1553870 569
1553880 569
1553890 568
1553900 566
1553910 566
1553920 564
1553930 561
1553940 561
1553950 558
1553960 556
1553970 556
1553980 555
1553990 554
1554000 554
1554010 553
1554020 552
1554030 552
1554040 552
1554050 552
1554060 552
1554070 553
1554080 553
1554090 553
1554100 554
1554110 554
1554120 554
1554130 555
1554140 556
1554150 556
1554160 557
1554170 557
1554180 557
1554190 557
1554200 557
1554210 557
1554220 557
1554230 557
1554240 557
1554250 556
1554260 555
1554270 555
1554280 554
1554290 554
1554300 554
1554310 553
1554320 552
1554330 552
1554340 551
1554350 551
1554360 551
1554370 551
1554380 551
1554390 551
1554400 551
1554410 550
1554420 550
1554430 550
1554440 550
1554450 549
1554460 548
1554470 548
1554480 548
1554490 547
1554500 547
1554510 546
1554520 545
1554530 545
1554540 544
1554550 543
1554560 543
1554570 542
1554580 541
1554590 541
1554600 540
1554610 539
1554620 539
1554630 538
1554640 539
1554650 539
1554660 539
1554670 539
1554680 539
1554690 538
1554700 538
1554710 538
1554720 538
1554730 538
1554740 538
1554750 537
1554760 536
1554770 536
1554780 536
1554790 535
1554800 535
1554810 535
1554820 535
1554830 535
1554840 535
1554850 535
1554860 535
1554870 535
1554880 535
1554890 535
1554900 535
1554910 535
1554920 535
1554930 535
1554940 535
1554950 535
1554960 535
1554970 535
1554980 535
1554990 535
1555000 535
1555010 535
1555020 535
1555030 535
1555040 535
1555050 535
1555060 534
1555070 534
1555080 534
1555090 534
1555100 534
1555110 534
1555120 534
1555130 534
1555140 534
1555150 534
1555160 534
1555170 534
1555180 534
1555190 534
1555200 534
1555210 534
1555220 534
1555230 534
1555240 534
1555250 534
1555260 534
1555270 534
1555280 534
1555290 533
1555300 533
1555310 533
1555320 534
1555330 534
1555340 533
1555350 533
1555360 533
1555370 533
1555380 533
1555390 533
1555400 534
1555410 534
1555420 534
1555430 534
1555440 535
1555450 535
1555460 536
1555470 536
1555480 536
1555490 536
1555500 538
1555510 538
1555520 538
1555530 538
1555540 538
1555550 539
1555560 539
1555570 539
1555580 539
1555590 539
1555600 539
1555610 540
1555620 540
1555630 540
1555640 540
1555650 541
1555660 541
1555670 541
1555680 541
1555690 541
1555700 542
1555710 542
1555720 542
1555730 543
1555740 543
1555750 543
1555760 544
1555770 545
1555780 545
1555790 545
1555800 545
1555810 545
1555820 545
1555830 545
1555840 545
1555850 546
1555860 546
1555870 546
1555880 546
1555890 546
1555900 546
1555910 546
1555920 546
1555930 546
1555940 546
1555950 546
1555960 546
1555970 546
1555980 546
1555990 546
1556000 546
1556010 546
1556020 546
1556030 546
1556040 546
1556050 546
1556060 547
1556070 547
1556080 547
1556090 548
1556100 548
1556110 548
1556120 548
1556130 548
1556140 549
1556150 549
1556160 549
1556170 549
1556180 549
1556190 549
1556200 549
1556210 549
1556220 549
1556230 549
1556240 548
1556250 548
1556260 549
1556270 549
1556280 549
1556290 549
1556300 549
1556310 549
1556320 549
1556330 549
1556340 549
1556350 549
1556360 549
1556370 549
1556380 549
1556390 549
1556400 549
1556410 550
1556420 550
1556430 550
1556440 550
1556450 550
1556460 550
1556470 550
1556480 550
1556490 550
1556500 550
1556510 549
1556520 549
1556530 549
1556540 549
1556550 549
1556560 550
1556570 550
1556580 550
1556590 549
1556600 549
1556610 548
1556620 548
1556630 548
1556640 548
1556650 549
1556660 549
1556670 549
1556680 551
1556690 551
1556700 552
1556710 552
1556720 552
1556730 553
1556740 553
1556750 553
1556760 553
1556770 554
1556780 554
1556790 554
1556800 554
1556810 554
1556820 553
1556830 552
1556840 552
1556850 552
1556860 551
1556870 551
1556880 550
1556890 548
1556900 548
1556910 547
1556920 547
1556930 547
1556940 547
1556950 547
1556960 547
1556970 547
1556980 548
1556990 548
1557000 548
1557010 548
1557020 548
1557030 548
1557040 548
1557050 548
1557060 548
1557070 549
1557080 549
1557090 549
1557100 549
1557110 549
1557120 550
1557130 552
1557140 552
1557150 553
1557160 555
1557170 555
1557180 556
1557190 557
1557200 557
1557210 559
1557220 560
1557230 560
1557240 561
1557250 562
1557260 562
1557270 563
1557280 564
1557290 564
1557300 565
1557310 565
1557320 565
1557330 566
1557340 566
1557350 567
1557360 568
1557370 568
1557380 568
1557390 569
1557400 569
1557410 570
1557420 570
1557430 570
1557440 571
1557450 572
1557460 572
1557470 572
1557480 572
1557490 572
1557500 573
1557510 573
1557520 573
1557530 574
1557540 574
1557550 574
1557560 575
1557570 575
1557580 575
1557590 575
1557600 575
1557610 575
1557620 575
1557630 576
1557640 576
1557650 576
1557660 576
1557670 576
1557680 576
1557690 576
1557700 576
1557710 576
1557720 576
1557730 576
1557740 575
1557750 574
1557760 574
1557770 573
1557780 573
1557790 573
1557800 574
1557810 575
1557820 575
1557830 576
1557840 578
1557850 578
1557860 579
1557870 580
1557880 580
1557890 582
1557900 583
1557910 583
1557920 584
1557930 585
1557940 585
1557950 585
1557960 586
1557970 586
1557980 586
1557990 587
1558000 587
1558010 587
1558020 587
1558030 587
1558040 587
1558050 587
1558060 588
1558070 588
1558080 588
1558090 588
1558100 588
1558110 588
1558120 588
1558130 588
1558140 588
1558150 589
1558160 589
1558170 589
1558180 589
1558190 590
1558200 590
1558210 590
1558220 590
1558230 590
1558240 590
1558250 590
1558260 590
1558270 589
1558280 589
1558290 589
1558300 589
1558310 589
1558320 589
1558330 589
1558340 589
1558350 589
1558360 589
1558370 589
1558380 589
1558390 589
1558400 590
1558410 590
1558420 590
1558430 590
1558440 590
1558450 590
1558460 590
1558470 590
1558480 590
1558490 589
1558500 589
1558510 589
1558520 588
1558530 588
1558540 587
1558550 587
1558560 587
1558570 586
1558580 586
1558590 586
1558600 585
1558610 585
1558620 585
1558630 585
1558640 584
1558650 584
1558660 583
1558670 582
1558680 582
1558690 582
1558700 582
1558710 582
1558720 581
1558730 581
1558740 581
1558750 581
1558760 581
1558770 581
1558780 582
1558790 582
1558800 583
1558810 583
1558820 583
1558830 583
1558840 582
1558850 582
1558860 581
1558870 579
1558880 579
1558890 578
1558900 578
1558910 578
1558920 578
1558930 578
1558940 578
1558950 578
1558960 579
1558970 579
1558980 579
1558990 580
1559000 580
1559010 581
1559020 582
1559030 582
1559040 583
1559050 585
1559060 585
1559070 586
1559080 587
1559090 587
1559100 589
1559110 591
1559120 591
1559130 592
1559140 594
1559150 594
1559160 596
1559170 597
1559180 597
1559190 599
1559200 601
1559210 601
1559220 602
1559230 604
1559240 604
1559250 606
1559260 607
1559270 607
1559280 609
1559290 611
1559300 611
1559310 613
1559320 614
1559330 614
1559340 616
1559350 618
1559360 618
1559370 621
1559380 623
1559390 623
1559400 625
1559410 627
1559420 627
1559430 629
1559440 629
1559450 631
1559460 633
1559470 633
1559480 635
1559490 637
1559500 637
1559510 639
1559520 642
1559530 642
1559540 644
1559550 645
1559560 645
1559570 647
1559580 649
1559590 649
1559600 651
1559610 652
1559620 652
1559630 654
1559640 656
1559650 656
1559660 658
1559670 660
1559680 660
1559690 661
1559700 663
1559710 663
1559720 664
1559730 666
1559740 666
1559750 668
1559760 669
1559770 669
1559780 671
1559790 672
1559800 672
1559810 674
1559820 675
1559830 675
1559840 676
1559850 677
1559860 677
1559870 678
1559880 679
1559890 679
1559900 680
1559910 680
1559920 680
1559930 681
1559940 681
1559950 681
1559960 682
1559970 683
1559980 683
1559990 684
