1540000 757
1540010 757
1540020 756
1540030 756
1540040 756
1540050 756
1540060 757
1540070 757
1540080 757
1540090 757
1540100 757
1540110 757
1540120 757
1540130 757
1540140 757
1540150 757
1540160 757
1540170 756
1540180 756
1540190 756
1540200 755
1540210 755
1540220 755
1540230 754
1540240 753
1540250 753
1540260 753
1540270 752
1540280 752
1540290 752
1540300 751
1540310 751
1540320 751
1540330 750
1540340 750
1540350 749
1540360 749
1540370 748
1540380 747
1540390 747
1540400 746
1540410 745
1540420 745
1540430 744
1540440 743
1540450 743
1540460 741
1540470 740
1540480 740
1540490 739
1540500 737
1540510 737
1540520 735
1540530 734
1540540 734
1540550 733
1540560 733
1540570 733
1540580 732
1540590 731
1540600 731
1540610 730
1540620 728
1540630 728
1540640 727
1540650 726
1540660 726
1540670 725
1540680 724
1540690 724
1540700 722
1540710 720
1540720 720
1540730 719
1540740 716
1540750 716
1540760 714
1540770 711
1540780 711
1540790 709
1540800 707
1540810 707
1540820 704
1540830 702
1540840 702
1540850 700
1540860 699
1540870 699
1540880 698
1540890 696
1540900 696
1540910 694
1540920 693
1540930 693
1540940 691
1540950 689
1540960 689
1540970 687
1540980 684
1540990 684
1541000 683
1541010 683
1541020 681
1541030 680
1541040 680
1541050 679
1541060 678
1541070 678
1541080 676
1541090 675
1541100 675
1541110 673
1541120 672
1541130 672
1541140 670
1541150 669
1541160 669
1541170 668
1541180 666
1541190 666
1541200 664
1541210 661
1541220 661
1541230 656
1541240 652
1541250 652
1541260 648
1541270 645
1541280 645
1541290 643
1541300 642
1541310 642
1541320 641
1541330 640
1541340 640
1541350 639
1541360 638
1541370 638
1541380 637
1541390 636
1541400 636
1541410 635
1541420 634
1541430 634
1541440 632
1541450 631
1541460 631
1541470 629
1541480 628
1541490 628
1541500 627
1541510 627
1541520 627
1541530 626
1541540 624
1541550 624
1541560 623
1541570 624
1541580 624
1541590 624
1541600 624
1541610 624
1541620 624
1541630 625
1541640 625
1541650 625
1541660 626
1541670 626
1541680 627
1541690 627
1541700 627
1541710 627
1541720 627
1541730 628
1541740 628
1541750 628
1541760 627
1541770 627
1541780 627
1541790 626
1541800 625
1541810 625
1541820 623
1541830 621
1541840 621
1541850 619
1541860 617
1541870 617
1541880 615
1541890 614
1541900 614
1541910 612
1541920 611
1541930 611
1541940 610
1541950 609
1541960 609
1541970 607
1541980 605
1541990 605
1542000 603
1542010 602
1542020 602
1542030 602
1542040 602
1542050 602
1542060 602
1542070 602
1542080 602
1542090 602
1542100 602
1542110 602
1542120 603
1542130 603
1542140 603
1542150 603
1542160 603
1542170 603
1542180 602
1542190 601
1542200 601
1542210 600
1542220 598
1542230 598
1542240 596
1542250 593
1542260 593
1542270 591
1542280 588
1542290 588
1542300 585
1542310 583
1542320 583
1542330 580
1542340 580
1542350 578
1542360 575
1542370 575
1542380 573
1542390 571
1542400 571
1542410 570
1542420 569
1542430 569
1542440 568
1542450 567
1542460 567
1542470 567
1542480 567
1542490 567
1542500 567
1542510 568
1542520 568
1542530 570
1542540 571
1542550 571
1542560 571
1542570 571
1542580 571
1542590 571
1542600 571
1542610 571
1542620 571
1542630 570
1542640 570
1542650 569
1542660 568
1542670 568
1542680 567
1542690 566
1542700 566
1542710 564
1542720 562
1542730 562
1542740 559
1542750 555
1542760 555
1542770 552
1542780 550
1542790 550
1542800 547
1542810 547
1542820 547
1542830 547
1542840 548
1542850 548
1542860 549
1542870 550
1542880 550
1542890 552
1542900 554
1542910 554
1542920 555
1542930 557
1542940 557
1542950 558
1542960 560
1542970 560
1542980 562
1542990 564
1543000 564
1543010 565
1543020 565
1543030 567
1543040 568
1543050 568
1543060 570
1543070 571
1543080 571
1543090 573
1543100 574
1543110 574
1543120 576
1543130 578
1543140 578
1543150 580
1543160 582
1543170 582
1543180 583
1543190 585
1543200 585
1543210 587
1543220 589
1543230 589
1543240 591
1543250 592
1543260 592
1543270 593
1543280 595
1543290 595
1543300 597
1543310 599
1543320 599
1543330 600
1543340 601
1543350 601
1543360 602
1543370 604
1543380 604
1543390 605
1543400 607
1543410 607
1543420 608
1543430 609
1543440 609
1543450 611
1543460 612
1543470 612
1543480 614
1543490 616
1543500 616
1543510 617
1543520 619
1543530 619
1543540 621
1543550 622
1543560 622
1543570 624
1543580 625
1543590 625
1543600 627
1543610 630
1543620 630
1543630 632
1543640 634
1543650 634
1543660 636
1543670 636
1543680 637
1543690 639
1543700 639
1543710 641
1543720 644
1543730 644
1543740 646
1543750 649
1543760 649
1543770 652
1543780 655
1543790 655
1543800 658
1543810 661
1543820 661
1543830 665
1543840 668
1543850 668
1543860 672
1543870 675
1543880 675
1543890 678
1543900 681
1543910 681
1543920 683
1543930 686
1543940 686
1543950 689
1543960 692
1543970 692
1543980 693
1543990 691
1544000 691
1544010 688
1544020 683
1544030 683
1544040 679
1544050 674
1544060 674
1544070 671
1544080 667
1544090 667
1544100 664
1544110 662
1544120 662
1544130 661
1544140 661
1544150 661
1544160 660
1544170 659
1544180 659
1544190 659
1544200 658
1544210 658
1544220 658
1544230 658
1544240 658
1544250 658
1544260 658
1544270 658
1544280 658
1544290 659
1544300 659
1544310 660
1544320 661
1544330 661
1544340 662
1544350 662
1544360 663
1544370 664
1544380 664
1544390 664
1544400 665
1544410 665
1544420 664
1544430 664
1544440 664
1544450 663
1544460 663
1544470 663
1544480 662
1544490 662
1544500 662
1544510 661
1544520 661
1544530 661
1544540 660
1544550 660
1544560 660
1544570 660
1544580 660
1544590 660
1544600 660
1544610 661
1544620 661
1544630 662
1544640 663
1544650 663
1544660 663
1544670 664
1544680 664
1544690 664
1544700 665
1544710 665
1544720 666
1544730 667
1544740 667
1544750 668
1544760 670
1544770 670
1544780 671
1544790 672
1544800 672
1544810 673
1544820 675
1544830 675
1544840 676
1544850 678
1544860 678
1544870 679
1544880 681
1544890 681
1544900 683
1544910 684
1544920 684
1544930 686
1544940 688
1544950 688
1544960 690
1544970 692
1544980 692
1544990 694
1545000 694
1545010 695
1545020 697
1545030 697
1545040 698
1545050 700
1545060 700
1545070 701
1545080 702
1545090 702
1545100 704
1545110 705
1545120 705
1545130 706
1545140 707
1545150 707
1545160 708
1545170 709
1545180 709
1545190 711
1545200 712
1545210 712
1545220 711
1545230 711
1545240 711
1545250 711
1545260 711
1545270 711
1545280 711
1545290 711
1545300 711
1545310 711
1545320 710
1545330 710
1545340 710
1545350 709
1545360 709
1545370 708
1545380 706
1545390 706
1545400 705
1545410 703
1545420 703
1545430 700
1545440 698
1545450 698
1545460 696
1545470 694
1545480 694
1545490 692
1545500 691
1545510 691
1545520 690
1545530 688
1545540 688
1545550 687
1545560 685
1545570 685
1545580 684
1545590 683
1545600 683
1545610 682
1545620 681
1545630 681
1545640 680
1545650 679
1545660 679
1545670 678
1545680 678
1545690 676
1545700 675
1545710 675
1545720 674
1545730 672
1545740 672
1545750 671
1545760 671
1545770 671
1545780 670
1545790 669
1545800 669
1545810 668
1545820 667
1545830 667
1545840 666
1545850 664
1545860 664
1545870 662
1545880 662
1545890 662
1545900 663
1545910 662
1545920 662
1545930 661
1545940 660
1545950 660
1545960 659
1545970 658
1545980 658
1545990 658
1546000 657
1546010 657
1546020 657
1546030 657
1546040 657
1546050 657
1546060 657
1546070 657
1546080 657
1546090 658
1546100 658
1546110 661
1546120 663
1546130 663
1546140 665
1546150 669
1546160 669
1546170 671
1546180 673
1546190 673
1546200 674
1546210 676
1546220 676
1546230 677
1546240 678
1546250 678
1546260 679
1546270 679
1546280 679
1546290 680
1546300 681
1546310 681
1546320 682
1546330 682
1546340 682
1546350 682
1546360 682
1546370 682
1546380 682
1546390 682
1546400 681
1546410 681
1546420 681
1546430 680
1546440 679
1546450 679
1546460 677
1546470 676
1546480 676
1546490 675
1546500 673
1546510 673
1546520 672
1546530 670
1546540 670
1546550 668
1546560 666
1546570 666
1546580 664
1546590 662
1546600 662
1546610 659
1546620 658
1546630 658
1546640 657
1546650 655
1546660 655
1546670 654
1546680 652
1546690 652
1546700 651
1546710 650
1546720 650
1546730 649
1546740 647
1546750 647
1546760 646
1546770 646
1546780 646
1546790 645
1546800 644
1546810 644
1546820 643
1546830 642
1546840 642
1546850 641
1546860 640
1546870 640
1546880 639
1546890 638
1546900 638
1546910 637
1546920 636
1546930 636
1546940 636
1546950 635
1546960 635
1546970 635
1546980 634
1546990 634
1547000 633
1547010 633
1547020 632
1547030 632
1547040 632
1547050 632
1547060 632
1547070 632
1547080 633
1547090 633
1547100 633
1547110 633
1547120 633
1547130 632
1547140 631
1547150 631
1547160 631
1547170 629
1547180 628
1547190 628
1547200 626
1547210 625
1547220 625
1547230 623
1547240 619
1547250 619
1547260 616
1547270 612
1547280 612
1547290 609
1547300 608
1547310 608
1547320 607
1547330 606
1547340 606
1547350 605
1547360 604
1547370 604
1547380 602
1547390 601
1547400 601
1547410 600
1547420 599
1547430 599
1547440 598
1547450 596
1547460 596
1547470 596
1547480 596
1547490 596
1547500 596
1547510 596
1547520 596
1547530 596
1547540 596
1547550 596
1547560 597
1547570 598
1547580 598
1547590 599
1547600 600
1547610 600
1547620 601
1547630 603
1547640 603
1547650 605
1547660 605
1547670 608
1547680 610
1547690 610
1547700 613
1547710 615
1547720 615
1547730 618
1547740 622
1547750 622
1547760 625
1547770 628
1547780 628
1547790 631
1547800 634
1547810 634
1547820 637
1547830 639
1547840 639
1547850 641
1547860 643
1547870 643
1547880 645
1547890 647
1547900 647
1547910 649
1547920 650
1547930 650
1547940 652
1547950 653
1547960 653
1547970 654
1547980 655
1547990 655
1548000 655
1548010 655
1548020 655
1548030 655
1548040 655
1548050 655
1548060 654
1548070 654
1548080 654
1548090 653
1548100 653
1548110 653
1548120 652
1548130 651
1548140 651
1548150 651
1548160 650
1548170 650
1548180 649
1548190 648
1548200 648
1548210 647
1548220 646
1548230 646
1548240 645
1548250 644
1548260 644
1548270 643
1548280 641
1548290 641
1548300 640
1548310 639
1548320 639
1548330 637
1548340 637
1548350 636
1548360 634
1548370 634
1548380 633
1548390 632
1548400 632
1548410 632
1548420 631
1548430 631
1548440 631
1548450 630
1548460 630
1548470 630
1548480 629
1548490 629
1548500 629
1548510 629
1548520 629
1548530 628
1548540 628
1548550 628
1548560 628
1548570 627
1548580 627
1548590 627
1548600 626
1548610 626
1548620 626
1548630 625
1548640 625
1548650 625
1548660 624
1548670 624
1548680 624
1548690 623
1548700 623
1548710 623
1548720 622
1548730 622
1548740 622
1548750 621
1548760 621
1548770 621
1548780 621
1548790 621
1548800 620
1548810 620
1548820 620
1548830 619
1548840 618
1548850 618
1548860 618
1548870 617
1548880 617
1548890 616
1548900 615
1548910 615
1548920 614
1548930 613
1548940 613
1548950 613
1548960 612
1548970 612
1548980 611
1548990 611
1549000 612
1549010 615
1549020 615
1549030 617
1549040 620
1549050 620
1549060 622
1549070 624
1549080 624
1549090 625
1549100 627
1549110 627
1549120 628
1549130 629
1549140 629
1549150 630
1549160 631
1549170 631
1549180 631
1549190 630
1549200 630
1549210 629
1549220 629
1549230 629
1549240 628
1549250 628
1549260 628
1549270 627
1549280 627
1549290 627
1549300 625
1549310 624
1549320 624
1549330 622
1549340 620
1549350 620
1549360 618
1549370 617
1549380 617
1549390 616
1549400 616
1549410 616
1549420 615
1549430 615
1549440 615
1549450 616
1549460 616
1549470 616
1549480 616
1549490 616
1549500 616
1549510 617
1549520 617
1549530 617
1549540 617
1549550 616
1549560 616
1549570 616
1549580 616
1549590 616
1549600 616
1549610 616
1549620 616
1549630 616
1549640 617
1549650 617
1549660 616
1549670 616
1549680 616
1549690 615
1549700 615
1549710 615
1549720 614
1549730 614
1549740 614
1549750 613
1549760 613
1549770 612
1549780 611
1549790 611
1549800 611
1549810 610
1549820 610
1549830 610
1549840 609
1549850 609
1549860 608
1549870 607
1549880 607
1549890 607
1549900 606
1549910 606
1549920 605
1549930 604
1549940 604
1549950 603
1549960 602
1549970 602
1549980 601
1549990 600
1550000 600
1550010 598
1550020 596
1550030 596
1550040 594
1550050 591
1550060 591
1550070 589
1550080 588
1550090 588
1550100 587
1550110 587
1550120 587
1550130 587
1550140 588
1550150 588
1550160 588
1550170 589
1550180 589
1550190 590
1550200 590
1550210 590
1550220 590
1550230 591
1550240 591
1550250 591
1550260 591
1550270 591
1550280 591
1550290 590
1550300 590
1550310 590
1550320 590
1550330 589
1550340 588
1550350 588
1550360 588
1550370 587
1550380 587
1550390 586
1550400 585
1550410 585
1550420 584
1550430 583
1550440 583
1550450 582
1550460 581
1550470 581
1550480 580
1550490 579
1550500 579
1550510 578
1550520 578
1550530 578
1550540 576
1550550 575
1550560 575
1550570 574
1550580 573
1550590 573
1550600 572
1550610 571
1550620 571
1550630 569
1550640 568
1550650 568
1550660 567
1550670 565
1550680 565
1550690 563
1550700 561
1550710 561
1550720 559
1550730 558
1550740 558
1550750 557
1550760 557
1550770 557
1550780 556
1550790 556
1550800 556
1550810 555
1550820 555
1550830 555
1550840 555
1550850 554
1550860 554
1550870 554
1550880 554
1550890 554
1550900 554
1550910 554
1550920 554
1550930 553
1550940 553
1550950 553
1550960 553
1550970 553
1550980 553
1550990 553
1551000 553
1551010 553
1551020 553
1551030 553
1551040 553
1551050 552
1551060 552
1551070 552
1551080 552
1551090 552
1551100 552
1551110 552
1551120 552
1551130 552
1551140 554
1551150 554
1551160 557
1551170 561
1551180 564
1551190 566
1551200 566
1551210 566
1551220 566
1551230 566
1551240 566
1551250 566
1551260 565
1551270 565
1551280 563
1551290 561
1551300 561
1551310 559
1551320 558
1551330 558
1551340 557
1551350 557
1551360 557
1551370 557
1551380 558
1551390 558
1551400 558
1551410 559
1551420 559
1551430 560
1551440 562
1551450 562
1551460 565
1551470 567
1551480 567
1551490 570
1551500 572
1551510 572
1551520 575
1551530 577
1551540 577
1551550 579
1551560 581
1551570 581
1551580 583
1551590 585
1551600 585
1551610 587
1551620 588
1551630 588
1551640 589
1551650 589
1551660 591
1551670 592
1551680 592
1551690 593
1551700 594
1551710 594
1551720 595
1551730 596
1551740 596
1551750 597
1551760 598
1551770 598
1551780 599
1551790 599
1551800 599
1551810 599
1551820 600
1551830 600
1551840 600
1551850 601
1551860 601
1551870 601
1551880 601
1551890 601
1551900 600
1551910 600
1551920 600
1551930 600
1551940 599
1551950 599
1551960 599
1551970 598
1551980 598
1551990 598
1552000 597
1552010 597
1552020 597
1552030 596
1552040 596
1552050 595
1552060 595
1552070 595
1552080 595
1552090 594
1552100 594
1552110 594
1552120 594
1552130 594
1552140 595
1552150 595
1552160 595
1552170 596
1552180 596
1552190 596
1552200 597
1552210 597
1552220 597
1552230 598
1552240 598
1552250 598
1552260 599
1552270 599
1552280 599
1552290 599
1552300 599
1552310 599
1552320 599
1552330 599
1552340 600
1552350 600
1552360 600
1552370 600
1552380 600
1552390 600
1552400 601
1552410 601
1552420 601
1552430 602
1552440 603
1552450 603
1552460 603
1552470 603
1552480 603
1552490 604
1552500 604
1552510 604
1552520 605
1552530 605
1552540 605
1552550 606
1552560 606
1552570 606
1552580 606
1552590 607
1552600 607
1552610 607
1552620 608
1552630 608
1552640 608
1552650 609
1552660 609
1552670 609
1552680 609
1552690 609
1552700 609
1552710 609
1552720 609
1552730 610
1552740 611
1552750 611
1552760 611
1552770 612
1552780 612
1552790 612
1552800 612
1552810 612
1552820 612
1552830 612
1552840 612
1552850 612
1552860 612
1552870 612
1552880 613
1552890 613
1552900 613
1552910 613
1552920 613
1552930 613
1552940 613
1552950 613
1552960 613
1552970 614
1552980 614
1552990 614
1553000 614
1553010 614
1553020 614
1553030 614
1553040 614
1553050 614
1553060 614
1553070 614
1553080 614
1553090 614
1553100 614
1553110 614
1553120 614
1553130 614
1553140 614
1553150 614
1553160 614
1553170 613
1553180 613
1553190 613
1553200 612
1553210 611
1553220 611
1553230 610
1553240 609
1553250 609
1553260 608
1553270 607
1553280 607
1553290 606
1553300 605
1553310 605
1553320 604
1553330 604
1553340 604
1553350 604
1553360 604
1553370 604
1553380 605
1553390 607
1553400 607
1553410 608
1553420 609
1553430 609
1553440 609
1553450 610
1553460 610
1553470 611
1553480 612
1553490 612
1553500 613
1553510 613
1553520 613
1553530 613
1553540 614
1553550 614
1553560 613
1553570 612
1553580 612
1553590 611
1553600 611
1553610 611
1553620 610
1553630 609
1553640 609
1553650 608
1553660 608
1553670 608
1553680 607
1553690 607
1553700 607
1553710 608
1553720 608
1553730 608
1553740 608
1553750 608
1553760 609
1553770 610
1553780 610
1553790 611
1553800 611
1553810 611
1553820 612
1553830 613
1553840 613
1553850 613
1553860 614
1553870 614
1553880 614
1553890 615
1553900 615
1553910 615
1553920 616
1553930 616
1553940 616
1553950 617
1553960 617
1553970 617
1553980 618
1553990 618
1554000 619
1554010 620
1554020 620
1554030 620
1554040 621
1554050 621
1554060 623
1554070 624
1554080 624
1554090 625
1554100 626
1554110 626
1554120 627
1554130 628
1554140 628
1554150 629
1554160 631
1554170 631
1554180 632
1554190 633
1554200 633
1554210 634
1554220 636
1554230 636
1554240 638
1554250 639
1554260 639
1554270 641
1554280 642
1554290 642
1554300 643
1554310 643
1554320 645
1554330 646
1554340 646
1554350 647
1554360 649
1554370 649
1554380 650
1554390 652
1554400 652
1554410 653
1554420 655
1554430 655
1554440 656
1554450 658
1554460 658
1554470 659
1554480 661
1554490 661
1554500 662
1554510 663
1554520 663
1554530 665
1554540 666
1554550 666
1554560 668
1554570 669
1554580 669
1554590 670
1554600 671
1554610 671
1554620 673
1554630 674
1554640 674
1554650 675
1554660 676
1554670 676
1554680 678
1554690 679
1554700 679
1554710 680
1554720 680
1554730 680
1554740 681
1554750 682
1554760 682
1554770 682
1554780 683
1554790 683
1554800 684
1554810 685
1554820 685
1554830 687
1554840 688
1554850 688
1554860 689
1554870 690
1554880 690
1554890 690
1554900 691
1554910 691
1554920 691
1554930 692
1554940 692
1554950 692
1554960 693
1554970 693
1554980 693
1554990 693
1555000 696
1555010 696
1555020 696
1555030 696
1555040 696
1555050 696
1555060 696
1555070 696
1555080 696
1555090 697
1555100 697
1555110 697
1555120 697
1555130 698
1555140 698
1555150 698
1555160 699
1555170 699
1555180 700
1555190 700
1555200 700
1555210 701
1555220 702
1555230 702
1555240 702
1555250 702
1555260 702
1555270 702
1555280 702
1555290 702
1555300 703
1555310 705
1555320 705
1555330 707
1555340 708
1555350 708
1555360 710
1555370 711
1555380 711
1555390 712
1555400 713
1555410 713
1555420 714
1555430 715
1555440 715
1555450 717
1555460 718
1555470 718
1555480 719
1555490 719
1555500 719
1555510 719
1555520 718
1555530 718
1555540 718
1555550 717
1555560 717
1555570 716
1555580 714
1555590 714
1555600 714
1555610 713
1555620 713
1555630 712
1555640 712
1555650 712
1555660 712
1555670 712
1555680 713
1555690 714
1555700 714
1555710 714
1555720 713
1555730 713
1555740 713
1555750 711
1555760 711
1555770 706
1555780 703
1555790 703
1555800 701
1555810 699
1555820 699
1555830 699
1555840 699
1555850 699
1555860 698
1555870 698
1555880 698
1555890 698
1555900 697
1555910 697
1555920 696
1555930 696
1555940 696
1555950 698
1555960 699
1555970 699
1555980 701
1555990 701
1556000 701
1556010 702
1556020 703
1556030 703
1556040 703
1556050 704
1556060 704
1556070 705
1556080 706
1556090 706
1556100 707
1556110 708
1556120 708
1556130 709
1556140 710
1556150 710
1556160 711
1556170 712
1556180 712
1556190 713
1556200 714
1556210 714
1556220 716
1556230 716
1556240 716
1556250 717
1556260 719
1556270 719
1556280 719
1556290 720
1556300 720
1556310 722
1556320 722
1556330 723
1556340 724
1556350 724
1556360 726
1556370 727
1556380 727
1556390 728
1556400 729
1556410 729
1556420 730
1556430 732
1556440 732
1556450 733
1556460 733
1556470 733
1556480 734
1556490 736
1556500 736
1556510 737
1556520 738
1556530 738
1556540 739
1556550 740
1556560 740
1556570 741
1556580 743
1556590 743
1556600 744
1556610 745
1556620 745
1556630 746
1556640 747
1556650 747
1556660 748
1556670 750
1556680 750
1556690 751
1556700 752
1556710 752
1556720 753
1556730 755
1556740 755
1556750 756
1556760 758
1556770 758
1556780 760
1556790 763
1556800 763
1556810 764
1556820 766
1556830 766
1556840 770
1556850 771
1556860 771
1556870 773
1556880 775
1556890 775
1556900 777
1556910 779
1556920 779
1556930 781
1556940 782
1556950 782
1556960 784
1556970 784
1556980 786
1556990 788
1557000 788
1557010 790
1557020 793
1557030 793
1557040 795
1557050 797
1557060 797
1557070 799
1557080 801
1557090 801
1557100 804
1557110 805
1557120 805
1557130 808
1557140 810
1557150 810
1557160 812
1557170 813
1557180 813
1557190 816
1557200 817
1557210 817
1557220 819
1557230 821
1557240 821
1557250 824
1557260 826
1557270 826
1557280 828
1557290 830
1557300 830
1557310 832
1557320 834
1557330 834
1557340 836
1557350 838
1557360 838
1557370 840
1557380 843
1557390 843
1557400 845
1557410 847
1557420 847
1557430 849
1557440 851
1557450 851
1557460 853
1557470 855
1557480 855
1557490 857
1557500 859
1557510 859
1557520 860
1557530 862
1557540 862
1557550 865
1557560 867
1557570 867
1557580 869
1557590 872
1557600 872
1557610 875
1557620 878
1557630 878
1557640 880
1557650 880
1557660 883
1557670 886
1557680 886
1557690 888
1557700 891
1557710 891
1557720 893
1557730 896
1557740 896
1557750 898
1557760 900
1557770 900
1557780 902
1557790 904
1557800 904
1557810 906
1557820 907
1557830 907
1557840 909
1557850 910
1557860 910
1557870 912
1557880 913
1557890 913
1557900 914
1557910 915
1557920 915
1557930 916
1557940 917
1557950 917
1557960 917
1557970 918
1557980 918
1557990 918
1558000 919
1558010 919
1558020 919
1558030 919
1558040 919
1558050 919
1558060 919
1558070 919
1558080 919
1558090 918
1558100 918
1558110 918
1558120 918
1558130 918
1558140 918
1558150 918
1558160 918
1558170 918
1558180 917
1558190 917
1558200 916
1558210 915
1558220 915
1558230 914
1558240 913
1558250 913
1558260 913
1558270 912
1558280 912
1558290 912
1558300 912
1558310 911
1558320 911
1558330 911
1558340 910
1558350 909
1558360 909
1558370 907
1558380 906
1558390 906
1558400 905
1558410 904
1558420 904
1558430 903
1558440 902
1558450 902
1558460 901
1558470 900
1558480 900
1558490 898
1558500 897
1558510 897
1558520 896
1558530 895
1558540 895
1558550 894
1558560 892
1558570 892
1558580 891
1558590 889
1558600 889
1558610 888
1558620 887
1558630 886
1558640 885
1558650 884
1558660 884
1558670 883
1558680 881
1558690 881
1558700 879
1558710 877
1558720 877
1558730 876
1558740 875
1558750 875
1558760 874
1558770 873
1558780 873
1558790 872
1558800 871
1558810 871
1558820 870
1558830 869
1558840 869
1558850 868
1558860 867
1558870 867
1558880 867
1558890 866
1558900 866
1558910 865
1558920 864
1558930 864
1558940 863
1558950 862
1558960 862
1558970 862
1558980 862
1558990 861
1559000 861
1559010 861
1559020 860
1559030 859
1559040 859
1559050 859
1559060 858
1559070 858
1559080 858
1559090 857
1559100 857
1559110 857
1559120 857
1559130 857
1559140 856
1559150 856
1559160 856
1559170 855
1559180 855
1559190 855
1559200 854
1559210 853
1559220 853
1559230 853
1559240 852
1559250 852
1559260 852
1559270 852
1559280 852
1559290 852
1559300 851
1559310 851
1559320 851
1559330 850
1559340 850
1559350 850
1559360 849
1559370 849
1559380 849
1559390 848
1559400 848
1559410 848
1559420 847
1559430 847
1559440 847
1559450 846
1559460 846
1559470 846
1559480 845
1559490 845
1559500 845
1559510 844
1559520 844
1559530 843
1559540 843
1559550 843
1559560 843
1559570 842
1559580 842
1559590 841
1559600 841
1559610 841
1559620 840
1559630 840
1559640 840
1559650 839
1559660 839
1559670 838
1559680 838
1559690 838
1559700 837
1559710 837
1559720 837
1559730 836
1559740 836
1559750 836
1559760 835
1559770 835
1559780 835
1559790 835
1559800 834
1559810 834
1559820 833
1559830 833
1559840 833
1559850 832
1559860 832
1559870 832
1559880 831
1559890 831
1559900 831
1559910 830
1559920 830
1559930 830
1559940 829
1559950 829
1559960 829
1559970 828
1559980 828
1559990 828
