1540000 660
1540010 660
1540020 659
1540030 659
1540040 659
1540050 658
1540060 658
1540070 658
1540080 658
1540090 658
1540100 658
1540110 658
1540120 658
1540130 657
1540140 657
1540150 657
1540160 657
1540170 657
1540180 657
1540190 657
1540200 657
1540210 657
1540220 657
1540230 656
1540240 656
1540250 656
1540260 656
1540270 656
1540280 655
1540290 655
1540300 655
1540310 655
1540320 654
1540330 654
1540340 654
1540350 654
1540360 654
1540370 654
1540380 654
1540390 654
1540400 653
1540410 653
1540420 653
1540430 652
1540440 652
1540450 652
1540460 651
1540470 649
1540480 649
1540490 648
1540500 648
1540510 648
1540520 647
1540530 647
1540540 647
1540550 646
1540560 646
1540570 646
1540580 645
1540590 645
1540600 645
1540610 644
1540620 644
1540630 643
1540640 642
1540650 642
1540660 640
1540670 639
1540680 639
1540690 638
1540700 637
1540710 637
1540720 636
1540730 635
1540740 635
1540750 635
1540760 634
1540770 634
1540780 634
1540790 633
1540800 633
1540810 633
1540820 632
1540830 632
1540840 631
1540850 630
1540860 630
1540870 629
1540880 628
1540890 628
1540900 627
1540910 625
1540920 625
1540930 624
1540940 623
1540950 623
1540960 622
1540970 621
1540980 621
1540990 621
1541000 620
1541010 620
1541020 620
1541030 619
1541040 619
1541050 619
1541060 618
1541070 618
1541080 617
1541090 616
1541100 616
1541110 616
1541120 615
1541130 615
1541140 615
1541150 616
1541160 616
1541170 616
1541180 617
1541190 617
1541200 619
1541210 619
1541220 619
1541230 620
1541240 620
1541250 622
1541260 623
1541270 623
1541280 624
1541290 625
1541300 625
1541310 626
1541320 627
1541330 627
1541340 629
1541350 630
1541360 630
1541370 630
1541380 631
1541390 631
1541400 632
1541410 632
1541420 632
1541430 633
1541440 634
1541450 634
1541460 635
1541470 635
1541480 635
1541490 636
1541500 637
1541510 637
1541520 637
1541530 638
1541540 638
1541550 639
1541560 639
1541570 639
1541580 640
1541590 641
1541600 641
1541610 642
1541620 642
1541630 642
1541640 643
1541650 644
1541660 644
1541670 645
1541680 646
1541690 646
1541700 647
1541710 648
1541720 648
1541730 649
1541740 649
1541750 649
1541760 649
1541770 649
1541780 649
1541790 649
1541800 648
1541810 648
1541820 647
1541830 646
1541840 646
1541850 646
1541860 646
1541870 645
1541880 645
1541890 645
1541900 644
1541910 643
1541920 643
1541930 642
1541940 642
1541950 642
1541960 642
1541970 642
1541980 642
1541990 641
1542000 641
1542010 641
1542020 641
1542030 641
1542040 641
1542050 641
1542060 640
1542070 640
1542080 640
1542090 639
1542100 639
1542110 639
1542120 639
1542130 639
1542140 639
1542150 638
1542160 638
1542170 638
1542180 638
1542190 638
1542200 638
1542210 638
1542220 638
1542230 637
1542240 637
1542250 637
1542260 636
1542270 636
1542280 636
1542290 635
1542300 635
1542310 635
1542320 634
1542330 634
1542340 634
1542350 634
1542360 634
1542370 634
1542380 633
1542390 633
1542400 633
1542410 633
1542420 633
1542430 633
1542440 633
1542450 633
1542460 633
1542470 633
1542480 633
1542490 633
1542500 633
1542510 633
1542520 634
1542530 634
1542540 634
1542550 635
1542560 636
1542570 636
1542580 636
1542590 637
1542600 637
1542610 638
1542620 638
1542630 638
1542640 639
1542650 639
1542660 639
1542670 640
1542680 640
1542690 640
1542700 641
1542710 642
1542720 642
1542730 643
1542740 643
1542750 643
1542760 644
1542770 645
1542780 645
1542790 645
1542800 646
1542810 646
1542820 647
1542830 648
1542840 648
1542850 648
1542860 649
1542870 649
1542880 650
1542890 650
1542900 650
1542910 651
1542920 652
1542930 652
1542940 653
1542950 654
1542960 654
1542970 655
1542980 655
1542990 655
1543000 656
1543010 657
1543020 657
1543030 657
1543040 659
1543050 659
1543060 660
1543070 661
1543080 661
1543090 662
1543100 664
1543110 664
1543120 665
1543130 665
1543140 666
1543150 667
1543160 667
1543170 668
1543180 669
1543190 669
1543200 670
1543210 670
1543220 670
1543230 670
1543240 670
1543250 670
1543260 669
1543270 668
1543280 668
1543290 668
1543300 668
1543310 668
1543320 667
1543330 667
1543340 667
1543350 666
1543360 665
1543370 665
1543380 664
1543390 663
1543400 663
1543410 662
1543420 661
1543430 661
1543440 659
1543450 659
1543460 659
1543470 657
1543480 655
1543490 655
1543500 653
1543510 651
1543520 651
1543530 648
1543540 645
1543550 645
1543560 643
1543570 641
1543580 641
1543590 639
1543600 638
1543610 638
1543620 637
1543630 636
1543640 636
1543650 634
1543660 633
1543670 633
1543680 632
1543690 631
1543700 631
1543710 629
1543720 628
1543730 628
1543740 627
1543750 626
1543760 626
1543770 625
1543780 625
1543790 625
1543800 624
1543810 624
1543820 624
1543830 624
1543840 624
1543850 624
1543860 624
1543870 624
1543880 624
1543890 623
1543900 623
1543910 623
1543920 622
1543930 622
1543940 622
1543950 621
1543960 621
1543970 621
1543980 620
1543990 620
1544000 620
1544010 619
1544020 619
1544030 618
1544040 618
1544050 618
1544060 617
1544070 616
1544080 616
1544090 615
1544100 614
1544110 614
1544120 613
1544130 612
1544140 612
1544150 612
1544160 611
1544170 611
1544180 610
1544190 610
1544200 610
1544210 609
1544220 608
1544230 608
1544240 607
1544250 607
1544260 607
1544270 606
1544280 606
1544290 606
1544300 605
1544310 605
1544320 605
1544330 605
1544340 604
1544350 604
1544360 603
1544370 603
1544380 603
1544390 602
1544400 602
1544410 602
1544420 602
1544430 602
1544440 602
1544450 603
1544460 603
1544470 603
1544480 603
1544490 603
1544500 603
1544510 603
1544520 603
1544530 603
1544540 602
1544550 602
1544560 602
1544570 601
1544580 601
1544590 600
1544600 599
1544610 599
1544620 598
1544630 597
1544640 597
1544650 596
1544660 596
1544670 596
1544680 595
1544690 594
1544700 594
1544710 594
1544720 594
1544730 594
1544740 595
1544750 596
1544760 596
1544770 596
1544780 597
1544790 597
1544800 597
1544810 598
1544820 598
1544830 598
1544840 598
1544850 598
1544860 598
1544870 598
1544880 598
1544890 598
1544900 599
1544910 599
1544920 599
1544930 600
1544940 600
1544950 600
1544960 600
1544970 600
1544980 601
1544990 601
1545000 601
1545010 601
1545020 602
1545030 602
1545040 602
1545050 602
1545060 603
1545070 605
1545080 605
1545090 606
1545100 606
1545110 606
1545120 606
1545130 606
1545140 606
1545150 606
1545160 606
1545170 606
1545180 606
1545190 606
1545200 606
1545210 606
1545220 605
1545230 605
1545240 605
1545250 604
1545260 604
1545270 604
1545280 603
1545290 603
1545300 603
1545310 602
1545320 602
1545330 601
1545340 601
1545350 601
1545360 600
1545370 599
1545380 599
1545390 598
1545400 598
1545410 598
1545420 597
1545430 597
1545440 597
1545450 596
1545460 596
1545470 596
1545480 596
1545490 595
1545500 595
1545510 594
1545520 593
1545530 593
1545540 593
1545550 592
1545560 592
1545570 592
1545580 591
1545590 591
1545600 591
1545610 590
1545620 590
1545630 588
1545640 588
1545650 588
1545660 587
1545670 586
1545680 586
1545690 586
1545700 586
1545710 585
1545720 585
1545730 585
1545740 585
1545750 584
1545760 584
1545770 584
1545780 584
1545790 584
1545800 584
1545810 584
1545820 584
1545830 585
1545840 585
1545850 585
1545860 585
1545870 586
1545880 586
1545890 586
1545900 587
1545910 587
1545920 587
1545930 587
1545940 587
1545950 587
1545960 587
1545970 587
1545980 587
1545990 587
1546000 587
1546010 587
1546020 587
1546030 587
1546040 587
1546050 587
1546060 587
1546070 587
1546080 587
1546090 587
1546100 587
1546110 587
1546120 587
1546130 587
1546140 587
1546150 587
1546160 586
1546170 586
1546180 586
1546190 586
1546200 585
1546210 585
1546220 585
1546230 585
1546240 585
1546250 585
1546260 585
1546270 585
1546280 584
1546290 584
1546300 584
1546310 584
1546320 584
1546330 584
1546340 584
1546350 584
1546360 583
1546370 583
1546380 583
1546390 582
1546400 582
1546410 582
1546420 582
1546430 581
1546440 581
1546450 581
1546460 581
1546470 581
1546480 580
1546490 580
1546500 580
1546510 579
1546520 579
1546530 579
1546540 578
1546550 578
1546560 578
1546570 578
1546580 577
1546590 577
1546600 577
1546610 577
1546620 577
1546630 576
1546640 576
1546650 576
1546660 575
1546670 573
1546680 573
1546690 572
1546700 571
1546710 571
1546720 571
1546730 571
1546740 571
1546750 571
1546760 571
1546770 571
1546780 571
1546790 571
1546800 571
1546810 571
1546820 571
1546830 571
1546840 571
1546850 571
1546860 571
1546870 571
1546880 572
1546890 572
1546900 572
1546910 574
1546920 574
1546930 577
1546940 579
1546950 579
1546960 580
1546970 580
1546980 581
1546990 583
1547000 583
1547010 584
1547020 585
1547030 585
1547040 586
1547050 587
1547060 587
1547070 588
1547080 589
1547090 589
1547100 590
1547110 591
1547120 591
1547130 592
1547140 593
1547150 593
1547160 594
1547170 595
1547180 595
1547190 596
1547200 597
1547210 597
1547220 598
1547230 599
1547240 599
1547250 600
1547260 601
1547270 601
1547280 601
1547290 602
1547300 602
1547310 602
1547320 603
1547330 603
1547340 603
1547350 603
1547360 603
1547370 603
1547380 604
1547390 604
1547400 604
1547410 605
1547420 605
1547430 605
1547440 605
1547450 605
1547460 606
1547470 606
1547480 606
1547490 607
1547500 608
1547510 608
1547520 608
1547530 609
1547540 609
1547550 609
1547560 610
1547570 610
1547580 610
1547590 610
1547600 610
1547610 610
1547620 610
1547630 611
1547640 611
1547650 611
1547660 611
1547670 611
1547680 611
1547690 611
1547700 611
1547710 611
1547720 610
1547730 610
1547740 610
1547750 610
1547760 610
1547770 610
1547780 609
1547790 609
1547800 609
1547810 609
1547820 609
1547830 609
1547840 609
1547850 609
1547860 609
1547870 609
1547880 609
1547890 609
1547900 609
1547910 609
1547920 609
1547930 609
1547940 609
1547950 609
1547960 609
1547970 609
1547980 609
1547990 609
1548000 609
1548010 609
1548020 609
1548030 609
1548040 609
1548050 609
1548060 609
1548070 609
1548080 609
1548090 609
1548100 609
1548110 608
1548120 608
1548130 608
1548140 608
1548150 608
1548160 608
1548170 608
1548180 607
1548190 607
1548200 606
1548210 606
1548220 606
1548230 606
1548240 606
1548250 605
1548260 604
1548270 604
1548280 604
1548290 605
1548300 605
1548310 605
1548320 607
1548330 607
1548340 607
1548350 608
1548360 608
1548370 607
1548380 607
1548390 607
1548400 607
1548410 607
1548420 607
1548430 607
1548440 608
1548450 608
1548460 608
1548470 608
1548480 608
1548490 608
1548500 608
1548510 608
1548520 609
1548530 609
1548540 609
1548550 610
1548560 610
1548570 610
1548580 610
1548590 610
1548600 610
1548610 610
1548620 611
1548630 611
1548640 611
1548650 611
1548660 611
1548670 611
1548680 611
1548690 611
1548700 612
1548710 612
1548720 612
1548730 612
1548740 612
1548750 612
1548760 612
1548770 613
1548780 613
1548790 613
1548800 613
1548810 613
1548820 613
1548830 613
1548840 613
1548850 613
1548860 613
1548870 613
1548880 613
1548890 613
1548900 613
1548910 613
1548920 613
1548930 613
1548940 613
1548950 613
1548960 613
1548970 613
1548980 613
1548990 612
1549000 612
1549010 612
1549020 611
1549030 610
1549040 610
1549050 609
1549060 608
1549070 608
1549080 607
1549090 606
1549100 606
1549110 605
1549120 604
1549130 604
1549140 602
1549150 600
1549160 600
1549170 598
1549180 597
1549190 597
1549200 594
1549210 591
1549220 590
1549230 588
1549240 586
1549250 586
1549260 586
1549270 586
1549280 586
1549290 586
1549300 587
1549310 587
1549320 587
1549330 587
1549340 587
1549350 587
1549360 587
1549370 587
1549380 587
1549390 587
1549400 587
1549410 586
1549420 586
1549430 586
1549440 586
1549450 587
1549460 587
1549470 587
1549480 588
1549490 588
1549500 588
1549510 588
1549520 588
1549530 588
1549540 588
1549550 588
1549560 588
1549570 588
1549580 588
1549590 588
1549600 588
1549610 588
1549620 588
1549630 588
1549640 588
1549650 588
1549660 588
1549670 588
1549680 588
1549690 588
1549700 588
1549710 588
1549720 588
1549730 588
1549740 589
1549750 589
1549760 589
1549770 589
1549780 589
1549790 589
1549800 590
1549810 590
1549820 590
1549830 590
1549840 590
1549850 591
1549860 591
1549870 591
1549880 592
1549890 592
1549900 592
1549910 593
1549920 593
1549930 593
1549940 593
1549950 593
1549960 593
1549970 594
1549980 594
1549990 594
1550000 595
1550010 595
1550020 595
1550030 596
1550040 596
1550050 596
1550060 597
1550070 597
1550080 597
1550090 598
1550100 598
1550110 598
1550120 599
1550130 599
1550140 599
1550150 599
1550160 599
1550170 599
1550180 600
1550190 600
1550200 600
1550210 600
1550220 600
1550230 600
1550240 600
1550250 600
1550260 601
1550270 601
1550280 601
1550290 601
1550300 602
1550310 602
1550320 604
1550330 607
1550340 607
1550350 608
1550360 609
1550370 609
1550380 609
1550390 609
1550400 609
1550410 610
1550420 610
1550430 610
1550440 610
1550450 611
1550460 611
1550470 612
1550480 615
1550490 615
1550500 617
1550510 619
1550520 619
1550530 621
1550540 622
1550550 622
1550560 623
1550570 624
1550580 624
1550590 625
1550600 625
1550610 625
1550620 626
1550630 627
1550640 627
1550650 627
1550660 628
1550670 628
1550680 628
1550690 629
1550700 629
1550710 629
1550720 629
1550730 629
1550740 629
1550750 630
1550760 630
1550770 631
1550780 631
1550790 632
1550800 633
1550810 633
1550820 634
1550830 634
1550840 634
1550850 635
1550860 636
1550870 636
1550880 637
1550890 638
1550900 638
1550910 639
1550920 640
1550930 640
1550940 640
1550950 641
1550960 641
1550970 642
1550980 643
1550990 643
1551000 644
1551010 646
1551020 646
1551030 647
1551040 648
1551050 648
1551060 650
1551070 651
1551080 651
1551090 652
1551100 654
1551110 654
1551120 655
1551130 656
1551140 656
1551150 658
1551160 659
1551170 659
1551180 660
1551190 662
1551200 662
1551210 664
1551220 665
1551230 665
1551240 666
1551250 667
1551260 667
1551270 669
1551280 670
1551290 670
1551300 670
1551310 671
1551320 671
1551330 672
1551340 673
1551350 673
1551360 675
1551370 675
1551380 675
1551390 676
1551400 677
1551410 677
1551420 678
1551430 678
1551440 679
1551450 680
1551460 680
1551470 680
1551480 681
1551490 681
1551500 682
1551510 683
1551520 683
1551530 684
1551540 684
1551550 684
1551560 685
1551570 687
1551580 687
1551590 688
1551600 688
1551610 688
1551620 689
1551630 690
1551640 690
1551650 691
1551660 692
1551670 692
1551680 692
1551690 692
1551700 692
1551710 692
1551720 692
1551730 692
1551740 692
1551750 692
1551760 692
1551770 691
1551780 691
1551790 691
1551800 691
1551810 690
1551820 690
1551830 690
1551840 691
1551850 691
1551860 692
1551870 692
1551880 692
1551890 692
1551900 693
1551910 693
1551920 693
1551930 694
1551940 694
1551950 694
1551960 695
1551970 695
1551980 695
1551990 696
1552000 696
1552010 697
1552020 698
1552030 698
1552040 698
1552050 698
1552060 699
1552070 700
1552080 700
1552090 701
1552100 702
1552110 702
1552120 703
1552130 705
1552140 705
1552150 706
1552160 707
1552170 707
1552180 708
1552190 709
1552200 709
1552210 710
1552220 711
1552230 711
1552240 712
1552250 714
1552260 714
1552270 715
1552280 717
1552290 717
1552300 718
1552310 720
1552320 720
1552330 722
1552340 724
1552350 724
1552360 726
1552370 727
1552380 727
1552390 729
1552400 730
1552410 730
1552420 731
1552430 733
1552440 733
1552450 734
1552460 736
1552470 736
1552480 737
1552490 739
1552500 739
1552510 740
1552520 741
1552530 741
1552540 742
1552550 744
1552560 744
1552570 745
1552580 746
1552590 746
1552600 748
1552610 749
1552620 749
1552630 749
1552640 749
1552650 749
1552660 748
1552670 746
1552680 746
1552690 745
1552700 745
1552710 742
1552720 739
1552730 739
1552740 736
1552750 734
1552760 734
1552770 732
1552780 731
1552790 731
1552800 730
1552810 729
1552820 729
1552830 728
1552840 727
1552850 727
1552860 727
1552870 728
1552880 728
1552890 728
1552900 729
1552910 729
1552920 728
1552930 729
1552940 729
1552950 730
1552960 731
1552970 731
1552980 732
1552990 733
1553000 733
1553010 734
1553020 735
1553030 735
1553040 736
1553050 738
1553060 738
1553070 741
1553080 743
1553090 743
1553100 744
1553110 746
1553120 746
1553130 748
1553140 752
1553150 752
1553160 754
1553170 756
1553180 756
1553190 758
1553200 760
1553210 760
1553220 762
1553230 764
1553240 764
1553250 766
1553260 768
1553270 768
1553280 770
1553290 772
1553300 772
1553310 774
1553320 776
1553330 776
1553340 778
1553350 778
1553360 781
1553370 783
1553380 783
1553390 786
1553400 789
1553410 789
1553420 792
1553430 795
1553440 795
1553450 798
1553460 801
1553470 801
1553480 803
1553490 807
1553500 807
1553510 810
1553520 813
1553530 813
1553540 815
1553550 818
1553560 818
1553570 821
1553580 824
1553590 824
1553600 826
1553610 828
1553620 828
1553630 830
1553640 833
1553650 833
1553660 835
1553670 837
1553680 837
1553690 840
1553700 841
1553710 841
1553720 843
1553730 844
1553740 844
1553750 845
1553760 847
1553770 847
1553780 848
1553790 849
1553800 849
1553810 850
1553820 851
1553830 851
1553840 851
1553850 852
1553860 852
1553870 852
1553880 852
1553890 852
1553900 852
1553910 853
1553920 853
1553930 853
1553940 854
1553950 854
1553960 855
1553970 855
1553980 855
1553990 856
1554000 856
1554010 857
1554020 858
1554030 858
1554040 859
1554050 860
1554060 860
1554070 860
1554080 860
1554090 860
1554100 859
1554110 858
1554120 858
1554130 857
1554140 855
1554150 855
1554160 852
1554170 850
1554180 850
1554190 848
1554200 846
1554210 846
1554220 845
1554230 843
1554240 843
1554250 841
1554260 838
1554270 838
1554280 837
1554290 836
1554300 836
1554310 834
1554320 834
1554330 834
1554340 833
1554350 832
1554360 832
1554370 832
1554380 832
1554390 832
1554400 831
1554410 832
1554420 832
1554430 832
1554440 833
1554450 833
1554460 834
1554470 835
1554480 835
1554490 837
1554500 840
1554510 840
1554520 842
1554530 844
1554540 844
1554550 846
1554560 849
1554570 849
1554580 851
1554590 852
1554600 852
1554610 854
1554620 854
1554630 856
1554640 859
1554650 859
1554660 861
1554670 863
1554680 863
1554690 865
1554700 868
1554710 868
1554720 870
1554730 873
1554740 873
1554750 877
1554760 880
1554770 880
1554780 884
1554790 888
1554800 888
1554810 891
1554820 894
1554830 894
1554840 898
1554850 901
1554860 901
1554870 905
1554880 908
1554890 908
1554900 911
1554910 914
1554920 914
1554930 916
1554940 918
1554950 918
1554960 921
1554970 923
1554980 923
1554990 926
1555000 928
1555010 928
1555020 930
1555030 932
1555040 932
1555050 934
1555060 936
1555070 936
1555080 938
1555090 940
1555100 940
1555110 942
1555120 944
1555130 944
1555140 946
1555150 947
1555160 947
1555170 948
1555180 950
1555190 950
1555200 951
1555210 953
1555220 953
1555230 955
1555240 955
1555250 956
1555260 957
1555270 957
1555280 958
1555290 959
1555300 959
1555310 961
1555320 963
1555330 963
1555340 965
1555350 966
1555360 966
1555370 968
1555380 969
1555390 969
1555400 970
1555410 971
1555420 971
1555430 972
1555440 973
1555450 973
1555460 974
1555470 975
1555480 975
1555490 976
1555500 976
1555510 976
1555520 977
1555530 978
1555540 978
1555550 978
1555560 979
1555570 979
1555580 980
1555590 981
1555600 981
1555610 981
1555620 982
1555630 982
1555640 982
1555650 983
1555660 983
1555670 983
1555680 984
1555690 984
1555700 984
1555710 984
1555720 984
1555730 985
1555740 985
1555750 985
1555760 985
1555770 985
1555780 985
1555790 985
1555800 985
1555810 985
1555820 985
1555830 986
1555840 986
1555850 986
1555860 986
1555870 986
1555880 986
1555890 986
1555900 987
1555910 987
1555920 987
1555930 987
1555940 988
1555950 988
1555960 988
1555970 988
1555980 988
1555990 989
1556000 989
1556010 989
1556020 989
1556030 989
1556040 989
1556050 990
1556060 990
1556070 990
1556080 990
1556090 990
1556100 990
1556110 990
1556120 991
1556130 991
1556140 991
1556150 991
1556160 991
1556170 991
1556180 991
1556190 991
1556200 991
1556210 991
1556220 991
1556230 991
1556240 991
1556250 991
1556260 991
1556270 991
1556280 991
1556290 991
1556300 991
1556310 991
1556320 991
1556330 991
1556340 991
1556350 991
1556360 991
1556370 991
1556380 991
1556390 991
1556400 991
1556410 990
1556420 990
1556430 990
1556440 990
1556450 990
1556460 990
1556470 990
1556480 990
1556490 990
1556500 989
1556510 989
1556520 989
1556530 989
1556540 989
1556550 989
1556560 988
1556570 988
1556580 988
1556590 988
1556600 988
1556610 987
1556620 987
1556630 987
1556640 987
1556650 987
1556660 987
1556670 986
1556680 986
1556690 986
1556700 986
1556710 985
1556720 985
1556730 985
1556740 984
1556750 984
1556760 984
1556770 983
1556780 983
1556790 983
1556800 982
1556810 982
1556820 982
1556830 981
1556840 981
1556850 981
1556860 981
1556870 981
1556880 980
1556890 979
1556900 979
1556910 979
1556920 978
1556930 978
1556940 977
1556950 977
1556960 977
1556970 976
1556980 975
1556990 975
1557000 974
1557010 973
1557020 973
1557030 972
1557040 971
1557050 971
1557060 970
1557070 969
1557080 969
1557090 968
1557100 967
1557110 967
1557120 966
1557130 965
1557140 965
1557150 964
1557160 964
1557170 963
1557180 962
1557190 962
1557200 961
1557210 960
1557220 960
1557230 959
1557240 957
1557250 957
1557260 956
1557270 955
1557280 955
1557290 953
1557300 952
1557310 952
1557320 951
1557330 949
1557340 949
1557350 947
1557360 945
1557370 945
1557380 942
1557390 940
1557400 940
1557410 937
1557420 934
1557430 934
1557440 933
1557450 931
1557460 931
1557470 929
1557480 929
1557490 929
1557500 928
1557510 927
1557520 927
1557530 926
1557540 926
1557550 926
1557560 925
1557570 925
1557580 925
1557590 924
1557600 924
1557610 924
1557620 924
1557630 923
1557640 923
1557650 923
1557660 923
1557670 923
1557680 923
1557690 922
1557700 922
1557710 922
1557720 922
1557730 922
1557740 922
1557750 921
1557760 921
1557770 921
1557780 920
1557790 920
1557800 920
1557810 920
1557820 920
1557830 919
1557840 919
1557850 919
1557860 919
1557870 919
1557880 918
1557890 918
1557900 918
1557910 917
1557920 917
1557930 917
1557940 916
1557950 915
1557960 915
1557970 915
1557980 914
1557990 914
1558000 913
1558010 912
1558020 912
1558030 911
1558040 910
1558050 910
1558060 910
1558070 909
1558080 909
1558090 909
1558100 908
1558110 908
1558120 908
1558130 907
1558140 907
1558150 906
1558160 906
1558170 906
1558180 905
1558190 905
1558200 905
1558210 904
1558220 904
1558230 904
1558240 903
1558250 903
1558260 903
1558270 902
1558280 902
1558290 902
1558300 901
1558310 900
1558320 900
1558330 900
1558340 899
1558350 899
1558360 899
1558370 898
1558380 898
1558390 897
1558400 897
1558410 897
1558420 896
1558430 896
1558440 895
1558450 894
1558460 894
1558470 894
1558480 893
1558490 893
1558500 893
1558510 892
1558520 892
1558530 891
1558540 890
1558550 890
1558560 890
1558570 889
1558580 889
1558590 888
1558600 887
1558610 887
1558620 886
1558630 885
1558640 885
1558650 883
1558660 882
1558670 882
1558680 881
1558690 880
1558700 880
1558710 880
1558720 879
1558730 879
1558740 878
1558750 877
1558760 877
1558770 876
1558780 875
1558790 875
1558800 874
1558810 873
1558820 873
1558830 872
1558840 871
1558850 871
1558860 870
1558870 869
1558880 869
1558890 868
1558900 867
1558910 867
1558920 867
1558930 866
1558940 866
1558950 865
1558960 864
1558970 864
1558980 863
1558990 862
1559000 862
1559010 862
1559020 861
1559030 861
1559040 860
1559050 859
1559060 859
1559070 858
1559080 858
1559090 857
1559100 856
1559110 856
1559120 855
1559130 853
1559140 853
1559150 852
1559160 851
1559170 851
1559180 850
1559190 849
1559200 849
1559210 849
1559220 848
1559230 848
1559240 848
1559250 847
1559260 847
1559270 846
1559280 846
1559290 846
1559300 845
1559310 844
1559320 844
1559330 844
1559340 843
1559350 843
1559360 842
1559370 841
1559380 841
1559390 841
1559400 840
1559410 840
1559420 839
1559430 839
1559440 839
1559450 838
1559460 837
1559470 837
1559480 836
1559490 835
1559500 835
1559510 834
1559520 833
1559530 833
1559540 832
1559550 832
1559560 832
1559570 831
1559580 830
1559590 830
1559600 830
1559610 829
1559620 829
1559630 828
1559640 828
1559650 828
1559660 827
1559670 826
1559680 826
1559690 826
1559700 826
1559710 825
1559720 824
1559730 824
1559740 824
1559750 823
1559760 823
1559770 823
1559780 822
1559790 822
1559800 822
1559810 821
1559820 821
1559830 820
1559840 819
1559850 819
1559860 819
1559870 818
1559880 818
1559890 817
1559900 816
1559910 816
1559920 815
1559930 814
1559940 814
1559950 813
1559960 812
1559970 812
1559980 811
1559990 811
