1540000 638
1540010 638
1540020 638
1540030 638
1540040 638
1540050 638
1540060 638
1540070 638
1540080 639
1540090 639
1540100 641
1540110 642
1540120 642
1540130 644
1540140 645
1540150 645
1540160 646
1540170 647
1540180 647
1540190 647
1540200 647
1540210 647
1540220 648
1540230 648
1540240 648
1540250 648
1540260 648
1540270 648
1540280 648
1540290 648
1540300 648
1540310 647
1540320 647
1540330 646
1540340 646
1540350 646
1540360 645
1540370 643
1540380 643
1540390 643
1540400 642
1540410 642
1540420 641
1540430 639
1540440 639
1540450 638
1540460 638
1540470 638
1540480 637
1540490 637
1540500 637
1540510 636
1540520 636
1540530 636
1540540 636
1540550 636
1540560 636
1540570 635
1540580 635
1540590 635
1540600 635
1540610 634
1540620 634
1540630 634
1540640 634
1540650 634
1540660 633
1540670 633
1540680 633
1540690 633
1540700 633
1540710 633
1540720 632
1540730 632
1540740 632
1540750 632
1540760 632
1540770 632
1540780 631
1540790 631
1540800 631
1540810 631
1540820 631
1540830 631
1540840 631
1540850 630
1540860 630
1540870 630
1540880 630
1540890 630
1540900 630
1540910 630
1540920 630
1540930 630
1540940 630
1540950 629
1540960 629
1540970 629
1540980 629
1540990 628
1541000 628
1541010 628
1541020 627
1541030 627
1541040 627
1541050 626
1541060 626
1541070 626
1541080 625
1541090 625
1541100 625
1541110 625
1541120 625
1541130 627
1541140 627
1541150 627
1541160 627
1541170 628
1541180 628
1541190 628
1541200 628
1541210 628
1541220 628
1541230 627
1541240 627
1541250 627
1541260 627
1541270 627
1541280 627
1541290 628
1541300 628
1541310 629
1541320 629
1541330 629
1541340 630
1541350 631
1541360 631
1541370 631
1541380 632
1541390 632
1541400 633
1541410 633
1541420 633
1541430 633
1541440 634
1541450 634
1541460 634
1541470 634
1541480 634
1541490 634
1541500 634
1541510 634
1541520 634
1541530 634
1541540 634
1541550 634
1541560 634
1541570 634
1541580 634
1541590 634
1541600 634
1541610 634
1541620 634
1541630 634
1541640 634
1541650 634
1541660 634
1541670 634
1541680 634
1541690 633
1541700 633
1541710 633
1541720 632
1541730 632
1541740 632
1541750 632
1541760 631
1541770 631
1541780 631
1541790 631
1541800 631
1541810 631
1541820 631
1541830 631
1541840 631
1541850 630
1541860 630
1541870 630
1541880 629
1541890 629
1541900 628
1541910 627
1541920 627
1541930 625
1541940 624
1541950 624
1541960 623
1541970 623
1541980 623
1541990 622
1542000 622
1542010 622
1542020 621
1542030 621
1542040 621
1542050 621
1542060 621
1542070 621
1542080 621
1542090 621
1542100 621
1542110 621
1542120 621
1542130 621
1542140 620
1542150 620
1542160 620
1542170 621
1542180 621
1542190 622
1542200 624
1542210 624
1542220 626
1542230 628
1542240 628
1542250 630
1542260 632
1542270 632
1542280 635
1542290 637
1542300 637
1542310 639
1542320 641
1542330 641
1542340 643
1542350 645
1542360 645
1542370 647
1542380 649
1542390 649
1542400 651
1542410 653
1542420 653
1542430 654
1542440 656
1542450 656
1542460 658
1542470 660
1542480 660
1542490 662
1542500 663
1542510 663
1542520 665
1542530 666
1542540 666
1542550 667
1542560 668
1542570 668
1542580 668
1542590 669
1542600 669
1542610 670
1542620 670
1542630 670
1542640 670
1542650 671
1542660 671
1542670 671
1542680 671
1542690 671
1542700 671
1542710 672
1542720 672
1542730 672
1542740 672
1542750 672
1542760 673
1542770 674
1542780 674
1542790 674
1542800 674
1542810 675
1542820 675
1542830 675
1542840 676
1542850 677
1542860 677
1542870 677
1542880 678
1542890 678
1542900 678
1542910 678
1542920 678
1542930 678
1542940 679
1542950 679
1542960 679
1542970 679
1542980 679
1542990 678
1543000 678
1543010 678
1543020 677
1543030 677
1543040 677
1543050 676
1543060 676
1543070 676
1543080 675
1543090 674
1543100 674
1543110 673
1543120 673
1543130 673
1543140 672
1543150 671
1543160 671
1543170 671
1543180 670
1543190 670
1543200 670
1543210 669
1543220 669
1543230 669
1543240 668
1543250 668
1543260 668
1543270 667
1543280 667
1543290 667
1543300 666
1543310 666
1543320 666
1543330 665
1543340 665
1543350 664
1543360 663
1543370 663
1543380 662
1543390 661
1543400 661
1543410 660
1543420 660
1543430 659
1543440 658
1543450 658
1543460 658
1543470 658
1543480 658
1543490 657
1543500 656
1543510 656
1543520 656
1543530 655
1543540 655
1543550 654
1543560 654
1543570 654
1543580 653
1543590 652
1543600 652
1543610 650
1543620 649
1543630 649
1543640 647
1543650 644
1543660 644
1543670 641
1543680 638
1543690 638
1543700 636
1543710 633
1543720 633
1543730 631
1543740 629
1543750 629
1543760 628
1543770 627
1543780 627
1543790 627
1543800 626
1543810 626
1543820 626
1543830 627
1543840 627
1543850 627
1543860 628
1543870 628
1543880 628
1543890 629
1543900 629
1543910 629
1543920 629
1543930 629
1543940 629
1543950 629
1543960 629
1543970 630
1543980 630
1543990 630
1544000 630
1544010 630
1544020 630
1544030 630
1544040 629
1544050 629
1544060 628
1544070 628
1544080 627
1544090 627
1544100 627
1544110 626
1544120 625
1544130 625
1544140 625
1544150 624
1544160 624
1544170 623
1544180 623
1544190 623
1544200 622
1544210 621
1544220 621
1544230 620
1544240 619
1544250 619
1544260 618
1544270 617
1544280 617
1544290 616
1544300 616
1544310 616
1544320 617
1544330 618
1544340 618
1544350 618
1544360 619
1544370 619
1544380 619
1544390 619
1544400 619
1544410 619
1544420 619
1544430 619
1544440 619
1544450 619
1544460 619
1544470 619
1544480 619
1544490 619
1544500 619
1544510 618
1544520 618
1544530 618
1544540 618
1544550 618
1544560 617
1544570 617
1544580 617
1544590 617
1544600 617
1544610 617
1544620 616
1544630 616
1544640 616
1544650 616
1544660 616
1544670 616
1544680 617
1544690 617
1544700 616
1544710 616
1544720 616
1544730 616
1544740 616
1544750 616
1544760 617
1544770 617
1544780 617
1544790 617
1544800 617
1544810 617
1544820 616
1544830 616
1544840 616
1544850 616
1544860 616
1544870 616
1544880 616
1544890 616
1544900 616
1544910 616
1544920 616
1544930 616
1544940 616
1544950 616
1544960 616
1544970 616
1544980 615
1544990 615
1545000 615
1545010 615
1545020 615
1545030 614
1545040 614
1545050 614
1545060 614
1545070 613
1545080 613
1545090 613
1545100 613
1545110 613
1545120 613
1545130 612
1545140 612
1545150 612
1545160 612
1545170 612
1545180 612
1545190 612
1545200 612
1545210 611
1545220 611
1545230 611
1545240 611
1545250 611
1545260 611
1545270 612
1545280 612
1545290 612
1545300 612
1545310 612
1545320 612
1545330 612
1545340 612
1545350 613
1545360 613
1545370 613
1545380 613
1545390 614
1545400 614
1545410 614
1545420 614
1545430 614
1545440 614
1545450 614
1545460 614
1545470 614
1545480 614
1545490 614
1545500 614
1545510 615
1545520 615
1545530 615
1545540 615
1545550 615
1545560 615
1545570 615
1545580 615
1545590 614
1545600 614
1545610 614
1545620 614
1545630 613
1545640 613
1545650 613
1545660 612
1545670 612
1545680 612
1545690 612
1545700 612
1545710 611
1545720 611
1545730 611
1545740 611
1545750 610
1545760 610
1545770 610
1545780 609
1545790 609
1545800 608
1545810 608
1545820 608
1545830 607
1545840 607
1545850 607
1545860 607
1545870 606
1545880 606
1545890 606
1545900 606
1545910 606
1545920 605
1545930 605
1545940 605
1545950 605
1545960 605
1545970 604
1545980 604
1545990 604
1546000 604
1546010 603
1546020 603
1546030 603
1546040 603
1546050 603
1546060 603
1546070 603
1546080 603
1546090 603
1546100 603
1546110 603
1546120 603
1546130 603
1546140 603
1546150 602
1546160 602
1546170 602
1546180 602
1546190 601
1546200 601
1546210 600
1546220 600
1546230 600
1546240 599
1546250 599
1546260 599
1546270 598
1546280 597
1546290 597
1546300 597
1546310 596
1546320 596
1546330 595
1546340 594
1546350 594
1546360 593
1546370 592
1546380 592
1546390 591
1546400 590
1546410 590
1546420 589
1546430 588
1546440 588
1546450 587
1546460 586
1546470 586
1546480 585
1546490 585
1546500 585
1546510 584
1546520 583
1546530 583
1546540 582
1546550 582
1546560 582
1546570 581
1546580 580
1546590 580
1546600 580
1546610 580
1546620 579
1546630 578
1546640 578
1546650 578
1546660 577
1546670 577
1546680 577
1546690 576
1546700 576
1546710 575
1546720 574
1546730 574
1546740 573
1546750 573
1546760 573
1546770 573
1546780 573
1546790 573
1546800 573
1546810 573
1546820 573
1546830 573
1546840 573
1546850 573
1546860 573
1546870 573
1546880 573
1546890 572
1546900 572
1546910 572
1546920 573
1546930 573
1546940 573
1546950 573
1546960 573
1546970 573
1546980 573
1546990 574
1547000 574
1547010 576
1547020 576
1547030 576
1547040 576
1547050 576
1547060 576
1547070 575
1547080 576
1547090 576
1547100 576
1547110 576
1547120 576
1547130 576
1547140 577
1547150 577
1547160 578
1547170 578
1547180 578
1547190 579
1547200 579
1547210 579
1547220 580
1547230 580
1547240 580
1547250 581
1547260 581
1547270 582
1547280 582
1547290 582
1547300 583
1547310 583
1547320 583
1547330 583
1547340 584
1547350 584
1547360 584
1547370 585
1547380 585
1547390 585
1547400 585
1547410 585
1547420 586
1547430 586
1547440 586
1547450 586
1547460 586
1547470 586
1547480 586
1547490 586
1547500 586
1547510 587
1547520 587
1547530 587
1547540 587
1547550 588
1547560 588
1547570 588
1547580 588
1547590 588
1547600 588
1547610 589
1547620 589
1547630 589
1547640 589
1547650 589
1547660 590
1547670 591
1547680 591
1547690 591
1547700 592
1547710 592
1547720 593
1547730 594
1547740 594
1547750 594
1547760 595
1547770 595
1547780 596
1547790 597
1547800 597
1547810 598
1547820 599
1547830 599
1547840 600
1547850 600
1547860 601
1547870 603
1547880 603
1547890 605
1547900 606
1547910 606
1547920 606
1547930 606
1547940 606
1547950 607
1547960 608
1547970 608
1547980 609
1547990 609
1548000 609
1548010 610
1548020 611
1548030 611
1548040 612
1548050 613
1548060 613
1548070 614
1548080 615
1548090 615
1548100 616
1548110 617
1548120 617
1548130 618
1548140 619
1548150 619
1548160 620
1548170 621
1548180 621
1548190 622
1548200 622
1548210 622
1548220 623
1548230 624
1548240 624
1548250 625
1548260 626
1548270 626
1548280 626
1548290 627
1548300 627
1548310 627
1548320 627
1548330 627
1548340 628
1548350 628
1548360 628
1548370 628
1548380 628
1548390 628
1548400 628
1548410 628
1548420 628
1548430 628
1548440 628
1548450 628
1548460 627
1548470 627
1548480 627
1548490 626
1548500 626
1548510 626
1548520 626
1548530 626
1548540 625
1548550 625
1548560 625
1548570 625
1548580 624
1548590 624
1548600 624
1548610 623
1548620 623
1548630 623
1548640 622
1548650 622
1548660 622
1548670 621
1548680 621
1548690 620
1548700 619
1548710 619
1548720 619
1548730 618
1548740 618
1548750 617
1548760 616
1548770 616
1548780 615
1548790 615
1548800 615
1548810 614
1548820 612
1548830 612
1548840 611
1548850 610
1548860 610
1548870 608
1548880 606
1548890 606
1548900 605
1548910 603
1548920 603
1548930 602
1548940 601
1548950 601
1548960 601
1548970 600
1548980 600
1548990 599
1549000 599
1549010 599
1549020 598
1549030 597
1549040 597
1549050 597
1549060 597
1549070 597
1549080 597
1549090 597
1549100 597
1549110 598
1549120 598
1549130 598
1549140 599
1549150 599
1549160 600
1549170 600
1549180 600
1549190 600
1549200 599
1549210 599
1549220 598
1549230 597
1549240 597
1549250 596
1549260 596
1549270 596
1549280 596
1549290 597
1549300 597
1549310 597
1549320 597
1549330 597
1549340 597
1549350 598
1549360 598
1549370 599
1549380 599
1549390 599
1549400 600
1549410 600
1549420 600
1549430 601
1549440 601
1549450 601
1549460 601
1549470 601
1549480 601
1549490 601
1549500 600
1549510 600
1549520 600
1549530 600
1549540 600
1549550 600
1549560 600
1549570 600
1549580 600
1549590 600
1549600 600
1549610 600
1549620 600
1549630 600
1549640 600
1549650 600
1549660 600
1549670 599
1549680 599
1549690 599
1549700 600
1549710 599
1549720 599
1549730 599
1549740 599
1549750 599
1549760 599
1549770 599
1549780 599
1549790 599
1549800 599
1549810 600
1549820 600
1549830 600
1549840 600
1549850 601
1549860 601
1549870 601
1549880 602
1549890 602
1549900 603
1549910 604
1549920 604
1549930 606
1549940 607
1549950 607
1549960 607
1549970 606
1549980 606
1549990 606
1550000 606
1550010 606
1550020 607
1550030 608
1550040 608
1550050 608
1550060 608
1550070 608
1550080 609
1550090 609
1550100 609
1550110 610
1550120 610
1550130 610
1550140 610
1550150 611
1550160 611
1550170 611
1550180 611
1550190 611
1550200 611
1550210 612
1550220 612
1550230 611
1550240 611
1550250 611
1550260 612
1550270 613
1550280 613
1550290 614
1550300 615
1550310 615
1550320 615
1550330 616
1550340 616
1550350 617
1550360 618
1550370 618
1550380 619
1550390 619
1550400 619
1550410 620
1550420 620
1550430 621
1550440 622
1550450 622
1550460 622
1550470 623
1550480 623
1550490 623
1550500 624
1550510 624
1550520 624
1550530 625
1550540 625
1550550 625
1550560 626
1550570 626
1550580 627
1550590 628
1550600 628
1550610 629
1550620 630
1550630 630
1550640 631
1550650 632
1550660 632
1550670 633
1550680 635
1550690 635
1550700 636
1550710 638
1550720 638
1550730 639
1550740 641
1550750 641
1550760 642
1550770 643
1550780 643
1550790 644
1550800 645
1550810 645
1550820 646
1550830 647
1550840 647
1550850 648
1550860 650
1550870 650
1550880 651
1550890 652
1550900 652
1550910 652
1550920 651
1550930 651
1550940 649
1550950 649
1550960 649
1550970 649
1550980 649
1550990 649
1551000 650
1551010 650
1551020 650
1551030 651
1551040 651
1551050 651
1551060 652
1551070 652
1551080 653
1551090 654
1551100 654
1551110 654
1551120 655
1551130 656
1551140 657
1551150 658
1551160 658
1551170 659
1551180 661
1551190 661
1551200 662
1551210 664
1551220 664
1551230 666
1551240 667
1551250 667
1551260 669
1551270 670
1551280 670
1551290 672
1551300 673
1551310 673
1551320 675
1551330 677
1551340 677
1551350 678
1551360 680
1551370 680
1551380 681
1551390 682
1551400 682
1551410 683
1551420 685
1551430 685
1551440 686
1551450 687
1551460 687
1551470 688
1551480 689
1551490 689
1551500 690
1551510 691
1551520 691
1551530 692
1551540 694
1551550 694
1551560 695
1551570 696
1551580 696
1551590 697
1551600 698
1551610 698
1551620 699
1551630 700
1551640 700
1551650 701
1551660 701
1551670 701
1551680 702
1551690 702
1551700 702
1551710 703
1551720 703
1551730 703
1551740 704
1551750 704
1551760 705
1551770 705
1551780 705
1551790 706
1551800 707
1551810 707
1551820 708
1551830 709
1551840 709
1551850 709
1551860 710
1551870 710
1551880 711
1551890 711
1551900 711
1551910 712
1551920 712
1551930 712
1551940 712
1551950 712
1551960 712
1551970 713
1551980 714
1551990 714
1552000 715
1552010 716
1552020 716
1552030 717
1552040 718
1552050 718
1552060 719
1552070 720
1552080 720
1552090 722
1552100 723
1552110 723
1552120 724
1552130 726
1552140 726
1552150 727
1552160 729
1552170 729
1552180 731
1552190 732
1552200 732
1552210 734
1552220 735
1552230 735
1552240 737
1552250 738
1552260 738
1552270 739
1552280 741
1552290 741
1552300 742
1552310 742
1552320 744
1552330 745
1552340 745
1552350 747
1552360 748
1552370 748
1552380 750
1552390 751
1552400 751
1552410 754
1552420 757
1552430 757
1552440 759
1552450 761
1552460 761
1552470 764
1552480 766
1552490 766
1552500 768
1552510 770
1552520 770
1552530 772
1552540 774
1552550 774
1552560 776
1552570 778
1552580 778
1552590 780
1552600 782
1552610 782
1552620 784
1552630 787
1552640 787
1552650 789
1552660 791
1552670 791
1552680 792
1552690 793
1552700 793
1552710 795
1552720 796
1552730 796
1552740 797
1552750 798
1552760 798
1552770 800
1552780 801
1552790 801
1552800 802
1552810 802
1552820 802
1552830 801
1552840 800
1552850 800
1552860 798
1552870 796
1552880 796
1552890 795
1552900 794
1552910 794
1552920 793
1552930 793
1552940 793
1552950 793
1552960 793
1552970 794
1552980 794
1552990 794
1553000 794
1553010 795
1553020 795
1553030 795
1553040 795
1553050 795
1553060 795
1553070 798
1553080 798
1553090 799
1553100 799
1553110 799
1553120 800
1553130 801
1553140 801
1553150 802
1553160 802
1553170 802
1553180 803
1553190 804
1553200 804
1553210 805
1553220 806
1553230 806
1553240 807
1553250 808
1553260 808
1553270 809
1553280 810
1553290 810
1553300 812
1553310 813
1553320 813
1553330 814
1553340 815
1553350 815
1553360 816
1553370 818
1553380 818
1553390 819
1553400 820
1553410 820
1553420 822
1553430 823
1553440 823
1553450 825
1553460 826
1553470 826
1553480 827
1553490 829
1553500 829
1553510 830
1553520 832
1553530 832
1553540 833
1553550 833
1553560 835
1553570 836
1553580 836
1553590 838
1553600 839
1553610 839
1553620 841
1553630 843
1553640 843
1553650 844
1553660 846
1553670 846
1553680 848
1553690 850
1553700 850
1553710 851
1553720 852
1553730 852
1553740 854
1553750 857
1553760 857
1553770 859
1553780 861
1553790 861
1553800 863
1553810 865
1553820 865
1553830 867
1553840 869
1553850 869
1553860 871
1553870 873
1553880 873
1553890 875
1553900 877
1553910 877
1553920 879
1553930 881
1553940 881
1553950 884
1553960 885
1553970 885
1553980 888
1553990 890
1554000 890
1554010 893
1554020 896
1554030 896
1554040 899
1554050 901
1554060 901
1554070 904
1554080 906
1554090 906
1554100 909
1554110 911
1554120 911
1554130 913
1554140 915
1554150 915
1554160 917
1554170 919
1554180 919
1554190 921
1554200 921
1554210 922
1554220 923
1554230 923
1554240 923
1554250 924
1554260 924
1554270 924
1554280 924
1554290 924
1554300 924
1554310 924
1554320 924
1554330 924
1554340 924
1554350 924
1554360 926
1554370 924
1554380 924
1554390 920
1554400 916
1554410 916
1554420 911
1554430 906
1554440 906
1554450 903
1554460 900
1554470 900
1554480 897
1554490 896
1554500 896
1554510 894
1554520 892
1554530 892
1554540 890
1554550 891
1554560 891
1554570 893
1554580 894
1554590 894
1554600 895
1554610 895
1554620 895
1554630 895
1554640 896
1554650 896
1554660 897
1554670 898
1554680 898
1554690 900
1554700 901
1554710 901
1554720 902
1554730 904
1554740 904
1554750 905
1554760 907
1554770 907
1554780 909
1554790 910
1554800 910
1554810 912
1554820 912
1554830 914
1554840 916
1554850 916
1554860 917
1554870 919
1554880 919
1554890 920
1554900 922
1554910 922
1554920 924
1554930 927
1554940 927
1554950 929
1554960 931
1554970 931
1554980 933
1554990 935
1555000 935
1555010 937
1555020 938
1555030 938
1555040 940
1555050 941
1555060 941
1555070 943
1555080 946
1555090 946
1555100 948
1555110 950
1555120 950
1555130 951
1555140 953
1555150 953
1555160 954
1555170 955
1555180 955
1555190 957
1555200 959
1555210 959
1555220 960
1555230 962
1555240 962
1555250 964
1555260 965
1555270 965
1555280 967
1555290 968
1555300 968
1555310 969
1555320 970
1555330 970
1555340 971
1555350 973
1555360 973
1555370 974
1555380 975
1555390 975
1555400 976
1555410 978
1555420 978
1555430 979
1555440 980
1555450 980
1555460 981
1555470 981
1555480 982
1555490 983
1555500 983
1555510 984
1555520 985
1555530 985
1555540 986
1555550 987
1555560 987
1555570 987
1555580 988
1555590 988
1555600 989
1555610 990
1555620 990
1555630 991
1555640 992
1555650 992
1555660 992
1555670 993
1555680 993
1555690 994
1555700 995
1555710 995
1555720 995
1555730 996
1555740 996
1555750 996
1555760 997
1555770 997
1555780 998
1555790 999
1555800 999
1555810 999
1555820 1000
1555830 1000
1555840 1000
1555850 1000
1555860 1000
1555870 1001
1555880 1001
1555890 1001
1555900 1001
1555910 1002
1555920 1002
1555930 1002
1555940 1003
1555950 1003
1555960 1003
1555970 1003
1555980 1003
1555990 1003
1556000 1003
1556010 1003
1556020 1004
1556030 1004
1556040 1004
1556050 1004
1556060 1005
1556070 1005
1556080 1006
1556090 1006
1556100 1006
1556110 1006
1556120 1006
1556130 1006
1556140 1006
1556150 1006
1556160 1007
1556170 1008
1556180 1008
1556190 1008
1556200 1008
1556210 1008
1556220 1008
1556230 1009
1556240 1009
1556250 1009
1556260 1010
1556270 1010
1556280 1010
1556290 1010
1556300 1010
1556310 1011
1556320 1011
1556330 1011
1556340 1011
1556350 1012
1556360 1012
1556370 1012
1556380 1012
1556390 1012
1556400 1012
1556410 1013
1556420 1013
1556430 1013
1556440 1013
1556450 1013
1556460 1013
1556470 1013
1556480 1013
1556490 1013
1556500 1013
1556510 1013
1556520 1013
1556530 1012
1556540 1012
1556550 1012
1556560 1012
1556570 1012
1556580 1012
1556590 1012
1556600 1012
1556610 1012
1556620 1012
1556630 1012
1556640 1012
1556650 1012
1556660 1012
1556670 1012
1556680 1012
1556690 1012
1556700 1012
1556710 1011
1556720 1011
1556730 1010
1556740 1010
1556750 1010
1556760 1010
1556770 1010
1556780 1011
1556790 1013
1556800 1013
1556810 1013
1556820 1012
1556830 1012
1556840 1012
1556850 1013
1556860 1013
1556870 1013
1556880 1013
1556890 1013
1556900 1013
1556910 1013
1556920 1013
1556930 1013
1556940 1013
1556950 1013
1556960 1012
1556970 1016
1556980 1016
1556990 1017
1557000 1015
1557010 1015
1557020 1012
1557030 1009
1557040 1009
1557050 1006
1557060 1003
1557070 1003
1557080 1000
1557090 997
1557100 997
1557110 994
1557120 992
1557130 992
1557140 990
1557150 987
1557160 987
1557170 985
1557180 982
1557190 982
1557200 980
1557210 977
1557220 977
1557230 974
1557240 972
1557250 972
1557260 970
1557270 968
1557280 968
1557290 965
1557300 962
1557310 962
1557320 959
1557330 957
1557340 957
1557350 955
1557360 955
1557370 952
1557380 950
1557390 950
1557400 947
1557410 945
1557420 945
1557430 943
1557440 942
1557450 942
1557460 941
1557470 939
1557480 939
1557490 937
1557500 936
1557510 936
1557520 934
1557530 933
1557540 933
1557550 931
1557560 930
1557570 930
1557580 928
1557590 926
1557600 926
1557610 924
1557620 923
1557630 923
1557640 921
1557650 921
1557660 921
1557670 920
1557680 919
1557690 919
1557700 918
1557710 917
1557720 917
1557730 916
1557740 915
1557750 915
1557760 914
1557770 913
1557780 913
1557790 912
1557800 911
1557810 911
1557820 911
1557830 910
1557840 910
1557850 909
1557860 908
1557870 908
1557880 907
1557890 906
1557900 906
1557910 905
1557920 904
1557930 904
1557940 903
1557950 902
1557960 902
1557970 901
1557980 900
1557990 900
1558000 899
1558010 899
1558020 898
1558030 897
1558040 897
1558050 896
1558060 895
1558070 895
1558080 893
1558090 891
1558100 891
1558110 889
1558120 888
1558130 888
1558140 887
1558150 885
1558160 885
1558170 883
1558180 881
1558190 881
1558200 880
1558210 879
1558220 879
1558230 878
1558240 878
1558250 878
1558260 878
1558270 877
1558280 877
1558290 877
1558300 876
1558310 876
1558320 874
1558330 873
1558340 873
1558350 871
1558360 870
1558370 870
1558380 870
1558390 869
1558400 869
1558410 869
1558420 869
1558430 869
1558440 868
1558450 868
1558460 868
1558470 867
1558480 867
1558490 867
1558500 866
1558510 866
1558520 866
1558530 865
1558540 864
1558550 864
1558560 864
1558570 863
1558580 863
1558590 861
1558600 861
1558610 861
1558620 861
1558630 861
1558640 860
1558650 859
1558660 859
1558670 859
1558680 859
1558690 859
1558700 858
1558710 857
1558720 857
1558730 856
1558740 856
1558750 856
1558760 855
1558770 854
1558780 854
1558790 854
1558800 853
1558810 853
1558820 852
1558830 851
1558840 851
1558850 851
1558860 850
1558870 850
1558880 849
1558890 848
1558900 848
1558910 847
1558920 846
1558930 846
1558940 845
1558950 845
1558960 845
1558970 844
1558980 844
1558990 844
1559000 843
1559010 842
1559020 842
1559030 841
1559040 840
1559050 840
1559060 840
1559070 839
1559080 839
1559090 839
1559100 838
1559110 838
1559120 838
1559130 837
1559140 837
1559150 836
1559160 836
1559170 836
1559180 835
1559190 835
1559200 835
1559210 834
1559220 834
1559230 834
1559240 833
1559250 833
1559260 833
1559270 832
1559280 832
1559290 832
1559300 831
1559310 831
1559320 830
1559330 830
1559340 830
1559350 829
1559360 829
1559370 829
1559380 828
1559390 828
1559400 828
1559410 827
1559420 827
1559430 827
1559440 827
1559450 827
1559460 827
1559470 827
1559480 826
1559490 826
1559500 826
1559510 825
1559520 825
1559530 824
1559540 824
1559550 824
1559560 824
1559570 823
1559580 823
1559590 823
1559600 822
1559610 822
1559620 822
1559630 821
1559640 821
1559650 821
1559660 820
1559670 820
1559680 820
1559690 820
1559700 820
1559710 819
1559720 820
1559730 820
1559740 820
1559750 821
1559760 821
1559770 821
1559780 822
1559790 822
1559800 822
1559810 822
1559820 822
1559830 823
1559840 823
1559850 823
1559860 824
1559870 825
1559880 825
1559890 825
1559900 825
1559910 825
1559920 825
1559930 825
1559940 825
1559950 825
1559960 825
1559970 825
1559980 824
1559990 824
