1540000 604
1540010 604
1540020 604
1540030 604
1540040 604
1540050 604
1540060 604
1540070 603
1540080 603
1540090 602
1540100 601
1540110 601
1540120 600
1540130 598
1540140 598
1540150 597
1540160 596
1540170 596
1540180 595
1540190 594
1540200 594
1540210 593
1540220 593
1540230 593
1540240 592
1540250 592
1540260 592
1540270 593
1540280 593
1540290 593
1540300 593
1540310 595
1540320 595
1540330 598
1540340 601
1540350 601
1540360 605
1540370 608
1540380 608
1540390 611
1540400 611
1540410 613
1540420 615
1540430 615
1540440 616
1540450 617
1540460 617
1540470 618
1540480 619
1540490 619
1540500 620
1540510 620
1540520 620
1540530 621
1540540 621
1540550 621
1540560 621
1540570 621
1540580 621
1540590 621
1540600 621
1540610 621
1540620 621
1540630 622
1540640 622
1540650 622
1540660 622
1540670 622
1540680 622
1540690 623
1540700 623
1540710 623
1540720 623
1540730 623
1540740 622
1540750 621
1540760 621
1540770 621
1540780 621
1540790 621
1540800 620
1540810 620
1540820 620
1540830 617
1540840 616
1540850 616
1540860 614
1540870 613
1540880 613
1540890 611
1540900 609
1540910 609
1540920 606
1540930 605
1540940 605
1540950 604
1540960 604
1540970 604
1540980 604
1540990 604
1541000 604
1541010 604
1541020 604
1541030 605
1541040 606
1541050 606
1541060 606
1541070 606
1541080 606
1541090 606
1541100 606
1541110 606
1541120 606
1541130 606
1541140 606
1541150 606
1541160 606
1541170 606
1541180 606
1541190 606
1541200 606
1541210 606
1541220 607
1541230 607
1541240 608
1541250 608
1541260 608
1541270 609
1541280 609
1541290 609
1541300 610
1541310 610
1541320 610
1541330 611
1541340 612
1541350 612
1541360 612
1541370 613
1541380 613
1541390 613
1541400 614
1541410 614
1541420 615
1541430 615
1541440 615
1541450 616
1541460 616
1541470 616
1541480 616
1541490 616
1541500 616
1541510 616
1541520 617
1541530 617
1541540 617
1541550 617
1541560 617
1541570 617
1541580 617
1541590 617
1541600 617
1541610 617
1541620 616
1541630 616
1541640 616
1541650 615
1541660 614
1541670 614
1541680 611
1541690 608
1541700 608
1541710 604
1541720 602
1541730 602
1541740 601
1541750 599
1541760 599
1541770 598
1541780 596
1541790 596
1541800 595
1541810 593
1541820 593
1541830 591
1541840 589
1541850 589
1541860 589
1541870 589
1541880 589
1541890 589
1541900 589
1541910 589
1541920 590
1541930 589
1541940 589
1541950 589
1541960 590
1541970 590
1541980 589
1541990 589
1542000 589
1542010 589
1542020 589
1542030 589
1542040 589
1542050 589
1542060 589
1542070 591
1542080 593
1542090 593
1542100 595
1542110 597
1542120 597
1542130 600
1542140 603
1542150 603
1542160 607
1542170 610
1542180 610
1542190 613
1542200 616
1542210 616
1542220 618
1542230 618
1542240 620
1542250 622
1542260 622
1542270 624
1542280 625
1542290 625
1542300 626
1542310 627
1542320 627
1542330 627
1542340 627
1542350 627
1542360 628
1542370 630
1542380 630
1542390 632
1542400 633
1542410 633
1542420 633
1542430 634
1542440 634
1542450 634
1542460 634
1542470 634
1542480 634
1542490 635
1542500 635
1542510 635
1542520 635
1542530 635
1542540 634
1542550 635
1542560 635
1542570 635
1542580 634
1542590 634
1542600 634
1542610 634
1542620 634
1542630 634
1542640 634
1542650 634
1542660 633
1542670 632
1542680 632
1542690 631
1542700 629
1542710 629
1542720 628
1542730 626
1542740 626
1542750 625
1542760 624
1542770 624
1542780 622
1542790 621
1542800 621
1542810 620
1542820 620
1542830 619
1542840 619
1542850 619
1542860 619
1542870 619
1542880 619
1542890 618
1542900 618
1542910 618
1542920 617
1542930 617
1542940 617
1542950 616
1542960 616
1542970 616
1542980 615
1542990 615
1543000 615
1543010 614
1543020 613
1543030 613
1543040 613
1543050 612
1543060 612
1543070 612
1543080 612
1543090 612
1543100 611
1543110 611
1543120 611
1543130 611
1543140 610
1543150 610
1543160 610
1543170 610
1543180 610
1543190 609
1543200 609
1543210 609
1543220 608
1543230 608
1543240 608
1543250 608
1543260 608
1543270 608
1543280 608
1543290 607
1543300 607
1543310 607
1543320 607
1543330 607
1543340 606
1543350 606
1543360 606
1543370 605
1543380 604
1543390 604
1543400 603
1543410 602
1543420 602
1543430 600
1543440 600
1543450 598
1543460 595
1543470 595
1543480 594
1543490 594
1543500 594
1543510 594
1543520 594
1543530 594
1543540 594
1543550 594
1543560 594
1543570 594
1543580 594
1543590 594
1543600 594
1543610 594
1543620 594
1543630 594
1543640 594
1543650 594
1543660 595
1543670 597
1543680 597
1543690 599
1543700 600
1543710 600
1543720 602
1543730 604
1543740 604
1543750 606
1543760 608
1543770 608
1543780 609
1543790 608
1543800 608
1543810 608
1543820 608
1543830 608
1543840 608
1543850 607
1543860 607
1543870 607
1543880 607
1543890 607
1543900 606
1543910 606
1543920 606
1543930 605
1543940 604
1543950 604
1543960 604
1543970 603
1543980 603
1543990 602
1544000 601
1544010 601
1544020 600
1544030 599
1544040 599
1544050 598
1544060 598
1544070 598
1544080 597
1544090 597
1544100 596
1544110 596
1544120 596
1544130 596
1544140 595
1544150 595
1544160 595
1544170 595
1544180 595
1544190 596
1544200 595
1544210 595
1544220 595
1544230 595
1544240 595
1544250 595
1544260 596
1544270 596
1544280 597
1544290 598
1544300 598
1544310 601
1544320 603
1544330 603
1544340 605
1544350 607
1544360 607
1544370 609
1544380 611
1544390 611
1544400 612
1544410 614
1544420 614
1544430 615
1544440 616
1544450 616
1544460 617
1544470 617
1544480 617
1544490 618
1544500 618
1544510 618
1544520 618
1544530 618
1544540 618
1544550 618
1544560 618
1544570 618
1544580 618
1544590 619
1544600 619
1544610 620
1544620 621
1544630 621
1544640 620
1544650 620
1544660 619
1544670 619
1544680 619
1544690 618
1544700 618
1544710 618
1544720 617
1544730 617
1544740 617
1544750 617
1544760 617
1544770 617
1544780 617
1544790 617
1544800 617
1544810 616
1544820 615
1544830 615
1544840 615
1544850 614
1544860 614
1544870 614
1544880 613
1544890 613
1544900 613
1544910 612
1544920 612
1544930 612
1544940 612
1544950 612
1544960 611
1544970 611
1544980 611
1544990 610
1545000 610
1545010 610
1545020 610
1545030 610
1545040 610
1545050 609
1545060 609
1545070 609
1545080 609
1545090 609
1545100 609
1545110 609
1545120 609
1545130 609
1545140 609
1545150 609
1545160 609
1545170 609
1545180 609
1545190 609
1545200 608
1545210 608
1545220 608
1545230 609
1545240 609
1545250 609
1545260 609
1545270 609
1545280 609
1545290 609
1545300 609
1545310 609
1545320 610
1545330 610
1545340 610
1545350 610
1545360 610
1545370 610
1545380 611
1545390 611
1545400 611
1545410 611
1545420 611
1545430 612
1545440 612
1545450 612
1545460 611
1545470 612
1545480 612
1545490 612
1545500 612
1545510 612
1545520 612
1545530 612
1545540 612
1545550 612
1545560 612
1545570 612
1545580 612
1545590 613
1545600 613
1545610 613
1545620 613
1545630 613
1545640 613
1545650 613
1545660 613
1545670 614
1545680 614
1545690 614
1545700 614
1545710 614
1545720 614
1545730 615
1545740 615
1545750 615
1545760 615
1545770 616
1545780 616
1545790 617
1545800 617
1545810 617
1545820 618
1545830 618
1545840 618
1545850 619
1545860 619
1545870 619
1545880 620
1545890 620
1545900 621
1545910 622
1545920 622
1545930 622
1545940 623
1545950 623
1545960 624
1545970 624
1545980 624
1545990 625
1546000 626
1546010 626
1546020 627
1546030 628
1546040 628
1546050 629
1546060 630
1546070 630
1546080 630
1546090 631
1546100 631
1546110 632
1546120 633
1546130 633
1546140 634
1546150 635
1546160 635
1546170 635
1546180 636
1546190 636
1546200 637
1546210 638
1546220 638
1546230 639
1546240 640
1546250 640
1546260 641
1546270 642
1546280 642
1546290 643
1546300 643
1546310 643
1546320 644
1546330 645
1546340 645
1546350 646
1546360 646
1546370 646
1546380 647
1546390 648
1546400 648
1546410 649
1546420 650
1546430 650
1546440 651
1546450 652
1546460 652
1546470 652
1546480 652
1546490 653
1546500 654
1546510 654
1546520 655
1546530 655
1546540 655
1546550 656
1546560 657
1546570 657
1546580 658
1546590 659
1546600 659
1546610 660
1546620 662
1546630 662
1546640 663
1546650 664
1546660 664
1546670 665
1546680 667
1546690 667
1546700 667
1546710 668
1546720 668
1546730 668
1546740 668
1546750 668
1546760 668
1546770 668
1546780 668
1546790 668
1546800 668
1546810 668
1546820 668
1546830 668
1546840 668
1546850 667
1546860 667
1546870 667
1546880 667
1546890 667
1546900 667
1546910 666
1546920 666
1546930 666
1546940 665
1546950 665
1546960 665
1546970 665
1546980 664
1546990 664
1547000 664
1547010 664
1547020 664
1547030 664
1547040 663
1547050 663
1547060 663
1547070 663
1547080 663
1547090 662
1547100 662
1547110 662
1547120 661
1547130 661
1547140 661
1547150 660
1547160 660
1547170 660
1547180 659
1547190 659
1547200 658
1547210 656
1547220 656
1547230 655
1547240 654
1547250 654
1547260 653
1547270 651
1547280 651
1547290 649
1547300 646
1547310 646
1547320 644
1547330 642
1547340 642
1547350 641
1547360 639
1547370 639
1547380 638
1547390 636
1547400 636
1547410 634
1547420 630
1547430 630
1547440 628
1547450 626
1547460 626
1547470 626
1547480 625
1547490 625
1547500 625
1547510 625
1547520 625
1547530 625
1547540 625
1547550 625
1547560 625
1547570 625
1547580 625
1547590 626
1547600 628
1547610 628
1547620 629
1547630 630
1547640 630
1547650 631
1547660 633
1547670 633
1547680 634
1547690 634
1547700 635
1547710 637
1547720 637
1547730 638
1547740 639
1547750 639
1547760 641
1547770 642
1547780 642
1547790 643
1547800 645
1547810 645
1547820 646
1547830 648
1547840 648
1547850 649
1547860 649
1547870 649
1547880 651
1547890 652
1547900 652
1547910 654
1547920 655
1547930 655
1547940 656
1547950 658
1547960 658
1547970 659
1547980 660
1547990 660
1548000 662
1548010 663
1548020 663
1548030 665
1548040 666
1548050 666
1548060 667
1548070 669
1548080 669
1548090 670
1548100 671
1548110 671
1548120 672
1548130 674
1548140 674
1548150 675
1548160 677
1548170 677
1548180 678
1548190 679
1548200 679
1548210 681
1548220 682
1548230 682
1548240 683
1548250 685
1548260 685
1548270 686
1548280 687
1548290 687
1548300 688
1548310 688
1548320 690
1548330 691
1548340 691
1548350 692
1548360 694
1548370 694
1548380 695
1548390 696
1548400 696
1548410 697
1548420 699
1548430 699
1548440 700
1548450 701
1548460 701
1548470 703
1548480 704
1548490 704
1548500 705
1548510 707
1548520 707
1548530 708
1548540 709
1548550 709
1548560 711
1548570 712
1548580 712
1548590 713
1548600 715
1548610 715
1548620 716
1548630 718
1548640 718
1548650 719
1548660 721
1548670 721
1548680 722
1548690 724
1548700 724
1548710 725
1548720 726
1548730 726
1548740 728
1548750 729
1548760 729
1548770 731
1548780 732
1548790 732
1548800 734
1548810 735
1548820 735
1548830 737
1548840 738
1548850 738
1548860 740
1548870 742
1548880 742
1548890 744
1548900 744
1548910 746
1548920 747
1548930 747
1548940 749
1548950 751
1548960 751
1548970 753
1548980 755
1548990 755
1549000 756
1549010 758
1549020 758
1549030 760
1549040 762
1549050 762
1549060 764
1549070 765
1549080 765
1549090 767
1549100 769
1549110 769
1549120 771
1549130 773
1549140 773
1549150 775
1549160 776
1549170 776
1549180 778
1549190 780
1549200 780
1549210 781
1549220 783
1549230 783
1549240 785
1549250 787
1549260 787
1549270 788
1549280 790
1549290 790
1549300 792
1549310 794
1549320 794
1549330 796
1549340 797
1549350 797
1549360 799
1549370 800
1549380 800
1549390 801
1549400 803
1549410 803
1549420 804
1549430 805
1549440 805
1549450 807
1549460 808
1549470 808
1549480 809
1549490 810
1549500 810
1549510 811
1549520 811
1549530 812
1549540 813
1549550 813
1549560 814
1549570 815
1549580 815
1549590 816
1549600 817
1549610 817
1549620 817
1549630 818
1549640 818
1549650 819
1549660 819
1549670 819
1549680 820
1549690 820
1549700 820
1549710 820
1549720 821
1549730 821
1549740 821
1549750 821
1549760 821
1549770 821
1549780 820
1549790 820
1549800 820
1549810 818
1549820 818
1549830 818
1549840 818
1549850 818
1549860 819
1549870 818
1549880 818
1549890 818
1549900 819
1549910 819
1549920 819
1549930 819
1549940 819
1549950 819
1549960 819
1549970 819
1549980 819
1549990 819
1550000 819
1550010 819
1550020 818
1550030 818
1550040 817
1550050 815
1550060 815
1550070 813
1550080 811
1550090 811
1550100 809
1550110 809
1550120 806
1550130 803
1550140 803
1550150 800
1550160 796
1550170 796
1550180 792
1550190 788
1550200 788
1550210 785
1550220 783
1550230 783
1550240 781
1550250 777
1550260 777
1550270 774
1550280 774
1550290 774
1550300 777
1550310 778
1550320 778
1550330 778
1550340 779
1550350 779
1550360 780
1550370 781
1550380 781
1550390 783
1550400 784
1550410 784
1550420 785
1550430 785
1550440 785
1550450 785
1550460 785
1550470 785
1550480 785
1550490 785
1550500 785
1550510 785
1550520 784
1550530 784
1550540 784
1550550 784
1550560 784
1550570 784
1550580 784
1550590 784
1550600 783
1550610 782
1550620 782
1550630 781
1550640 780
1550650 780
1550660 778
1550670 777
1550680 777
1550690 777
1550700 778
1550710 778
1550720 779
1550730 779
1550740 781
1550750 783
1550760 783
1550770 785
1550780 786
1550790 786
1550800 789
1550810 791
1550820 791
1550830 793
1550840 795
1550850 795
1550860 797
1550870 799
1550880 799
1550890 802
1550900 804
1550910 804
1550920 807
1550930 809
1550940 809
1550950 811
1550960 814
1550970 814
1550980 816
1550990 818
1551000 818
1551010 820
1551020 822
1551030 822
1551040 824
1551050 826
1551060 826
1551070 828
1551080 830
1551090 830
1551100 832
1551110 834
1551120 834
1551130 836
1551140 837
1551150 837
1551160 839
1551170 841
1551180 841
1551190 843
1551200 845
1551210 845
1551220 847
1551230 849
1551240 849
1551250 851
1551260 854
1551270 854
1551280 857
1551290 859
1551300 859
1551310 862
1551320 865
1551330 865
1551340 868
1551350 868
1551360 870
1551370 873
1551380 873
1551390 875
1551400 878
1551410 878
1551420 880
1551430 883
1551440 883
1551450 886
1551460 889
1551470 887
1551480 889
1551490 892
1551500 892
1551510 894
1551520 896
1551530 896
1551540 898
1551550 900
1551560 900
1551570 902
1551580 904
1551590 904
1551600 906
1551610 908
1551620 908
1551630 910
1551640 912
1551650 912
1551660 915
1551670 917
1551680 917
1551690 918
1551700 920
1551710 920
1551720 922
1551730 924
1551740 924
1551750 926
1551760 928
1551770 928
1551780 929
1551790 931
1551800 931
1551810 933
1551820 935
1551830 935
1551840 936
1551850 938
1551860 938
1551870 940
1551880 941
1551890 941
1551900 943
1551910 944
1551920 944
1551930 946
1551940 946
1551950 948
1551960 950
1551970 950
1551980 951
1551990 952
1552000 952
1552010 953
1552020 954
1552030 954
1552040 955
1552050 956
1552060 956
1552070 957
1552080 958
1552090 958
1552100 959
1552110 960
1552120 960
1552130 962
1552140 964
1552150 964
1552160 965
1552170 966
1552180 966
1552190 967
1552200 967
1552210 967
1552220 969
1552230 971
1552240 971
1552250 972
1552260 973
1552270 973
1552280 974
1552290 976
1552300 976
1552310 977
1552320 978
1552330 978
1552340 979
1552350 980
1552360 980
1552370 981
1552380 982
1552390 982
1552400 983
1552410 983
1552420 983
1552430 985
1552440 986
1552450 986
1552460 986
1552470 987
1552480 987
1552490 988
1552500 989
1552510 989
1552520 989
1552530 990
1552540 990
1552550 990
1552560 990
1552570 991
1552580 991
1552590 991
1552600 992
1552610 992
1552620 992
1552630 992
1552640 993
1552650 993
1552660 993
1552670 994
1552680 994
1552690 994
1552700 994
1552710 994
1552720 995
1552730 995
1552740 995
1552750 996
1552760 996
1552770 996
1552780 997
1552790 997
1552800 997
1552810 997
1552820 997
1552830 997
1552840 998
1552850 998
1552860 998
1552870 999
1552880 999
1552890 999
1552900 999
1552910 999
1552920 999
1552930 999
1552940 999
1552950 999
1552960 999
1552970 999
1552980 999
1552990 999
1553000 999
1553010 999
1553020 1000
1553030 1000
1553040 1000
1553050 1001
1553060 1001
1553070 1001
1553080 1001
1553090 1002
1553100 1002
1553110 1002
1553120 1003
1553130 1003
1553140 1004
1553150 1004
1553160 1004
1553170 1005
1553180 1005
1553190 1005
1553200 1006
1553210 1006
1553220 1006
1553230 1007
1553240 1007
1553250 1008
1553260 1008
1553270 1008
1553280 1009
1553290 1009
1553300 1009
1553310 1010
1553320 1010
1553330 1010
1553340 1011
1553350 1011
1553360 1011
1553370 1012
1553380 1012
1553390 1012
1553400 1012
1553410 1012
1553420 1012
1553430 1013
1553440 1013
1553450 1013
1553460 1013
1553470 1014
1553480 1014
1553490 1014
1553500 1014
1553510 1014
1553520 1015
1553530 1015
1553540 1015
1553550 1015
1553560 1015
1553570 1015
1553580 1016
1553590 1016
1553600 1016
1553610 1016
1553620 1017
1553630 1017
1553640 1017
1553650 1017
1553660 1017
1553670 1018
1553680 1018
1553690 1018
1553700 1019
1553710 1019
1553720 1019
1553730 1019
1553740 1020
1553750 1020
1553760 1020
1553770 1020
1553780 1020
1553790 1021
1553800 1021
1553810 1021
1553820 1021
1553830 1021
1553840 1022
1553850 1022
1553860 1022
1553870 1022
1553880 1022
1553890 1022
1553900 1023
1553910 1023
1553920 1023
1553930 1023
1553940 1024
1553950 1024
1553960 1024
1553970 1024
1553980 1024
1553990 1024
1554000 1023
1554010 1023
1554020 1023
1554030 1024
1554040 1024
1554050 1024
1554060 1024
1554070 1024
1554080 1024
1554090 1024
1554100 1024
1554110 1024
1554120 1024
1554130 1024
1554140 1024
1554150 1024
1554160 1024
1554170 1024
1554180 1024
1554190 1024
1554200 1024
1554210 1024
1554220 1024
1554230 1024
1554240 1024
1554250 1024
1554260 1024
1554270 1024
1554280 1024
1554290 1024
1554300 1024
1554310 1024
1554320 1024
1554330 1024
1554340 1024
1554350 1024
1554360 1024
1554370 1024
1554380 1024
1554390 1024
1554400 1024
1554410 1024
1554420 1024
1554430 1024
1554440 1023
1554450 1023
1554460 1023
1554470 1023
1554480 1023
1554490 1022
1554500 1022
1554510 1022
1554520 1022
1554530 1021
1554540 1021
1554550 1021
1554560 1021
1554570 1021
1554580 1021
1554590 1020
1554600 1020
1554610 1020
1554620 1020
1554630 1020
1554640 1019
1554650 1019
1554660 1019
1554670 1019
1554680 1018
1554690 1018
1554700 1018
1554710 1018
1554720 1018
1554730 1018
1554740 1017
1554750 1017
1554760 1017
1554770 1017
1554780 1017
1554790 1016
1554800 1016
1554810 1016
1554820 1016
1554830 1015
1554840 1015
1554850 1015
1554860 1014
1554870 1014
1554880 1014
1554890 1014
1554900 1014
1554910 1013
1554920 1013
1554930 1013
1554940 1012
1554950 1012
1554960 1012
1554970 1012
1554980 1012
1554990 1012
1555000 1011
1555010 1011
1555020 1011
1555030 1011
1555040 1011
1555050 1010
1555060 1010
1555070 1010
1555080 1009
1555090 1009
1555100 1009
1555110 1008
1555120 1008
1555130 1008
1555140 1007
1555150 1007
1555160 1007
1555170 1006
1555180 1005
1555190 1005
1555200 1005
1555210 1004
1555220 1004
1555230 1004
1555240 1003
1555250 1003
1555260 1002
1555270 1002
1555280 1002
1555290 1001
1555300 1001
1555310 1001
1555320 1001
1555330 1000
1555340 1000
1555350 1000
1555360 1000
1555370 1000
1555380 999
1555390 999
1555400 999
1555410 998
1555420 998
1555430 998
1555440 997
1555450 997
1555460 997
1555470 996
1555480 996
1555490 996
1555500 995
1555510 994
1555520 994
1555530 994
1555540 994
1555550 994
1555560 993
1555570 993
1555580 992
1555590 992
1555600 992
1555610 991
1555620 991
1555630 991
1555640 990
1555650 989
1555660 989
1555670 989
1555680 988
1555690 988
1555700 987
1555710 987
1555720 987
1555730 986
1555740 985
1555750 985
1555760 985
1555770 984
1555780 984
1555790 983
1555800 983
1555810 983
1555820 982
1555830 981
1555840 981
1555850 980
1555860 979
1555870 979
1555880 979
1555890 978
1555900 978
1555910 977
1555920 976
1555930 976
1555940 976
1555950 975
1555960 975
1555970 974
1555980 973
1555990 973
1556000 972
1556010 972
1556020 972
1556030 971
1556040 970
1556050 970
1556060 970
1556070 969
1556080 969
1556090 968
1556100 967
1556110 967
1556120 966
1556130 964
1556140 964
1556150 964
1556160 964
1556170 964
1556180 963
1556190 963
1556200 961
1556210 961
1556220 961
1556230 960
1556240 959
1556250 959
1556260 958
1556270 958
1556280 958
1556290 957
1556300 956
1556310 956
1556320 955
1556330 954
1556340 954
1556350 954
1556360 953
1556370 953
1556380 952
1556390 951
1556400 951
1556410 950
1556420 949
1556430 949
1556440 949
1556450 948
1556460 948
1556470 947
1556480 947
1556490 947
1556500 946
1556510 946
1556520 946
1556530 945
1556540 944
1556550 944
1556560 943
1556570 942
1556580 942
1556590 941
1556600 941
1556610 941
1556620 940
1556630 938
1556640 938
1556650 938
1556660 936
1556670 936
1556680 935
1556690 934
1556700 934
1556710 933
1556720 931
1556730 931
1556740 930
1556750 928
1556760 928
1556770 927
1556780 926
1556790 926
1556800 925
1556810 925
1556820 923
1556830 922
1556840 922
1556850 920
1556860 918
1556870 918
1556880 917
1556890 916
1556900 916
1556910 914
1556920 912
1556930 912
1556940 910
1556950 908
1556960 908
1556970 907
1556980 906
1556990 906
1557000 904
1557010 902
1557020 902
1557030 899
1557040 898
1557050 898
1557060 896
1557070 894
1557080 894
1557090 892
1557100 890
1557110 891
1557120 888
1557130 885
1557140 885
1557150 883
1557160 881
1557170 881
1557180 878
1557190 877
1557200 877
1557210 875
1557220 874
1557230 874
1557240 872
1557250 870
1557260 870
1557270 868
1557280 866
1557290 866
1557300 864
1557310 862
1557320 862
1557330 860
1557340 858
1557350 858
1557360 856
1557370 854
1557380 854
1557390 853
1557400 853
1557410 852
1557420 851
1557430 851
1557440 850
1557450 847
1557460 847
1557470 844
1557480 841
1557490 841
1557500 838
1557510 836
1557520 836
1557530 834
1557540 833
1557550 833
1557560 831
1557570 830
1557580 830
1557590 828
1557600 827
1557610 827
1557620 825
1557630 823
1557640 823
1557650 821
1557660 818
1557670 818
1557680 816
1557690 813
1557700 813
1557710 811
1557720 809
1557730 809
1557740 807
1557750 805
1557760 805
1557770 804
1557780 802
1557790 802
1557800 801
1557810 800
1557820 800
1557830 799
1557840 798
1557850 798
1557860 798
1557870 797
1557880 797
1557890 796
1557900 795
1557910 795
1557920 795
1557930 794
1557940 794
1557950 793
1557960 793
1557970 793
1557980 792
1557990 791
1558000 791
1558010 790
1558020 790
1558030 790
1558040 789
1558050 789
1558060 788
1558070 787
1558080 787
1558090 786
1558100 786
1558110 786
1558120 785
1558130 784
1558140 784
1558150 783
1558160 782
1558170 782
1558180 781
1558190 781
1558200 781
1558210 780
1558220 779
1558230 779
1558240 778
1558250 777
1558260 777
1558270 777
1558280 776
1558290 776
1558300 776
1558310 775
1558320 775
1558330 774
1558340 774
1558350 774
1558360 773
1558370 773
1558380 773
1558390 772
1558400 771
1558410 771
1558420 770
1558430 769
1558440 769
1558450 769
1558460 769
1558470 769
1558480 769
1558490 769
1558500 769
1558510 769
1558520 768
1558530 768
1558540 768
1558550 767
1558560 767
1558570 767
1558580 767
1558590 767
1558600 766
1558610 766
1558620 766
1558630 765
1558640 765
1558650 764
1558660 764
1558670 764
1558680 764
1558690 763
1558700 763
1558710 763
1558720 763
1558730 763
1558740 762
1558750 762
1558760 762
1558770 762
1558780 761
1558790 761
1558800 761
1558810 761
1558820 761
1558830 760
1558840 760
1558850 760
1558860 759
1558870 758
1558880 758
1558890 758
1558900 757
1558910 757
1558920 757
1558930 757
1558940 757
1558950 757
1558960 756
1558970 756
1558980 756
1558990 755
1559000 755
1559010 755
1559020 755
1559030 755
1559040 754
1559050 754
1559060 754
1559070 754
1559080 753
1559090 753
1559100 753
1559110 753
1559120 753
1559130 752
1559140 752
1559150 752
1559160 752
1559170 751
1559180 751
1559190 751
1559200 751
1559210 751
1559220 751
1559230 751
1559240 750
1559250 750
1559260 750
1559270 750
1559280 750
1559290 750
1559300 749
1559310 749
1559320 749
1559330 749
1559340 748
1559350 748
1559360 748
1559370 748
1559380 748
1559390 748
1559400 747
1559410 747
1559420 747
1559430 747
1559440 747
1559450 747
1559460 747
1559470 747
1559480 747
1559490 746
1559500 746
1559510 746
1559520 746
1559530 746
1559540 746
1559550 745
1559560 745
1559570 745
1559580 745
1559590 745
1559600 745
1559610 744
1559620 744
1559630 744
1559640 744
1559650 744
1559660 744
1559670 744
1559680 744
1559690 744
1559700 743
1559710 743
1559720 743
1559730 743
1559740 743
1559750 743
1559760 743
1559770 743
1559780 743
1559790 742
1559800 742
1559810 742
1559820 742
1559830 742
1559840 742
1559850 742
1559860 741
1559870 741
1559880 741
1559890 741
1559900 741
1559910 741
1559920 741
1559930 740
1559940 740
1559950 740
1559960 740
1559970 740
1559980 740
1559990 740
