1540000 599
1540010 597
1540020 596
1540030 596
1540040 595
1540050 594
1540060 594
1540070 594
1540080 594
1540090 594
1540100 594
1540110 594
1540120 594
1540130 594
1540140 594
1540150 594
1540160 595
1540170 595
1540180 595
1540190 595
1540200 596
1540210 596
1540220 597
1540230 597
1540240 598
1540250 600
1540260 600
1540270 601
1540280 602
1540290 602
1540300 603
1540310 604
1540320 604
1540330 605
1540340 606
1540350 606
1540360 608
1540370 609
1540380 609
1540390 610
1540400 611
1540410 611
1540420 612
1540430 614
1540440 614
1540450 615
1540460 617
1540470 617
1540480 619
1540490 621
1540500 621
1540510 623
1540520 624
1540530 624
1540540 626
1540550 628
1540560 628
1540570 630
1540580 632
1540590 632
1540600 634
1540610 636
1540620 636
1540630 638
1540640 639
1540650 639
1540660 641
1540670 643
1540680 643
1540690 644
1540700 645
1540710 645
1540720 646
1540730 647
1540740 647
1540750 647
1540760 647
1540770 647
1540780 646
1540790 646
1540800 646
1540810 644
1540820 643
1540830 643
1540840 642
1540850 642
1540860 640
1540870 638
1540880 638
1540890 636
1540900 635
1540910 635
1540920 633
1540930 633
1540940 633
1540950 632
1540960 632
1540970 632
1540980 631
1540990 631
1541000 631
1541010 631
1541020 630
1541030 630
1541040 630
1541050 630
1541060 630
1541070 630
1541080 630
1541090 630
1541100 630
1541110 629
1541120 629
1541130 629
1541140 628
1541150 628
1541160 628
1541170 628
1541180 628
1541190 627
1541200 627
1541210 627
1541220 626
1541230 626
1541240 626
1541250 626
1541260 625
1541270 625
1541280 625
1541290 624
1541300 624
1541310 624
1541320 623
1541330 623
1541340 621
1541350 620
1541360 620
1541370 619
1541380 617
1541390 617
1541400 614
1541410 613
1541420 613
1541430 612
1541440 611
1541450 611
1541460 611
1541470 611
1541480 610
1541490 609
1541500 609
1541510 608
1541520 607
1541530 607
1541540 607
1541550 607
1541560 607
1541570 606
1541580 606
1541590 606
1541600 606
1541610 606
1541620 606
1541630 606
1541640 606
1541650 606
1541660 605
1541670 605
1541680 605
1541690 604
1541700 604
1541710 604
1541720 603
1541730 602
1541740 602
1541750 602
1541760 601
1541770 601
1541780 601
1541790 601
1541800 601
1541810 601
1541820 600
1541830 600
1541840 600
1541850 599
1541860 599
1541870 600
1541880 600
1541890 600
1541900 601
1541910 601
1541920 601
1541930 600
1541940 600
1541950 600
1541960 600
1541970 600
1541980 600
1541990 599
1542000 599
1542010 599
1542020 599
1542030 599
1542040 599
1542050 599
1542060 599
1542070 598
1542080 598
1542090 598
1542100 597
1542110 597
1542120 597
1542130 596
1542140 595
1542150 595
1542160 594
1542170 592
1542180 592
1542190 590
1542200 589
1542210 589
1542220 589
1542230 589
1542240 589
1542250 589
1542260 589
1542270 589
1542280 588
1542290 589
1542300 589
1542310 589
1542320 589
1542330 589
1542340 589
1542350 588
1542360 588
1542370 588
1542380 589
1542390 589
1542400 589
1542410 589
1542420 589
1542430 588
1542440 588
1542450 588
1542460 588
1542470 588
1542480 588
1542490 588
1542500 588
1542510 588
1542520 588
1542530 588
1542540 588
1542550 588
1542560 588
1542570 588
1542580 588
1542590 588
1542600 588
1542610 588
1542620 589
1542630 589
1542640 589
1542650 589
1542660 589
1542670 589
1542680 589
1542690 590
1542700 591
1542710 591
1542720 592
1542730 593
1542740 593
1542750 594
1542760 594
1542770 594
1542780 594
1542790 595
1542800 595
1542810 595
1542820 595
1542830 595
1542840 596
1542850 596
1542860 596
1542870 596
1542880 596
1542890 596
1542900 596
1542910 596
1542920 596
1542930 597
1542940 597
1542950 597
1542960 597
1542970 597
1542980 597
1542990 597
1543000 597
1543010 597
1543020 597
1543030 597
1543040 597
1543050 597
1543060 597
1543070 597
1543080 597
1543090 597
1543100 597
1543110 597
1543120 597
1543130 597
1543140 597
1543150 597
1543160 597
1543170 597
1543180 597
1543190 597
1543200 597
1543210 597
1543220 597
1543230 597
1543240 597
1543250 597
1543260 597
1543270 597
1543280 597
1543290 597
1543300 597
1543310 596
1543320 596
1543330 596
1543340 596
1543350 595
1543360 595
1543370 595
1543380 594
1543390 594
1543400 593
1543410 592
1543420 592
1543430 591
1543440 590
1543450 590
1543460 589
1543470 587
1543480 587
1543490 586
1543500 586
1543510 586
1543520 586
1543530 585
1543540 585
1543550 586
1543560 586
1543570 586
1543580 586
1543590 586
1543600 586
1543610 586
1543620 586
1543630 586
1543640 586
1543650 586
1543660 586
1543670 586
1543680 586
1543690 586
1543700 587
1543710 587
1543720 587
1543730 588
1543740 588
1543750 588
1543760 589
1543770 589
1543780 589
1543790 590
1543800 590
1543810 590
1543820 591
1543830 591
1543840 591
1543850 591
1543860 591
1543870 591
1543880 591
1543890 591
1543900 591
1543910 591
1543920 591
1543930 591
1543940 590
1543950 590
1543960 590
1543970 590
1543980 590
1543990 590
1544000 589
1544010 589
1544020 589
1544030 588
1544040 588
1544050 588
1544060 587
1544070 587
1544080 586
1544090 586
1544100 586
1544110 586
1544120 585
1544130 585
1544140 585
1544150 585
1544160 585
1544170 585
1544180 585
1544190 585
1544200 585
1544210 585
1544220 585
1544230 585
1544240 585
1544250 585
1544260 585
1544270 585
1544280 585
1544290 585
1544300 585
1544310 585
1544320 585
1544330 586
1544340 586
1544350 587
1544360 588
1544370 588
1544380 588
1544390 590
1544400 592
1544410 594
1544420 596
1544430 596
1544440 598
1544450 602
1544460 602
1544470 606
1544480 608
1544490 608
1544500 611
1544510 611
1544520 613
1544530 615
1544540 615
1544550 616
1544560 618
1544570 618
1544580 619
1544590 620
1544600 620
1544610 620
1544620 621
1544630 621
1544640 622
1544650 622
1544660 622
1544670 623
1544680 623
1544690 623
1544700 624
1544710 625
1544720 625
1544730 625
1544740 626
1544750 626
1544760 627
1544770 627
1544780 627
1544790 628
1544800 629
1544810 629
1544820 630
1544830 631
1544840 631
1544850 631
1544860 632
1544870 632
1544880 632
1544890 633
1544900 633
1544910 633
1544920 633
1544930 633
1544940 633
1544950 633
1544960 633
1544970 632
1544980 632
1544990 632
1545000 631
1545010 630
1545020 630
1545030 630
1545040 629
1545050 629
1545060 629
1545070 629
1545080 629
1545090 629
1545100 629
1545110 629
1545120 628
1545130 628
1545140 627
1545150 627
1545160 627
1545170 627
1545180 627
1545190 627
1545200 626
1545210 626
1545220 626
1545230 626
1545240 626
1545250 626
1545260 626
1545270 626
1545280 626
1545290 626
1545300 626
1545310 626
1545320 626
1545330 627
1545340 627
1545350 627
1545360 627
1545370 627
1545380 627
1545390 628
1545400 628
1545410 628
1545420 628
1545430 628
1545440 629
1545450 629
1545460 629
1545470 629
1545480 629
1545490 629
1545500 629
1545510 630
1545520 630
1545530 631
1545540 631
1545550 631
1545560 632
1545570 632
1545580 632
1545590 632
1545600 632
1545610 632
1545620 632
1545630 632
1545640 632
1545650 631
1545660 631
1545670 631
1545680 630
1545690 630
1545700 630
1545710 629
1545720 629
1545730 629
1545740 628
1545750 628
1545760 628
1545770 628
1545780 628
1545790 628
1545800 628
1545810 628
1545820 628
1545830 627
1545840 627
1545850 627
1545860 627
1545870 627
1545880 627
1545890 627
1545900 627
1545910 627
1545920 627
1545930 627
1545940 627
1545950 627
1545960 627
1545970 627
1545980 627
1545990 627
1546000 627
1546010 627
1546020 627
1546030 627
1546040 627
1546050 627
1546060 627
1546070 627
1546080 627
1546090 627
1546100 627
1546110 627
1546120 627
1546130 627
1546140 627
1546150 628
1546160 628
1546170 628
1546180 628
1546190 628
1546200 628
1546210 628
1546220 628
1546230 628
1546240 627
1546250 627
1546260 627
1546270 627
1546280 626
1546290 626
1546300 626
1546310 625
1546320 625
1546330 625
1546340 625
1546350 625
1546360 624
1546370 624
1546380 624
1546390 624
1546400 624
1546410 624
1546420 624
1546430 624
1546440 624
1546450 624
1546460 624
1546470 625
1546480 625
1546490 625
1546500 625
1546510 625
1546520 625
1546530 625
1546540 625
1546550 626
1546560 626
1546570 626
1546580 626
1546590 626
1546600 625
1546610 625
1546620 625
1546630 624
1546640 624
1546650 623
1546660 622
1546670 622
1546680 621
1546690 620
1546700 620
1546710 620
1546720 619
1546730 619
1546740 619
1546750 619
1546760 619
1546770 619
1546780 620
1546790 620
1546800 620
1546810 621
1546820 621
1546830 621
1546840 616
1546850 616
1546860 613
1546870 612
1546880 612
1546890 613
1546900 613
1546910 613
1546920 612
1546930 612
1546940 612
1546950 613
1546960 613
1546970 615
1546980 618
1546990 618
1547000 620
1547010 622
1547020 622
1547030 622
1547040 618
1547050 618
1547060 614
1547070 612
1547080 612
1547090 612
1547100 612
1547110 612
1547120 612
1547130 612
1547140 612
1547150 612
1547160 613
1547170 613
1547180 613
1547190 614
1547200 614
1547210 614
1547220 614
1547230 614
1547240 615
1547250 615
1547260 615
1547270 615
1547280 615
1547290 615
1547300 616
1547310 616
1547320 616
1547330 616
1547340 616
1547350 616
1547360 616
1547370 617
1547380 617
1547390 617
1547400 618
1547410 618
1547420 619
1547430 619
1547440 619
1547450 619
1547460 620
1547470 620
1547480 620
1547490 620
1547500 620
1547510 621
1547520 621
1547530 621
1547540 622
1547550 623
1547560 623
1547570 623
1547580 623
1547590 624
1547600 625
1547610 625
1547620 626
1547630 627
1547640 627
1547650 628
1547660 629
1547670 629
1547680 630
1547690 631
1547700 631
1547710 632
1547720 633
1547730 633
1547740 634
1547750 635
1547760 635
1547770 636
1547780 638
1547790 638
1547800 639
1547810 640
1547820 640
1547830 640
1547840 642
1547850 642
1547860 643
1547870 644
1547880 644
1547890 645
1547900 646
1547910 646
1547920 647
1547930 648
1547940 648
1547950 650
1547960 650
1547970 650
1547980 651
1547990 652
1548000 652
1548010 653
1548020 654
1548030 654
1548040 655
1548050 656
1548060 656
1548070 657
1548080 658
1548090 658
1548100 659
1548110 660
1548120 660
1548130 662
1548140 663
1548150 663
1548160 664
1548170 665
1548180 665
1548190 666
1548200 666
1548210 667
1548220 668
1548230 668
1548240 670
1548250 671
1548260 671
1548270 672
1548280 673
1548290 673
1548300 674
1548310 675
1548320 675
1548330 676
1548340 678
1548350 678
1548360 679
1548370 680
1548380 680
1548390 681
1548400 682
1548410 682
1548420 683
1548430 684
1548440 684
1548450 686
1548460 687
1548470 687
1548480 688
1548490 689
1548500 689
1548510 690
1548520 691
1548530 691
1548540 692
1548550 693
1548560 693
1548570 694
1548580 695
1548590 695
1548600 697
1548610 698
1548620 698
1548630 700
1548640 702
1548650 702
1548660 704
1548670 706
1548680 706
1548690 707
1548700 709
1548710 709
1548720 711
1548730 713
1548740 713
1548750 715
1548760 716
1548770 716
1548780 718
1548790 718
1548800 720
1548810 722
1548820 722
1548830 723
1548840 725
1548850 725
1548860 727
1548870 729
1548880 729
1548890 732
1548900 734
1548910 734
1548920 736
1548930 738
1548940 738
1548950 741
1548960 743
1548970 743
1548980 745
1548990 748
1549000 748
1549010 750
1549020 752
1549030 752
1549040 754
1549050 757
1549060 757
1549070 759
1549080 762
1549090 762
1549100 764
1549110 766
1549120 766
1549130 768
1549140 770
1549150 770
1549160 772
1549170 774
1549180 774
1549190 776
1549200 778
1549210 778
1549220 780
1549230 781
1549240 781
1549250 783
1549260 784
1549270 784
1549280 785
1549290 786
1549300 786
1549310 786
1549320 787
1549330 787
1549340 787
1549350 787
1549360 787
1549370 786
1549380 786
1549390 786
1549400 786
1549410 786
1549420 786
1549430 785
1549440 785
1549450 784
1549460 783
1549470 783
1549480 781
1549490 778
1549500 778
1549510 774
1549520 772
1549530 772
1549540 770
1549550 768
1549560 768
1549570 767
1549580 765
1549590 765
1549600 764
1549610 763
1549620 763
1549630 762
1549640 762
1549650 762
1549660 762
1549670 761
1549680 761
1549690 762
1549700 762
1549710 762
1549720 762
1549730 762
1549740 762
1549750 762
1549760 762
1549770 762
1549780 762
1549790 763
1549800 763
1549810 763
1549820 763
1549830 763
1549840 762
1549850 761
1549860 761
1549870 760
1549880 759
1549890 759
1549900 758
1549910 757
1549920 757
1549930 756
1549940 755
1549950 755
1549960 753
1549970 750
1549980 750
1549990 747
1550000 744
1550010 744
1550020 742
1550030 742
1550040 741
1550050 740
1550060 740
1550070 739
1550080 738
1550090 738
1550100 736
1550110 734
1550120 734
1550130 732
1550140 729
1550150 729
1550160 726
1550170 724
1550180 724
1550190 723
1550200 724
1550210 724
1550220 726
1550230 728
1550240 728
1550250 730
1550260 732
1550270 732
1550280 734
1550290 736
1550300 736
1550310 738
1550320 740
1550330 740
1550340 742
1550350 744
1550360 744
1550370 746
1550380 748
1550390 748
1550400 750
1550410 751
1550420 751
1550430 753
1550440 755
1550450 755
1550460 758
1550470 760
1550480 760
1550490 762
1550500 764
1550510 764
1550520 767
1550530 769
1550540 769
1550550 771
1550560 773
1550570 773
1550580 776
1550590 778
1550600 778
1550610 780
1550620 782
1550630 782
1550640 785
1550650 785
1550660 787
1550670 790
1550680 790
1550690 792
1550700 795
1550710 795
1550720 797
1550730 800
1550740 800
1550750 803
1550760 805
1550770 805
1550780 808
1550790 810
1550800 810
1550810 813
1550820 815
1550830 815
1550840 817
1550850 819
1550860 819
1550870 822
1550880 824
1550890 824
1550900 827
1550910 829
1550920 829
1550930 832
1550940 834
1550950 834
1550960 836
1550970 839
1550980 839
1550990 841
1551000 844
1551010 844
1551020 846
1551030 848
1551040 848
1551050 851
1551060 853
1551070 853
1551080 855
1551090 858
1551100 858
1551110 860
1551120 863
1551130 863
1551140 865
1551150 868
1551160 868
1551170 870
1551180 873
1551190 873
1551200 875
1551210 877
1551220 877
1551230 880
1551240 880
1551250 882
1551260 884
1551270 884
1551280 887
1551290 889
1551300 889
1551310 891
1551320 893
1551330 893
1551340 896
1551350 898
1551360 898
1551370 900
1551380 903
1551390 903
1551400 905
1551410 908
1551420 908
1551430 909
1551440 911
1551450 911
1551460 914
1551470 917
1551480 917
1551490 920
1551500 922
1551510 922
1551520 926
1551530 930
1551540 930
1551550 934
1551560 938
1551570 938
1551580 942
1551590 946
1551600 946
1551610 949
1551620 952
1551630 952
1551640 955
1551650 958
1551660 958
1551670 961
1551680 964
1551690 964
1551700 968
1551710 971
1551720 971
1551730 974
1551740 977
1551750 977
1551760 980
1551770 984
1551780 984
1551790 988
1551800 992
1551810 992
1551820 995
1551830 999
1551840 999
1551850 1003
1551860 1003
1551870 1007
1551880 1009
1551890 1009
1551900 1012
1551910 1015
1551920 1015
1551930 1017
1551940 1019
1551950 1019
1551960 1020
1551970 1022
1551980 1022
1551990 1023
1552000 1024
1552010 1024
1552020 1026
1552030 1026
1552040 1026
1552050 1027
1552060 1027
1552070 1027
1552080 1028
1552090 1028
1552100 1028
1552110 1028
1552120 1029
1552130 1029
1552140 1030
1552150 1030
1552160 1030
1552170 1031
1552180 1032
1552190 1032
1552200 1033
1552210 1034
1552220 1034
1552230 1035
1552240 1036
1552250 1036
1552260 1037
1552270 1037
1552280 1037
1552290 1038
1552300 1039
1552310 1039
1552320 1039
1552330 1040
1552340 1040
1552350 1040
1552360 1040
1552370 1040
1552380 1040
1552390 1040
1552400 1040
1552410 1040
1552420 1039
1552430 1039
1552440 1038
1552450 1038
1552460 1038
1552470 1038
1552480 1038
1552490 1037
1552500 1036
1552510 1036
1552520 1036
1552530 1035
1552540 1035
1552550 1034
1552560 1034
1552570 1034
1552580 1033
1552590 1032
1552600 1032
1552610 1032
1552620 1031
1552630 1031
1552640 1031
1552650 1030
1552660 1030
1552670 1030
1552680 1029
1552690 1029
1552700 1029
1552710 1028
1552720 1028
1552730 1027
1552740 1025
1552750 1025
1552760 1025
1552770 1024
1552780 1024
1552790 1024
1552800 1024
1552810 1024
1552820 1024
1552830 1024
1552840 1024
1552850 1023
1552860 1023
1552870 1023
1552880 1022
1552890 1022
1552900 1022
1552910 1021
1552920 1021
1552930 1021
1552940 1021
1552950 1021
1552960 1021
1552970 1021
1552980 1021
1552990 1021
1553000 1021
1553010 1021
1553020 1021
1553030 1021
1553040 1022
1553050 1022
1553060 1022
1553070 1022
1553080 1022
1553090 1022
1553100 1022
1553110 1023
1553120 1023
1553130 1023
1553140 1023
1553150 1024
1553160 1024
1553170 1025
1553180 1025
1553190 1025
1553200 1026
1553210 1026
1553220 1026
1553230 1027
1553240 1027
1553250 1027
1553260 1028
1553270 1029
1553280 1029
1553290 1029
1553300 1030
1553310 1030
1553320 1030
1553330 1030
1553340 1030
1553350 1031
1553360 1032
1553370 1032
1553380 1032
1553390 1032
1553400 1032
1553410 1033
1553420 1033
1553430 1033
1553440 1033
1553450 1033
1553460 1033
1553470 1033
1553480 1033
1553490 1033
1553500 1033
1553510 1033
1553520 1033
1553530 1033
1553540 1032
1553550 1032
1553560 1032
1553570 1031
1553580 1031
1553590 1031
1553600 1031
1553610 1031
1553620 1030
1553630 1030
1553640 1030
1553650 1030
1553660 1029
1553670 1029
1553680 1029
1553690 1029
1553700 1028
1553710 1028
1553720 1028
1553730 1027
1553740 1027
1553750 1027
1553760 1026
1553770 1026
1553780 1026
1553790 1025
1553800 1024
1553810 1024
1553820 1024
1553830 1023
1553840 1023
1553850 1023
1553860 1022
1553870 1022
1553880 1022
1553890 1022
1553900 1022
1553910 1022
1553920 1022
1553930 1022
1553940 1021
1553950 1021
1553960 1021
1553970 1020
1553980 1020
1553990 1020
1554000 1020
1554010 1019
1554020 1019
1554030 1019
1554040 1019
1554050 1019
1554060 1018
1554070 1018
1554080 1018
1554090 1018
1554100 1018
1554110 1018
1554120 1017
1554130 1016
1554140 1016
1554150 1016
1554160 1016
1554170 1016
1554180 1015
1554190 1015
1554200 1015
1554210 1014
1554220 1013
1554230 1013
1554240 1012
1554250 1011
1554260 1011
1554270 1010
1554280 1009
1554290 1009
1554300 1008
1554310 1008
1554320 1007
1554330 1007
1554340 1007
1554350 1006
1554360 1005
1554370 1005
1554380 1004
1554390 1003
1554400 1003
1554410 1003
1554420 1002
1554430 1002
1554440 1001
1554450 1000
1554460 1000
1554470 999
1554480 998
1554490 1000
1554500 999
1554510 997
1554520 997
1554530 996
1554540 996
1554550 996
1554560 995
1554570 994
1554580 994
1554590 994
1554600 993
1554610 993
1554620 992
1554630 992
1554640 992
1554650 992
1554660 993
1554670 993
1554680 993
1554690 993
1554700 993
1554710 993
1554720 994
1554730 994
1554740 994
1554750 995
1554760 995
1554770 995
1554780 996
1554790 996
1554800 996
1554810 997
1554820 997
1554830 998
1554840 998
1554850 998
1554860 999
1554870 1000
1554880 1000
1554890 1001
1554900 1002
1554910 1002
1554920 1002
1554930 1002
1554940 1003
1554950 1004
1554960 1004
1554970 1004
1554980 1005
1554990 1005
1555000 1006
1555010 1006
1555020 1006
1555030 1007
1555040 1008
1555050 1008
1555060 1008
1555070 1009
1555080 1009
1555090 1010
1555100 1010
1555110 1010
1555120 1011
1555130 1011
1555140 1011
1555150 1011
1555160 1012
1555170 1012
1555180 1012
1555190 1012
1555200 1012
1555210 1013
1555220 1013
1555230 1013
1555240 1013
1555250 1013
1555260 1013
1555270 1014
1555280 1014
1555290 1014
1555300 1014
1555310 1014
1555320 1014
1555330 1014
1555340 1014
1555350 1014
1555360 1014
1555370 1014
1555380 1014
1555390 1014
1555400 1014
1555410 1014
1555420 1013
1555430 1013
1555440 1013
1555450 1013
1555460 1013
1555470 1013
1555480 1013
1555490 1012
1555500 1012
1555510 1012
1555520 1012
1555530 1012
1555540 1012
1555550 1012
1555560 1011
1555570 1011
1555580 1011
1555590 1010
1555600 1010
1555610 1010
1555620 1010
1555630 1010
1555640 1010
1555650 1009
1555660 1009
1555670 1009
1555680 1009
1555690 1008
1555700 1008
1555710 1008
1555720 1007
1555730 1007
1555740 1007
1555750 1007
1555760 1007
1555770 1007
1555780 1006
1555790 1006
1555800 1006
1555810 1005
1555820 1005
1555830 1005
1555840 1005
1555850 1005
1555860 1004
1555870 1004
1555880 1004
1555890 1005
1555900 1004
1555910 1004
1555920 1004
1555930 1004
1555940 1004
1555950 1004
1555960 1004
1555970 1004
1555980 1004
1555990 1005
1556000 1005
1556010 1005
1556020 1005
1556030 1005
1556040 1005
1556050 1005
1556060 1005
1556070 1006
1556080 1006
1556090 1006
1556100 1006
1556110 1006
1556120 1006
1556130 1006
1556140 1006
1556150 1006
1556160 1006
1556170 1006
1556180 1005
1556190 1005
1556200 1005
1556210 1004
1556220 1003
1556230 1003
1556240 1002
1556250 1001
1556260 1001
1556270 999
1556280 997
1556290 997
1556300 995
1556310 994
1556320 994
1556330 992
1556340 990
1556350 990
1556360 988
1556370 986
1556380 986
1556390 984
1556400 982
1556410 982
1556420 980
1556430 978
1556440 978
1556450 977
1556460 975
1556470 975
1556480 973
1556490 971
1556500 971
1556510 968
1556520 966
1556530 966
1556540 964
1556550 961
1556560 961
1556570 959
1556580 957
1556590 957
1556600 955
1556610 953
1556620 953
1556630 951
1556640 948
1556650 948
1556660 946
1556670 943
1556680 943
1556690 940
1556700 938
1556710 938
1556720 936
1556730 934
1556740 934
1556750 931
1556760 931
1556770 928
1556780 925
1556790 925
1556800 922
1556810 919
1556820 919
1556830 917
1556840 914
1556850 914
1556860 912
1556870 909
1556880 909
1556890 907
1556900 904
1556910 904
1556920 902
1556930 900
1556940 900
1556950 896
1556960 893
1556970 893
1556980 889
1556990 884
1557000 884
1557010 878
1557020 872
1557030 872
1557040 866
1557050 861
1557060 861
1557070 857
1557080 853
1557090 853
1557100 850
1557110 843
1557120 843
1557130 837
1557140 834
1557150 834
1557160 831
1557170 827
1557180 827
1557190 824
1557200 822
1557210 822
1557220 821
1557230 820
1557240 820
1557250 819
1557260 818
1557270 818
1557280 818
1557290 817
1557300 817
1557310 816
1557320 816
1557330 816
1557340 815
1557350 815
1557360 815
1557370 815
1557380 815
1557390 815
1557400 815
1557410 815
1557420 815
1557430 815
1557440 815
1557450 814
1557460 814
1557470 814
1557480 814
1557490 814
1557500 814
1557510 814
1557520 813
1557530 813
1557540 813
1557550 813
1557560 813
1557570 812
1557580 812
1557590 812
1557600 811
1557610 811
1557620 811
1557630 811
1557640 810
1557650 810
1557660 809
1557670 809
1557680 809
1557690 808
1557700 808
1557710 808
1557720 808
1557730 808
1557740 808
1557750 808
1557760 808
1557770 808
1557780 808
1557790 808
1557800 808
1557810 807
1557820 807
1557830 807
1557840 806
1557850 806
1557860 806
1557870 805
1557880 805
1557890 805
1557900 804
1557910 804
1557920 804
1557930 804
1557940 803
1557950 803
1557960 803
1557970 803
1557980 802
1557990 802
1558000 802
1558010 802
1558020 802
1558030 802
1558040 801
1558050 801
1558060 801
1558070 801
1558080 800
1558090 800
1558100 800
1558110 799
1558120 799
1558130 799
1558140 798
1558150 798
1558160 797
1558170 797
1558180 797
1558190 797
1558200 796
1558210 796
1558220 796
1558230 795
1558240 795
1558250 795
1558260 794
1558270 794
1558280 794
1558290 793
1558300 793
1558310 792
1558320 791
1558330 791
1558340 791
1558350 790
1558360 790
1558370 789
1558380 789
1558390 789
1558400 788
1558410 787
1558420 787
1558430 786
1558440 785
1558450 785
1558460 785
1558470 784
1558480 784
1558490 783
1558500 783
1558510 783
1558520 782
1558530 782
1558540 782
1558550 781
1558560 780
1558570 780
1558580 780
1558590 780
1558600 779
1558610 779
1558620 779
1558630 778
1558640 778
1558650 778
1558660 777
1558670 777
1558680 777
1558690 776
1558700 776
1558710 776
1558720 776
1558730 775
1558740 775
1558750 775
1558760 774
1558770 774
1558780 774
1558790 773
1558800 773
1558810 773
1558820 773
1558830 773
1558840 772
1558850 771
1558860 771
1558870 771
1558880 770
1558890 770
1558900 769
1558910 769
1558920 769
1558930 769
1558940 768
1558950 768
1558960 768
1558970 767
1558980 767
1558990 767
1559000 767
1559010 767
1559020 766
1559030 766
1559040 766
1559050 765
1559060 765
1559070 765
1559080 764
1559090 764
1559100 764
1559110 764
1559120 764
1559130 764
1559140 764
1559150 763
1559160 763
1559170 763
1559180 763
1559190 763
1559200 763
1559210 763
1559220 762
1559230 762
1559240 762
1559250 762
1559260 762
1559270 762
1559280 761
1559290 761
1559300 761
1559310 760
1559320 760
1559330 760
1559340 760
1559350 760
1559360 760
1559370 760
1559380 760
1559390 760
1559400 759
1559410 759
1559420 759
1559430 759
1559440 758
1559450 758
1559460 758
1559470 758
1559480 758
1559490 758
1559500 758
1559510 758
1559520 757
1559530 757
1559540 757
1559550 757
1559560 756
1559570 756
1559580 756
1559590 755
1559600 755
1559610 755
1559620 755
1559630 755
1559640 755
1559650 754
1559660 754
1559670 754
1559680 754
1559690 754
1559700 754
1559710 754
1559720 754
1559730 753
1559740 753
1559750 753
1559760 753
1559770 752
1559780 752
1559790 752
1559800 752
1559810 752
1559820 752
1559830 752
1559840 752
1559850 753
1559860 753
1559870 753
1559880 753
1559890 753
1559900 754
1559910 754
1559920 754
1559930 755
1559940 755
1559950 755
1559960 756
1559970 756
1559980 756
1559990 757
