1540000 649
1540010 649
1540020 648
1540030 647
1540040 647
1540050 645
1540060 644
1540070 644
1540080 642
1540090 641
1540100 641
1540110 641
1540120 641
1540130 641
1540140 641
1540150 641
1540160 641
1540170 641
1540180 641
1540190 641
1540200 641
1540210 640
1540220 640
1540230 639
1540240 635
1540250 635
1540260 633
1540270 633
1540280 633
1540290 633
1540300 633
1540310 633
1540320 634
1540330 635
1540340 635
1540350 635
1540360 635
1540370 635
1540380 636
1540390 637
1540400 637
1540410 638
1540420 638
1540430 638
1540440 640
1540450 640
1540460 641
1540470 642
1540480 642
1540490 643
1540500 644
1540510 644
1540520 645
1540530 646
1540540 646
1540550 646
1540560 647
1540570 647
1540580 647
1540590 647
1540600 647
1540610 648
1540620 648
1540630 648
1540640 648
1540650 649
1540660 649
1540670 649
1540680 650
1540690 650
1540700 650
1540710 651
1540720 651
1540730 651
1540740 652
1540750 652
1540760 653
1540770 654
1540780 654
1540790 655
1540800 655
1540810 655
1540820 656
1540830 657
1540840 657
1540850 658
1540860 660
1540870 660
1540880 660
1540890 660
1540900 660
1540910 661
1540920 661
1540930 661
1540940 661
1540950 662
1540960 662
1540970 662
1540980 662
1540990 662
1541000 662
1541010 662
1541020 663
1541030 663
1541040 663
1541050 663
1541060 663
1541070 663
1541080 664
1541090 664
1541100 664
1541110 664
1541120 665
1541130 665
1541140 665
1541150 665
1541160 665
1541170 665
1541180 665
1541190 665
1541200 665
1541210 665
1541220 665
1541230 665
1541240 665
1541250 665
1541260 665
1541270 665
1541280 665
1541290 665
1541300 665
1541310 665
1541320 665
1541330 665
1541340 665
1541350 665
1541360 665
1541370 665
1541380 665
1541390 665
1541400 665
1541410 665
1541420 665
1541430 665
1541440 664
1541450 664
1541460 664
1541470 662
1541480 660
1541490 660
1541500 658
1541510 656
1541520 656
1541530 653
1541540 651
1541550 651
1541560 650
1541570 650
1541580 650
1541590 649
1541600 649
1541610 649
1541620 650
1541630 650
1541640 652
1541650 654
1541660 654
1541670 655
1541680 656
1541690 656
1541700 657
1541710 658
1541720 658
1541730 660
1541740 661
1541750 661
1541760 662
1541770 662
1541780 662
1541790 663
1541800 664
1541810 664
1541820 665
1541830 666
1541840 666
1541850 667
1541860 668
1541870 668
1541880 669
1541890 670
1541900 670
1541910 671
1541920 672
1541930 672
1541940 673
1541950 674
1541960 674
1541970 675
1541980 675
1541990 675
1542000 676
1542010 677
1542020 677
1542030 677
1542040 678
1542050 678
1542060 679
1542070 679
1542080 679
1542090 680
1542100 680
1542110 680
1542120 681
1542130 682
1542140 682
1542150 682
1542160 682
1542170 683
1542180 684
1542190 684
1542200 684
1542210 684
1542220 684
1542230 685
1542240 686
1542250 686
1542260 686
1542270 687
1542280 687
1542290 687
1542300 687
1542310 687
1542320 687
1542330 687
1542340 687
1542350 687
1542360 687
1542370 687
1542380 686
1542390 684
1542400 684
1542410 682
1542420 681
1542430 681
1542440 680
1542450 680
1542460 680
1542470 679
1542480 679
1542490 679
1542500 679
1542510 678
1542520 678
1542530 678
1542540 679
1542550 679
1542560 681
1542570 682
1542580 682
1542590 684
1542600 685
1542610 685
1542620 685
1542630 686
1542640 686
1542650 687
1542660 688
1542670 688
1542680 689
1542690 689
1542700 689
1542710 689
1542720 689
1542730 689
1542740 689
1542750 689
1542760 689
1542770 689
1542780 689
1542790 689
1542800 690
1542810 690
1542820 690
1542830 690
1542840 690
1542850 690
1542860 690
1542870 690
1542880 690
1542890 690
1542900 690
1542910 690
1542920 691
1542930 691
1542940 691
1542950 692
1542960 692
1542970 692
1542980 693
1542990 693
1543000 693
1543010 694
1543020 694
1543030 694
1543040 695
1543050 695
1543060 696
1543070 698
1543080 698
1543090 701
1543100 704
1543110 704
1543120 706
1543130 708
1543140 708
1543150 710
1543160 712
1543170 712
1543180 713
1543190 714
1543200 714
1543210 716
1543220 717
1543230 717
1543240 717
1543250 718
1543260 718
1543270 719
1543280 720
1543290 720
1543300 722
1543310 723
1543320 723
1543330 723
1543340 723
1543350 723
1543360 723
1543370 723
1543380 723
1543390 723
1543400 723
1543410 724
1543420 723
1543430 723
1543440 723
1543450 723
1543460 723
1543470 722
1543480 721
1543490 721
1543500 720
1543510 720
1543520 720
1543530 720
1543540 720
1543550 720
1543560 719
1543570 719
1543580 719
1543590 719
1543600 719
1543610 719
1543620 720
1543630 720
1543640 720
1543650 721
1543660 722
1543670 722
1543680 724
1543690 725
1543700 725
1543710 727
1543720 727
1543730 727
1543740 727
1543750 727
1543760 727
1543770 726
1543780 726
1543790 726
1543800 725
1543810 726
1543820 726
1543830 727
1543840 728
1543850 728
1543860 728
1543870 729
1543880 729
1543890 730
1543900 732
1543910 732
1543920 732
1543930 732
1543940 733
1543950 733
1543960 733
1543970 734
1543980 735
1543990 735
1544000 735
1544010 736
1544020 736
1544030 737
1544040 737
1544050 737
1544060 738
1544070 739
1544080 739
1544090 740
1544100 741
1544110 741
1544120 741
1544130 742
1544140 742
1544150 743
1544160 744
1544170 744
1544180 746
1544190 747
1544200 747
1544210 749
1544220 751
1544230 751
1544240 752
1544250 753
1544260 753
1544270 755
1544280 756
1544290 756
1544300 757
1544310 758
1544320 758
1544330 759
1544340 760
1544350 760
1544360 761
1544370 762
1544380 762
1544390 763
1544400 764
1544410 764
1544420 764
1544430 765
1544440 765
1544450 765
1544460 766
1544470 766
1544480 766
1544490 766
1544500 765
1544510 764
1544520 764
1544530 764
1544540 764
1544550 764
1544560 765
1544570 765
1544580 765
1544590 766
1544600 767
1544610 767
1544620 768
1544630 769
1544640 769
1544650 770
1544660 771
1544670 771
1544680 772
1544690 773
1544700 773
1544710 774
1544720 776
1544730 776
1544740 777
1544750 778
1544760 778
1544770 779
1544780 781
1544790 781
1544800 782
1544810 783
1544820 783
1544830 785
1544840 786
1544850 786
1544860 787
1544870 789
1544880 789
1544890 790
1544900 791
1544910 791
1544920 792
1544930 793
1544940 793
1544950 795
1544960 796
1544970 796
1544980 797
1544990 798
1545000 798
1545010 799
1545020 800
1545030 800
1545040 802
1545050 803
1545060 803
1545070 804
1545080 804
1545090 805
1545100 806
1545110 806
1545120 807
1545130 807
1545140 807
1545150 808
1545160 809
1545170 809
1545180 810
1545190 810
1545200 810
1545210 810
1545220 810
1545230 810
1545240 810
1545250 809
1545260 809
1545270 808
1545280 806
1545290 806
1545300 803
1545310 802
1545320 802
1545330 801
1545340 801
1545350 801
1545360 801
1545370 800
1545380 800
1545390 799
1545400 797
1545410 797
1545420 796
1545430 795
1545440 795
1545450 793
1545460 791
1545470 791
1545480 791
1545490 791
1545500 791
1545510 791
1545520 791
1545530 791
1545540 792
1545550 794
1545560 794
1545570 796
1545580 797
1545590 797
1545600 799
1545610 801
1545620 801
1545630 803
1545640 805
1545650 805
1545660 806
1545670 806
1545680 808
1545690 809
1545700 809
1545710 810
1545720 812
1545730 812
1545740 813
1545750 814
1545760 814
1545770 815
1545780 816
1545790 816
1545800 817
1545810 818
1545820 818
1545830 819
1545840 819
1545850 819
1545860 820
1545870 820
1545880 820
1545890 820
1545900 820
1545910 820
1545920 821
1545930 821
1545940 821
1545950 822
1545960 823
1545970 823
1545980 824
1545990 825
1546000 825
1546010 825
1546020 826
1546030 826
1546040 827
1546050 827
1546060 827
1546070 828
1546080 828
1546090 828
1546100 828
1546110 828
1546120 828
1546130 829
1546140 830
1546150 830
1546160 830
1546170 830
1546180 830
1546190 831
1546200 831
1546210 831
1546220 830
1546230 829
1546240 829
1546250 828
1546260 828
1546270 827
1546280 825
1546290 825
1546300 823
1546310 821
1546320 821
1546330 819
1546340 816
1546350 816
1546360 813
1546370 810
1546380 810
1546390 808
1546400 805
1546410 805
1546420 803
1546430 801
1546440 801
1546450 798
1546460 796
1546470 796
1546480 793
1546490 791
1546500 791
1546510 788
1546520 786
1546530 786
1546540 783
1546550 780
1546560 780
1546570 779
1546580 777
1546590 777
1546600 775
1546610 773
1546620 773
1546630 772
1546640 770
1546650 770
1546660 768
1546670 766
1546680 766
1546690 763
1546700 761
1546710 761
1546720 757
1546730 753
1546740 753
1546750 750
1546760 748
1546770 748
1546780 746
1546790 744
1546800 744
1546810 742
1546820 742
1546830 740
1546840 738
1546850 738
1546860 736
1546870 733
1546880 733
1546890 730
1546900 727
1546910 727
1546920 724
1546930 721
1546940 721
1546950 719
1546960 716
1546970 716
1546980 711
1546990 707
1547000 707
1547010 704
1547020 702
1547030 702
1547040 701
1547050 701
1547060 701
1547070 702
1547080 703
1547090 703
1547100 703
1547110 704
1547120 704
1547130 703
1547140 703
1547150 703
1547160 704
1547170 706
1547180 706
1547190 709
1547200 713
1547210 713
1547220 718
1547230 723
1547240 723
1547250 726
1547260 729
1547270 729
1547280 731
1547290 733
1547300 733
1547310 735
1547320 737
1547330 737
1547340 739
1547350 741
1547360 741
1547370 743
1547380 745
1547390 745
1547400 746
1547410 746
1547420 748
1547430 749
1547440 749
1547450 751
1547460 753
1547470 753
1547480 755
1547490 757
1547500 757
1547510 759
1547520 761
1547530 761
1547540 763
1547550 764
1547560 764
1547570 766
1547580 768
1547590 768
1547600 769
1547610 771
1547620 771
1547630 772
1547640 774
1547650 774
1547660 775
1547670 777
1547680 777
1547690 778
1547700 780
1547710 780
1547720 781
1547730 782
1547740 782
1547750 784
1547760 785
1547770 785
1547780 786
1547790 787
1547800 787
1547810 788
1547820 788
1547830 788
1547840 790
1547850 791
1547860 791
1547870 793
1547880 795
1547890 795
1547900 796
1547910 798
1547920 798
1547930 799
1547940 801
1547950 801
1547960 802
1547970 803
1547980 803
1547990 804
1548000 804
1548010 804
1548020 804
1548030 804
1548040 805
1548050 805
1548060 805
1548070 805
1548080 805
1548090 805
1548100 805
1548110 804
1548120 804
1548130 804
1548140 804
1548150 804
1548160 804
1548170 803
1548180 803
1548190 802
1548200 802
1548210 802
1548220 801
1548230 799
1548240 799
1548250 797
1548260 795
1548270 795
1548280 796
1548290 797
1548300 797
1548310 799
1548320 800
1548330 800
1548340 801
1548350 802
1548360 802
1548370 802
1548380 803
1548390 803
1548400 803
1548410 804
1548420 804
1548430 805
1548440 806
1548450 806
1548460 807
1548470 808
1548480 808
1548490 809
1548500 810
1548510 810
1548520 811
1548530 812
1548540 812
1548550 813
1548560 813
1548570 814
1548580 815
1548590 815
1548600 816
1548610 817
1548620 817
1548630 818
1548640 820
1548650 820
1548660 821
1548670 821
1548680 821
1548690 821
1548700 821
1548710 821
1548720 820
1548730 819
1548740 819
1548750 817
1548760 814
1548770 814
1548780 811
1548790 808
1548800 808
1548810 804
1548820 800
1548830 800
1548840 797
1548850 794
1548860 794
1548870 791
1548880 788
1548890 788
1548900 784
1548910 780
1548920 780
1548930 778
1548940 775
1548950 775
1548960 774
1548970 776
1548980 776
1548990 780
1549000 783
1549010 783
1549020 786
1549030 789
1549040 789
1549050 792
1549060 795
1549070 795
1549080 797
1549090 800
1549100 800
1549110 802
1549120 804
1549130 804
1549140 806
1549150 806
1549160 808
1549170 810
1549180 810
1549190 812
1549200 814
1549210 814
1549220 816
1549230 818
1549240 818
1549250 820
1549260 822
1549270 822
1549280 823
1549290 825
1549300 825
1549310 827
1549320 828
1549330 828
1549340 829
1549350 831
1549360 831
1549370 832
1549380 835
1549390 835
1549400 838
1549410 840
1549420 840
1549430 842
1549440 844
1549450 844
1549460 847
1549470 849
1549480 849
1549490 851
1549500 854
1549510 854
1549520 856
1549530 857
1549540 857
1549550 857
1549560 858
1549570 858
1549580 858
1549590 859
1549600 859
1549610 859
1549620 859
1549630 859
1549640 859
1549650 859
1549660 859
1549670 858
1549680 858
1549690 858
1549700 857
1549710 857
1549720 857
1549730 857
1549740 857
1549750 856
1549760 856
1549770 856
1549780 855
1549790 854
1549800 854
1549810 854
1549820 854
1549830 854
1549840 854
1549850 854
1549860 854
1549870 855
1549880 855
1549890 855
1549900 854
1549910 854
1549920 854
1549930 854
1549940 853
1549950 853
1549960 853
1549970 853
1549980 853
1549990 853
1550000 853
1550010 853
1550020 853
1550030 854
1550040 854
1550050 854
1550060 854
1550070 854
1550080 854
1550090 854
1550100 854
1550110 853
1550120 853
1550130 853
1550140 853
1550150 852
1550160 852
1550170 853
1550180 854
1550190 854
1550200 856
1550210 857
1550220 857
1550230 858
1550240 859
1550250 859
1550260 860
1550270 860
1550280 860
1550290 862
1550300 863
1550310 863
1550320 864
1550330 864
1550340 865
1550350 866
1550360 866
1550370 868
1550380 869
1550390 869
1550400 870
1550410 872
1550420 872
1550430 873
1550440 874
1550450 874
1550460 875
1550470 877
1550480 877
1550490 879
1550500 880
1550510 880
1550520 882
1550530 884
1550540 884
1550550 886
1550560 888
1550570 888
1550580 890
1550590 891
1550600 891
1550610 893
1550620 895
1550630 895
1550640 897
1550650 899
1550660 899
1550670 902
1550680 904
1550690 904
1550700 907
1550710 910
1550720 910
1550730 912
1550740 914
1550750 914
1550760 917
1550770 920
1550780 920
1550790 923
1550800 925
1550810 925
1550820 927
1550830 930
1550840 930
1550850 933
1550860 935
1550870 935
1550880 937
1550890 937
1550900 939
1550910 941
1550920 941
1550930 943
1550940 945
1550950 945
1550960 948
1550970 950
1550980 950
1550990 953
1551000 956
1551010 956
1551020 958
1551030 960
1551040 960
1551050 962
1551060 964
1551070 964
1551080 965
1551090 966
1551100 966
1551110 966
1551120 966
1551130 966
1551140 966
1551150 967
1551160 967
1551170 969
1551180 970
1551190 970
1551200 970
1551210 971
1551220 971
1551230 972
1551240 973
1551250 973
1551260 974
1551270 975
1551280 975
1551290 976
1551300 978
1551310 978
1551320 979
1551330 980
1551340 980
1551350 982
1551360 983
1551370 983
1551380 984
1551390 984
1551400 984
1551410 986
1551420 987
1551430 987
1551440 988
1551450 989
1551460 989
1551470 990
1551480 990
1551490 993
1551500 995
1551510 995
1551520 996
1551530 996
1551540 996
1551550 997
1551560 997
1551570 997
1551580 998
1551590 999
1551600 999
1551610 1000
1551620 1000
1551630 1000
1551640 1000
1551650 1001
1551660 1001
1551670 1001
1551680 1002
1551690 1002
1551700 1003
1551710 1004
1551720 1004
1551730 1004
1551740 1004
1551750 1004
1551760 1004
1551770 1003
1551780 1003
1551790 1002
1551800 1001
1551810 1001
1551820 1000
1551830 999
1551840 999
1551850 999
1551860 999
1551870 999
1551880 999
1551890 998
1551900 998
1551910 998
1551920 998
1551930 998
1551940 998
1551950 999
1551960 999
1551970 998
1551980 996
1551990 996
1552000 995
1552010 993
1552020 993
1552030 992
1552040 992
1552050 992
1552060 992
1552070 992
1552080 992
1552090 992
1552100 992
1552110 992
1552120 993
1552130 993
1552140 993
1552150 992
1552160 992
1552170 990
1552180 989
1552190 989
1552200 988
1552210 988
1552220 988
1552230 987
1552240 987
1552250 987
1552260 987
1552270 986
1552280 986
1552290 986
1552300 985
1552310 985
1552320 985
1552330 985
1552340 985
1552350 986
1552360 986
1552370 986
1552380 985
1552390 985
1552400 985
1552410 985
1552420 985
1552430 985
1552440 985
1552450 985
1552460 985
1552470 984
1552480 984
1552490 984
1552500 983
1552510 982
1552520 982
1552530 981
1552540 981
1552550 981
1552560 980
1552570 980
1552580 980
1552590 980
1552600 980
1552610 980
1552620 979
1552630 979
1552640 979
1552650 978
1552660 978
1552670 977
1552680 976
1552690 976
1552700 976
1552710 976
1552720 976
1552730 976
1552740 976
1552750 976
1552760 976
1552770 975
1552780 975
1552790 975
1552800 974
1552810 974
1552820 974
1552830 975
1552840 975
1552850 975
1552860 974
1552870 974
1552880 974
1552890 974
1552900 974
1552910 973
1552920 972
1552930 972
1552940 972
1552950 972
1552960 972
1552970 972
1552980 972
1552990 972
1553000 972
1553010 971
1553020 971
1553030 971
1553040 970
1553050 970
1553060 969
1553070 967
1553080 967
1553090 965
1553100 964
1553110 964
1553120 963
1553130 962
1553140 962
1553150 960
1553160 959
1553170 959
1553180 957
1553190 956
1553200 956
1553210 954
1553220 954
1553230 952
1553240 950
1553250 950
1553260 947
1553270 944
1553280 944
1553290 942
1553300 940
1553310 940
1553320 938
1553330 935
1553340 935
1553350 932
1553360 930
1553370 930
1553380 927
1553390 925
1553400 925
1553410 921
1553420 919
1553430 919
1553440 914
1553450 909
1553460 909
1553470 904
1553480 900
1553490 900
1553500 896
1553510 892
1553520 892
1553530 889
1553540 886
1553550 886
1553560 883
1553570 883
1553580 883
1553590 884
1553600 886
1553610 886
1553620 888
1553630 889
1553640 889
1553650 889
1553660 890
1553670 890
1553680 890
1553690 891
1553700 891
1553710 891
1553720 891
1553730 891
1553740 892
1553750 892
1553760 892
1553770 893
1553780 893
1553790 893
1553800 894
1553810 894
1553820 894
1553830 894
1553840 894
1553850 895
1553860 895
1553870 895
1553880 895
1553890 896
1553900 896
1553910 897
1553920 898
1553930 898
1553940 898
1553950 899
1553960 899
1553970 899
1553980 899
1553990 899
1554000 899
1554010 898
1554020 898
1554030 899
1554040 899
1554050 899
1554060 900
1554070 900
1554080 900
1554090 901
1554100 901
1554110 901
1554120 902
1554130 902
1554140 902
1554150 902
1554160 901
1554170 901
1554180 901
1554190 900
1554200 900
1554210 899
1554220 899
1554230 899
1554240 899
1554250 898
1554260 898
1554270 897
1554280 898
1554290 898
1554300 898
1554310 897
1554320 897
1554330 897
1554340 897
1554350 897
1554360 896
1554370 896
1554380 896
1554390 895
1554400 895
1554410 894
1554420 894
1554430 894
1554440 893
1554450 893
1554460 893
1554470 892
1554480 892
1554490 892
1554500 892
1554510 891
1554520 891
1554530 891
1554540 891
1554550 891
1554560 890
1554570 890
1554580 890
1554590 889
1554600 889
1554610 889
1554620 888
1554630 887
1554640 887
1554650 886
1554660 885
1554670 885
1554680 884
1554690 883
1554700 883
1554710 882
1554720 881
1554730 881
1554740 879
1554750 878
1554760 878
1554770 877
1554780 875
1554790 875
1554800 874
1554810 873
1554820 873
1554830 871
1554840 870
1554850 870
1554860 868
1554870 867
1554880 867
1554890 866
1554900 864
1554910 864
1554920 863
1554930 862
1554940 862
1554950 861
1554960 860
1554970 860
1554980 859
1554990 859
1555000 857
1555010 856
1555020 856
1555030 855
1555040 854
1555050 854
1555060 853
1555070 852
1555080 852
1555090 852
1555100 851
1555110 851
1555120 851
1555130 851
1555140 851
1555150 850
1555160 850
1555170 850
1555180 851
1555190 851
1555200 851
1555210 851
1555220 851
1555230 851
1555240 852
1555250 852
1555260 852
1555270 852
1555280 852
1555290 852
1555300 853
1555310 853
1555320 853
1555330 853
1555340 853
1555350 853
1555360 853
1555370 854
1555380 854
1555390 854
1555400 854
1555410 854
1555420 854
1555430 855
1555440 855
1555450 855
1555460 855
1555470 855
1555480 855
1555490 856
1555500 856
1555510 856
1555520 857
1555530 857
1555540 857
1555550 857
1555560 858
1555570 858
1555580 858
1555590 859
1555600 859
1555610 859
1555620 860
1555630 860
1555640 860
1555650 861
1555660 861
1555670 861
1555680 862
1555690 862
1555700 862
1555710 862
1555720 863
1555730 863
1555740 863
1555750 864
1555760 864
1555770 864
1555780 865
1555790 865
1555800 865
1555810 866
1555820 866
1555830 866
1555840 867
1555850 867
1555860 867
1555870 867
1555880 867
1555890 868
1555900 868
1555910 868
1555920 868
1555930 869
1555940 869
1555950 869
1555960 869
1555970 869
1555980 869
1555990 869
1556000 869
1556010 869
1556020 869
1556030 869
1556040 868
1556050 868
1556060 868
1556070 867
1556080 867
1556090 867
1556100 866
1556110 866
1556120 866
1556130 865
1556140 865
1556150 864
1556160 864
1556170 864
1556180 863
1556190 863
1556200 863
1556210 862
1556220 861
1556230 861
1556240 860
1556250 859
1556260 859
1556270 858
1556280 856
1556290 856
1556300 855
1556310 853
1556320 853
1556330 851
1556340 849
1556350 849
1556360 847
1556370 844
1556380 844
1556390 842
1556400 840
1556410 840
1556420 838
1556430 836
1556440 836
1556450 834
1556460 832
1556470 832
1556480 830
1556490 829
1556500 829
1556510 827
1556520 825
1556530 825
1556540 824
1556550 823
1556560 823
1556570 821
1556580 820
1556590 820
1556600 819
1556610 818
1556620 818
1556630 817
1556640 816
1556650 816
1556660 814
1556670 813
1556680 813
1556690 812
1556700 811
1556710 811
1556720 811
1556730 811
1556740 810
1556750 809
1556760 809
1556770 809
1556780 808
1556790 808
1556800 807
1556810 807
1556820 807
1556830 806
1556840 806
1556850 806
1556860 806
1556870 805
1556880 805
1556890 805
1556900 804
1556910 804
1556920 804
1556930 803
1556940 803
1556950 803
1556960 802
1556970 802
1556980 802
1556990 802
1557000 802
1557010 801
1557020 801
1557030 801
1557040 800
1557050 800
1557060 800
1557070 799
1557080 799
1557090 799
1557100 799
1557110 798
1557120 798
1557130 798
1557140 798
1557150 798
1557160 798
1557170 797
1557180 797
1557190 797
1557200 797
1557210 797
1557220 797
1557230 797
1557240 797
1557250 796
1557260 796
1557270 796
1557280 796
1557290 796
1557300 796
1557310 796
1557320 796
1557330 796
1557340 796
1557350 796
1557360 796
1557370 795
1557380 795
1557390 795
1557400 795
1557410 795
1557420 795
1557430 795
1557440 795
1557450 795
1557460 795
1557470 795
1557480 795
1557490 795
1557500 795
1557510 794
1557520 794
1557530 794
1557540 794
1557550 794
1557560 794
1557570 794
1557580 794
1557590 794
1557600 794
1557610 794
1557620 794
1557630 794
1557640 794
1557650 794
1557660 794
1557670 794
1557680 794
1557690 794
1557700 794
1557710 794
1557720 794
1557730 794
1557740 794
1557750 794
1557760 794
1557770 794
1557780 793
1557790 793
1557800 793
1557810 793
1557820 792
1557830 792
1557840 792
1557850 792
1557860 792
1557870 792
1557880 792
1557890 791
1557900 791
1557910 791
1557920 791
1557930 791
1557940 791
1557950 790
1557960 790
1557970 790
1557980 790
1557990 789
1558000 789
1558010 789
1558020 788
1558030 788
1558040 787
1558050 786
1558060 786
1558070 786
1558080 785
1558090 785
1558100 785
1558110 784
1558120 784
1558130 783
1558140 782
1558150 782
1558160 781
1558170 780
1558180 780
1558190 779
1558200 779
1558210 779
1558220 778
1558230 777
1558240 777
1558250 776
1558260 775
1558270 775
1558280 774
1558290 774
1558300 774
1558310 773
1558320 773
1558330 773
1558340 772
1558350 772
1558360 772
1558370 772
1558380 772
1558390 772
1558400 772
1558410 771
1558420 771
1558430 771
1558440 771
1558450 771
1558460 771
1558470 771
1558480 771
1558490 771
1558500 771
1558510 771
1558520 770
1558530 770
1558540 770
1558550 770
1558560 770
1558570 770
1558580 770
1558590 770
1558600 770
1558610 770
1558620 770
1558630 770
1558640 769
1558650 769
1558660 769
1558670 769
1558680 769
1558690 769
1558700 768
1558710 768
1558720 768
1558730 768
1558740 768
1558750 768
1558760 768
1558770 768
1558780 768
1558790 767
1558800 767
1558810 767
1558820 767
1558830 767
1558840 767
1558850 766
1558860 766
1558870 766
1558880 766
1558890 766
1558900 765
1558910 765
1558920 765
1558930 765
1558940 765
1558950 765
1558960 765
1558970 765
1558980 765
1558990 765
1559000 765
1559010 765
1559020 765
1559030 765
1559040 765
1559050 765
1559060 765
1559070 766
1559080 766
1559090 766
1559100 766
1559110 766
1559120 766
1559130 767
1559140 767
1559150 767
1559160 767
1559170 767
1559180 767
1559190 768
1559200 768
1559210 768
1559220 768
1559230 768
1559240 768
1559250 768
1559260 768
1559270 768
1559280 769
1559290 769
1559300 769
1559310 769
1559320 769
1559330 769
1559340 769
1559350 769
1559360 769
1559370 769
1559380 769
1559390 769
1559400 769
1559410 769
1559420 769
1559430 769
1559440 770
1559450 770
1559460 770
1559470 770
1559480 770
1559490 770
1559500 770
1559510 770
1559520 771
1559530 771
1559540 771
