1540000 784
1540010 784
1540020 784
1540030 784
1540040 784
1540050 784
1540060 785
1540070 785
1540080 785
1540090 786
1540100 786
1540110 786
1540120 786
1540130 787
1540140 787
1540150 787
1540160 787
1540170 787
1540180 788
1540190 788
1540200 788
1540210 789
1540220 789
1540230 789
1540240 789
1540250 790
1540260 790
1540270 790
1540280 790
1540290 790
1540300 791
1540310 792
1540320 792
1540330 793
1540340 794
1540350 794
1540360 795
1540370 795
1540380 795
1540390 796
1540400 796
1540410 796
1540420 797
1540430 798
1540440 798
1540450 799
1540460 799
1540470 799
1540480 800
1540490 801
1540500 801
1540510 801
1540520 802
1540530 802
1540540 802
1540550 802
1540560 802
1540570 803
1540580 803
1540590 805
1540600 806
1540610 806
1540620 807
1540630 808
1540640 808
1540650 809
1540660 811
1540670 811
1540680 812
1540690 813
1540700 813
1540710 814
1540720 815
1540730 815
1540740 816
1540750 817
1540760 817
1540770 818
1540780 819
1540790 819
1540800 819
1540810 820
1540820 820
1540830 820
1540840 821
1540850 821
1540860 821
1540870 822
1540880 822
1540890 823
1540900 824
1540910 824
1540920 825
1540930 826
1540940 826
1540950 826
1540960 827
1540970 827
1540980 828
1540990 829
1541000 829
1541010 830
1541020 831
1541030 831
1541040 832
1541050 833
1541060 833
1541070 833
1541080 834
1541090 834
1541100 835
1541110 836
1541120 836
1541130 838
1541140 838
1541150 839
1541160 840
1541170 840
1541180 841
1541190 842
1541200 842
1541210 844
1541220 845
1541230 845
1541240 846
1541250 846
1541260 846
1541270 847
1541280 848
1541290 848
1541300 849
1541310 849
1541320 849
1541330 850
1541340 852
1541350 854
1541360 856
1541370 858
1541380 858
1541390 859
1541400 861
1541410 861
1541420 862
1541430 863
1541440 863
1541450 864
1541460 865
1541470 865
1541480 867
1541490 868
1541500 868
1541510 869
1541520 870
1541530 870
1541540 872
1541550 873
1541560 873
1541570 874
1541580 875
1541590 875
1541600 876
1541610 878
1541620 878
1541630 879
1541640 881
1541650 881
1541660 882
1541670 883
1541680 883
1541690 884
1541700 884
1541710 885
1541720 886
1541730 886
1541740 887
1541750 889
1541760 889
1541770 890
1541780 891
1541790 891
1541800 893
1541810 894
1541820 894
1541830 895
1541840 896
1541850 896
1541860 898
1541870 899
1541880 899
1541890 900
1541900 902
1541910 902
1541920 903
1541930 904
1541940 904
1541950 905
1541960 906
1541970 906
1541980 908
1541990 909
1542000 909
1542010 910
1542020 911
1542030 911
1542040 912
1542050 913
1542060 913
1542070 914
1542080 915
1542090 915
1542100 917
1542110 917
1542120 917
1542130 918
1542140 919
1542150 919
1542160 919
1542170 920
1542180 920
1542190 921
1542200 922
1542210 922
1542220 922
1542230 923
1542240 923
1542250 923
1542260 923
1542270 923
1542280 923
1542290 923
1542300 923
1542310 923
1542320 923
1542330 922
1542340 921
1542350 921
1542360 922
1542370 923
1542380 923
1542390 923
1542400 923
1542410 923
1542420 923
1542430 922
1542440 922
1542450 922
1542460 922
1542470 922
1542480 921
1542490 920
1542500 920
1542510 920
1542520 920
1542530 920
1542540 922
1542550 924
1542560 924
1542570 926
1542580 928
1542590 928
1542600 930
1542610 932
1542620 932
1542630 933
1542640 934
1542650 934
1542660 936
1542670 937
1542680 937
1542690 939
1542700 941
1542710 941
1542720 943
1542730 944
1542740 944
1542750 946
1542760 948
1542770 948
1542780 950
1542790 950
1542800 952
1542810 954
1542820 954
1542830 957
1542840 959
1542850 959
1542860 961
1542870 963
1542880 963
1542890 965
1542900 967
1542910 967
1542920 970
1542930 972
1542940 972
1542950 974
1542960 976
1542970 976
1542980 979
1542990 981
1543000 981
1543010 983
1543020 985
1543030 985
1543040 988
1543050 991
1543060 991
1543070 994
1543080 997
1543090 997
1543100 1000
1543110 1002
1543120 1002
1543130 1005
1543140 1009
1543150 1009
1543160 1012
1543170 1015
1543180 1015
1543190 1018
1543200 1021
1543210 1021
1543220 1024
1543230 1027
1543240 1027
1543250 1029
1543260 1032
1543270 1032
1543280 1035
1543290 1038
1543300 1038
1543310 1041
1543320 1043
1543330 1043
1543340 1047
1543350 1047
1543360 1050
1543370 1053
1543380 1053
1543390 1055
1543400 1058
1543410 1058
1543420 1061
1543430 1064
1543440 1064
1543450 1067
1543460 1070
1543470 1070
1543480 1073
1543490 1076
1543500 1076
1543510 1078
1543520 1081
1543530 1081
1543540 1082
1543550 1085
1543560 1085
1543570 1087
1543580 1089
1543590 1089
1543600 1091
1543610 1093
1543620 1093
1543630 1095
1543640 1097
1543650 1097
1543660 1099
1543670 1100
1543680 1100
1543690 1102
1543700 1105
1543710 1105
1543720 1106
1543730 1108
1543740 1108
1543750 1110
1543760 1112
1543770 1112
1543780 1113
1543790 1115
1543800 1115
1543810 1116
1543820 1118
1543830 1118
1543840 1119
1543850 1121
1543860 1121
1543870 1122
1543880 1124
1543890 1124
1543900 1125
1543910 1125
1543920 1126
1543930 1127
1543940 1127
1543950 1128
1543960 1128
1543970 1128
1543980 1129
1543990 1129
1544000 1129
1544010 1129
1544020 1130
1544030 1130
1544040 1130
1544050 1130
1544060 1130
1544070 1130
1544080 1129
1544090 1129
1544100 1129
1544110 1129
1544120 1129
1544130 1128
1544140 1127
1544150 1127
1544160 1127
1544170 1126
1544180 1126
1544190 1124
1544200 1123
1544210 1123
1544220 1122
1544230 1121
1544240 1121
1544250 1120
1544260 1118
1544270 1118
1544280 1117
1544290 1115
1544300 1115
1544310 1113
1544320 1111
1544330 1111
1544340 1109
1544350 1108
1544360 1108
1544370 1106
1544380 1103
1544390 1103
1544400 1100
1544410 1097
1544420 1097
1544430 1095
1544440 1093
1544450 1093
1544460 1091
1544470 1091
1544480 1088
1544490 1086
1544500 1086
1544510 1083
1544520 1081
1544530 1081
1544540 1078
1544550 1075
1544560 1075
1544570 1071
1544580 1068
1544590 1068
1544600 1066
1544610 1064
1544620 1064
1544630 1062
1544640 1060
1544650 1060
1544660 1057
1544670 1056
1544680 1056
1544690 1054
1544700 1052
1544710 1052
1544720 1049
1544730 1047
1544740 1047
1544750 1043
1544760 1039
1544770 1039
1544780 1035
1544790 1032
1544800 1032
1544810 1030
1544820 1027
1544830 1027
1544840 1025
1544850 1022
1544860 1022
1544870 1019
1544880 1016
1544890 1016
1544900 1014
1544910 1011
1544920 1011
1544930 1007
1544940 1002
1544950 1002
1544960 998
1544970 993
1544980 993
1544990 989
1545000 985
1545010 985
1545020 982
1545030 982
1545040 978
1545050 975
1545060 975
1545070 971
1545080 967
1545090 967
1545100 964
1545110 960
1545120 960
1545130 956
1545140 953
1545150 953
1545160 951
1545170 948
1545180 948
1545190 945
1545200 941
1545210 941
1545220 938
1545230 935
1545240 935
1545250 932
1545260 929
1545270 929
1545280 926
1545290 923
1545300 923
1545310 920
1545320 917
1545330 917
1545340 915
1545350 912
1545360 912
1545370 910
1545380 908
1545390 908
1545400 906
1545410 904
1545420 904
1545430 903
1545440 900
1545450 900
1545460 897
1545470 893
1545480 893
1545490 890
1545500 887
1545510 887
1545520 884
1545530 881
1545540 881
1545550 879
1545560 877
1545570 877
1545580 873
1545590 873
1545600 870
1545610 866
1545620 866
1545630 861
1545640 858
1545650 858
1545660 856
1545670 857
1545680 857
1545690 858
1545700 857
1545710 857
1545720 857
1545730 857
1545740 857
1545750 857
1545760 857
1545770 857
1545780 857
1545790 858
1545800 861
1545810 862
1545820 863
1545830 863
1545840 863
1545850 863
1545860 863
1545870 862
1545880 861
1545890 861
1545900 862
1545910 864
1545920 864
1545930 867
1545940 870
1545950 870
1545960 873
1545970 877
1545980 877
1545990 879
1546000 882
1546010 882
1546020 885
1546030 888
1546040 888
1546050 890
1546060 892
1546070 892
1546080 895
1546090 898
1546100 898
1546110 902
1546120 905
1546130 905
1546140 908
1546150 908
1546160 912
1546170 915
1546180 915
1546190 918
1546200 920
1546210 920
1546220 923
1546230 925
1546240 925
1546250 927
1546260 929
1546270 929
1546280 932
1546290 934
1546300 934
1546310 937
1546320 940
1546330 940
1546340 942
1546350 944
1546360 944
1546370 946
1546380 947
1546390 947
1546400 949
1546410 952
1546420 952
1546430 955
1546440 957
1546450 957
1546460 959
1546470 962
1546480 962
1546490 963
1546500 965
1546510 965
1546520 967
1546530 969
1546540 969
1546550 970
1546560 972
1546570 972
1546580 973
1546590 974
1546600 974
1546610 975
1546620 976
1546630 976
1546640 977
1546650 978
1546660 978
1546670 979
1546680 979
1546690 980
1546700 981
1546710 981
1546720 981
1546730 982
1546740 982
1546750 982
1546760 982
1546770 982
1546780 982
1546790 982
1546800 982
1546810 983
1546820 982
1546830 982
1546840 982
1546850 982
1546860 982
1546870 982
1546880 982
1546890 982
1546900 982
1546910 982
1546920 982
1546930 981
1546940 979
1546950 979
1546960 977
1546970 974
1546980 974
1546990 972
1547000 970
1547010 970
1547020 969
1547030 968
1547040 968
1547050 967
1547060 965
1547070 965
1547080 964
1547090 961
1547100 961
1547110 959
1547120 958
1547130 958
1547140 956
1547150 954
1547160 954
1547170 952
1547180 950
1547190 950
1547200 946
1547210 942
1547220 942
1547230 941
1547240 941
1547250 940
1547260 939
1547270 939
1547280 938
1547290 938
1547300 938
1547310 938
1547320 939
1547330 939
1547340 942
1547350 944
1547360 944
1547370 944
1547380 946
1547390 946
1547400 948
1547410 950
1547420 950
1547430 953
1547440 954
1547450 954
1547460 956
1547470 957
1547480 957
1547490 958
1547500 959
1547510 959
1547520 961
1547530 962
1547540 962
1547550 963
1547560 965
1547570 965
1547580 966
1547590 968
1547600 968
1547610 969
1547620 971
1547630 971
1547640 973
1547650 975
1547660 975
1547670 978
1547680 980
1547690 980
1547700 982
1547710 984
1547720 984
1547730 986
1547740 988
1547750 988
1547760 990
1547770 992
1547780 992
1547790 995
1547800 995
1547810 997
1547820 1000
1547830 1000
1547840 1003
1547850 1005
1547860 1005
1547870 1008
1547880 1012
1547890 1012
1547900 1015
1547910 1020
1547920 1020
1547930 1023
1547940 1026
1547950 1026
1547960 1028
1547970 1031
1547980 1031
1547990 1034
1548000 1037
1548010 1037
1548020 1040
1548030 1042
1548040 1042
1548050 1046
1548060 1049
1548070 1049
1548080 1051
1548090 1054
1548100 1054
1548110 1057
1548120 1061
1548130 1061
1548140 1064
1548150 1067
1548160 1067
1548170 1070
1548180 1072
1548190 1072
1548200 1076
1548210 1079
1548220 1079
1548230 1082
1548240 1084
1548250 1084
1548260 1087
1548270 1090
1548280 1090
1548290 1093
1548300 1096
1548310 1096
1548320 1099
1548330 1103
1548340 1103
1548350 1106
1548360 1106
1548370 1109
1548380 1111
1548390 1111
1548400 1115
1548410 1118
1548420 1118
1548430 1121
1548440 1124
1548450 1124
1548460 1127
1548470 1130
1548480 1130
1548490 1133
1548500 1136
1548510 1136
1548520 1139
1548530 1142
1548540 1142
1548550 1145
1548560 1148
1548570 1148
1548580 1150
1548590 1153
1548600 1153
1548610 1156
1548620 1158
1548630 1158
1548640 1161
1548650 1165
1548660 1165
1548670 1167
1548680 1169
1548690 1169
1548700 1172
1548710 1175
1548720 1175
1548730 1178
1548740 1181
1548750 1181
1548760 1184
1548770 1186
1548780 1186
1548790 1189
1548800 1191
1548810 1191
1548820 1194
1548830 1197
1548840 1197
1548850 1199
1548860 1202
1548870 1202
1548880 1204
1548890 1207
1548900 1207
1548910 1209
1548920 1209
1548930 1212
1548940 1214
1548950 1214
1548960 1217
1548970 1220
1548980 1220
1548990 1223
1549000 1225
1549010 1225
1549020 1228
1549030 1231
1549040 1231
1549050 1234
1549060 1236
1549070 1236
1549080 1239
1549090 1241
1549100 1241
1549110 1244
1549120 1247
1549130 1247
1549140 1250
1549150 1253
1549160 1253
1549170 1256
1549180 1259
1549190 1259
1549200 1262
1549210 1265
1549220 1265
1549230 1268
1549240 1270
1549250 1270
1549260 1273
1549270 1276
1549280 1276
1549290 1278
1549300 1281
1549310 1281
1549320 1284
1549330 1286
1549340 1286
1549350 1289
1549360 1291
1549370 1291
1549380 1294
1549390 1297
1549400 1297
1549410 1300
1549420 1303
1549430 1303
1549440 1306
1549450 1306
1549460 1309
1549470 1311
1549480 1311
1549490 1314
1549500 1316
1549510 1316
1549520 1319
1549530 1320
1549540 1320
1549550 1322
1549560 1324
1549570 1324
1549580 1325
1549590 1327
1549600 1327
1549610 1327
1549620 1328
1549630 1328
1549640 1328
1549650 1328
1549660 1328
1549670 1328
1549680 1328
1549690 1328
1549700 1327
1549710 1326
1549720 1326
1549730 1325
1549740 1324
1549750 1324
1549760 1323
1549770 1322
1549780 1322
1549790 1320
1549800 1319
1549810 1319
1549820 1318
1549830 1316
1549840 1316
1549850 1314
1549860 1312
1549870 1312
1549880 1310
1549890 1308
1549900 1308
1549910 1307
1549920 1305
1549930 1305
1549940 1303
1549950 1301
1549960 1301
1549970 1298
1549980 1296
1549990 1296
1550000 1294
1550010 1294
1550020 1292
1550030 1290
1550040 1290
1550050 1288
1550060 1286
1550070 1286
1550080 1285
1550090 1283
1550100 1283
1550110 1281
1550120 1279
1550130 1279
1550140 1277
1550150 1274
1550160 1274
1550170 1272
1550180 1271
1550190 1271
1550200 1269
1550210 1267
1550220 1267
1550230 1265
1550240 1263
1550250 1263
1550260 1262
1550270 1260
1550280 1260
1550290 1258
1550300 1256
1550310 1256
1550320 1255
1550330 1253
1550340 1253
1550350 1252
1550360 1251
1550370 1251
1550380 1249
1550390 1248
1550400 1248
1550410 1247
1550420 1246
1550430 1246
1550440 1245
1550450 1244
1550460 1244
1550470 1243
1550480 1242
1550490 1242
1550500 1241
1550510 1240
1550520 1240
1550530 1238
1550540 1237
1550550 1237
1550560 1236
1550570 1236
1550580 1234
1550590 1233
1550600 1233
1550610 1231
1550620 1229
1550630 1229
1550640 1227
1550650 1225
1550660 1225
1550670 1223
1550680 1221
1550690 1221
1550700 1219
1550710 1217
1550720 1217
1550730 1215
1550740 1213
1550750 1213
1550760 1211
1550770 1209
1550780 1209
1550790 1207
1550800 1204
1550810 1204
1550820 1202
1550830 1200
1550840 1200
1550850 1198
1550860 1197
1550870 1197
1550880 1195
1550890 1193
1550900 1193
1550910 1191
1550920 1189
1550930 1189
1550940 1188
1550950 1186
1550960 1186
1550970 1184
1550980 1182
1550990 1182
1551000 1179
1551010 1177
1551020 1177
1551030 1175
1551040 1173
1551050 1173
1551060 1171
1551070 1169
1551080 1169
1551090 1167
1551100 1164
1551110 1164
1551120 1162
1551130 1162
1551140 1160
1551150 1158
1551160 1158
1551170 1157
1551180 1155
1551190 1155
1551200 1153
1551210 1151
1551220 1151
1551230 1149
1551240 1147
1551250 1147
1551260 1145
1551270 1143
1551280 1143
1551290 1140
1551300 1138
1551310 1138
1551320 1136
1551330 1133
1551340 1133
1551350 1131
1551360 1128
1551370 1128
1551380 1125
1551390 1123
1551400 1123
1551410 1121
1551420 1118
1551430 1118
1551440 1116
1551450 1114
1551460 1114
1551470 1112
1551480 1110
1551490 1110
1551500 1108
1551510 1106
1551520 1106
1551530 1104
1551540 1102
1551550 1102
1551560 1100
1551570 1098
1551580 1098
1551590 1097
1551600 1095
1551610 1095
1551620 1094
1551630 1093
1551640 1093
