1540000 808
1540010 809
1540020 809
1540030 809
1540040 809
1540050 809
1540060 810
1540070 810
1540080 810
1540090 811
1540100 811
1540110 811
1540120 812
1540130 813
1540140 813
1540150 814
1540160 814
1540170 814
1540180 815
1540190 816
1540200 816
1540210 817
1540220 818
1540230 818
1540240 819
1540250 820
1540260 820
1540270 821
1540280 822
1540290 822
1540300 823
1540310 824
1540320 824
1540330 825
1540340 826
1540350 826
1540360 827
1540370 828
1540380 828
1540390 829
1540400 829
1540410 830
1540420 831
1540430 831
1540440 831
1540450 832
1540460 832
1540470 832
1540480 833
1540490 833
1540500 833
1540510 833
1540520 833
1540530 833
1540540 832
1540550 832
1540560 832
1540570 831
1540580 831
1540590 831
1540600 830
1540610 830
1540620 830
1540630 830
1540640 830
1540650 830
1540660 830
1540670 830
1540680 831
1540690 832
1540700 832
1540710 832
1540720 833
1540730 833
1540740 833
1540750 834
1540760 834
1540770 835
1540780 836
1540790 836
1540800 837
1540810 838
1540820 838
1540830 839
1540840 840
1540850 840
1540860 840
1540870 841
1540880 841
1540890 842
1540900 843
1540910 843
1540920 844
1540930 845
1540940 845
1540950 846
1540960 846
1540970 847
1540980 848
1540990 848
1541000 849
1541010 850
1541020 850
1541030 851
1541040 852
1541050 852
1541060 854
1541070 855
1541080 855
1541090 856
1541100 857
1541110 857
1541120 859
1541130 860
1541140 860
1541150 861
1541160 862
1541170 862
1541180 863
1541190 865
1541200 865
1541210 866
1541220 867
1541230 867
1541240 868
1541250 869
1541260 869
1541270 870
1541280 871
1541290 871
1541300 873
1541310 874
1541320 874
1541330 875
1541340 877
1541350 877
1541360 878
1541370 880
1541380 880
1541390 881
1541400 882
1541410 882
1541420 883
1541430 885
1541440 885
1541450 886
1541460 887
1541470 887
1541480 889
1541490 890
1541500 890
1541510 891
1541520 891
1541530 892
1541540 894
1541550 894
1541560 896
1541570 898
1541580 898
1541590 899
1541600 901
1541610 901
1541620 902
1541630 904
1541640 904
1541650 905
1541660 906
1541670 906
1541680 907
1541690 909
1541700 909
1541710 910
1541720 912
1541730 912
1541740 913
1541750 914
1541760 914
1541770 916
1541780 918
1541790 919
1541800 921
1541810 922
1541820 922
1541830 924
1541840 925
1541850 925
1541860 927
1541870 928
1541880 928
1541890 930
1541900 932
1541910 932
1541920 934
1541930 935
1541940 935
1541950 937
1541960 938
1541970 938
1541980 940
1541990 941
1542000 941
1542010 943
1542020 944
1542030 944
1542040 946
1542050 947
1542060 947
1542070 948
1542080 948
1542090 950
1542100 951
1542110 951
1542120 952
1542130 953
1542140 953
1542150 954
1542160 955
1542170 955
1542180 956
1542190 957
1542200 957
1542210 958
1542220 959
1542230 959
1542240 960
1542250 961
1542260 961
1542270 963
1542280 964
1542290 964
1542300 964
1542310 965
1542320 965
1542330 965
1542340 965
1542350 965
1542360 965
1542370 965
1542380 965
1542390 965
1542400 964
1542410 964
1542420 964
1542430 964
1542440 964
1542450 964
1542460 964
1542470 964
1542480 964
1542490 964
1542500 964
1542510 964
1542520 964
1542530 964
1542540 964
1542550 963
1542560 963
1542570 963
1542580 964
1542590 964
1542600 964
1542610 964
1542620 965
1542630 966
1542640 966
1542650 968
1542660 969
1542670 969
1542680 970
1542690 971
1542700 971
1542710 972
1542720 973
1542730 973
1542740 974
1542750 976
1542760 976
1542770 977
1542780 978
1542790 978
1542800 980
1542810 981
1542820 981
1542830 983
1542840 984
1542850 984
1542860 986
1542870 987
1542880 987
1542890 989
1542900 991
1542910 991
1542920 993
1542930 995
1542940 995
1542950 996
1542960 998
1542970 998
1542980 1000
1542990 1002
1543000 1002
1543010 1004
1543020 1005
1543030 1005
1543040 1007
1543050 1009
1543060 1009
1543070 1011
1543080 1013
1543090 1013
1543100 1015
1543110 1017
1543120 1017
1543130 1020
1543140 1022
1543150 1022
1543160 1025
1543170 1025
1543180 1027
1543190 1029
1543200 1029
1543210 1032
1543220 1034
1543230 1034
1543240 1037
1543250 1039
1543260 1039
1543270 1041
1543280 1044
1543290 1044
1543300 1047
1543310 1049
1543320 1049
1543330 1052
1543340 1055
1543350 1055
1543360 1057
1543370 1060
1543380 1060
1543390 1062
1543400 1065
1543410 1065
1543420 1067
1543430 1070
1543440 1070
1543450 1072
1543460 1075
1543470 1075
1543480 1077
1543490 1079
1543500 1079
1543510 1082
1543520 1084
1543530 1084
1543540 1086
1543550 1089
1543560 1089
1543570 1091
1543580 1095
1543590 1095
1543600 1098
1543610 1100
1543620 1100
1543630 1103
1543640 1106
1543650 1106
1543660 1108
1543670 1110
1543680 1110
1543690 1112
1543700 1114
1543710 1114
1543720 1116
1543730 1116
1543740 1117
1543750 1119
1543760 1119
1543770 1120
1543780 1121
1543790 1121
1543800 1122
1543810 1122
1543820 1122
1543830 1123
1543840 1124
1543850 1124
1543860 1124
1543870 1124
1543880 1124
1543890 1124
1543900 1125
1543910 1125
1543920 1125
1543930 1125
1543940 1125
1543950 1125
1543960 1124
1543970 1124
1543980 1124
1543990 1123
1544000 1123
1544010 1123
1544020 1123
1544030 1123
1544040 1121
1544050 1121
1544060 1121
1544070 1120
1544080 1119
1544090 1119
1544100 1118
1544110 1117
1544120 1117
1544130 1116
1544140 1115
1544150 1115
1544160 1114
1544170 1113
1544180 1113
1544190 1112
1544200 1110
1544210 1110
1544220 1109
1544230 1107
1544240 1107
1544250 1106
1544260 1104
1544270 1104
1544280 1102
1544290 1102
1544300 1101
1544310 1100
1544320 1100
1544330 1098
1544340 1097
1544350 1097
1544360 1094
1544370 1092
1544380 1092
1544390 1090
1544400 1088
1544410 1088
1544420 1086
1544430 1083
1544440 1083
1544450 1081
1544460 1079
1544470 1079
1544480 1077
1544490 1075
1544500 1075
1544510 1073
1544520 1071
1544530 1071
1544540 1069
1544550 1066
1544560 1066
1544570 1064
1544580 1062
1544590 1062
1544600 1060
1544610 1057
1544620 1057
1544630 1054
1544640 1052
1544650 1052
1544660 1051
1544670 1048
1544680 1048
1544690 1045
1544700 1043
1544710 1043
1544720 1040
1544730 1037
1544740 1037
1544750 1035
1544760 1031
1544770 1031
1544780 1028
1544790 1024
1544800 1024
1544810 1021
1544820 1019
1544830 1019
1544840 1016
1544850 1016
1544860 1013
1544870 1011
1544880 1011
1544890 1009
1544900 1006
1544910 1006
1544920 1002
1544930 999
1544940 999
1544950 995
1544960 991
1544970 991
1544980 988
1544990 985
1545000 985
1545010 981
1545020 977
1545030 977
1545040 974
1545050 972
1545060 972
1545070 969
1545080 966
1545090 966
1545100 963
1545110 961
1545120 961
1545130 958
1545140 954
1545150 954
1545160 951
1545170 947
1545180 947
1545190 943
1545200 940
1545210 940
1545220 936
1545230 932
1545240 932
1545250 928
1545260 924
1545270 924
1545280 920
1545290 917
1545300 917
1545310 913
1545320 909
1545330 909
1545340 906
1545350 903
1545360 903
1545370 900
1545380 897
1545390 897
1545400 893
1545410 893
1545420 890
1545430 886
1545440 886
1545450 882
1545460 879
1545470 879
1545480 877
1545490 874
1545500 874
1545510 872
1545520 870
1545530 870
1545540 867
1545550 865
1545560 865
1545570 868
1545580 872
1545590 872
1545600 878
1545610 881
1545620 881
1545630 885
1545640 888
1545650 888
1545660 890
1545670 892
1545680 892
1545690 893
1545700 894
1545710 894
1545720 895
1545730 898
1545740 898
1545750 899
1545760 900
1545770 900
1545780 902
1545790 903
1545800 903
1545810 903
1545820 904
1545830 904
1545840 903
1545850 903
1545860 903
1545870 903
1545880 904
1545890 904
1545900 905
1545910 904
1545920 904
1545930 903
1545940 903
1545950 901
1545960 900
1545970 900
1545980 899
1545990 899
1546000 899
1546010 898
1546020 896
1546030 896
1546040 894
1546050 892
1546060 892
1546070 892
1546080 890
1546090 890
1546100 888
1546110 889
1546120 889
1546130 890
1546140 892
1546150 892
1546160 895
1546170 898
1546180 898
1546190 901
1546200 905
1546210 905
1546220 909
1546230 913
1546240 913
1546250 916
1546260 920
1546270 920
1546280 924
1546290 927
1546300 927
1546310 930
1546320 934
1546330 934
1546340 937
1546350 939
1546360 939
1546370 942
1546380 945
1546390 945
1546400 948
1546410 950
1546420 950
1546430 953
1546440 955
1546450 955
1546460 957
1546470 960
1546480 960
1546490 962
1546500 962
1546510 964
1546520 966
1546530 966
1546540 968
1546550 970
1546560 970
1546570 972
1546580 974
1546590 974
1546600 976
1546610 978
1546620 978
1546630 979
1546640 981
1546650 981
1546660 983
1546670 984
1546680 984
1546690 986
1546700 987
1546710 987
1546720 989
1546730 990
1546740 990
1546750 991
1546760 992
1546770 992
1546780 993
1546790 994
1546800 994
1546810 995
1546820 996
1546830 996
1546840 997
1546850 998
1546860 998
1546870 998
1546880 999
1546890 999
1546900 1000
1546910 1001
1546920 1001
1546930 1001
1546940 1001
1546950 1001
1546960 1002
1546970 1002
1546980 1002
1546990 1002
1547000 1001
1547010 1001
1547020 1001
1547030 1000
1547040 1000
1547050 999
1547060 999
1547070 997
1547080 994
1547090 994
1547100 992
1547110 989
1547120 989
1547130 986
1547140 985
1547150 985
1547160 982
1547170 979
1547180 979
1547190 976
1547200 973
1547210 973
1547220 971
1547230 970
1547240 970
1547250 970
1547260 970
1547270 970
1547280 971
1547290 972
1547300 972
1547310 972
1547320 973
1547330 973
1547340 973
1547350 973
1547360 973
1547370 973
1547380 973
1547390 973
1547400 974
1547410 975
1547420 975
1547430 975
1547440 976
1547450 976
1547460 976
1547470 975
1547480 975
1547490 975
1547500 975
1547510 975
1547520 977
1547530 982
1547540 982
1547550 988
1547560 991
1547570 991
1547580 994
1547590 996
1547600 996
1547610 998
1547620 998
1547630 1001
1547640 1003
1547650 1003
1547660 1005
1547670 1007
1547680 1007
1547690 1009
1547700 1012
1547710 1012
1547720 1014
1547730 1016
1547740 1016
1547750 1018
1547760 1019
1547770 1019
1547780 1021
1547790 1024
1547800 1024
1547810 1027
1547820 1030
1547830 1030
1547840 1033
1547850 1036
1547860 1036
1547870 1038
1547880 1041
1547890 1041
1547900 1043
1547910 1046
1547920 1046
1547930 1049
1547940 1051
1547950 1051
1547960 1054
1547970 1056
1547980 1056
1547990 1059
1548000 1062
1548010 1062
1548020 1065
1548030 1068
1548040 1068
1548050 1070
1548060 1073
1548070 1073
1548080 1076
1548090 1078
1548100 1078
1548110 1081
1548120 1083
1548130 1083
1548140 1086
1548150 1086
1548160 1088
1548170 1091
1548180 1091
1548190 1093
1548200 1096
1548210 1096
1548220 1099
1548230 1101
1548240 1101
1548250 1104
1548260 1107
1548270 1107
1548280 1110
1548290 1112
1548300 1114
1548310 1116
1548320 1119
1548330 1119
1548340 1122
1548350 1124
1548360 1124
1548370 1127
1548380 1130
1548390 1130
1548400 1132
1548410 1135
1548420 1135
1548430 1138
1548440 1140
1548450 1140
1548460 1143
1548470 1145
1548480 1145
1548490 1148
1548500 1151
1548510 1151
1548520 1153
1548530 1156
1548540 1156
1548550 1158
1548560 1161
1548570 1161
1548580 1163
1548590 1166
1548600 1166
1548610 1169
1548620 1171
1548630 1171
1548640 1173
1548650 1175
1548660 1175
1548670 1178
1548680 1181
1548690 1181
1548700 1183
1548710 1183
1548720 1185
1548730 1187
1548740 1187
1548750 1189
1548760 1191
1548770 1191
1548780 1194
1548790 1196
1548800 1196
1548810 1199
1548820 1202
1548830 1202
1548840 1204
1548850 1206
1548860 1206
1548870 1209
1548880 1211
1548890 1211
1548900 1213
1548910 1216
1548920 1216
1548930 1218
1548940 1222
1548950 1222
1548960 1224
1548970 1227
1548980 1227
1548990 1229
1549000 1231
1549010 1231
1549020 1233
1549030 1236
1549040 1236
1549050 1239
1549060 1241
1549070 1241
1549080 1243
1549090 1246
1549100 1246
1549110 1249
1549120 1252
1549130 1252
1549140 1255
1549150 1257
1549160 1257
1549170 1260
1549180 1263
1549190 1263
1549200 1266
1549210 1270
1549220 1270
1549230 1272
1549240 1275
1549250 1275
1549260 1278
1549270 1278
1549280 1282
1549290 1286
1549300 1286
1549310 1289
1549320 1292
1549330 1292
1549340 1295
1549350 1297
1549360 1297
1549370 1300
1549380 1302
1549390 1302
1549400 1304
1549410 1306
1549420 1306
1549430 1307
1549440 1309
1549450 1309
1549460 1310
1549470 1312
1549480 1312
1549490 1313
1549500 1314
1549510 1314
1549520 1315
1549530 1316
1549540 1316
1549550 1318
1549560 1319
1549570 1319
1549580 1319
1549590 1319
1549600 1319
1549610 1320
1549620 1320
1549630 1320
1549640 1320
1549650 1320
1549660 1320
1549670 1319
1549680 1318
1549690 1318
1549700 1318
1549710 1317
1549720 1317
1549730 1316
1549740 1316
1549750 1316
1549760 1315
1549770 1314
1549780 1314
1549790 1312
1549800 1311
1549810 1311
1549820 1310
1549830 1310
1549840 1308
1549850 1307
1549860 1307
1549870 1305
1549880 1304
1549890 1304
1549900 1302
1549910 1301
1549920 1301
1549930 1299
1549940 1298
1549950 1298
1549960 1296
1549970 1295
1549980 1295
1549990 1294
1550000 1292
1550010 1292
1550020 1291
1550030 1289
1550040 1289
1550050 1288
1550060 1286
1550070 1286
1550080 1285
1550090 1284
1550100 1284
1550110 1282
1550120 1281
1550130 1281
1550140 1280
1550150 1278
1550160 1278
1550170 1277
1550180 1276
1550190 1276
1550200 1275
1550210 1274
1550220 1274
1550230 1273
1550240 1272
1550250 1272
1550260 1271
1550270 1270
1550280 1270
1550290 1269
1550300 1268
1550310 1268
1550320 1268
1550330 1267
1550340 1267
1550350 1266
1550360 1266
1550370 1265
1550380 1263
1550390 1263
1550400 1262
1550410 1261
1550420 1261
1550430 1260
1550440 1259
1550450 1259
1550460 1258
1550470 1257
1550480 1257
1550490 1256
1550500 1255
1550510 1255
1550520 1254
1550530 1253
1550540 1253
1550550 1251
1550560 1250
1550570 1250
1550580 1249
1550590 1247
1550600 1247
1550610 1246
1550620 1244
1550630 1244
1550640 1242
1550650 1240
1550660 1240
1550670 1238
1550680 1236
1550690 1236
1550700 1234
1550710 1232
1550720 1232
1550730 1230
1550740 1227
1550750 1227
1550760 1225
1550770 1222
1550780 1222
1550790 1219
1550800 1217
1550810 1217
1550820 1215
1550830 1212
1550840 1212
1550850 1210
1550860 1208
1550870 1208
1550880 1205
1550890 1203
1550900 1203
1550910 1200
1550920 1200
1550930 1198
1550940 1195
1550950 1195
1550960 1192
1550970 1190
1550980 1190
1550990 1187
1551000 1185
1551010 1185
1551020 1183
1551030 1180
1551040 1180
1551050 1177
1551060 1175
1551070 1175
1551080 1173
1551090 1170
1551100 1170
1551110 1168
1551120 1166
1551130 1166
1551140 1164
1551150 1161
1551160 1161
1551170 1159
1551180 1157
1551190 1157
1551200 1155
1551210 1152
1551220 1152
1551230 1150
1551240 1148
1551250 1148
1551260 1145
1551270 1143
1551280 1143
1551290 1141
1551300 1138
1551310 1138
1551320 1136
1551330 1134
1551340 1134
1551350 1131
1551360 1129
1551370 1129
1551380 1127
1551390 1125
1551400 1125
1551410 1123
1551420 1121
1551430 1121
1551440 1119
1551450 1117
1551460 1117
1551470 1115
1551480 1115
1551490 1113
1551500 1110
1551510 1110
1551520 1108
1551530 1106
1551540 1106
