1540000 1091
1540010 1092
1540020 1092
1540030 1091
1540040 1089
1540050 1089
1540060 1087
1540070 1085
1540080 1085
1540090 1083
1540100 1081
1540110 1081
1540120 1079
1540130 1079
1540140 1077
1540150 1075
1540160 1075
1540170 1073
1540180 1072
1540190 1072
1540200 1070
1540210 1068
1540220 1068
1540230 1067
1540240 1066
1540250 1066
1540260 1066
1540270 1065
1540280 1065
1540290 1064
1540300 1062
1540310 1062
1540320 1062
1540330 1061
1540340 1061
1540350 1061
1540360 1061
1540370 1061
1540380 1061
1540390 1061
1540400 1061
1540410 1060
1540420 1060
1540430 1060
1540440 1060
1540450 1061
1540460 1061
1540470 1061
1540480 1062
1540490 1062
1540500 1062
1540510 1063
1540520 1063
1540530 1064
1540540 1065
1540550 1065
1540560 1065
1540570 1066
1540580 1066
1540590 1067
1540600 1068
1540610 1068
1540620 1069
1540630 1070
1540640 1070
1540650 1071
1540660 1071
1540670 1072
1540680 1073
1540690 1073
1540700 1074
1540710 1076
1540720 1076
1540730 1077
1540740 1079
1540750 1079
1540760 1080
1540770 1082
1540780 1083
1540790 1085
1540800 1087
1540810 1087
1540820 1088
1540830 1090
1540840 1090
1540850 1091
1540860 1093
1540870 1093
1540880 1095
1540890 1097
1540900 1097
1540910 1099
1540920 1101
1540930 1101
1540940 1103
1540950 1104
1540960 1104
1540970 1106
1540980 1108
1540990 1108
1541000 1110
1541010 1112
1541020 1112
1541030 1114
1541040 1117
1541050 1117
1541060 1119
1541070 1121
1541080 1121
1541090 1123
1541100 1125
1541110 1125
1541120 1127
1541130 1129
1541140 1129
1541150 1131
1541160 1133
1541170 1133
1541180 1135
1541190 1135
1541200 1136
1541210 1138
1541220 1138
1541230 1140
1541240 1142
1541250 1142
1541260 1144
1541270 1147
1541280 1147
1541290 1148
1541300 1151
1541310 1151
1541320 1153
1541330 1155
1541340 1155
1541350 1158
1541360 1161
1541370 1161
1541380 1163
1541390 1165
1541400 1165
1541410 1167
1541420 1169
1541430 1169
1541440 1172
1541450 1175
1541460 1175
1541470 1178
1541480 1180
1541490 1180
1541500 1183
1541510 1185
1541520 1185
1541530 1187
1541540 1190
1541550 1190
1541560 1192
1541570 1195
1541580 1195
1541590 1197
1541600 1200
1541610 1200
1541620 1202
1541630 1204
1541640 1204
1541650 1206
1541660 1208
1541670 1208
1541680 1210
1541690 1211
1541700 1211
1541710 1213
1541720 1213
1541730 1214
1541740 1216
1541750 1216
1541760 1217
1541770 1217
1541780 1217
1541790 1218
1541800 1219
1541810 1219
1541820 1219
1541830 1220
1541840 1220
1541850 1221
1541860 1222
1541870 1222
1541880 1223
1541890 1224
1541900 1224
1541910 1225
1541920 1226
1541930 1226
1541940 1227
1541950 1228
1541960 1228
1541970 1228
1541980 1229
1541990 1229
1542000 1230
1542010 1232
1542020 1232
1542030 1233
1542040 1233
1542050 1233
1542060 1234
1542070 1234
1542080 1234
1542090 1234
1542100 1234
1542110 1234
1542120 1234
1542130 1235
1542140 1235
1542150 1235
1542160 1235
1542170 1235
1542180 1236
1542190 1236
1542200 1236
1542210 1236
1542220 1236
1542230 1236
1542240 1236
1542250 1235
1542260 1235
1542270 1235
1542280 1235
1542290 1234
1542300 1234
1542310 1234
1542320 1234
1542330 1233
1542340 1233
1542350 1232
1542360 1231
1542370 1231
1542380 1230
1542390 1229
1542400 1229
1542410 1227
1542420 1226
1542430 1226
1542440 1225
1542450 1225
1542460 1225
1542470 1224
1542480 1224
1542490 1224
1542500 1222
1542510 1221
1542520 1221
1542530 1219
1542540 1218
1542550 1218
1542560 1217
1542570 1216
1542580 1216
1542590 1215
1542600 1214
1542610 1214
1542620 1212
1542630 1211
1542640 1211
1542650 1209
1542660 1208
1542670 1208
1542680 1207
1542690 1205
1542700 1205
1542710 1203
1542720 1202
1542730 1202
1542740 1201
1542750 1199
1542760 1199
1542770 1198
1542780 1196
1542790 1196
1542800 1195
1542810 1195
1542820 1193
1542830 1192
1542840 1192
1542850 1190
1542860 1189
1542870 1189
1542880 1186
1542890 1184
1542900 1184
1542910 1182
1542920 1180
1542930 1180
1542940 1178
1542950 1175
1542960 1175
1542970 1173
1542980 1171
1542990 1171
1543000 1169
1543010 1167
1543020 1167
1543030 1165
1543040 1164
1543050 1164
1543060 1162
1543070 1159
1543080 1159
1543090 1157
1543100 1155
1543110 1155
1543120 1153
1543130 1151
1543140 1151
1543150 1149
1543160 1146
1543170 1146
1543180 1143
1543190 1141
1543200 1141
1543210 1139
1543220 1137
1543230 1137
1543240 1135
1543250 1133
1543260 1133
1543270 1130
1543280 1126
1543290 1126
1543300 1122
1543310 1118
1543320 1118
1543330 1116
1543340 1116
1543350 1116
1543360 1116
1543370 1116
1543380 1115
1543390 1115
1543400 1115
1543410 1115
1543420 1115
1543430 1115
1543440 1114
1543450 1113
1543460 1113
1543470 1112
1543480 1112
1543490 1112
1543500 1111
1543510 1111
1543520 1111
1543530 1111
1543540 1110
1543550 1110
1543560 1109
1543570 1108
1543580 1108
1543590 1107
1543600 1105
1543610 1105
1543620 1103
1543630 1102
1543640 1102
1543650 1101
1543660 1100
1543670 1100
1543680 1099
1543690 1098
1543700 1098
1543710 1098
1543720 1097
1543730 1097
1543740 1096
1543750 1095
1543760 1095
1543770 1094
1543780 1092
1543790 1092
1543800 1091
1543810 1090
1543820 1090
1543830 1089
1543840 1088
1543850 1088
1543860 1086
1543870 1086
1543880 1085
1543890 1084
1543900 1084
1543910 1084
1543920 1083
1543930 1083
1543940 1081
1543950 1078
1543960 1078
1543970 1076
1543980 1075
1543990 1075
1544000 1073
1544010 1072
1544020 1072
1544030 1071
1544040 1070
1544050 1070
1544060 1068
1544070 1065
1544080 1065
1544090 1063
1544100 1061
1544110 1061
1544120 1059
1544130 1057
1544140 1057
1544150 1055
1544160 1053
1544170 1053
1544180 1051
1544190 1050
1544200 1050
1544210 1048
1544220 1047
1544230 1047
1544240 1045
1544250 1043
1544260 1043
1544270 1042
1544280 1039
1544290 1039
1544300 1037
1544310 1036
1544320 1036
1544330 1035
1544340 1034
1544350 1034
1544360 1034
1544370 1033
1544380 1033
1544390 1032
1544400 1032
1544410 1032
1544420 1031
1544430 1031
1544440 1031
1544450 1031
1544460 1031
1544470 1030
1544480 1030
1544490 1030
1544500 1030
1544510 1030
1544520 1030
1544530 1030
1544540 1030
1544550 1030
1544560 1029
1544570 1029
1544580 1029
1544590 1028
1544600 1028
1544610 1028
1544620 1027
1544630 1026
1544640 1026
1544650 1025
1544660 1023
1544670 1023
1544680 1022
1544690 1021
1544700 1021
1544710 1019
1544720 1017
1544730 1017
1544740 1014
1544750 1011
1544760 1011
1544770 1008
1544780 1005
1544790 1005
1544800 1004
1544810 1002
1544820 1002
1544830 999
1544840 997
1544850 997
1544860 995
1544870 992
1544880 992
1544890 989
1544900 986
1544910 986
1544920 983
1544930 983
1544940 979
1544950 975
1544960 975
1544970 971
1544980 968
1544990 968
1545000 966
1545010 965
1545020 965
1545030 964
1545040 963
1545050 963
1545060 962
1545070 962
1545080 962
1545090 963
1545100 964
1545110 964
1545120 965
1545130 966
1545140 966
1545150 967
1545160 968
1545170 968
1545180 968
1545190 969
1545200 969
1545210 970
1545220 971
1545230 971
1545240 972
1545250 974
1545260 974
1545270 977
1545280 979
1545290 979
1545300 981
1545310 983
1545320 983
1545330 984
1545340 986
1545350 986
1545360 988
1545370 989
1545380 989
1545390 991
1545400 992
1545410 992
1545420 993
1545430 994
1545440 994
1545450 995
1545460 997
1545470 997
1545480 998
1545490 998
1545500 999
1545510 1001
1545520 1001
1545530 1002
1545540 1003
1545550 1003
1545560 1004
1545570 1006
1545580 1006
1545590 1007
1545600 1008
1545610 1008
1545620 1009
1545630 1010
1545640 1010
1545650 1011
1545660 1012
1545670 1012
1545680 1013
1545690 1014
1545700 1014
1545710 1015
1545720 1016
1545730 1016
1545740 1017
1545750 1019
1545760 1019
1545770 1020
1545780 1021
1545790 1021
1545800 1022
1545810 1024
1545820 1024
1545830 1025
1545840 1027
1545850 1027
1545860 1028
1545870 1029
1545880 1029
1545890 1031
1545900 1033
1545910 1033
1545920 1034
1545930 1035
1545940 1035
1545950 1036
1545960 1038
1545970 1038
1545980 1040
1545990 1041
1546000 1041
1546010 1042
1546020 1042
1546030 1043
1546040 1044
1546050 1044
1546060 1046
1546070 1047
1546080 1047
1546090 1049
1546100 1050
1546110 1050
1546120 1051
1546130 1052
1546140 1052
1546150 1053
1546160 1054
1546170 1054
1546180 1055
1546190 1057
1546200 1057
1546210 1058
1546220 1060
1546230 1060
1546240 1061
1546250 1062
1546260 1062
1546270 1063
1546280 1065
1546290 1065
1546300 1066
1546310 1068
1546320 1068
1546330 1069
1546340 1070
1546350 1070
1546360 1071
1546370 1073
1546380 1073
1546390 1074
1546400 1075
1546410 1075
1546420 1076
1546430 1077
1546440 1077
1546450 1078
1546460 1080
1546470 1080
1546480 1081
1546490 1082
1546500 1082
1546510 1083
1546520 1084
1546530 1084
1546540 1086
1546550 1086
1546560 1087
1546570 1088
1546580 1088
1546590 1089
1546600 1091
1546610 1091
1546620 1092
1546630 1093
1546640 1093
1546650 1094
1546660 1096
1546670 1096
1546680 1097
1546690 1098
1546700 1098
1546710 1100
1546720 1101
1546730 1101
1546740 1103
1546750 1104
1546760 1104
1546770 1106
1546780 1107
1546790 1107
1546800 1109
1546810 1110
1546820 1110
1546830 1112
1546840 1113
1546850 1113
1546860 1115
1546870 1117
1546880 1117
1546890 1118
1546900 1119
1546910 1119
1546920 1121
1546930 1122
1546940 1122
1546950 1123
1546960 1124
1546970 1124
1546980 1126
1546990 1127
1547000 1127
1547010 1128
1547020 1130
1547030 1130
1547040 1131
1547050 1132
1547060 1132
1547070 1133
1547080 1133
1547090 1135
1547100 1136
1547110 1136
1547120 1137
1547130 1138
1547140 1138
1547150 1138
1547160 1139
1547170 1139
1547180 1140
1547190 1141
1547200 1141
1547210 1142
1547220 1143
1547230 1143
1547240 1143
1547250 1144
1547260 1144
1547270 1145
1547280 1146
1547290 1146
1547300 1146
1547310 1147
1547320 1147
1547330 1148
1547340 1148
1547350 1148
1547360 1148
1547370 1149
1547380 1149
1547390 1148
1547400 1146
1547410 1146
1547420 1146
1547430 1145
1547440 1145
1547450 1144
1547460 1143
1547470 1143
1547480 1142
1547490 1142
1547500 1142
1547510 1141
1547520 1140
1547530 1140
1547540 1139
1547550 1138
1547560 1138
1547570 1137
1547580 1136
1547590 1136
1547600 1135
1547610 1135
1547620 1134
1547630 1132
1547640 1132
1547650 1131
1547660 1129
1547670 1129
1547680 1128
1547690 1127
1547700 1127
1547710 1125
1547720 1124
1547730 1124
1547740 1122
1547750 1120
1547760 1120
1547770 1118
1547780 1116
1547790 1116
1547800 1114
1547810 1112
1547820 1112
1547830 1111
1547840 1109
1547850 1109
1547860 1108
1547870 1106
1547880 1106
1547890 1105
1547900 1104
1547910 1104
1547920 1104
1547930 1103
1547940 1103
1547950 1103
1547960 1103
1547970 1103
1547980 1102
1547990 1102
1548000 1102
1548010 1102
1548020 1102
1548030 1102
1548040 1102
1548050 1103
1548060 1103
1548070 1104
1548080 1104
1548090 1104
1548100 1105
1548110 1106
1548120 1106
1548130 1106
1548140 1106
1548150 1107
1548160 1107
1548170 1107
1548180 1108
1548190 1109
1548200 1109
1548210 1111
1548220 1112
1548230 1112
1548240 1113
1548250 1114
1548260 1114
1548270 1114
1548280 1115
1548290 1115
1548300 1115
1548310 1115
1548320 1115
1548330 1116
1548340 1116
1548350 1116
1548360 1116
1548370 1116
1548380 1116
1548390 1116
1548400 1116
1548410 1116
1548420 1116
1548430 1116
1548440 1116
1548450 1117
1548460 1117
1548470 1117
1548480 1117
1548490 1117
1548500 1117
1548510 1118
1548520 1118
1548530 1118
1548540 1118
1548550 1118
1548560 1118
1548570 1118
1548580 1118
1548590 1118
1548600 1118
1548610 1118
1548620 1118
1548630 1117
1548640 1118
1548650 1118
1548660 1118
1548670 1118
1548680 1117
1548690 1117
1548700 1117
1548710 1117
1548720 1116
1548730 1116
1548740 1115
1548750 1114
1548760 1114
1548770 1113
1548780 1112
1548790 1112
1548800 1111
1548810 1110
1548820 1110
1548830 1108
1548840 1106
1548850 1106
1548860 1105
1548870 1103
1548880 1103
1548890 1102
1548900 1101
1548910 1101
1548920 1099
1548930 1098
1548940 1098
1548950 1097
1548960 1096
1548970 1096
